0.05694133821401495
0.1708249850799646
0.28471154347469596
0.3986029551342774
0.5125011628705849
0.626408111002599
0.7403257457886772
0.8542560158600835
0.9682008726560554
1.082162270860696
1.1961421688419753
1.3101425290931317
1.4241653186767658
1.5382125096719248
1.6522860796244738
1.7663880120010629
1.8805202966469947
1.9946849302483138
2.1088839167984283
2.2231192680696
2.337393004089627
2.4517071536240667
2.5660637546643366
2.6804648549220613
2.7949125123300127
2.909408795550035
3.023955784488319
3.1385555708184345
3.253210258512511
3.367921964380994
3.4826928186213952
3.5975249653764787
3.7124205633023464
3.8273817861468755
3.942410823339008
4.057509880589377
4.172681180502802
4.287926963203172
4.403249486971286
4.518651028896211
4.6341338855407574
4.749700373621695
4.865352830705334
4.981093615919151
5.096925110680144
5.212849719440627
5.32886987045223
5.444988016548853
5.561206635949415
5.677528233081213
5.79395533942478
5.910490514381169
6.027136346162593
6.143895452707438
6.260770482620686
6.377764116140826
6.494879066134409
6.612118079119407
6.729483936318651
6.846979454744628
6.964607488317001
7.082370929014299
7.200272708061245
7.318315797153315
7.436503209720155
7.554838002229604
7.6733232755341145
7.7919621762614915
7.910757898251948
8.029713684043571
8.148832826408444
8.26811866994171
8.387574612706066
8.50720410793427
8.627010665792353
8.746997855206462
8.867169305756308
8.987528709638458
9.108079823702822
9.228826471565933
9.349772545804756
9.470922010235043
9.592278902278439
9.713847335422821
9.835631501780593
9.95763567474996
10.079864211784507
10.20232155727671
10.32501224556141
10.44794090404558
10.571112256471174
10.694531126318257
10.818202440356083
10.942131232350267
11.066322646934752
11.190781943657862
11.315514501212313
11.440525821859739
11.565821536061064
11.691407407324741
11.8172893372858
11.943473371029526
12.06996570267459
12.196772681231534
12.323900816753637
12.451356786798526
12.579147443220203
12.707279819312687
12.83576113732808
12.964598816393684
13.093800480854666
13.223373969070934
13.353327342699197
13.483668896493691
13.61440716866183
13.745550951814135
13.877109304551066
14.009091563733122
14.141507357484583
14.274366618985782
14.407679601113685
14.541456891996019
14.675709431550274
14.810448529085518
14.945685882052475
15.081433596035522
15.217704206089524
15.354510699534645
15.491866540333778
15.629785695190082
15.76828266151649
15.907372497445296
16.047070854064017
16.187394010084418
16.328358909174607
16.469983200210535
16.612285280732902
16.7552843439294
16.899000429500884
17.043454478814063
17.188668394793922
17.334665107067075
17.481468642933912
17.629104204824667
17.77759825498359
17.926978608229156
18.077274533758825
18.22851686710798
18.38073813353798
18.533972684322823
18.68825684763374
18.843629095993396
19.0001302325958
19.15780359917549
19.316695308575333
19.47685450572371
19.63833366141291
19.80118890410041
19.965480395971714
20.131272760756993
20.298635572348566
20.46764391520696
20.638379029983124
20.810929060873992
20.98538992517226
21.161866330547667
21.340472972191083
21.521335950601824
21.704594462262374
21.890402830813432
22.078932967199712
22.270377375946
22.464952864765408
22.662905171494337
22.864514804337865
23.070104512116885
23.280048982849408
23.49478764912122
23.71484192285266
23.94083890892683
24.173544880777232
24.413913985506454
24.663161713070608
24.922880705512718
25.19523360072276
25.483297601372154
25.791741003457915
26.128341346613272
26.50817829571097
26.97068049163027