0.045401776944238734
0.13620564357614867
0.22701044846636254
0.3178168172137789
0.40862537555736583
0.49943674943223987
0.5902515650257965
0.6810704488339061
0.7718940277171914
0.8627229289573993
0.9535577803138843
1.0443992100802157
1.135247847140926
1.226104321028414
1.3169692619800177
1.4078433009952742
1.4987270698933777
1.5896212013708557
1.680526329059477
1.7714430875844045
1.8623721126226143
1.9533140409615903
2.0442695105583173
2.1352391605985814
2.2262236315566017
2.317223565255004
2.408239604925153
2.49927239526787
2.590322582514535
2.68139081448861
2.772477740667586
2.863584012245383
2.954710282195208
3.0458572053329083
3.137025438380813
3.228215640032109
3.319428471015751
3.4106645941619305
3.5019246744681283
3.5932093791657644
3.6845193777874696
3.775855342234995
3.867217946847788
3.958607868472248
4.050025786531691
4.14147238309704
4.232948342958262
4.324454353696592
4.415991105757535
4.507559292524708
4.599159610394516
4.6907927588517
4.782459440545792
4.874160361368478
4.965896230531923
5.057667760648062
5.149475667808906
5.241320671667872
5.333203495522185
5.4251248663963585
5.517085515126809
5.60908617644762
5.701127589077492
5.793210495807908
5.885335643592551
5.9775037836380145
6.0697156714958185
6.161972067155798
6.254273735140877
6.3466214446032705
6.439015969422165
6.5314580883029025
6.623948584877713
6.716488247808045
6.809077870888524
6.901718253152595
6.994410198979886
7.08715451820534
7.179952026230167
7.272803544134661
7.365709898792935
7.458671922989621
7.551690455538594
7.64476634140377
7.737900431822033
7.831093584428361
7.924346663383182
8.017660539502058
8.111036090387733
8.204474200564611
8.297975761615746
8.391541672322397
8.485172838806234
8.578870174674242
8.672634601166424
8.766467047306374
8.860368450054775
8.954339754465948
9.04838191384749
9.142495889923122
9.236682652998823
9.330943182132328
9.425278465306123
9.51968949960399
9.614177291391245
9.708742856498736
9.803387220410734
9.898111418456836
9.992916496007945
10.087803508676526
10.182773522521174
10.27782761425569
10.372966871462765
10.468192392812401
10.563505288285226
10.658906679400848
10.75439769945138
10.849979493740307
10.945653219826863
11.041420047776041
11.137281160414485
11.233237753592341
11.32929103645136
11.425442231699346
11.521692575891219
11.618043319716852
11.714495728295926
11.811051081479992
11.907710674162
12.00447581659351
12.101347834709827
12.198328070463342
12.295417882165316
12.392618644836388
12.489931750566099
12.587358608881718
12.6849006471267
12.78255931084904
12.880336064199932
12.978232390343017
13.076249791874595
13.17438979125519
13.272653931252837
13.371043775398496
13.469560908454026
13.568206936893139
13.666983489395799
13.765892217356539
13.864934795407192
13.964112921954538
14.063428319733413
14.162882736375854
14.262477944996823
14.362215744797155
14.462097961684364
14.562126448911936
14.662303087737836
14.762629788102942
14.863108489330145
14.963741160844933
15.064529802918262
15.165476447432576
15.266583158671905
15.367852034136945
15.469285205386146
15.570884838903826
15.672653136996386
15.774592338717797
15.876704720825499
15.978992598768018
16.08145832770556
16.184104303564993
16.286932964130653
16.38994679017246
16.493148306612987
16.596540083735125
16.700124738432088
16.803904935501652
16.907883388986537
17.01206286356301
17.11644617597983
17.221036196549857
17.32583585069668
17.430848120558817
17.53607604665414
17.64152272960735
17.74719133194343
17.853085079950315
17.959207265613962
18.065561248629436
18.172150458491654
18.278978396669768
18.38604863886929
18.493364837386412
18.600930723559166
18.708750110320373
18.816826894857673
18.92516506138618
19.03376868403972
19.142641929886942
19.25178906207901
19.36121444313605
19.4709225383799
19.580917919521298
19.691205268410172
19.801789380958205
19.912675171243546
20.02386767580819
20.13537205815931
20.247193613486466
20.359337773607766
20.471810112158597
20.584616350037887
20.697762361127747
20.811254178303543
20.92509799975283
21.039300195622836
21.15386731501783
21.268806093369236
21.38412346020329
21.499826547332912
21.61592269750266
21.73241947351799
21.849324667892635
21.966646313050745
22.084392692123544
22.20257235038373
22.321194107364537
22.44026706971464
22.55980064484459
22.679804555425616
22.80028885480721
22.92126394342619
23.042740586286772
23.164729931599044
23.287243530671613
23.410293359163934
23.53389183981435
23.658051866772063
23.78278683167439
23.90811065162594
24.034037799253227
24.160583335027294
24.28776294206865
24.4155929636731
24.544090443824963
24.67327317099558
24.80315972556099
24.933769531213805
25.065122910791153
25.197241146994713
25.330146548540974
25.463862522351448
25.59841365247584
25.73382578653739
25.870126130602017
26.0073433535041
26.145507701815568
26.284651126825956
26.424807425114974
26.566012394552413
26.708304007862022
26.851722606246543
26.996311116004076
27.142115291588407
27.28918398919912
27.437569475759233
27.58732777908379
27.73851908620854
27.89120819829358
28.0454650523213
28.201365322076445
28.358991113768415
28.518431775322316
28.67978484308408
28.84315715581457
29.008666173886613
29.176441552253817
29.346627030043244
29.51938271900718
29.694887899729032
29.873344471685513
30.05498125603591
30.2400594261835
30.42887945329412
30.62179012269325
30.819200437267146
31.021595636533426
31.229559235124075
31.443804130088747
31.665217854976447
31.894930835031722
32.134423964128686
32.385707716850064
32.65164213829741
32.936565023619565
33.24770135639321
33.59905530321367
34.02723085067765