0.030336919543984885
0.09101080028803239
0.15168480600105674
0.2123590199981878
0.27303352559827354
0.3337084061253677
0.3943837449102172
0.45505962529175087
0.5157361306185675
0.576413344250425
0.6370913495597302
0.6977702299330294
0.7584500687724987
0.8191309494974365
0.879812955545756
0.9404961703754791
1.0011806774662309
1.0618665603207356
1.1225539024663138
1.1832427874563811
1.2439332988719478
1.3046255203231192
1.3653195354505991
1.4260154279271946
1.4867132814593211
1.5474131797885105
1.6081152066929205
1.668819445988847
1.7295259815322364
1.7902348972202016
1.8509462769925407
1.911660204833255
1.9723767647720736
2.0330960408859755
2.09381811730072
2.1545430781923733
2.215271007788843
2.2760019903714115
2.3367361102762754
2.397473451896086
2.458214099681493
2.518958138142691
2.5797056518509693
2.640456725440266
2.7012114436087242
2.761969891120251
2.8227321528060827
2.88349831356635
2.9442684583716505
3.00504267226462
3.065821040361515
3.126603647853791
3.18739058000969
3.2481819221758323
3.308977759778807
3.3697781783267753
3.4305832634110693
3.4913931007078025
3.55220777597948
3.6130273750766158
3.6738519839393535
3.734681688599094
3.7955165751801236
3.8563567299012544
3.9172022390774597
3.978053189121525
4.038909666545699
4.099771757963347
4.160639550090616
4.2215131297481046
4.282392583862531
4.3432779994684205
4.4041694637097795
4.465067063841798
4.525970887232539
4.586881021364647
4.647797553837054
4.708720572366696
4.769650164790236
4.830586419065796
4.891529423274687
4.952479265623155
5.013436034444129
5.0743998181989785
5.135370705479275
5.196348785008564
5.257334145644143
5.318326876378845
5.3793270663428325
5.440334804805398
5.501350181176771
5.5623732850099366
5.623404206002455
5.6844430339982965
5.745489858989684
5.806544771118935
5.867607860680324
5.928679218121947
5.989758934047594
6.0508470992186325
6.111943804555899
6.173049141141603
6.234163200221232
6.295286073205474
6.356417851672147
6.417558627368131
6.478708492211328
6.539867538292606
6.601035857877775
6.662213543409561
6.7234006875095975
6.784597382980419
6.845803722807472
6.907019800161136
6.968245708398746
7.029481541066645
7.090727391902225
7.151983354835991
7.213249523993644
7.274525993698156
7.335812858471873
7.397110213038622
7.458418152325829
7.5197367714666585
7.581066165802151
7.642406430883387
7.703757662473647
7.7651199565506035
7.826493409308512
7.887878117160416
7.949274176740375
8.010681684905691
8.07210073873916
8.133531435551335
8.1949738728828
8.256428148506451
8.317894360429813
8.379372606897348
8.44086298639279
8.50236559764149
8.563880539612772
8.62540791152232
8.686947812834564
8.748500343265086
8.81006560278304
8.87164369161359
8.933234710240372
8.994838759407957
9.05645594012433
9.11808635366341
9.17973010156755
9.24138728565009
9.303058007997901
9.364742370973953
9.426440477219913
9.488152429658738
9.54987833149731
9.611618286229069
9.673372397636681
9.73514076979471
9.796923507072316
9.858720714135975
9.920532495952212
9.982358957790355
10.044200205225312
10.106056344140368
10.16792748072999
10.229813721502671
10.291715173283787
10.353631943218467
10.415564138774492
10.477511867745221
10.539475238252523
10.601454358749745
10.6634493380247
10.725460285202661
10.787487309749409
10.849530521474273
10.91159003053321
10.973665947431908
11.035758383028904
11.097867448538738
11.159993255535115
11.222135915954116
11.284295542097407
11.346472246635491
11.408666142610981
11.470877343441897
11.533105962924992
11.595352115239102
11.657615914948519
11.719897477006405
11.782196916758219
11.844514349945177
11.906849892707742
11.969203661589136
12.031575773538895
12.093966345916433
12.156375496494654
12.218803343463579
12.281250005434016
12.343715601441254
12.406200250948785
12.468704073852065
12.531227190482298
12.593769721610261
12.656331788450158
12.718913512663503
12.781515016363038
12.844136422116694
12.906777852951564
12.969439432357943
13.03212128429337
13.094823533186725
13.157546303942357
13.220289721944251
13.283053913060222
13.345839003646159
13.408645120550295
13.471472391117524
13.534320943193757
13.597190905130304
13.660082405788309
13.722995574543223
13.785930541289313
13.848887436444208
13.911866390953508
13.9748675362954
14.037891004485354
14.10093692808083
14.164005440186052
14.227096674456815
14.290210765105334
14.35334784690515
14.41650805519607
14.479691525889159
14.542898395471783
14.606128801012687
14.669382880167138
14.732660771182102
14.795962612901477
14.859288544771381
14.922638706845477
14.98601323979037
15.04941228489103
15.112835984056295
15.176284479824401
15.239757915368598
15.303256434502776
15.366780181687203
15.430329302034261
15.493903941314288
15.557504245961448
15.621130363079665
15.684782440448627
15.748460626529841
15.812165070472746
15.875895922120895
15.9396533320182
16.00343745141523
16.067248432275594
16.13108642728235
16.194951589844536
16.258844074103706
16.32276403494059
16.386711627981782
16.450687009606526
16.51469033695353
16.57872176792792
16.64278146120819
16.7068695762533
16.77098627330976
16.83513171341889
16.899306058424074
16.963509470978135
17.02774211455077
17.092004153436083
17.156295752760172
17.22061707848883
17.284968297435288
17.34934957726809
17.413761086519006
17.478202994591083
17.542675471766717
17.607178689215885
17.67171281900442
17.736278034102376
17.80087450839254
17.865502416678954
17.930161934695604
17.994853239115177
18.059576507557892
18.1243319186005
18.189119651785294
18.253939887629308
18.318792807633546
18.383678594292373
18.44859743110298
18.51354950257496
18.578534994240027
18.643554092661784
18.70860698544567
18.77369386124897
18.838814909790983
18.90397032186328
18.96916028934008
19.034385005188785
19.099644663480582
19.16493945940121
19.230269589261866
19.295635250510184
19.361036641741396
19.42647396270962
19.491947414339243
19.55745719873651
19.623003519201177
19.68858658023835
19.754206587570476
19.81986374814944
19.885558270168843
19.95129036307641
20.017060237586566
20.08286810569316
20.148714180682337
20.214598677145595
20.280521810992965
20.34648379946639
20.41248486115327
20.47852521600014
20.544605085326562
20.610724691839177
20.676884259645938
20.743084014270497
20.809324182666828
20.87560499323399
20.94192667583109
21.00828946179248
21.074693583943066
21.141139276613902
21.20762677565793
21.274156318465952
21.34072814398281
21.407342492723743
21.473999606791025
21.540699729890758
21.60744310734992
21.674229986133643
21.741060614862707
21.807935243831263
21.874854125024815
21.94181751213844
22.00882566059522
22.075878827564985
22.142977271983252
22.210121254570456
22.277311037851426
22.344546886175152
22.411829065734803
22.479157844588023
22.54653349267752
22.61395628185193
22.681426485886984
22.74894438050696
22.81651024340644
22.88412435427239
22.951786994806515
23.01949844874796
23.08725900189635
23.155068942135106
23.22292855945515
23.290838145978924
23.35879799598475
23.426808405931567
23.494869674484008
23.562982102537845
23.63114599324582
23.699361652043844
23.767629386677577
23.835949507229422
23.90432232614589
23.972748158265418
24.041227320846534
24.109760133596527
24.178346918700484
24.2469880008508
24.315683707277106
24.384434367776706
24.453240314745408
24.522101883208897
24.591019410854535
24.659993238063695
24.729023707944553
24.798111166365437
24.867255961988672
24.936458446304947
25.005718973668234
25.075037901331278
25.144415589481596
25.213852401278118
25.283348702888354
25.35290486352618
25.422521255490253
25.492198254203
25.561936238250283
25.63173558942168
25.701596692751444
25.771519936560118
25.84150571249684
25.911554415582362
25.981666444252756
26.051842200403865
26.122082089436493
26.19238652030236
26.26275590555082
26.33319066137637
26.403691207666984
26.47425796805324
26.544891369958318
26.615591844648847
26.686359827286612
26.75719575698119
26.82810007684346
26.899073234040106
26.970115679849005
27.04122786971565
27.112410263310537
27.183663324587574
27.254987521843564
27.326383327778696
27.397851219558174
27.46939167887492
27.54100519201346
27.612692249914925
27.68445334824326
27.756288987452653
27.82819967285621
27.90018591469589
27.972248228213736
28.044387133724463
28.11660315668937
28.188896827791677
28.26126868301328
28.333719263712954
28.406249116706032
28.478858794345683
28.55154885460566
28.624319861164718
28.69717238349264
28.770106996937958
28.843124282817396
28.916224828507044
28.98940922753537
29.06267807967807
29.136031991054814
29.209471574227923
29.282997448303046
29.356610239031863
29.43031057891691
29.50409910731848
29.57797647056381
29.651943322058443
29.72600032239993
29.800148139493903
29.87438744867259
29.94871893281578
30.023143282474393
30.097661195996647
30.172273379656918
30.246980547787384
30.321783422912482
30.3966827358863
30.471679226032943
30.546773641289988
30.621966738355066
30.697259282835727
30.772652049402588
30.84814582194594
30.923741393735856
30.999439567585892
31.075241156020542
31.15114698144648
31.22715787632773
31.3032746833649
31.379498255678527
31.455829456996725
31.532269161847218
31.60881825575388
31.68547763543796
31.762248209024055
31.839130896251046
31.916126628688104
31.993236349955904
32.07046101595324
32.1478015950892
32.225259068521
32.30283443039778
32.38052868811042
32.458342862547575
32.53627798835831
32.614335114221156
32.692515303120224
32.77081963262831
32.849249195197245
32.92780509845593
33.00648846551594
33.08530043528536
33.16424216279072
33.243314819507624
33.322519593700136
33.401857690769326
33.48133033361123
33.56093876298458
33.64068423788858
33.720568035951146
33.80059145382788
33.88075580761217
33.9610624332569
34.041512687008
34.12210794585042
34.20284960796682
34.283739093209526
34.36477784358623
34.44596732375986
34.52730902156312
34.608804448528396
34.69045514043339
34.77226265786319
34.8542285867893
34.936354539166395
35.01864215354735
35.101093095717225
35.18370905934711
35.266491766668324
35.349442969168045
35.43256444830695
35.51585801625991
35.59932551668065
35.68296882549112
35.76678985169695
35.85079053822961
35.934972862816764
36.01933883888172
36.10389051647328
36.18862998322724
36.273559365360974
36.3586808287023
36.4439965797543
36.5295088667976
36.615219981031615
36.70113225775666
36.78724807759863
36.87356986777814
36.960100103426164
37.04684130894833
37.13379605944
37.22096698215454
37.30835675802726
37.39596812325765
37.483803870952656
37.57186685283389
37.660159981011994
37.74868622983121
37.837448637787844
37.92645030952615
38.015694417915554
38.10518420621329
38.19492299031693
38.28491416111133
38.37516118691492
38.46566761603064
38.55643707940696
38.64747329341505
38.738780062748184
38.83036128345032
38.92222094608076
39.014363139022635
39.10679205194332
39.19951197941543
39.29252732470767
39.38584260375539
39.47946244932163
39.5733916153597
39.66763498158978
39.76219755830235
39.85708449140258
39.952301067710636
40.0478527205341
40.14374503552995
40.23998375687467
40.33657479376285
40.43352422725591
40.53083831750451
40.62852351137007
40.72658645047273
40.82503397969574
40.92387315617826
41.02311125883178
41.12275579841798
41.222814528229435
41.323295455418226
41.42420685302122
41.52555727273579
41.62735555850425
41.72961086097086
41.8323326528816
41.935530745503215
42.03921530614608
42.14339687688339
42.24808639456885
42.35329521226549
42.459035122209954
42.56531838044986
42.67215773330685
42.77956644583451
42.88755833245952
42.996147790015755
43.10534983340548
43.21518013414941
43.32565506211912
43.43679173078104
43.54860804632305
43.66112276108157
43.774355531742
43.88832698284808
44.00305877622884
44.11857368703644
44.23489568718647
44.35205003710805
44.47006338684551
44.58896388771272
44.70878131588858
44.82954720956462
44.95129502152042
45.074060289318936
45.197880825693815
45.322796932159065
45.448851639427104
45.57609097889812
45.70456429031364
45.834324571689336
45.96542887891034
46.097938783954945
46.23192090270191
46.36744750579539
46.50459722925653
46.643455905668155
46.7841175421332
46.92668547825514
47.0712737667291
47.21800883165247
47.367031476653146
47.51849933829922
47.672589912861
47.829504330737755
47.98947211960826
48.15275729561756
48.31966626974227
48.49055828442249
48.66585945691479
48.846082097108074
49.03185197092241
49.22394795686621
49.42336185009797
49.631392605547404
49.8498032254302
50.08110099895817
50.329087554243806
50.600092780319684
50.90638149100559
51.279998231867765