0.046421288099247504
0.1392642137680039
0.23210818788174717
0.3249539095178209
0.4178020779246311
0.51065339259014
0.6035085533104275
0.6963682602583416
0.7892332140522553
0.8821041158249526
0.9749816672926601
1.0678665708242472
1.160759529510612
1.2536612472342756
1.3465724287392042
1.4394937797008769
1.5324260067966238
1.6253698177762523
1.7183259215329831
1.8112950281747173
1.904277849095654
1.9972750970482835
2.0902874862157734
2.1833157322847723
2.276360552518652
2.3694226658312103
2.46250279286086
2.5556016560453205
2.648719979696842
2.741858490077984
2.8350179154779664
2.9281989862896274
3.0214024350870035
3.1146289967035616
3.2078794083111086
3.3011544094993988
3.3944547423564733
3.487781151549754
3.5811343844079158
3.674515191003571
3.7679243242367897
3.861362539919486
3.9548305968607016
4.048329256952809
4.141859285258675
4.235421450099804
4.3290165231455076
4.422645279503111
4.516308497809254
4.610006960322299
4.703741453015897
4.797512765673724
4.891321691985458
4.985169029643997
5.079055580443984
5.17298215038165
5.266949549756048
5.360958593271683
5.455010100142605
5.5491048941979955
5.643243803989291
5.737427662898889
5.831657309250489
5.925933586421098
6.020257342954764
6.114629432678083
6.209050714817521
6.303522054118618
6.398044320967106
6.492618391512015
6.587245147790819
6.681925477856659
6.776660275907735
6.8714504424189045
6.966296884275547
7.061200514909783
7.1561622544390815
7.251183029807351
7.346263774928565
7.441405430833003
7.536608945816176
7.631875275590519
7.727205383439921
7.822600240377175
7.9180608253044324
8.013588125176751
8.109183135168815
8.204846858844924
8.300580308332343
8.396384504498121
8.492260477129447
8.58820926511768
8.684231916646148
8.780329489381804
8.876503050670898
8.972753677738721
9.0690824578936
9.165490488735228
9.261978878367476
9.358548745615806
9.455201220249451
9.551937443208455
9.64875856683577
9.745665755114526
9.842660183910656
9.939743041221003
10.036915527427126
10.134178855554932
10.231534251540335
10.328982954501141
10.426526217015313
10.524165305405853
10.6219015000325
10.719736095590426
10.817670401416201
10.91570574180123
11.013843456312886
11.112084900123627
11.210431444348316
11.30888447639003
11.407445400294627
11.50611563711437
11.604896625280876
11.70378982098775
11.802796698583158
11.901918750972754
12.00115749003322
12.10051444703687
12.1999911730876
12.299589239568668
12.399310238602641
12.499155783523957
12.599127509364541
12.69922707335295
12.799456155427485
12.8998164587638
13.000309710317522
13.100937661382407
13.201702088164604
13.30260479237363
13.40364760183063
13.504832371094604
13.606160982107246
13.707635344857083
13.809257398063671
13.911029109882584
14.01295247863199
14.115029533541675
14.21726233552534
14.31965297797712
14.422203587593241
14.52491632521985
14.627793386728015
14.730837003917037
14.834049445447159
14.937433017802949
15.040990066288531
15.144722976056045
15.24863417316869
15.352726125699817
15.457001344869605
15.561462386220878
15.66611185083582
15.770952386595305
15.875986689482712
15.981217504934222
16.086647629237607
16.19227991098173
16.29811725255901
16.404162611723315
16.51041900320574
16.616889500391075
16.72357723705767
16.830485409183765
16.937617276823485
17.04497616605567
17.152565471009282
17.260388655968978
17.36844925756485
17.476750887050553
17.585297232674165
17.69409206214661
17.803139225212497
17.912442656328786
18.02200637745683
18.13183450097377
18.2419312327097
18.352300875117248
18.462947830580863
18.573876604873394
18.68509181076819
18.796598171815308
18.908400526291278
19.020503831332167
19.13291316726069
19.245633742118553
19.35867089641628
19.472030108113444
19.585716997843154
19.699737334395873
19.814097040478394
19.92880219876534
20.043859058261543
20.15927404099528
20.275053749063776
20.391204972054013
20.507734694863796
20.62465010594999
20.741958606032888
20.8596678172883
20.977785593061263
21.09632002813837
21.2152794696187
21.334672528426932
21.454508091515795
21.574795334809494
21.695543736944124
21.81676309386637
21.93846353435733
22.060655536554712
22.183349945553495
22.306557992172984
22.4302913129868
22.554561971721988
22.679382482144142
22.804765832557575
22.930725512063
23.05727553873036
23.184430489861608
23.312205534537338
23.44061646866306
23.569679752755444
23.69941255273686
23.829832784038167
23.960959159346174
24.092811240373177
24.225409494073688
24.358775353787614
24.49293128585177
24.627900862293995
24.763708840307494
24.90038124930049
25.037945486429056
25.176430421653322
25.315866513512198
25.45628593699401
25.597722725095775
25.740212925919078
25.883794777454415
26.028508902568934
26.174398527148718
26.32150972487288
26.46989169273449
26.61959706220083
26.770682251857895
26.92320786855828
27.07723916554751
27.23284656786161
27.390106277573196
27.549100974356698
27.709920630535894
27.872663464529968
28.037437062788076
28.204359708399583
28.373561965299032
28.545188581371555
28.719400793287974
28.896379142751776
29.07632695131722
29.259474654089487
29.446085269345282
29.63646139406754
29.830954285351957
30.029975849741714
30.23401477809305
30.443658743575867
30.659625734441335
30.88280963656043
31.114348984732228
31.35573532270096
31.608993621052537
31.877004603664183
32.164137522096304
32.47766992190197
32.83170821173095
33.26312470304267