0.03143479388628681
0.0943044314181504
0.15717421822890787
0.2200442538412351
0.2829146377829281
0.3457854695889514
0.4086568488034871
0.47152887498198426
0.5344016476932091
0.5972752665212958
0.6601498310677985
0.7230254409537441
0.7859021958216865
0.8487801953377618
0.9116595391937452
0.9745403271091092
1.037422658833084
1.1003066341467183
1.1631923528649444
1.2260799148386425
1.2889694199567103
1.3518609681481315
1.4147546593840492
1.477650593679841
1.5405488710971968
1.6034495917462
1.6663528557874092
1.7292587634339471
1.792167414953589
1.855078910670856
1.9179933509691112
1.9809108362926606
2.0438314671488564
2.1067553441102036
2.169682567816474
2.232613238976819
2.295547458371891
2.358485326855968
2.42142694535908
2.4843724148891444
2.547321836534104
2.610275311464068
2.673232940933461
2.7361948262831772
2.799161068942736
2.8621317704324483
2.9251070323655846
2.988086956450549
3.051071644493062
3.1140611983983457
3.177055720173318
3.24005531192879
3.303060075881673
3.3660701143571896
3.4290855297910934
3.492106424731893
3.555132901843086
3.618165063905398
3.68120301381903
3.744246854605911
3.8072966894119613
3.8703526215093627
3.933414754298834
3.9964831913119174
4.0595580362132715
4.1226393928029745
4.185727365018832
4.2488220569387
4.311923572782807
4.375032016916096
4.438147493850567
4.501270108247632
4.564399964920482
4.627537168836457
4.690681825119435
4.753834039052219
4.816993916078945
4.8801615618074985
4.943337082011929
5.006520582634898
5.069712169790111
5.132911949764786
5.196120029022113
5.2593365142037385
5.322561512132249
5.385795129813681
5.449037474440027
5.512288653391771
5.575548774240413
5.638817944751032
5.702096272884842
5.765383866801767
5.828680834863036
5.891987285633775
5.955303327885629
6.018629070599388
6.0819646229676305
6.145310094397375
6.208665594512756
6.272031233157704
6.335407120398644
6.398793366527215
6.462190082062991
6.5255973777562275
6.589015364590621
6.652444153786083
6.71588385680153
6.779334585337691
6.842796451339928
6.906269567001073
6.969754044764289
7.033249997325939
7.096757537638474
7.160276778913343
7.223807834623916
7.2873508185084255
7.350905844572927
7.414473027094279
7.478052480623139
7.54164431998698
7.605248660293122
7.668865616931794
7.7324953055791985
7.796137842200613
7.859793343053498
7.923461924690636
7.987143703963279
8.050838798024335
8.114547324331554
8.178269400650748
8.24200514505904
8.30575467594811
8.3695181120275
8.433295572327895
8.497087176204477
8.560893043340261
8.624713293749478
8.688548047780975
8.752397426121636
8.816261549799835
8.8801405401889
8.944034519010625
9.007943608338778
9.071867930602663
9.135807608590683
9.199762765453958
9.26373352470993
9.32772001024604
9.391722346323396
9.45574065758049
9.519775069036934
9.583825706097224
9.64789269455454
9.71197616059457
9.776076230799356
9.840193032151188
9.904326692036513
9.968477338249878
10.032645098997913
10.096830102903327
10.161032479008961
10.225252356781848
10.28948986611732
10.353745137343145
10.418018301223702
10.48230948896418
10.54661883221482
10.610946463075189
10.675292514098484
10.73965711829588
10.80404040914092
10.868442520573916
10.93286358700641
10.997303743325677
11.061763124899239
11.12624186757944
11.19074010770806
11.255257982120956
11.319795628152749
11.384353183641554
11.448930786933754
11.513528576888804
11.57814669288408
11.64278527481979
11.7074444631239
11.772124398757125
11.836825223217943
11.90154707854769
11.966290107335652
12.03105445272425
12.095840258414242
12.160647668669979
12.225476828324712
12.290327882785954
12.355200978040877
12.420096260661765
12.485013877811527
12.549953977249245
12.614916707335782
12.679902217039443
12.744910655941698
12.809942174242934
12.874996922768288
12.940075052973521
13.005176716950952
13.070302067435453
13.135451257810487
13.200624442114231
13.265821775045724
13.331043411971109
13.396289508929911
13.461560222641388
13.526855710510942
13.592176130636595
13.657521641815524
13.72289240355067
13.788288576057404
13.853710320270263
13.919157797849754
13.984631171189232
14.050130603421838
14.115656258427506
14.181208300840066
14.246786896054376
14.312392210233572
14.378024410316366
14.443683664024425
14.509370139869828
14.575084007162609
14.640825436018352
14.706594597365903
14.772391662955139
14.838216805364814
14.904070198010508
14.969952015152654
15.035862431904633
15.101801624240982
15.167769769005679
15.233767043920503
15.299793627593509
15.365849699527583
15.431935440129083
15.49805103071659
15.564196653529741
15.630372491738164
15.696578729450522
15.76281555172363
15.829083144571708
15.895381694975708
15.961711390892761
16.028072421265723
16.094464976032835
16.160889246137483
16.22734542353808
16.293833701218045
16.360354273195906
16.426907334535528
16.493493081356434
16.56011171084426
16.62676342126134
16.693448411957384
16.760166883380307
16.82691903708719
16.89370507575533
16.960525203193463
17.027379624353085
17.094268545339943
17.161192173425622
17.2281507170593
17.29514438587964
17.3621733907268
17.42923794365461
17.496338257942895
17.563474548109948
17.630647029925136
17.697855920421674
17.765101437909554
17.83238380198864
17.899703233561908
17.967059954848846
18.034454189399053
18.101886162105966
18.169356099220778
18.236864228366542
18.304410778552413
18.371995980188125
18.43962006509858
18.507283266538707
18.57498581920843
18.64272795926786
18.71050992435271
18.778331953589852
18.846194287613116
18.914097168579275
18.982040840184233
19.05002554767945
19.118051537888547
19.186119059224147
19.254228361704936
19.322379696972952
19.390573318311088
19.45880948066084
19.527088440640288
19.595410456562323
19.663775788453098
19.732184698070757
19.80063744892439
19.86913430629326
19.937675537246285
20.006261410661786
20.074892197247507
20.143568169560908
20.212289602029742
20.28105677097291
20.3498699546216
20.418729433140737
20.487635488650724
20.556588405249475
20.62558846903478
20.69463596812697
20.763731192691907
20.832874434964292
20.902065989271343
20.971306152056744
21.040595221904997
21.109933499566107
21.179321287980606
21.248758892304974
21.318246619937387
21.387784780543885
21.457373686084885
21.52701365084212
21.59670499144595
21.666448026903073
21.736243078624682
21.806090470455004
21.875990528700292
21.94594358215824
22.015949962147843
22.08601000253972
22.15612403978687
22.226292412955946
22.29651546375895
22.36679353658545
22.4371269785353
22.50751613945183
22.577961371955602
22.648463031478634
22.71902147629921
22.789637067577218
22.86031016939003
22.931041148768973
23.001830375736365
23.07267822334316
23.143585067707164
23.21455128805189
23.28557726674604
23.35666338934361
23.427810044624657
23.49901762463673
23.57028652473699
23.641617143634985
23.713009883436193
23.784465149686223
23.855983351415787
23.92756490118643
23.999210215136987
24.070919713030868
24.14269381830411
24.214532958114265
24.28643756339009
24.358408068882145
24.430444913214174
24.502548538935464
24.57471939257405
24.646957924690852
24.719264589934774
24.791639847098775
24.86408415917688
24.936597993422275
25.009181821406333
25.081836119078798
25.154561366828965
25.227358049547995
25.300226656692356
25.373167682348384
25.446181625298063
25.519268989085973
25.592430282087467
25.665666017578122
25.738976713804483
25.812362894056072
25.8858250867388
25.95936382544972
26.03297964905321
26.10667310175856
26.180444733199078
26.25429509851268
26.328224758424035
26.402234279328262
26.476324233376303
26.550495198561887
26.624747758810248
26.699082504068553
26.773500030398104
26.84800094006839
26.92258584165298
26.997255350127354
27.072010086968685
27.146850680257618
27.221777764782146
27.296791982143553
27.371893980864563
27.44708441649968
27.52236395174783
27.597733256567306
27.67319300829313
27.748743891756877
27.824386599409
27.90012183144374
27.975950295926722
28.051872708925217
28.12788979464126
28.204002285547585
28.28021092252654
28.35651645501201
28.432919641134443
28.509421247869085
28.58602205118746
28.66272283621225
28.7395243973756
28.816427538581014
28.893433073368858
28.970541825085668
29.047754627057273
29.125072322765924
29.20249576603147
29.280025821196748
29.357663363317318
29.435409278355575
29.5132644633795
29.591229826766067
29.669306288409526
29.747494779934637
29.825796244915075
29.904211639097074
29.98274193062856
30.061388100293858
30.140151141754185
30.219032061794113
30.298031880574136
30.377151631889575
30.45639236343602
30.535755137081456
30.61524102914537
30.694851130684967
30.77458654778879
30.85444840187794
30.93443783001517
31.014555985222092
31.094804036804728
31.175183170687745
31.255694589757613
31.336339514215
31.417119181936673
31.4980348488473
31.579087789301404
31.660279296475867
31.74161068277333
31.82308328023686
31.90469844097625
31.986457537606423
32.068361963698294
32.15041313424256
32.2326124861269
32.31496147862696
32.39746159391186
32.48011433756437
32.5629212391167
32.64588385260214
32.7290037571234
32.81228255743807
32.89572188456191
32.979323396390754
33.06308877834153
33.147019744013306
33.23111803586901
33.31538542593874
33.39982371654542
33.48443474105366
33.56922036464291
33.65418248510566
33.73932303367185
33.824643975860496
33.91014731235964
33.995835079935794
34.081709352374205
34.167772241450976
34.25402589793874
34.34047251264698
34.42711431749873
34.51395358664503
34.60099263761903
34.688233832531154
34.775679579307486
34.86333233297303
34.951194596982084
35.03926892459767
35.12755792032246
35.216064241383435
35.30479059927283
35.39373976134804
35.482914552493284
35.5723178568459
35.661952619590494
35.75182184882423
35.8419286174967
35.932276065428184
36.02286740141008
36.11370590539187
36.204794930758794
36.296137906705134
36.387738340707976
36.47959982110669
36.5717260197939
36.66412069502375
36.756787694343956
36.84973095765832
36.94295452042703
37.0364625170123
37.13025918417776
37.224348864750134
37.31873601145278
37.41342519092102
37.50842108790995
37.60372850970629
37.69935239075653
37.79529779752454
37.89156993359287
37.988174145022924
38.08511592599029
38.1824009247129
38.28003494969096
38.37802397627894
38.47637415361185
38.5750918119093
38.67418347018335
38.773655844377615
38.87351585596798
38.973770641057406
39.074427560000174
39.17549420759416
39.27697842388277
39.37888830561207
39.481232218392854
39.58401880962142
39.68725702221851
39.79095610925079
39.895125649505864
39.999775564098236
40.104916134191825
40.21055801993242
40.31671228069365
40.423390396750214
40.530604292504215
40.638366361403854
40.74668949270872
40.85558710027295
40.96507315353672
41.075162210938224
41.185869455982996
41.2972107362354
41.40920260552906
41.521862369729526
41.63520813642411
41.74925886896201
41.864034445322766
41.97955572235506
42.095844606001386
42.21292412821001
42.330818531335105
42.449553360942666
42.569155568076354
42.68965362219813
42.81107763620839
42.93345950517524
43.056833060670535
43.181234242930145
43.306701293440604
43.43327497101772
43.560998795004956
43.68991931990432
43.82008644659183
43.951553776304195
44.08437901486593
44.2186244362276
44.354357416398315
44.4916510514041
44.63058487615605
44.771245705298654
44.913728622545236
45.05813815213819
45.20458965552162
45.353211008980814
45.50414463519224
45.6575499852675
45.81360660086525
45.97251793273029
46.134516159550735
46.29986835043399
46.4688844638727
46.64192790670277
46.81942974218101
47.0019082345692
47.18999643282734
47.38448229344251
47.58636918824361
47.796971257507735
48.01807214694876
48.25220855415878
48.50322677736783
48.7775312270877
49.08753141538098
49.46565085365267