0.025932597914755134
0.07779781275727046
0.12966308463898216
0.18152845158662523
0.23339395162784077
0.2852596227915385
0.3371255031082591
0.3889916306105372
0.44085804333326345
0.4927247793140476
0.5445918765935812
0.5964593732160001
0.6483273072292479
0.7001957166854388
0.7520646396412204
0.8039341141581376
0.8558041783029958
0.9076748701482239
0.9595462277722391
1.0114182892598098
1.0632910927024204
1.115164676198635
1.1670390778544621
1.2189143357837195
1.270790488108399
1.3226675729590307
1.3745456284750501
1.4264246928051618
1.478304804107707
1.5301860005510284
1.5820683203138368
1.633951801585579
1.6858364825668029
1.737722401469526
1.789609596517603
1.8414981059470934
1.8933879680066295
1.9452792209577858
1.997171903075448
2.049066052648181
2.100961707978601
2.152858907383743
2.204757689195433
2.25665809176066
2.3085601534419444
2.3604639126177123
2.4123694076826663
2.4642766770481597
2.516185759142569
2.568096692411666
2.6200095153189955
2.671924266346246
2.7238409839936284
2.7757597067802493
2.827680473244488
2.8796033219443733
2.931528291457961
2.983455420383712
3.0353847473408693
3.087316310969839
3.139250149932569
3.19118630291293
3.2431248086170936
3.295065705773918
3.3470090331353273
3.3989548294766956
3.4509031335972296
3.502853984320353
3.554807420494092
3.606763480991458
3.6587222047108408
3.7106836305763857
3.7626477975383903
3.814614744573687
3.8665845106860344
3.9185571349065076
3.970532656293888
4.022511113935056
4.07449254694538
4.126476994469116
4.178464495679796
4.230455089780622
4.282448816004869
4.3344457136162715
4.3864458219094296
4.4384491802102035
4.490455827876111
4.542465804296731
4.594479148894102
4.646495901123127
4.698516100471973
4.750539786462474
4.8025669986505415
4.854597776626567
4.9066321600158265
4.958670188478892
5.010711901712037
5.062757339447652
5.114806541454646
5.166859547538869
5.218916397543519
5.270977131349555
5.3230417888761155
5.375110410080937
5.427183034960763
5.4792597035517705
5.531340455929989
5.583425332211717
5.6355143725539465
5.6876076171547885
5.7397051062538935
5.79180688013288
5.84391297911576
5.896023443569368
5.948138313903794
6.000257630572803
6.052381434074282
6.1045097649506594
6.156642663789352
6.208780171223191
6.260922327930864
6.313069174637356
6.365220752114381
6.417377101180835
6.46953826270323
6.52170427759614
6.573875186822648
6.626051031394797
6.6782318523740285
6.730417690871643
6.782608588049245
6.8348045851191985
6.887005723345084
6.939212044042146
6.991423588577766
7.043640398371903
7.09586251489757
7.14808997968129
7.200322834303556
7.252561120399306
7.304804879658383
7.35705415382601
7.4093089847032525
7.461569414147499
7.513835484072932
7.5661072364510025
7.618384713310908
7.670667956740076
7.72295700888464
7.775251911949924
7.82755270820093
7.879859439962819
7.932172149621406
7.984490879623648
8.03681567247813
8.089146570755572
8.141483617089312
8.193826854175812
8.246176324775156
8.298532071711554
8.350894137873837
8.403262566215977
8.455637399757581
8.508018681584414
8.560406454848902
8.612800762770648
8.665201648636952
8.717609155803324
8.770023327694009
8.822444207802508
8.874871839692105
8.927306266996391
8.979747533419793
9.032195682738113
9.084650758799048
9.137112805522744
9.18958186690232
9.242057987004413
9.294541209969728
9.34703158001357
9.39952914142641
9.452033938574415
9.504546015900017
9.557065417922463
9.609592189238368
9.662126374522288
9.714668018527263
9.767217166085402
9.819773862108441
9.872338151588314
9.92491007959773
9.97748969129074
10.030077031903334
10.082672146753994
10.135275081244309
10.187885880859536
10.240504591169202
10.293131257827698
10.345765926574865
10.398408643236598
10.451059453725447
10.50371840404122
10.556385540271581
10.609060908592676
10.661744555269728
10.714436526657666
10.767136869201735
10.81984562943812
10.872562853994573
10.925288589591032
10.978022883040264
11.03076578124849
11.083517331216024
11.136277580037914
11.189046574904586
11.241824363102483
11.294610992014732
11.34740650912178
11.40021096200206
11.453024398332646
11.50584686588992
11.55867841255024
11.6115190862906
11.664368935189321
11.717228007426716
11.770096351285765
11.822974015152823
11.875861047518281
11.928757496977273
11.981663412230372
12.034578842084281
12.087503835452537
12.14043844135623
12.193382708924693
12.246336687396234
12.299300426118844
12.352273974550924
12.405257382262008
12.45825069893349
12.51125397435937
12.564267258446979
12.617290601217722
12.670324052807834
12.723367663469121
12.77642148356972
12.829485563594854
12.882559954147595
12.935644705949633
12.98873986984205
13.041845496786088
13.094961637863939
13.148088344279525
13.201225667359283
13.25437365855297
13.307532369434448
13.3607018517025
13.413882157181627
13.467073337822868
13.520275445704609
13.573488533033418
13.626712652144853
13.679947855504313
13.73319419570786
13.786451725483067
13.839720497689862
13.893000565321382
13.946291981504825
13.999594799502313
14.052909072711767
14.106234854667765
14.159572199042426
14.212921159646294
14.266281790429225
14.319654145481275
14.373038279033608
14.42643424545939
14.479842099274705
14.533261895139471
14.586693687858356
14.640137532381706
14.693593483806477
14.747061597377181
14.800541928486815
14.854034532677826
14.907539465643053
14.961056783226699
15.014586541425292
15.068128796388665
15.121683604420932
15.175251021981472
15.228831105685929
15.282423912307202
15.336029498776456
15.389647922184134
15.443279239780969
15.496923508979016
15.550580787352676
15.604251132639742
15.657934602742438
15.711631255728472
15.765341149832093
15.819064343455159
15.872800895168204
15.92655086371153
15.980314307996274
16.034091287105515
16.087881860295372
16.141686086996113
16.19550402681327
16.249335739528757
16.303181285102
16.357040723671087
16.410914115553908
16.464801521249292
16.518703001438194
16.57261861698485
16.626548428937955
16.680492498531837
16.734450887187684
16.7884236565147
16.84241086831135
16.89641258456656
16.950428867460943
17.004459779368045
17.058505382855575
17.112565740686666
17.166640915821127
17.220730971416714
17.27483597083042
17.32895597761974
17.383091055543982
17.43724126856557
17.491406680851362
17.545587356773957
17.599783360913044
17.65399475805673
17.70822161320292
17.76246399156064
17.816721958551433
17.870995579810735
17.925284921189263
17.97959004875442
18.033911028791696
18.088247927806105
18.1426008125236
18.196969749892524
18.251354807085068
18.305756051498715
18.360173550757732
18.414607372714645
18.46905758545174
18.523524257282556
18.578007456753426
18.632507252644977
18.687023713973698
18.741556909993466
18.79610691019713
18.850673784318065
18.90525760233178
18.9598584344575
19.014476351159786
19.069111423150147
19.123763721388684
19.178433317085734
19.233120281703524
19.28782468695785
19.34254660481977
19.397286107517267
19.45204326753701
19.506818157626032
19.561610850793492
19.61642142031242
19.671249939721484
19.726096482826755
19.78096112370351
19.83584393669803
19.890744996429436
19.945664377791495
20.00060215595448
20.055558406367048
20.110533204758088
20.16552662713864
20.220538749803776
20.275569649334543
20.330619402599886
20.385688086758606
20.44077577926133
20.495882557852486
20.55100850057231
20.60615368575886
20.661318192050043
20.716502098385668
20.771705484009505
20.826928428471373
20.882171011629232
20.937433313651304
20.992715415018193
21.04801739652505
21.10333933928373
21.158681324724974
21.214043434600633
21.269425750985857
21.32482835628136
21.38025133321566
21.435694764847376
21.491158734567506
21.54664332610174
21.60214862351281
21.65767471120283
21.713221673915672
21.76878959673936
21.82437856510849
21.879988664806643
21.935619981968863
21.991272603084123
22.046946614997808
22.102642104914256
22.15835916039927
22.214097869382712
22.269858320161045
22.325640601399964
22.381444802137025
22.437271011784276
22.493119320130944
22.548989817346122
22.604882593981497
22.660797740974086
22.716735349649003
22.772695511722247
22.828678319303524
22.88468386489909
22.940712241414595
22.996763542158
23.052837860842477
23.108935291589358
23.16505592893109
23.22119986781424
23.277367203602523
23.333558032079832
23.38977244945332
23.446010552356515
23.502272437852433
23.558558203436743
23.614867947040963
23.671201767035665
23.727559762233724
23.7839420318936
23.84034867572263
23.896779793880388
23.953235486982006
24.009715856101632
24.0662210027758
24.12275102900694
24.179306037266812
24.2358861305001
24.29249141212791
24.349121986051394
24.40577795665536
24.462459428811936
24.519166507884254
24.57589929973019
24.63265791070611
24.689442447670686
24.746253017988714
24.80308972953498
24.8599526906982
24.916842010384915
24.973757798023517
25.030700163568245
25.087669217503237
25.14466507084666
25.201687835154814
25.258737622526322
25.315814545606354
25.372918717590878
25.430050252230956
25.4872092638371
25.54439586728365
25.601610178013196
25.65885231204106
25.7161223859598
25.77342051694378
25.830746822753774
25.888101421741617
25.945484432854897
26.002895975641703
26.060336170255418
26.11780513745956
26.17530299863267
26.23282987577324
26.290385891504727
26.34797116908055
26.405585832389228
26.463230005959474
26.520903814965433
26.578607385231887
26.636340843239594
26.69410431613061
26.751897931713724
26.809721818469917
26.867576105557873
26.92546092281958
26.983376400785943
27.041322670682508
27.0992998644352
27.15730811467615
27.215347554749567
27.273418318717678
27.331520541366743
27.389654358213097
27.447819905509306
27.50601732025035
27.564246740179897
27.622508303796607
27.68080215036056
27.7391284198997
27.79748725321639
27.855878791893986
27.91430317830356
27.972760555610613
28.031251067781916
28.089774859592403
28.148332076632155
28.206922865313434
28.265547372877826
28.324205747403443
28.382898137812205
28.441624693877223
28.500385566230218
28.559180906369097
28.61801086666552
28.676875600372654
28.735775261632917
28.79471000548588
28.85367998787623
28.912685365661815
28.9717262966218
29.03080293946491
29.089915453837754
29.14906400033327
29.20824874049922
29.26746983684686
29.326727452859636
29.386021753002
29.44535290272837
29.504721068492135
29.564126417754796
29.62356911899522
29.683049341718988
29.74256725646786
29.802123034829332
29.861716849446353
29.921348874027103
29.981019283354918
30.040728253298337
30.100475960821257
30.160262583993195
30.220088301999713
30.27995329515294
30.339857744902222
30.399801833844908
30.459785745737285
30.51980966550559
30.579873779257248
30.63997827429214
30.7001233391141
30.760309163442507
30.820535938224037
30.880803855644544
30.941113109141114
31.00146389341425
31.06185640444022
31.122290839483547
31.182767397109682
31.243286277197797
31.303847680953783
31.3644518109234
31.42509887100555
31.485789066465813
31.546522603950056
31.607299691498287
31.668120538558654
31.72898535600164
31.789894356134436
31.850847752715495
31.9118457609693
31.972888597601283
32.033976480812996
32.095109630317424
32.15628826735453
32.217512614707054
32.27878289671637
32.340099339298774
32.40146216996179
32.462871617820795
32.52432791361587
32.58583128972886
32.64738198020062
32.7089802207486
32.770626248784566
32.83232030343262
32.89406262554746
32.95585345773287
33.0176930443605
33.079581631588866
33.14151946738265
33.20350680153224
33.26554388567359
33.32763097330826
33.38976831982388
33.45195618251478
33.51419482060296
33.57648449525938
33.63882546962552
33.701218008835255
33.76366238003705
33.82615885241648
33.88870769721905
33.9513091877734
34.01396359951478
34.076671210008925
34.13943229897622
34.202247148316296
34.265116042132924
34.3280392667593
34.39101711078373
34.45404986507564
34.517137822812046
34.580281279504355
34.64348053302562
34.70673588363817
34.77004763402169
34.8334160893017
34.89684155707849
34.960324347456506
35.02386477307414
35.08746314913402
35.15111979343379
35.21483502639731
35.27860917110638
35.342442553332965
35.40633550157189
35.4702883470741
35.53430142388041
35.598375068855795
35.662509621724254
35.7267054251042
35.79096282454442
35.85528216856064
35.919663808672674
35.98410809944214
36.04861539851085
36.11318606663978
36.177820467748695
36.24251896895645
36.30728194062194
36.37210975638569
36.4370027932122
36.501961431433024
36.56698605479042
36.63207705048194
36.69723480920563
36.76245972520606
36.82775219632111
36.89311262402958
36.95854141349963
37.02403897363801
37.08960571714018
37.155242060541326
37.220948424268194
37.28672523269191
37.35257291418165
37.418491901159385
37.48448263015545
37.55054554186521
37.61668108120672
37.68288969737935
37.74917184392362
37.81552797878192
37.88195856436055
37.948464067592724
38.0150449600028
38.081701717771715
38.14843482180361
38.21524475779368
38.28213201629728
38.34909709280043
38.41614048779147
38.48326270683427
38.55046426064265
38.61774566515637
38.68510744161849
38.75255011665424
38.8200742223514
38.887680296342324
38.95536888188743
39.02314052796044
39.09099578933527
39.1589352266746
39.22695940662025
39.295068901885344
39.36326429134833
39.43154616014887
39.49991509978571
39.568371708216524
39.63691658995978
39.705550356198735
39.77427362488755
39.843087020859585
39.91199117593804
39.98098672904878
40.05007432633565
40.119254621278145
40.188528274811645
40.25789595545017
40.32735833941176
40.39691611074664
40.466569961468025
40.53632059168592
40.60616870974374
40.67611503235796
40.74616028476091
40.81630520084664
40.886550523320146
40.95689700384985
41.027345403223634
41.097896491508266
41.1685510482126
41.23930986245442
41.3101737331312
41.38114346909476
41.45221988933001
41.52340382313789
41.594696110322616
41.666097601383335
41.73760915771036
41.80923165178609
41.88096596739078
41.95281299981327
42.02477365606684
42.09684885511038
42.16903952807494
42.24134661849595
42.31377108255119
42.38631388930468
42.45897602095679
42.53175847310061
42.60466225498489
42.67768838978368
42.750837914872996
42.82411188211451
42.897511358146836
42.97103742468426
43.04469117882352
43.118473733358606
43.192386217104065
43.26642977522693
43.34060556958768
43.414914779090424
43.48935860004274
43.56393824652541
43.638654950772356
43.71350996356129
43.78850455461525
43.863640013015534
43.9389176476264
44.01433878753186
44.08990478248521
44.16561700337148
44.24147684268347
44.31748571501178
44.39364505754936
44.46995633061114
44.54642101816921
44.62304062840426
44.69981669427374
44.77675077409754
44.85384445216166
44.93109933934078
45.00851707374024
45.08609932135831
45.163847776769586
45.24176416383018
45.31985023640574
45.39810777912307
45.476538608146456
45.55514457197954
45.633927552293876
45.71288946478532
45.79203226005922
45.87135792454587
45.95086848144725
46.03056599171662
46.110452555072136
46.1905303110462
46.2708014400719
46.351268164608285
46.43193275030616
46.51279750721623
46.593864791041455
46.67513700443565
46.7566165983505
46.83830607343312
46.920207981476615
47.0023249269261
47.084659568442724
47.167214620528696
47.24999285521595
47.33299710382187
47.41623025877511
47.49969527551515
47.58339517446927
47.667333043110695
47.751512038102334
47.83593538753025
47.92060639323175
48.0055284332229
48.090704964230895
48.17613952433671
48.261835735734316
48.347797307612446
48.434028039166044
48.52053182274444
48.607312647143964
48.69437460105343
48.78172187666106
48.86935877343243
48.95728970206944
49.04551918866119
49.13405187903817
49.222892543342375
49.31204608082643
49.4015175248962
49.49131204841219
49.58143496926623
49.671891756251284
49.762688035243556
49.85382959571768
49.945322397617105
50.037172578604114
50.129386461715356
50.221970563451315
50.314931602330276
50.40827650794012
50.502012430524054
50.5961467511395
50.69068709243292
50.785641330077276
50.88101760492279
50.97682433591665
51.07307023385244
51.16976431601572
51.266915921798805
51.36453472936482
51.46263077344919
51.561214464395576
51.6602966085332
51.75988843001401
51.86000159424018
51.9606482330272
52.06184097166319
52.16359295804363
52.265917894080665
52.36883006960956
52.47234439904111
52.5764764610388
52.68124254153385
52.786659680430354
52.89274572239792
52.99951937220103
53.107000255074105
53.2152089827206
53.324167225594806
53.43389779221896
53.54442471639707
53.65577335331613
53.76797048567528
53.881044441162544
53.995025222809645
54.109944654006995
54.22583654026154
54.34273685014121
54.46068391828478
54.579718673884216
54.699884898689234
54.8212295193723
54.943802940063364
55.06765942206803
55.19285751928634
55.31946057973876
55.44753732599849
55.57716253038282
55.70841780468592
55.84139252933971
55.976184953583065
56.11290350709054
56.2516683754024
56.39261340763261
56.535888447121444
56.68166220666521
56.83012585386883
56.981497535551235
57.136028163436045
57.2940089237374
57.45578118970062
57.62174985929209
57.79240170167459
57.968331248816604
58.15027845529422
58.33918548898615
58.53628622201303
58.74325520115218
58.96247373429209
59.19755213898796
59.45450123774763
59.74496650466902
60.099371001409246