0.05365739216082356
0.16097289754890137
0.26829056626224784
0.3756118409376953
0.48293816484228025
0.5902709821257754
0.6976117380736716
0.8049618793607394
0.9123228543053012
1.0196961131243436
1.1270831081896027
1.2344852942847526
1.3419041288638365
1.4493410723110671
1.5567975882021405
1.6642751435671967
1.7717752091555705
1.879299259702469
1.9868487741977243
2.094425236156766
2.2020301338939583
2.3096649607984596
2.417331215612746
2.5250304027139716
2.632764032398305
2.7405336211684226
2.8483406920243133
2.9561867747575663
3.0640734062493173
3.172002130772028
3.279974500295281
3.3879920747957786
3.496056422571728
3.6041691205618203
3.7123317546689916
3.8205459200891805
3.928813221645294
4.03713527412659
4.145513702633715
4.253950142929613
4.362446241796555
4.471003657399528
4.579624059656237
4.688309130613978
4.797060564833654
4.905880069781218
5.014769366226813
5.123730188651917
5.232764285664807
5.341873420424633
5.451059371074462
5.560323931183608
5.669668910199612
5.7790961339102305
5.88860744491581
5.998204703112455
6.107889786186365
6.217664590119797
6.327531029709065
6.437491039095051
6.547546572306683
6.657699603817887
6.767952129118513
6.878306165299777
6.988763751654753
7.0993269502945235
7.20999784678055
7.320778550773916
7.4316711967020845
7.542677944443842
7.653800980033149
7.7650425163826275
7.876404794027447
7.98789008189044
8.099500678069253
8.21123891064644
8.323107138523387
8.435107752279059
8.547243175054536
8.659515863464414
8.771928308536154
8.884483036678537
8.997182610680419
9.11002963074105
9.223026735533281
9.33617660330106
9.44948195299262
9.562945545430953
9.676570184523113
9.790358718510074
9.904314041258878
10.018439093598941
10.13273686470448
10.2472103935251
10.36186277026672
10.476697137925097
10.591716693874352
10.706924691513036
10.822324441970391
10.937919315875611
11.05371274519307
11.16970822512668
11.285909316096612
11.402319645791971
11.518942911303025
11.635782881336988
11.752843398521396
11.870128381799558
11.98764182892264
12.105387819043347
12.223370515416413
12.341594168211426
12.460063117443886
12.578781796030714
12.697754732976906
12.816986556700316
12.936481998502176
13.056245896191292
13.17628319787049
13.296598965894384
13.41719838100821
13.538086746678056
13.659269493623606
13.780752184565205
13.902540519197983
14.024640339406528
14.147057634734743
14.269798548126438
14.392869381953412
14.51627660434902
14.64002685586656
14.764126956483295
14.888583912972488
15.013404926667633
15.138597401644901
15.264168953351962
15.390127417713531
15.516480860746592
15.643237588720844
15.770406158903018
15.89799539092693
16.02601437883477
16.15447250383911
16.283379447859485
16.41274520789229
16.542580111277978
16.672894831935636
16.803700407641454
16.935008258434944
17.0668302062449
17.19917849583612
17.33206581718792
17.465505329426936
17.599510686448998
17.73409606437934
17.869276191036075
18.005066377579734
18.141482552552013
18.278541298529344
18.416259891643016
18.55465634424646
18.693749451043935
18.8335588390324
18.974105021651926
19.11540945758946
19.257494614737613
19.40038403987588
19.544102434717125
19.688675739049906
19.834131221808793
19.98049758102336
20.12780505373486
20.276085537131898
20.425372722347387
20.575702242584484
20.727111837506616
20.879641536144902
21.03333386095672
21.188234056125914
21.344390343746387
21.5018542121988
21.66068074184461
21.82092897415938
21.982662331657508
22.145949097485822
22.310862965467855
22.47748367377436
22.645897738426974
22.81619930671118
22.988491155555202
23.16288586640085
23.33950721657754
23.51849183843761
23.69999121258795
23.884174082015004
24.071229402043908
24.261369980353706
24.454837016982133
24.65190583468037
24.85289320838387
25.058166880738487
25.268158125390634
25.483378655404515
25.704443887107622
25.93210577964603
26.167300613075042
26.411221056620466
26.665429765479477
26.93204853326473
27.21409625191468
27.51615243621365
27.84584612625964
28.21796779303812
28.671186070058827