0.0995454313616822
0.29865214347665664
0.4978064365950645
0.6970401410131403
0.8963852521655473
1.0958739980844798
1.2955389082829973
1.4954128844992702
1.6955292737615766
1.895921944263145
2.096625364571942
2.297674686744005
2.4991058339609182
2.700955593373679
2.9032617149079725
3.1060630168714907
3.3093994993045657
3.51331246613357
3.7178446573254824
3.9230403924055315
4.128945726892608
4.335608623435009
4.543079139699086
4.751409635384406
4.960655001122007
5.170872912470951
5.382124112779867
5.594472729346269
5.807986628114748
6.022737813141037
6.238802878257839
6.456263519869308
6.675207121650983
6.8957274242423345
7.117925295924361
7.341909623955091
7.567798350935068
7.795719686625654
8.025813533504877
8.258233174660258
8.493147286293688
8.73074235545163
8.97122560848869
9.214828590023732
9.461811579965934
9.712469104028381
9.967136891111018
10.226200775202841
10.490108256609062
10.75938377229956
11.03464925647981
11.316652442235313
11.606306831707778
11.904749877820654
12.213430791710804
12.534249024802044
12.86978499200613
13.223712557871778
13.60160940268637
14.012776679134207
14.475268112055593
15.036352557386012