0.038312107717612245
0.11493645696708006
0.1915612076653539
0.26818662746522526
0.34481298404986976
0.42144054514500645
0.49806957853106243
0.5747003520553454
0.6513331336442245
0.7279681913153219
0.8046057931897159
0.8812462075041594
0.9578897026233112
1.0345365470519867
1.1111870094474259
1.1878413586315812
1.26449986360343
1.3411627935513055
1.4178304178652588
1.4945030061494435
1.571180828234531
1.6478641541901549
1.7245532543373878
1.8012483992612525
1.877949859823267
1.9546579071740273
2.0313728127658295
2.108094848365331
2.184824286066256
2.261561398302142
2.3383064578591357
2.4150597378888334
2.491821511921173
2.568592053877374
2.6453716380829353
2.722160539280683
2.7989590326438774
2.8757673937893795
2.952585898790874
3.0294148241921595
3.1062544470204982
3.1831050448000364
3.259966895565289
3.336840277874696
3.4137254708242533
3.490622754061211
3.567532407797856
3.644454712825367
3.7213899505277515
3.7983384028958658
3.875300352541518
3.95227608271166
4.029265877302666
4.1062700208747005
4.183288798666187
4.26032249660836
4.337371401339929
4.414435800221829
4.491515981352084
4.568612233580764
4.645724846525066
4.722854110584483
4.8000003169561065
4.877163757650025
4.9543447255048525
5.0315435142033715
5.108760418288295
5.185995733178159
5.263249755183344
5.340522781522212
5.4178151103374
5.495127040712226
5.572458872687247
5.649810907276958
5.727183446486629
5.804576793329292
5.881991251842882
5.959427127107522
6.0368847252629765
6.114364353526255
6.191866320209381
6.269390934737329
6.346938507666127
6.4245093507011335
6.502103776715493
6.579722099768764
6.65736463512574
6.735031699275442
6.812723609950322
6.890440686145637
6.968183248139042
7.045951617510367
7.12374611716161
7.201567071337137
7.279414805644093
7.3572896470730305
7.435191924018763
7.513121966301442
7.591080105187862
7.669066673413001
7.747082005201807
7.825126436291215
7.903200303952425
7.981303947013424
8.059437705881768
8.137601922567633
8.215796940707124
8.29402310558586
8.37228076416284
8.450570265094592
8.528891958759608
8.607246197283073
8.685633334561894
8.764053726290037
8.842507729984176
8.920995705009652
8.999518012606766
9.078075015917392
9.15666708001193
9.235294571916603
9.3139578606411
9.392657317206575
9.471393314674012
9.550166228172948
9.628976434930596
9.707824314301316
9.786710247796519
9.865634619114932
9.944597814173296
10.023600221137466
10.102642230453931
10.181724234881782
10.260846629525092
10.340009811865773
10.41921418179686
10.498460141656295
10.577748096261146
10.65707845294235
10.736451621579912
10.815868014638642
10.89532804720438
10.974832137020755
11.05438070452648
11.133974172893186
11.213612968063817
11.293297518791586
11.373028256679524
11.452805616220589
11.532630034838414
11.612501952928646
11.69242181390091
11.772390064221437
11.852407153456305
11.932473534315394
12.012589662696975
12.092755997733025
12.17297300183524
12.253241140741764
12.33356088356467
12.413932702838183
12.494357074567677
12.57483447827946
12.655365397071359
12.735950317664122
12.816589730453662
12.897284129564154
12.978034012902
13.05883988221069
13.139702243126575
13.220621605235573
13.301598482130814
13.382633391471273
13.46372685504138
13.54487939881165
13.626091553000368
13.7073638521363
13.78869683512251
13.870091045301283
13.951547030520176
14.033065343199224
14.114646540399331
14.196291183891885
14.277999840229581
14.359773080818545
14.441611481991725
14.52351562508362
14.605486096506366
14.6875234878272
14.769628395847345
14.851801422682357
14.93404317584394
15.016354268323294
15.098735318676024
15.181186951108623
15.263709795566607
15.346304487824309
15.428971669576388
15.511711988531083
15.594526098505273
15.677414659521357
15.760378337906042
15.843417806391027
15.9265337442157
16.009726837231817
16.0929977780103
16.176347265950135
16.25977600738945
16.343284715718852
16.426874111497014
16.510544922568666
16.594297884184936
16.678133739126228
16.762053237827566
16.846057138506595
16.930146207294225
17.01432121836802
17.098582954088386
17.182932205137657
17.26736977066214
17.351896458417194
17.436513084915422
17.521220475578094
17.60601946488984
17.690910896556716
17.77589562366777
17.860974508860153
17.946148424487916
18.03141825279455
18.116784886089423
18.20224922692818
18.287812188297263
18.373474693802592
18.45923767786263
18.54510208590587
18.6310688745729
18.71713901192319
18.803313477646732
18.889593263280666
18.97597937243103
19.062472820999826
19.14907463741751
19.2357858628811
19.322607551598068
19.40954077103615
19.496586602179327
19.583746139790115
19.671020492678338
19.75841078397666
19.845918151422993
19.933543747650074
20.021288740482397
20.109154313240722
20.197141665054446
20.285252011182028
20.373486583339787
20.461846630039304
20.550333416933707
20.638948227173163
20.727692361769844
20.816567139972705
20.905573899652374
20.994713997696536
21.083988810416123
21.17339973396269
21.262948184757388
21.352635599931865
21.442463437781605
21.532433178232026
21.622546323317895
21.71280439767645
21.80320894905473
21.893761548831677
21.984463792555456
22.07531730049662
22.166323718217654
22.257484717159496
22.348801995245715
22.44027727750494
22.531912316712265
22.623708894050328
22.715668819790828
22.807793933997246
22.90008610724961
22.992547241392128
23.085179270304625
23.177984160698678
23.270963912939497
23.36412056189449
23.45745617780967
23.550972867215
23.644672773859856
23.73855807967988
23.832631005796486
23.926893813550425
24.021348805570828
24.115998326881247
24.21084476604428
24.305890556346426
24.40113817702499
24.496590154538794
24.59224906388472
24.688117529962085
24.784198228987037
24.880493889959187
24.97700729618298
25.0737412868462
25.170698758658414
25.26788266755206
25.365296030449212
25.462941927097194
25.560823501976277
25.65894396628309
25.75730659999339
25.855914754008158
25.95477185238723
26.053881394674825
26.15324695832178
26.252872201209332
26.35276086427988
26.45291677428027
26.55334384662362
26.654046088376035
26.755027601374977
26.856292585486518
26.95784534200914
27.059690277232317
27.161831906158575
27.264274856398394
27.367023872247927
27.470083818960212
27.57345968722127
27.677156597843346
27.781179806688357
27.885534709835618
27.990226849008927
28.09526191727917
28.200645765059928
28.306384406414704
28.412484025696056
28.518950984538307
28.625791829227268
28.73301329847237
28.840622331608447
28.948626077256904
29.057031902478187
29.165847402450378
29.275080410711595
29.384739010007106
29.494831543785704
29.605366628393778
29.71635316601996
29.827800358447877
29.93971772168007
30.05211510150189
30.16500269006082
30.278391043543948
30.392291101044414
30.5067142047168
30.6216721213314
30.73717706534886
30.85324172364911
30.969879282063086
31.08710345387148
31.204928510453186
31.32336931428622
31.442441354527418
31.56216078542314
31.68254446783333
31.80361001418521
31.925375837211753
32.04786120287472
32.17108628792305
32.29507224259629
32.41984125905069
32.545416646164284
32.67182291146832
32.79908585105914
32.927232648468554
33.05629198361643
33.186294153140814
33.31727120360311
33.44925707930585
33.582287786746114
33.71640157806923
33.85163915629702
33.9880439055996
34.12566215047914
34.26454344846433
34.40474092181004
34.54631163479937
34.68931702461407
34.833823395446935
34.979902487676874
35.127632136645474
35.277097039043696
35.42838964938297
35.58161123482511
35.736873124252746
35.89429819754382
36.05402267452843
36.21619828144607
36.380994897944774
36.548603822865346
36.719241846976026
36.89315639288588
37.0706320884482
37.25199929958214
37.43764539457137
37.628029902111074
37.82370536388811
38.025346766046894
38.23379435240868
38.45011819368794
38.675719947601365
38.912502273394566
39.16317147288912
39.431831563175095
39.72531707288322
40.05687304965766
40.461112407420295