0.028207786066620506
0.08462338715100994
0.1410390750892309
0.1974549077851253
0.25387094314446673
0.3102872390757328
0.36670385349087825
0.42312084430610775
0.479538269442649
0.5359561868275261
0.5923746543943332
0.6487937300840079
0.7052134718456058
0.7616339376370745
0.8180551854260287
0.8744772731905249
0.9309002589198374
0.9873242006152337
1.0437491562907513
1.1001751839739748
1.156602341706813
1.2130306875462764
1.2694602795652576
1.325891175853308
1.3823234345174205
1.4387571136828068
1.4951922714936818
1.5516289661140439
1.6080672557284574
1.664507198542838
1.7209488527852346
1.7773922767066173
1.8338375285816613
1.8902846667095354
1.9467337494146895
2.003184835047644
2.0596379819857797
2.116093248634128
2.172550693426166
2.229010374824606
2.2854723513221926
2.3419366814424976
2.398403423740717
2.454872636804468
2.511344379254592
2.5678187097459495
2.6242956869682277
2.680775369646741
2.7372578165432357
2.793743086456698
2.85023123822416
2.9067223307215095
2.9632164228643023
3.019713573608571
3.076213841951644
3.132717286932955
3.1892239676348657
3.245733943183482
3.302247272749474
3.358764015548902
3.4152842308440365
3.4718079779441866
3.5283353162065283
3.5848663050369334
3.6414010038908007
3.6979394722738923
3.754481769743167
3.8110279559076194
3.8675780904291193
3.9241322330232533
3.980690443460171
4.037252781565429
4.093819307220841
4.1503900803653275
4.206965160995773
4.263544609167872
4.320128484997001
4.376716848659066
4.43330976039137
4.489907280493481
4.546509469328096
4.603116387321914
4.659728094966504
4.7163446528191875
4.772966121503912
4.829592561712134
4.886224034203697
4.942860599807731
4.999502319423527
5.056149254021437
5.112801464643771
5.169459012405687
5.2261219584960985
5.282790364178579
5.339464290792263
5.396143799752763
5.4528289525530775
5.509519810764512
5.566216436037593
5.6229188901030005
5.679627234772482
5.736341531939794
5.793061843581625
5.849788231758541
5.906520758615917
5.9632594863848905
6.020004477383299
6.076755794016635
6.133513498779001
6.190277654254069
6.247048323116035
6.303825568130597
6.360609452155911
6.417400038143576
6.474197389139603
6.531001568285403
6.587812638818765
6.644630664074853
6.701455707487196
6.758287832588685
6.815127103012576
6.871973582493496
6.928827334868455
6.985688424077861
7.0425569141665365
7.099432869284745
7.156316353689217
7.2132074317441885
7.270106167922432
7.327012626806301
7.383926873088781
7.440848971574534
7.497778987180962
7.554716984939266
7.611663029995509
7.668617187611695
7.7255795231668385
7.782550102158049
7.83952899020162
7.896516253034116
7.953511956513477
8.010516166620114
8.06752894945802
8.124550371255886
8.181580498368215
8.238619397276453
8.295667134590113
8.352723777047917
8.40978939151893
8.466864045003716
8.523947804635487
8.581040737681262
8.638142911543033
8.69525439375894
8.752375252004445
8.809505554093514
8.866645367979812
8.923794761757895
8.980953803664418
9.038122562079337
9.095301105527133
9.152489502678028
9.209687822349219
9.266896133506108
9.324114505263553
9.381343006887109
9.43858170779429
9.495830677555826
9.55308998589695
9.61035970269865
9.667639897998981
9.724930641994337
9.782232005040761
9.839544057655251
9.896866870517073
9.954200514469083
10.01154506051906
10.068900579841044
10.126267143776678
10.183644823836566
10.241033691701631
10.298433819224488
10.355845278430824
10.413268141520778
10.47070248087034
10.528148369032758
10.585605878739944
10.643075082903891
10.700556054618119
10.758048867159088
10.815553593987671
10.873070308750592
10.930599085281894
10.988139997604423
11.045693119931297
11.103258526667414
11.160836292410938
11.218426491954826
11.276029200288344
11.33364449259859
11.391272444272053
11.448913130896145
11.506566628260778
11.564233012359923
11.6219123593932
11.679604745767469
11.737310248098428
11.795028943212232
11.852760908147113
11.910506220155016
11.968264956703242
12.026037195476114
12.083823014376629
12.141622491528151
12.199435705276098
12.257262734189641
12.31510365706342
12.372958552919263
12.43082750100794
12.48871058081089
12.546607872042001
12.604519454649374
12.662445408817112
12.720385814967111
12.778340753760885
12.836310306101383
12.894294553134822
12.952293576252538
13.010307457092855
13.068336277542954
13.12638011974077
13.184439066076886
13.242513199196457
13.30060260200114
13.358707357651037
13.416827549566651
13.474963261430869
13.533114577190938
13.591281581060477
13.649464357521488
13.707662991326389
13.765877567500063
13.824108171341921
13.882354888427976
13.940617804612938
13.998897006032324
14.057192579104585
14.115504610533238
14.173833187309036
14.23217839671213
14.290540326314266
14.348919063980986
14.407314697873865
14.465727316452732
14.524157008477943
14.582603863012654
14.641067969425109
14.69954941739096
14.758048296895586
14.816564698236448
14.875098712025453
14.933650429191337
14.992219940982073
15.050807338967282
15.109412715040692
15.168036161422586
15.226677770662285
15.285337635640651
15.344015849572612
15.40271250600969
15.461427698842583
15.520161522303722
15.578914070969896
15.63768543976487
15.696475723962024
15.755285019187031
15.814113421420542
15.872961027000896
15.93182793262686
15.99071423536038
16.04962003262937
16.108545422230495
16.16749050233203
16.226455371476675
16.285440128584458
16.34444487295562
16.40346970427353
16.462514722607654
16.521580028416512
16.580665722550677
16.639771906255806
16.698898681175685
16.7580461493553
16.817214413243963
16.8764035756984
16.93561373998595
16.994845009787714
17.054097489201794
17.113371282746513
17.172666495363696
17.231983232421957
17.29132159972003
17.350681703490118
17.41006365040129
17.46946754756289
17.528893502527964
17.588341623296774
17.647812018320266
17.70730479650363
17.76682006720987
17.8263579402634
17.885918525953677
17.94550193503888
18.005108278749603
18.064737668792585
18.12439021735449
18.184066037105712
18.2437652412042
18.303487943299352
18.363234257535893
18.423004298557863
18.48279818151257
18.542616022054613
18.60245793634995
18.662324041079987
18.722214453445716
18.78212929117187
18.842068672511164
18.90203271624853
18.962021541705408
19.022035268744077
19.082074017772044
19.142137909746445
19.202227066178512
19.262341609138076
19.32248166125809
19.382647345739258
19.442838786354628
19.50305610745429
19.563299433970105
19.623568891420454
19.68386460591508
19.74418670415993
19.804535313462072
19.864910561734664
19.92531257750196
19.985741489904356
20.04619742870352
20.106680524287533
20.16719090767612
20.22772871052588
20.288294065135656
20.348887104451848
20.409507962073878
20.47015677225966
20.53083366993112
20.59153879067981
20.652272270772535
20.713034247157086
20.773824857467975
20.834644240032283
20.895492533875537
20.956369878727646
21.017276415028928
21.078212283936168
21.139177627328742
21.20017258781484
21.261197308737703
21.32225193418196
21.383336608980034
21.444451478718584
21.505596689745058
21.56677238917427
21.6279787248951
21.689215845577202
21.75048390067785
21.811783040448805
21.873113415943283
21.934475179023
21.995868482365275
22.05729347947022
22.11875032466802
22.180239173126274
22.24176018085742
22.30331350472626
22.364899302457527
22.4265177326436
22.48816895475223
22.54985312913441
22.611570417032297
22.67332098058726
22.73510498284796
22.79692258777858
22.858773960267122
22.920659266133786
22.982578672139464
23.044532345994323
23.106520456366482
23.1685431728908
23.230600666177747
23.292693107822384
23.354820670413464
23.41698352754261
23.479181853813603
23.54141582485182
23.603685617313708
23.66599140889644
23.728333378347628
23.79071170547521
23.853126571157375
23.91557815735269
23.978066647110282
24.040592224580166
24.103155075023707
24.165755384824188
24.228393341497508
24.291069133703022
24.353782951254495
24.416534985131197
24.479325427489126
24.54215447167238
24.605022312224666
24.667929144900917
24.730875166679116
24.79386057577219
24.856885571640124
24.91995035500215
24.98305512784917
25.046200093456257
25.10938545639535
25.172611422548133
25.235878199119
25.299185994648262
25.36253501902548
25.425925483502965
25.489357600709486
25.552831584664098
25.616347650790182
25.679906015929678
25.74350689835745
25.8071505177959
25.87083709542972
25.934566853920856
25.998340017423676
26.062156811600303
26.126017463636217
26.189922202255953
26.25387125773913
26.317864861936606
26.381903248286854
26.445986651832623
26.510115309237726
26.57428945880413
26.638509340489243
26.702775195923422
26.76708726842775
26.831445803032032
26.895851046493043
26.96030324731301
27.02480265575839
27.089349523878838
27.153944105526516
27.2185866563756
27.28327743394209
27.348016697603896
27.412804708621213
27.477641730157146
27.54252802729866
27.607463867077804
27.67244951849327
27.737485252532196
27.802571342192344
27.86770806250456
27.93289569055555
27.998134505511025
28.063424788639125
28.128766823334225
28.194160895141056
28.259607291779222
28.325106303168024
28.39065822145167
28.45626334102487
28.521921958558796
28.587634373027424
28.65340088573428
28.719221800339565
28.785097422887716
28.851028061835358
28.917014028079688
28.98305563498728
29.04915319842335
29.115307036781434
29.181517471013557
29.24778482466083
29.314109423884553
29.380491597497763
29.446931676997316
29.51342999659642
29.57998689325773
29.646602706726895
29.713277779566717
29.780012457191773
29.84680708790364
29.913662022926648
29.98057761644423
30.047554225635835
30.114592210714452
30.181691934964718
30.24885376478168
30.316078069710155
30.383365222484755
30.450715599070563
30.518129578704457
30.585607543937172
30.653149880675997
30.720756978228234
30.788429229345358
30.85616703026792
30.92397078077122
30.99184088421174
31.059777747574376
31.127781781520476
31.19585340043669
31.263993022484666
31.33220106965162
31.400477967801756
31.46882414672859
31.537240040208218
31.60572608605345
31.674282726168997
31.742910406607525
31.811609577626793
31.880380693747764
31.94922421381377
32.018140601050746
32.087130323128534
32.15619385222332
32.225331665081185
32.294544243082875
32.363832072309656
32.43319564361049
32.5026354526704
32.5721520000801
32.641745791407004
32.71141733726741
32.78116715340025
32.850995760742016
32.920903685503326
32.990891459246804
33.06095961896647
33.13110870716874
33.2013392719549
33.271651867105255
33.342047052164865
33.412525392531
33.48308745954232
33.55373383056976
33.62446508910933
33.695281824876645
33.76618463390346
33.83717411863607
33.90825088803575
33.979415557681264
34.05066874987333
34.122011093741456
34.193443225352745
34.26496578782316
34.336579431430934
34.408284813732514
34.4800825996808
34.551973461745966
34.62395808003887
34.69603714243699
34.768211344713194
34.84048139066717
34.91284799225981
34.985311869750426
35.05787375183699
35.130534375799556
35.20329448764668
35.276154842265264
35.349116203573615
35.422179344678035
35.495345048032874
35.56861410560427
35.641987319037554
35.71546549982859
35.789049469498984
35.862740059775355
35.93653811277284
36.0104444811828
36.0844600284651
36.15858562904476
36.232822168513366
36.307170543835376
36.381631663559276
36.45620644803386
36.53089582962987
36.60570075296694
36.68062217514619
36.75566106598856
36.830818408279086
36.90609519801728
36.981492444673826
37.05701117145373
37.13265241556626
37.208417228501744
37.284306676315474
37.36032183991906
37.4364638153793
37.512733714224936
37.5891326637615
37.66566180739452
37.74232230496137
37.81911533307203
37.89604208545906
37.97310377333715
38.050301625772484
38.12763689006224
38.20511083212476
38.28272473690043
38.360479908764
38.43837767194848
38.51641937098107
38.59460637113169
38.67294005887439
38.751421842362106
38.83005315191545
38.90883544052571
38.9877701843729
39.066858883359195
39.146103061658415
39.225504268282116
39.30506407766298
39.38478409025604
39.464665933158535
39.544711260749025
39.62492175534654
39.705299127890584
39.78584511864271
39.8665614979106
39.94745006679554
40.02851265796412
40.10975113644535
40.191167400453935
40.272763382241095
40.35454104897374
40.43650240364352
40.51864948600666
40.60098437355615
40.68350918252756
40.766226068939815
40.84913722967272
40.9322449035825
41.015551372657285
41.09905896321422
41.182770047139975
41.26668704317681
41.35081241825599
41.435148688881064
41.51969842256292
41.604464239309415
41.689448813171836
41.77465487385107
41.860085208366286
41.94574266278915
42.03163014404676
42.11775062179669
42.20410713037773
42.2907027708401
42.37754071305919
42.46462419793702
42.551956539696064
42.639541128270096
42.72738143179731
42.81548099922104
42.903843463003845
42.99247254196127
43.081372044221546
43.17054587031846
43.259998016424696
43.34973257773361
43.43975375199792
43.530065843234325
43.62067326560385
43.71158054747805
43.802792335702414
43.89431340006868
43.986148638008885
44.07830307952472
44.1707818923671
44.26359038748145
44.35673402473592
44.45021841895073
44.54404934624836
44.638232750745814
44.73277475161208
44.82768165051533
44.92295993948692
45.018616309231206
45.114657657912495
45.21109110045365
45.307923978383066
45.40516387027072
45.50281860279701
45.60089626250234
45.69940520826973
45.79835408459746
45.897751835724186
45.997607720674914
46.09793132930283
46.19873259940928
46.30002183503246
46.40180972600453
46.5041073688872
46.60692628940714
46.71027846652584
46.81417635829267
46.918632929646606
47.02366168235061
47.12927668726332
47.2354926191769
47.34232479447665
47.44978921190894
47.557902596779314
47.666682448942645
47.77614709499396
47.88631574512144
47.99720855514476
48.108846694333224
48.22125241968072
48.33444915741067
48.44846159259695
48.56331576791831
48.679039192719124
48.7956609637326
48.9132118990395
49.03172468709429
49.151234052959246
49.27177694425844
49.393392739810785
49.516123484443874
49.64001415415184
49.76511295657002
49.89147167273811
50.01914604736146
50.14819623632538
50.27868732216021
50.41068991061385
50.54428082462797
50.67954391605381
50.81657102069074
50.95546308911209
51.09633153486263
51.239299853836194
51.384505585229846
51.53210270728397
51.68226459285364
51.83518769500354
51.99109619798524
52.15024796488182
52.312942257531795
52.47952992688644
52.65042712475073
52.82613416511586
53.00726214285168
53.19457165179233
53.389031172448256
53.59190908137658
53.80492681707829
54.030532466257355
54.27243774456936
54.53682256814961
54.83566060133343
55.200234024404374