0.05949817327252941
0.17849572860334206
0.29749691061070027
0.41650413814349424
0.5355198316482653
0.6545464138099911
0.7735863101945984
0.8926419498937012
1.0117157661720675
1.1308101971183182
1.2499276862993718
1.3690706834191482
1.4882416449820586
1.6074430349618092
1.7266773254760603
1.8459469974674878
1.9652545413918048
2.084602457913317
2.203993258608586
2.323429466678807
2.4429136176714925
2.5624482602121055
2.682035956746265
2.801679284293193
2.9213808352110737
3.0411432179750206
3.1609690579683685
3.280860998288036
3.40082170056471
3.520853845798655
3.64096013521195
3.761143291118009
3.8814060578092513
4.0017512024638355
4.122181516072397
4.242699814385758
4.363308938884651
4.484011757772479
4.60481116699224
4.725710091268749
4.846711485177355
4.967818334240396
5.089033656052697
5.2103605014374645
5.3318019556339875
5.453361139518652
5.575041210860789
5.696845365615001
5.8187768392516634
5.940838908127377
6.0630348908972405
6.1853681499709126
6.307842093014509
6.430460174500502
6.553225897307898
6.676142814375058
6.799214530407714
6.922444703644781
7.045837047684774
7.1693953333757605
7.29312339077194
7.417025111160103
7.541104449159432
7.665365424898264
7.789812126271665
7.914448711283869
8.0392794104799
8.164308529470883
8.289540451557905
8.414979640459492
8.54063064314814
8.666498092801591
8.792586711875023
8.918901315300523
9.04544681382081
9.172228217464454
9.299250639170403
9.426519298570087
9.55403952593593
9.681816766305682
9.80985658379259
9.938164666092158
10.06674682919692
10.195609022331471
10.324757333120886
10.454197993006495
10.583937382924102
10.713982039260722
10.844338660107157
10.975014111824976
11.106015435947876
11.237349856438904
11.369024787326683
11.501047840745576
11.633426835406683
11.766169805528701
11.899285010260082
12.032780943626369
12.166666345039546
12.300950210409228
12.435641803898912
12.570750670374325
12.706286648594892
12.842259885203974
12.978680849578474
13.115560349603946
13.252909548447484
13.39073998240744
13.52906357992653
13.667892681863323
13.807240063126388
13.947118955785816
14.087543073788463
14.228526639416263
14.370084411641576
14.512231716549962
14.654984480019174
14.798359262864002
14.942373298680165
15.087044534646967
15.232391675578748
15.378434231549424
15.525192569453617
15.67268796891258
15.8209426829843
15.969980004196058
16.11982433648533
16.270501273713112
16.42203768550425
16.574461811274347
16.727803363425245
16.88209364083405
17.037365653928344
17.193654262837473
17.350996330342873
17.509430891626547
17.668999343145668
17.829745653354482
17.991716598466553
18.15496202702011
18.31953515769966
18.48549291570854
18.65289631401854
18.821810887093896
18.99230718626348
19.164461347883528
19.338355747907077
19.514079759609977
19.691730635222548
19.871414537364476
20.053247752868014
20.237358130346323
20.42388679449067
20.61299020566722
20.804842654538827
20.999639310535123
21.197599983607667
21.398973816310914
21.604045206410625
21.81314138265682
22.02664224060174
22.244993329483876
22.46872333172888
22.69846811392638
22.935004679531392
23.179300569494547
23.432588382674666
23.696483245524135
23.973178426706482
24.265794867957965
24.57906747769418
24.920885248815207
25.306544973363213
25.776046155710837