0.04742601359185504
0.14227842973808835
0.2371320128133636
0.3319875409086293
0.42684579232225983
0.5217075456431163
0.6165735798336975
0.7114446743134076
0.8063216090419658
0.9012051646029846
0.9960961222877428
1.0909952641791791
1.1859033732361335
1.2808212333778628
1.3757496295688558
1.470689347903978
1.56564117569397
1.6606059015513284
1.7555843154765964
1.850577208945094
1.945585374994112
2.040609608310602
2.135650705319387
2.2307094642719316
2.3257866853356837
2.4208831706840366
2.515999724586929
2.611137153502119
2.70629626616716
2.8014778736921158
2.8966827896530383
2.991911830186248
3.0871658140834484
3.1824455628877018
3.2777519009903124
3.373085655728641
3.4684476574848904
3.5638387397859006
3.6592597394039843
3.754711496458845
3.8501948545206166
3.9457106607140564
4.041259765823941
4.136843024401699
4.23246129487332
4.328115439648595
4.423806325231712
4.5195348223332665
4.615301805983728
4.711108155648409
4.806954755343974
4.902842493756556
4.998772264361513
5.0947449655448835
5.190761500726598
5.286822778485478
5.38292971268611
5.4790832226076205
5.575284233074432
5.671533674589038
5.76783248346688
5.864181601973372
5.960581978463143
6.0570345675215576
6.1535403301086
6.250100233705158
6.346715252461817
6.443386367350204
6.5401145663169755
6.6369008444405235
6.733746204090477
6.830651655090078
6.927618214881528
7.02464690869438
7.121738769717066
7.218894839271664
7.316116166991988
7.413403811005105
7.510758838116368
7.6081823239981015
7.705675353381998
7.80323902025538
7.900874428061423
7.998582689903451
8.096364928753445
8.194222277664872
8.292155879989977
8.390166889601662
8.488256471120106
8.586425800144248
8.6846760634883
8.783008459423433
8.881424197924794
8.979924500924026
9.078510602567452
9.177183749480092
9.275945201035729
9.374796229633152
9.473738120978828
9.572772174376178
9.671899703021657
9.771122034307872
9.870440510133966
9.969856487223463
10.069371337449873
10.168986448170243
10.268703222566968
10.368523079998095
10.468447456356419
10.568477804437634
10.668615594317886
10.768862313740986
10.869219468515638
10.969688582923025
11.070271200135085
11.170968882643832
11.271783212702143
11.372715792776352
11.4737682460111
11.574942216706843
11.676239370810482
11.777661396419548
11.879210004300461
11.98088692842132
12.08269392649979
12.184632780566591
12.28670529754519
12.388913309848258
12.491258675991524
12.59374328122569
12.696369038187012
12.79913788756735
12.902051798804314
13.005112770792364
13.108322832615585
13.21168404430304
13.315198497607534
13.418868316808714
13.522695659541476
13.626682717650663
13.730831718073112
13.835144923748162
13.939624634557742
14.04427318829728
14.149092961678697
14.254086371366776
14.359255875050353
14.464603972549758
14.570133206962057
14.67584616584569
14.781745482446242
14.887833836965083
14.994113957872779
15.100588623269246
15.207260662292727
15.314132956579757
15.421208441778452
15.528490109117532
15.635981007033646
15.743684242859691
15.851602984577003
15.959740462634388
16.068099971837217
16.176684873309924
16.285498596535458
16.394544641475466
16.50382658077517
16.613348062057163
16.723112810308603
16.83312463036648
16.943387409506084
17.053905120137877
17.164681822618544
17.275721668182143
17.38702890199782
17.49860786636081
17.61046300402407
17.7225988616781
17.83502009358734
17.94773146539174
18.060737858082987
18.174044272165258
18.287655832011225
18.401577790424746
18.51581553342233
18.63037458524657
18.74526061362549
18.86047943529279
18.976037021785196
19.09193950553415
19.208193186270467
19.32480453776205
19.441780214906125
19.559127061199323
19.676852116610632
19.794962625884324
19.91346604730208
20.032370061936003
20.15168258342675
20.271411768323972
20.39156602702932
20.512154035385905
20.63318474696168
20.754667406078713
20.876611561644765
20.999027081848862
21.121924169788166
21.24531338009987
21.36920563667876
21.493612251568983
21.618544945127166
21.744015867563835
21.8700376219808
21.996623289034396
22.123786453368048
22.25154123197283
22.379902304651992
22.508884946784736
22.638505064606406
22.768779233247134
22.899724737799016
23.031359617713893
23.163702714870325
23.296773725689913
23.430593257730752
23.565182891240717
23.70056524621613
23.836764055584133
23.97380424521139
24.111712021539354
24.250514967760413
24.390242149582104
24.53092423178272
24.67259360694517
24.8152845379727
24.959033316247194
25.103878437596528
25.24986079860335
25.397023916226626
25.545414174237116
25.695081100610196
25.846077680802118
25.998460712795037
26.152291210978234
26.307634867399187
26.464562580748318
26.623151065741705
26.783483558479393
26.945650637075097
27.10975118163936
27.275893503914748
27.444196685015232
27.614792170528812
27.787825686728986
27.96345956130077
28.141875559027227
28.323278380621485
28.507900026412447
28.696005303857092
28.88789887159849
29.08393438394423
29.284526563577444
29.490167448776962
29.70144874620333
29.919093382453344
30.14400140534423
30.3773192166914
30.620548692337906
30.87572886746964
31.145760531128285
31.43504346089499
31.75090621531614
32.10755444447495
32.54212094787959