0.05984259440372084
0.17952902739196425
0.29921919325892277
0.41891558171170507
0.5386206841402964
0.6583369942925678
0.7780670089511488
0.8978132286126986
1.0175781581701187
1.1373643075982518
1.2571741926436166
1.3770103355187409
1.4968752656016506
1.6167715201410957
1.736701644968089
1.8566681952143547
1.9766737360382884
2.0967208433590447
2.2168121045993834
2.3369501194379168
2.457137500571413
2.577376874487844
2.6976708822508564
2.818022180296387
2.938433441242161
3.058907354710815
3.1794466281674394
3.300053987772331
3.4207321792498
3.5414839687738753
3.662312143871811
3.7832195143463045
3.9042089132173925
4.025283197685
4.146445250113187
4.267697979037151
4.389044320194105
4.5104872375791825
4.6320297245275786
4.753674804824181
4.875425533842006
4.997284999710808
5.119256324517276
5.241342665538339
5.363547216509106
5.485873208927112
5.608323913394545
5.730902641000274
5.853612744743534
5.9764576210012565
6.099440711041098
6.222565502582349
6.345835531406994
6.469254383023325
6.59282569438463
6.71655315566561
6.840440512099314
6.964491565877545
7.088710178117826
7.2131002709002185
7.337665829377419
7.462410903961814
7.587339612593317
7.712456143092073
7.837764755600345
7.963269785118116
8.088975644137266
8.214886825379413
8.341007904642847
8.46734354376431
8.593898493701726
8.720677597744366
8.847685794857329
8.97492812316766
9.102409723599933
9.230135843669567
9.3581118414427
9.486343189672125
9.614835480119261
9.743594428072942
9.8726258770765
10.001935803875382
10.131530323598456
10.261415695187033
10.391598327086665
10.522084783217894
10.65288178924323
10.783996239149023
10.915435202162195
11.047205930023392
11.179315864639689
11.311772646141893
11.444584121373325
11.577758352839219
11.71130362814816
11.845228469979611
11.979541646614294
12.114252183067428
12.249369372868111
12.384902790531891
12.520862304777733
12.657258092545073
12.79410065387168
12.931400827698612
13.0691698086746
13.207419165039116
13.346160857670823
13.48540726039653
13.625171181665198
13.765465887701817
13.906305127267798
14.047703158167463
14.189674775654852
14.33223534291156
14.475400823784723
14.619187817995197
14.763613599049473
14.90869615511558
15.054454233153482
15.20090738662488
15.348076027146526
15.495981480496022
15.644646047430324
15.794093069836109
15.944347002798992
16.095433493256866
16.24737946599327
16.40021321783195
16.55396452101638
16.70866473690119
16.86434694125058
17.0210460626362
17.17879903566067
17.337644971009404
17.49762534466302
17.65878420899637
17.821168428963084
17.984827947135276
18.149816082059594
18.31618986523404
18.48401042304322
18.653343411263126
18.82425951132626
18.99683499950958
19.171152402686715
19.347301257424764
19.525378993213117
19.705491965769394
19.887756673067642
20.072301195521856
20.259266913406357
20.448810570210487
20.641106771818983
20.836351040561507
21.03476358386374
21.23659399494377
21.442127186313563
21.65169097950934
21.86566595906234
22.08449848339413
22.308718196694024
22.538962124528133
22.776008689669066
23.020827204758714
23.27465253183444
23.539102771768196
23.81637524562781
24.109596682347807
24.423510805061728
24.766021357326238
25.152453872763726
25.622883438611336