0.025723122762365384
0.07716938654450206
0.12861570509902492
0.18006211494141966
0.23150865258801429
0.28295535455631604
0.33440225736534857
0.3858493975359887
0.4372968115913038
0.48874453605688856
0.5401926074612028
0.591641062335908
0.6430899372162053
0.6945392686411728
0.7459890931541028
0.79743944730284
0.8488903676401189
0.900341890723902
0.9517940531177179
1.0032468913909993
1.0547004421194215
1.106154741885241
1.1576098272776345
1.209065734893037
1.260522501335482
1.3119801632169399
1.3634387571576583
1.4148983197865015
1.4663588877412894
1.5178204976691403
1.5692831862268084
1.6207469900810267
1.6722119459088474
1.7236780903979827
1.775145460247147
1.8266140921663985
1.8780840228774813
1.9295552891141685
1.9810279276226042
2.0325019751616473
2.0839774685032144
2.1354544444326247
2.1869329397489423
2.2384129912653243
2.289894635809361
2.341377910223426
2.392862851365018
2.4443494961071104
2.495837881338495
2.5473280439641313
2.5988200209054924
2.6503138491009133
2.7018095655059406
2.7533072070936795
2.8048068108551445
2.8563084137996073
2.9078120529549505
2.9593177653680147
3.010825588104952
3.062335558251578
3.1138477129137225
3.1653620892175853
3.2168787243100856
3.2683976553592204
3.3199189195544165
3.371442554106886
3.422968596249984
3.4744970832395623
3.526028052354328
3.577561540896202
3.6290975861906745
3.6806362255871674
3.7321774964593915
3.7837214362057083
3.83526808224949
3.8868174720394815
3.9383696430501627
3.9899246327821114
4.041482478762368
4.093043218544799
4.144606889710462
4.196173529867975
4.247743176653877
4.299315867733002
4.350891640798841
4.40247053357392
4.45405258381016
4.505637829289254
4.557226307823037
4.60881805725386
4.660413115454957
4.712011520330828
4.763613309817609
4.815218521883449
4.866827194528884
4.91843936578722
4.97005507372491
5.0216743564419275
5.073297252072155
5.124923798783764
5.176554034779593
5.228187998297534
5.279825727610916
5.331467261028894
5.383112636896828
5.434761893596677
5.486415069547385
5.538072203205268
5.589733333064412
5.641398497657054
5.693067735553984
5.744741085364934
5.796418585738971
5.848100275364903
5.8997861929716615
5.951476377328711
6.003170867246445
6.054869701576585
6.106572919212583
6.158280559090029
6.209992660187045
6.261709261524701
6.313430402167418
6.365156121223371
6.416886457844904
6.468621451228941
6.520361140617393
6.572105565297572
6.62385476460261
6.675608777911869
6.727367644651359
6.77913140429416
6.830900096360838
6.882673760419867
6.934452436088051
6.9862361630309495
7.038024980963301
7.089818929649451
7.141618048903779
7.193422378591127
7.245231958627237
7.297046828979172
7.348867029665763
7.400692600758037
7.452523582379653
7.504360014707346
7.556201937971362
7.6080493924559045
7.659902418499577
7.711761056495825
7.763625346893384
7.815495330196729
7.867371046966525
7.9192525378200775
7.971139843431783
8.023033004533591
8.074932061915455
8.126837056425789
8.178748028971937
8.230665020520625
8.282588072098434
8.334517224792258
8.38645251974977
8.438393998179905
8.490341701353312
8.542295670602842
8.594255947324013
8.6462225729755
8.698195589079596
8.750175037222702
8.802160959055813
8.854153396294997
8.906152390721882
8.958157984184146
9.01017021859601
9.06218913593872
9.114214778261058
9.166247187679826
9.218286406380349
9.270332476616975
9.322385440713584
9.37444534106408
9.426512220132915
9.478586120455583
9.530667084639147
9.582755155362737
9.63485037537808
9.686952787510013
9.739062434656997
9.791179359791657
9.843303605961292
9.89543521628841
9.947574233971256
9.999720702284346
10.051874664579
10.104036164283883
10.156205244905543
10.20838195002895
10.260566323318049
10.312758408516299
10.364958249447227
10.417165890014983
10.469381374204888
10.521604746084
10.573836049801669
10.6260753295901
10.67832262976492
10.730577994725751
10.782841468956773
10.835113097027302
10.887392923592365
10.939680993393285
10.991977351258253
11.044282042102923
11.096595110930997
11.148916602834811
11.201246562995935
11.253585036685768
11.305932069266134
11.358287706189893
11.410651993001537
11.463024975337802
11.515406698928286
11.567797209596057
11.62019655325827
11.672604775926795
11.725021923708834
11.777448042807556
11.829883179522723
11.882327380251319
11.9347806914882
11.987243159826729
12.039714831959412
12.092195754678555
12.144685974876916
12.197185539548348
12.249694495788471
12.302212890795323
12.354740771870024
12.407278186417452
12.459825181946911
12.512381806072806
12.564948106515317
12.617524131101094
12.67010992776393
12.722705544545459
12.775311029595851
12.827926431174506
12.880551797650753
12.933187177504559
12.985832619327244
13.038488171822182
13.091153883805529
13.143829804206932
13.196515982070274
13.249212466554381
13.301919306933767
13.354636552599375
13.40736425305931
13.460102457939588
13.512851216984888
13.565610580059309
13.618380597147114
13.671161318353516
13.723952793905426
13.776755074152236
13.829568209566592
13.882392250745168
13.93522724840947
13.988073253406602
14.04093031671008
14.093798489420621
14.146677822766952
14.199568368106616
14.252470176926785
14.305383300845083
14.3583077916104
14.411243701103732
14.464191081339008
14.517149984463922
14.570120462760787
14.623102568647381
14.676096354677794
14.729101873543291
14.782119178073177
14.835148321235664
14.888189356138742
14.941242336031069
14.99430731430284
15.0473843444867
15.100473480258612
15.153574775438788
15.20668828399257
15.259814060031362
15.312952157813534
15.366102631745365
15.419265536381948
15.472440926428149
15.525628856739534
15.578829382323326
15.632042558339348
15.685268440101
15.738507083076204
15.791758542888392
15.845022875317477
15.898300136300843
15.951590381934329
16.004893668473226
16.058210052333298
16.11153959009176
16.16488233848833
16.218238354426227
16.27160769497321
16.32499041736262
16.37838657899442
16.43179623743623
16.48521945042442
16.538656275865137
16.592106771835397
16.645570996584162
16.699049008533418
16.752540866279276
16.806046628593066
16.85956635442246
16.91310010289255
16.966647933307023
17.020209905149244
17.073786078083426
17.127376511955756
17.18098126679556
17.23460040281645
17.28823398041752
17.341882060184492
17.395544702890916
17.44922196949937
17.502913921162644
17.55662061922497
17.610342125223223
17.664078500888156
17.717829808145638
17.77159610911789
17.825377466124742
17.879173941684897
17.932985598517185
17.986812499541873
18.040654707881924
18.09451228686431
18.148385300021303
18.202273811091818
18.256177884022705
18.310097582970112
18.364032972300812
18.41798411659356
18.47195108064045
18.52593392944832
18.579932728240085
18.633947542456163
18.687978437755884
18.742025480018878
18.796088735346505
18.850168270063314
18.904264150718454
18.95837644408715
19.01250521717216
19.06665053720525
19.12081247164869
19.174991088196755
19.229186454777214
19.283398639552864
19.33762771092308
19.39187373752532
19.446136788236707
19.5004169321756
19.55471423870314
19.60902877742489
19.663360618192378
19.717709831104766
19.77207648651045
19.826460655008688
19.88086240745128
19.935281814944208
19.989718948849337
20.044173880786072
20.09864668263309
20.153137426530034
20.207646184879263
20.26217303034758
20.31671803586799
20.371281274641465
20.42586282013874
20.480462746102095
20.535081126547183
20.589718035764832
20.644373548322914
20.69904773906817
20.753740683128093
20.808452455912818
20.863183133117005
20.917932790721757
20.972701504996557
21.027489352501206
21.082296410087775
21.137122754902595
21.191968464388232
21.24683361628551
21.301718288635524
21.356622559781673
21.411546508371735
21.466490213359922
21.521453754008977
21.576437209892283
21.631440660895983
21.686464187221112
21.741507869385778
21.79657178822731
21.851656024904482
21.9067606608997
21.961885778021244
22.017031458405516
22.07219778451931
22.127384839162094
22.182592705468316
22.237821466909732
22.29307120729775
22.348342010785792
22.403633961871677
22.45894714540003
22.514281646564697
22.569637550911207
22.625014944339217
22.680413913105014
22.735834543824016
22.791276923473305
22.846741139394172
22.902227279294692
22.95773543125233
23.013265683716543
23.06881812551142
23.124392845838365
23.17998993427876
23.23560948079668
23.29125157574164
23.34691630985133
23.402603774254416
23.458314060473338
23.514047260427123
23.569803466434273
23.625582771215615
23.681385267897237
23.737211050013386
23.793060211509445
23.848932846744923
23.904829050496446
23.960748917960814
24.016692544758047
24.072660026934503
24.128651460965973
24.184666943760835
24.240706572663253
24.296770445456346
24.352858660365456
24.408971316061404
24.465108511663765
24.521270346744217
24.57745692132989
24.633668335906744
24.689904691422996
24.746166089292554
24.802452631398527
24.8587644200967
24.915101558219114
24.971464149077622
25.02785229646752
25.084266104671165
25.140705678461693
25.19717112310671
25.25366254437204
25.31018004852553
25.366723742340856
25.423293733101374
25.479890128604048
25.536513037163342
25.593162567615217
25.649838829321126
25.706541932172065
25.76327198659266
25.820029103545284
25.876813394534228
25.933624971609913
25.99046394737311
26.047330434979273
26.10422454814281
26.16114640114151
26.21809610882092
26.275073786598824
26.33207955046974
26.389113517009452
26.44617580337963
26.50326652733245
26.560385807215273
26.617533761975388
26.674710511164786
26.731916174944985
26.7891508740919
26.846414730000774
26.903707864691157
26.961030400811904
27.018382461646283
27.075764171117076
27.13317565379178
27.19061703488781
27.248088440277815
27.305589996495
27.36312183073853
27.420684070878966
27.47827684546379
27.53590028372296
27.593554515574542
27.651239671630375
27.708955883201817
27.766703282305564
27.824482001669487
27.882292174738563
27.940133935680876
27.99800741939364
28.05591276150934
28.113850098401894
28.171819567192898
28.229821305757955
28.28785545273303
28.345922147520916
28.40402153029775
28.46215374201959
28.52031892442909
28.578517220062228
28.636748772255093
28.695013725150798
28.753312223706402
28.81164441369997
28.870010441737666
28.928410455260934
28.98684460255379
29.045313032750148
29.10381589584125
29.162353342683193
29.220925525004514
29.279532595413876
29.338174707407827
29.396852015378673
29.455564674622412
29.514312841346758
29.57309667267928
29.631916326675633
29.690771962327837
29.749663739572707
29.808591819300357
29.867556363362795
29.926557534582617
29.98559549676183
30.044670414690742
30.103782454156963
30.162931781954544
30.222118565893165
30.281342974807483
30.340605178566562
30.399905348083436
30.459243655324748
30.51862027332054
30.578035376174146
30.63748913907221
30.696981738294795
30.756513351225664
30.816084156362635
30.87569433332809
30.93534406287961
30.99503352692071
31.054762908511762
31.114532391880978
31.1743421624356
31.23419240677317
31.294083312692983
31.35401506920763
31.41398786655475
31.474001896208858
31.53405735089339
31.594154424592837
31.65429331256506
31.714474211353767
31.774697318801135
31.834962834060587
31.89527095760974
31.955621891263526
32.01601583818745
32.076453002911045
32.13693359134151
32.197457810777465
32.25802586992296
32.31863797890163
32.379294349270985
32.439995194037
32.50074072766877
32.56153116611346
32.62236672681137
32.683247628711285
32.74417409228592
32.805146339547655
32.866164594064486
32.927229080976105
32.98834002701026
33.04949766049934
33.11070221139715
33.17195391129591
33.233252993443536
33.29459969276109
33.35599424586052
33.4174368910626
33.47892786841517
33.54046741971155
33.60205578850928
33.663693220149106
33.72537996177419
33.78711626234961
33.84890237268217
33.91073854544043
33.97262503517505
34.034562098339386
34.096549993310475
34.15858898041019
34.220679321926745
34.28282128213659
34.34501512732649
34.40726112581599
34.46955954798022
34.531910666272985
34.59431475525021
34.65677209159375
34.71928295413553
34.78184762388201
34.844466384039066
34.907139520037205
34.96986731955717
35.0326500725559
35.09548807129293
35.158381610357104
35.2213309866938
35.284336499632474
35.347398450914646
35.410517144722355
35.47369288770697
35.53692598901852
35.60021676033545
35.66356551589478
35.72697257252284
35.79043824966636
35.85396286942416
35.91754675657925
35.981190238631484
36.044893645830705
36.108657311210415
36.172481570622
36.236366762769485
36.300313229244836
36.36432131456385
36.42839136620261
36.49252373463455
36.55671877336807
36.620976838984824
36.68529829117862
36.74968349279492
36.814132809871055
36.878646611677034
36.94322527075711
37.00786916297194
37.072578667541585
37.13735416708907
37.20219604768484
37.26710469889185
37.33208051381147
37.397123889130185
37.46223522516707
37.52741492592209
37.59266339912522
37.65798105628649
37.72336831274674
37.788825587729505
37.85435330439353
37.91995188988645
37.985621775399274
38.05136339622192
38.117177191799684
38.18306360579072
38.249023086124645
38.315056085062054
38.38116305925525
38.44734446981001
38.51360078234849
38.57993246707329
38.646339998832715
38.712823857187225
38.77938452647712
38.846022495891525
38.912738259538585
38.979532316517115
39.04640517098947
39.11335733225592
39.180389314830315
39.24750163851734
39.31469482849115
39.38196941537559
39.449325935325945
39.51676493011228
39.58428694720446
39.651892539858785
39.71958226720636
39.78735669434327
39.85521639242247
39.92316193874759
39.99119391686859
40.05931291667938
40.127519534517404
40.195814373265264
40.26419804245444
40.33267115837115
40.40123434416439
40.46988822995625
40.538633452954485
40.60747065756756
40.676400495522
40.74542362598231
40.814540715673445
40.88375243900589
40.953059478203436
41.02246252343377
41.09196227294179
41.16155943318603
41.231254718977866
41.30104885362397
41.37094256907183
41.44093660605858
41.51103171426311
41.581228652461675
41.65152818868699
41.72193110039093
41.792438174611036
41.86305020814079
41.93376800770383
42.0045923901323
42.07552418254927
42.14656422255555
42.2177133584208
42.28897244927938
42.36034236533064
42.431823988044265
42.50341821037042
42.57512593695508
42.646948084360645
42.71888558129191
42.790939368827694
42.863110400658215
42.93539964332839
43.00780807648725
43.080336693143735
43.15298649992892
43.225758517364994
43.2986537801412
43.37167333739687
43.444818253011896
43.51808960590477
43.59148849033853
43.66501601623481
43.73867330949631
43.81246151233789
43.88638178362664
43.9604352992312
44.03462325238071
44.10894685403354
44.183407333256355
44.258005937613675
44.33274393356848
44.40762260689402
44.48264326309751
44.55780722785576
44.63311584746361
44.70857048929513
44.78417254227854
44.85992341738494
44.93582454813159
45.011877391100214
45.08808342647082
45.16444415857173
45.24096111644635
45.317635854437256
45.394469952788434
45.471465018266194
45.548622684799525
45.62594461414073
45.703432496547
45.781088051483884
45.85891302835139
45.936909207233725
46.01507839967363
46.09342244947221
46.17194323351538
46.250642662628046
46.32952268245708
46.40858527438437
46.48783245647122
46.56726628443534
46.646888852662
46.726702295250576
46.80670878709828
46.88691054502252
46.96730982892376
47.0479089429905
47.128710236948486
47.20971610735595
47.2909289989472
47.37235140602655
47.453985873915244
47.53583500045349
47.61790143756062
47.7001878928558
47.78269713134249
47.86543197715957
47.94839531540249
48.031590094018014
48.115019325775975
48.19868609032228
48.28259353631703
48.36674488366231
48.45114342582423
48.53579253225425
48.62069565091497
48.705856310916054
48.79127812526626
48.87696479374782
48.96292010592011
49.04914794425972
49.1356522874446
49.222437213790556
49.30950690484899
49.39686564917499
49.48451784627617
49.57246801075271
49.6607207766404
49.74928090196886
49.83815327354831
49.9273429119991
50.01685497703941
50.106694773047465
50.1968677549162
50.28737953421934
50.37823588570963
50.469442754171524
50.56100626165234
50.65293271509793
50.745228614421194
50.83790066103381
50.93095576687457
51.02440106397015
51.11824391456765
51.2124919218814
51.30715294150069
51.40223509350888
51.49774677536958
51.59369667564018
51.6900937885794
51.78694742972131
51.88426725249604
51.9820632659848
52.08034585390622
52.17912579494054
52.27841428450971
52.37822295814383
52.47856391657845
52.579449752743265
52.680893580820644
52.782909067572845
52.88551046615981
52.98871265269563
53.09253116582193
53.19698224961023
53.30208290014473
53.40785091618193
53.51430495433485
53.621464589289836
53.729350379632464
53.837983939939676
53.94738801988854
54.05758659124114
54.168604943693076
54.280469790723764
54.393209386764134
54.506853657208524
54.62143434304789
54.73698516220178
54.85354198998601
54.971143061587526
55.089829199944255
55.20964407306911
55.33063448564336
55.45285071067343
55.57634686820603
55.70118135959622
55.82741736770743
55.95512343580845
56.08437414097789
56.215250881746016
56.34784280479433
56.482247902208954
56.618574319631485
56.75694192750945
56.89748422374074
57.04035065813666
57.185709500012024
57.333751414006
57.484693972452796
57.63878742567413
57.79632219156747
57.957638741734954
58.12314090361427
58.29331415801185
58.46875146159915
58.6501908061246
58.83857185732004
59.03512520648862
59.24152094220433
59.46013402406918
59.69456513137392
59.95080901559439
60.24047996303727
60.59391940598617