0.04245395843054262
0.1273620988618835
0.2122709100192973
0.2971808391045226
0.3820923333958435
0.46700584027872927
0.5519218072764954
0.6368406820809925
0.721762912583328
0.8066889469046287
0.8916192334268487
0.9765542208236302
1.061494358091222
1.1464400945794628
1.2313918800228363
1.3163501645716018
1.4013153988230105
1.4862880338526097
1.5712685212456445
1.6562573131285623
1.7412548622006254
1.8262616217656402
1.9112780457638088
1.996304588803709
2.0813417061944097
2.166389853977729
2.251449488960642
2.336521068747842
2.4216050517744687
2.5067018973390014
2.5918120656363324
2.6769360177910237
2.762074215890752
2.847227123019958
2.932395203293695
3.0175789218916944
3.102778745092651
3.1879951403087365
3.2732285761203506
3.3584795223111112
3.4437484499031035
3.5290358311923815
3.614342139784743
3.6996678506317795
3.785013440067207
3.8703793858434956
3.9557661671687963
4.041174264744178
4.126604160801192
4.21205633913975
4.29753128516635
4.3830294859326555
4.468551430174408
4.554097608350731
4.639668512683793
4.725264637198862
4.8108864777647575
4.896534532134704
4.982209299987604
5.067911282969738
5.1536409847369
5.2393989109969885
5.325185569553051
5.411001470346804
5.496847125502635
5.582723049372102
5.668629758578941
5.754567772064594
5.840537611134265
5.926539799503528
6.012574863345492
6.098643331338536
6.184745734714637
6.270882607308289
6.357054485606044
6.4432619087966785
6.529505418822007
6.615785560428351
6.7021028812186865
6.78845793170548
6.874851265364237
6.9612834386877624
7.047755011241178
7.134266545717687
7.220818607995114
7.307411767193248
7.394046595731991
7.4807236693903425
7.567443567366231
7.654206872337225
7.741014170522125
7.827866051743477
7.9147631094910205
8.001705940986085
8.088695147246973
8.17573133315534
8.262815107523604
8.3499470831634
8.437127876955113
8.524358109918508
8.611638407284483
8.698969398567986
8.786351717642095
8.87378600281332
8.961272896898137
9.048813047300783
9.136407106092358
9.224055730091246
9.311759580944898
9.399519325213006
9.487335634452117
9.57520918530168
9.663140659571614
9.7511307443314
9.839180132000738
9.927289520441823
10.015459613053252
10.103691118865646
10.191984752638975
10.280341234961673
10.368761292351563
10.457245657358648
10.545795068669813
10.634410271215478
10.72309201627826
10.811841061603703
10.90065817151309
10.989544117018458
11.078499675939792
11.167525633024528
11.256622780069359
11.345791916044465
11.43503384722018
11.524349387296184
11.613739357533294
11.703204586887887
11.79274591214907
11.88236417807863
11.97206023755387
12.061834951713388
12.151689190105866
12.241623830842004
12.331639760749614
12.421737875532008
12.511919079929754
12.602184287885903
12.692534422714745
12.78297041727426
12.873493214142293
12.964103765796613
13.054803034798933
13.14559199398301
13.236471626646955
13.327442926749859
13.418506899112849
13.509664559624731
13.600916935452322
13.692265065255626
13.783709999407998
13.875252800221412
13.96689454217704
14.058636312161228
14.150479209707104
14.242424347241922
14.334472850340362
14.426625857983934
14.518884522826706
14.611250011467504
14.703723504728831
14.796306197942682
14.88899930124348
14.98180403986835
15.074721654464986
15.167753401407305
15.260900553119185
15.354164398406525
15.447546242797879
15.541047408893974
15.634669236726381
15.728413084125647
15.82228032709918
15.91627236021927
16.010390597021495
16.104636470413933
16.199011433097528
16.293516957997983
16.388154538709543
16.482925689951156
16.577831948035364
16.67287487135041
16.76805604085602
16.86337706059333
16.95883955820946
17.054445185497297
17.150195618950995
17.246092560337754
17.342137737286535
17.43833290389426
17.534679841350187
17.63118035857914
17.727836292904293
17.824649510730218
17.92162190824703
18.018755412156395
18.116051980420245
18.213513603033107
18.311142302818958
18.408940136253566
18.506909194313373
18.605051603351885
18.70336952600483
18.8018651621251
18.900540749748806
18.999398566093678
19.098440928591177
19.197670195953727
19.297088769278535
19.396699093189607
19.496503657019545
19.596504996032863
19.696705692692667
19.79710837797257
19.897715732715845
19.998530489043976
20.099555431816782
20.200793400146484
20.302247288968207
20.403920050669495
20.50581469678161
20.60793429973553
20.710281994685715
20.8128609814049
20.9156745262533
21.01872596422595
21.122018701081934
21.225556215559646
21.32934206168235
21.43337987115865
21.537673355882685
21.642226310539236
21.7470426153192
21.852126238751207
21.957481240655635
22.063111775227494
22.16902209425524
22.275216550482973
22.381699601123884
22.488475811533487
22.595549859051637
22.70292653702298
22.810610759006114
22.91860756318256
23.026922116977218
23.135559721903004
23.244525818643226
23.353825992386092
23.463465978427077
23.573451668055718
23.68378911474494
23.7944845406622
23.905544343523296
24.016975103811273
24.128783592384686
24.240976778501317
24.353561838285675
24.466546163670778
24.579937371847354
24.693743315256384
24.807972092163837
24.92263205785996
25.037731836529076
25.153280333839977
25.269286750311437
25.385760595512416
25.502711703162003
25.620150247200197
25.738086758907507
25.856532145158816
25.975497707905348
26.094995164987978
26.215036672395595
26.33563484809382
26.456802797562723
26.578554141196687
26.700903043736396
26.823864245921396
26.947453098573053
27.071685599341492
27.196578432377294
27.32214901121966
27.448415525227876
27.57539698992306
27.70311330165333
27.831585297048214
27.960834817789056
28.090884781292353
28.221759257984164
28.353483555938254
28.486084313760355
28.61958960272952
28.75402903935799
28.889433909708252
29.025837307015088
29.163274284408523
29.30178202482873
29.441400030576897
29.582170335369813
29.72413774227706
29.86735009153953
30.0118585630232
30.15771801898747
30.30498739398836
30.453730140151062
30.604014737812616
30.755915283754604
30.909512172056807
31.0648928861898
31.222152925581977
31.381396895893715
31.542739800097248
31.706308577885643
31.872243954909127
32.04070268230131
32.211860273041076
32.38591437809804
32.563088996935235
32.743639791466464
32.92786088227372
33.11609367096462
33.308738487102765
33.506270261717425
33.709260089792195
33.918405664856714
34.13457555315924
34.35887596892866
34.592756015571474
34.8381829032623
35.09795497073492
35.37631616427894
35.68033468524911
36.02370980671776
36.44224557849677