0.027991975784559524
0.0839759552141552
0.13996001822554122
0.1959442205411128
0.25192861788506765
0.30791326598412705
0.36389822056825716
0.41988353737139006
0.4758692721321456
0.5318554805945526
0.5878422185087712
0.6438295416318143
0.6998175057282706
0.7558061665710267
0.8117955799419904
0.8677858016328134
0.9237768874456156
0.9797688931937089
1.0357618747023214
1.0917558878093228
1.1477509883659494
1.20374723223753
1.2597446753042127
1.3157433734616915
1.371743382621934
1.4277447587139096
1.4837475576843187
1.539751835498321
1.5957576481402678
1.6517650516144304
1.7077741019457344
1.7637848551804898
1.8197973673871262
1.8758116946569252
1.931827893104757
1.9878460188698155
2.0438661281163553
2.0998882770344283
2.155912521840625
2.2119389187788125
2.2679675241208748
2.3239983941674556
2.3800315852487017
2.4360671537250065
2.4921051559877543
2.548145648460069
2.60418868759756
2.66023432988907
2.7162826318574287
2.7723336500602014
2.828387441090442
2.884444061577449
2.940503568187518
2.9965660176247026
3.052631466631569
3.108699971989957
3.1647715905217435
3.2208463790896027
3.276924394597772
3.3330056939928174
3.3890903342644028
3.445178372446056
3.501269865615945
3.557364870897644
3.6134634454609147
3.6695656465224795
3.725671531346798
3.78178115724685
3.8378945815849166
3.8940118617733632
3.950133055275426
4.006258219605999
4.062387412332424
4.118520691075284
4.174658113509194
4.2307997373636
4.286945620423574
4.343095820530617
4.399250395583461
4.455409403538873
4.511572902412461
4.567740950279487
4.623913605275672
4.680090925598019
4.736272969505623
4.792459795320489
4.848651461428359
4.904848026279532
4.96104954838969
5.017256086340731
5.073467698781594
5.129684444429102
5.185906382068789
5.24213357055575
5.298366068815474
5.354603935844696
5.4108472307122435
5.467096012559885
5.523350340603187
5.57961027413237
5.635875872513165
5.692147195187684
5.7484243016752785
5.804707251573413
5.8609961045585335
5.917290920386947
5.973591758895698
6.029898680003449
6.086211743711371
6.142531010104023
6.198856539350254
6.255188391704091
6.31152662750564
6.367871307181991
6.42422249124812
6.480580240307799
6.536944615054511
6.593315676272368
6.649693484837026
6.706078101716613
6.762469587972657
6.818868004761018
6.875273413332824
6.931685875035408
6.988105451313253
7.044532203708942
7.100966193864108
7.157407483520391
7.213856134520394
7.270312208808652
7.326775768432599
7.383246875543541
7.439725592397633
7.49621198135686
7.552706104890023
7.609208025573731
7.6657178060933955
7.722235509244229
7.77876119793225
7.835294935175295
7.891836784104025
7.948386807962952
8.004945070111457
8.061511634024823
8.118086563295263
8.174669921632962
8.231261772867118
8.287862180946995
8.344471209942968
8.401088924047592
8.457715387576659
8.514350664970271
8.570994820793914
8.627647919739534
8.684310026626633
8.740981206403347
8.797661524147555
8.854351045067979
8.911049834505285
8.9677579579332
9.024475480959644
9.081202469327838
9.13793898891745
9.194685105745723
9.251440885968625
9.308206395882
9.364981701922716
9.421766870669844
9.478561968845806
9.535367063317572
9.592182221097824
9.64900750934616
9.705842995370272
9.762688746627164
9.819544830724357
9.876411315421096
9.933288268629584
9.990175758416196
10.047073853002738
10.103982620767667
10.160902130247361
10.217832450137363
10.274773649293653
10.331725796733922
10.388688961638845
10.445663213353379
10.502648621388047
10.559645255420255
10.61665318529559
10.673672481029142
10.730703212806835
10.787745450986762
10.844799266100521
10.901864728854571
10.958941910131594
11.016030880991854
11.073131712674584
11.130244476599358
11.1873692443675
11.244506087763472
11.30165507875629
11.358816289500949
11.415989792339836
11.473175659804188
11.530373964615528
11.587584779687118
11.644808178125432
11.702044233231621
11.759293018503016
11.816554607634599
11.873829074520522
11.931116493255615
11.98841693813691
12.045730483665182
12.103057204546472
12.160397175693669
12.217750472228053
12.275117169480877
12.332497342994952
12.389891068526243
12.447298422045476
12.504719479739752
12.562154318014182
12.61960301349352
12.677065643023818
12.734542283674083
12.792033012737958
12.849537907735401
12.907057046414385
12.964590506752605
13.022138366959197
13.079700705476473
13.137277600981665
13.194869132388682
13.25247537884988
13.31009641975784
13.367732334747167
13.425383203696295
13.48304910672931
13.540730124217776
13.598426336782593
13.656137825295845
13.713864670882684
13.771606954923206
13.829364759054362
13.887138165171866
13.944927255432123
14.002732112254181
14.060552818321671
14.1183894565848
14.176242110262322
14.234110862843538
14.291995798090323
14.34989700003915
14.407814553003139
14.465748541574111
14.523699050624682
14.581666165310336
14.639649971071549
14.697650553635905
14.755667999020245
14.813702393532818
14.871753823775459
14.92982237664578
14.987908139339373
15.046011199352046
15.104131644482052
15.16226956283236
15.220425042812927
15.278598173142996
15.336789042853404
15.394997741288925
15.45322435811061
15.511468983298158
15.569731707152307
15.628012620297241
15.686311813683009
15.744629378587982
15.80296540662131
15.861319989725404
15.919693220178454
15.978085190596945
16.036495993938203
16.09492572350296
16.15337447293796
16.211842336238536
16.270329407751273
16.32883578217664
16.38736155457167
16.445906820352658
16.504471675297875
16.563056215550322
16.62166053762047
16.680284738389076
16.73892891510998
16.797593165412934
16.856277587306472
16.914982279180784
16.973707339810634
17.032452868358277
17.091218964376438
17.150005727811266
17.208813259005368
17.267641658700832
17.32649102804228
17.385361468579976
17.444253082272912
17.50316597149197
17.56210023902309
17.621055988070438
17.680033322259668
17.739032345641153
17.798053162693268
17.857095878325698
17.91616059788278
17.975247427146876
18.034356472341766
18.093487840136078
18.15264163764675
18.211817972442518
18.271016952547438
18.33023868644445
18.38948328307895
18.448750851862414
18.508041502676058
18.567355345874514
18.62669249228955
18.68605305323382
18.745437140504666
18.80484486638792
18.864276343661782
18.923731685600696
18.983211005979285
19.042714419076326
19.102242039678742
19.161793983085648
19.22137036511243
19.280971302094862
19.34059691089325
19.400247308896652
19.45992261402709
19.519622944743837
19.579348420047733
19.639099159485532
19.698875283154315
19.75867691170592
19.818504166351435
19.878357168865715
19.93823604159197
19.99814090744636
20.05807188992267
20.11802911309701
20.178012701632564
20.238022780784412
20.298059476404333
20.358122914945742
20.4182132234686
20.47833052964443
20.538474961761338
20.59864664872911
20.65884572008437
20.719072305995738
20.77932653726911
20.839608545352945
20.899918462343607
20.96025642099078
21.020622554702936
21.081016997552826
21.141439884283088
21.201891350311847
21.262371531738417
21.322880565349042
21.383418588622703
21.44398573973699
21.504582157574013
21.565207981726402
21.62586335250335
21.68654841093673
21.747263298787274
21.808008158550805
21.868783133464564
21.929588367513567
21.99042400543705
22.051290192734985
22.112187075674658
22.17311480129732
22.234073517424903
22.295063372666817
22.356084516426815
22.417137098909937
22.478221271129524
22.539337184914306
22.600484992915572
22.661664848614418
22.722876906329084
22.784121321222333
22.84539824930897
22.906707847463398
22.96805027342726
23.029425685817202
23.09083424413269
23.15227610876391
23.21375144099979
23.275260403036064
23.336803157983482
23.398379869876063
23.45999070367947
23.521635825299473
23.583315401590504
23.645029600364314
23.706778590398724
23.768562541446492
23.830381624244254
23.892236010521586
23.954125873010188
24.016051385453125
24.078012722614233
24.14001006028758
24.202043575307094
24.264113445556248
24.3262198499779
24.388362968584232
24.450542982466807
24.51276007380674
24.57501442588501
24.637306223092875
24.699635650942415
24.76200289607721
24.824408146283137
24.886851590499308
24.94933341882912
25.011853822551473
25.07441299413207
25.137011127234942
25.199648416734004
25.262325058724848
25.32504125053662
25.38779719074409
25.450593079179825
25.513429116946547
25.576305506429634
25.639222451309774
25.702180156575785
25.765178828537586
25.828218674839338
25.891299904472756
25.954422727790583
26.017587356520224
26.08079400377758
26.144042884081045
26.207334213365684
26.27066820899757
26.33404508978836
26.397465076010015
26.460928389409712
26.52443525322499
26.58798589219904
26.65158053259623
26.71521940221785
26.778902730418
26.842630748119767
26.906403687831542
26.970221783663636
27.03408527134503
27.097994388240423
27.161949373367463
27.225950467414233
27.289997912756967
27.354091953477997
27.41823283538397
27.48242080602428
27.546656114709787
27.61093901253176
27.6752697523811
27.73964858896785
27.80407577884091
27.86855158040811
27.93307625395649
27.997650061672918
28.06227326766497
28.1269461379821
28.191668940637136
28.25644194562806
28.321265424960103
28.38613965266815
28.45106490483948
28.516041459636842
28.581069597321815
28.646149600278573
28.711281753037934
28.77646634230182
28.841703656968008
28.90699398815531
28.972337629229084
29.03773487582712
29.103186025885947
29.168691379667475
29.23425123978611
29.299865911236193
29.365535701419905
29.431260920175593
29.497041879806492
29.562878895109925
29.628772283406906
29.694722364572232
29.760729461065022
29.82679389795972
29.8929160029776
29.959096106518736
30.02533454169448
30.09163164436046
30.157987753150074
30.22440320950853
30.29087835772742
30.35741354497982
30.42400912135602
30.490665439899704
30.557382856644853
30.624161730653118
30.69100242405189
30.75790530207292
30.824870733091625
30.89189908866698
30.95899074358213
31.026146075885602
31.093365466933253
31.1606493014309
31.22799796747763
31.295411856609892
31.362891363846273
31.43043688773307
31.498048830390612
31.565727597560375
31.63347359865291
31.70128724679657
31.769168958887104
31.83711915563808
31.90513826163221
31.973226705373538
32.041384919340565
32.10961334004029
32.17791240806324
32.246282568139385
32.314724269195175
32.38323796441147
32.45182411128259
32.52048317167641
32.58921561189549
32.6580219027394
32.726902519568114
32.79585794236658
32.86488865581049
32.933995149333235
33.00317791719416
33.07243745854798
33.141774277515644
33.21118888325637
33.28068179004118
33.35025351732768
33.41990458983641
33.48963553762858
33.55944689618525
33.629339206488126
33.69931301510187
33.76936887425803
33.839507341940575
33.90972898197314
33.980034364108
34.05042406411675
34.12089866388285
34.19145875149598
34.2621049213483
34.33283777423267
34.4036579174428
34.47456596487552
34.54556253713505
34.61664826163951
34.68782377272955
34.75908971177928
34.83044672730945
34.901895475103075
34.97343661832347
35.045070827634724
35.116798781324825
35.188621165431336
35.2605386738698
35.33255200856493
35.40466187958459
35.47686900527674
35.54917411240939
35.62157793631356
35.694081221029464
35.766684719455924
35.83938919350312
35.912195414248785
35.98510416209787
36.0581162269459
36.13123240834602
36.20445351567989
36.27778036833243
36.35121379587079
36.42475463822731
36.498403745886876
36.5721619800786
36.64603021297214
36.72000932787864
36.7941002194564
36.868303793921676
36.9426209692644
37.01705267546924
37.0915998547421
37.16626346174208
37.24104446381932
37.31594384125861
37.39096258752924
37.46610170954103
37.54136222790695
37.616745177212316
37.692251606290945
37.767882578508456
37.84363917205285
37.919522480232715
37.99553361178323
38.07167369118028
38.14794385896287
38.224345272064184
38.300879104151555
38.37754654597561
38.454348805728934
38.531287109414535
38.60836270122453
38.68557684392927
38.76293081927735
38.84042592840691
38.91806349226848
38.99584485205998
39.07377136967406
39.151844428158455
39.23006543218964
39.30843580856039
39.38695700668163
39.465630499099206
39.544457782026065
39.623440375890425
39.70257982590052
39.78187770262655
39.861335602600526
39.94095514893459
40.020737991958626
40.10068580987783
40.18080030945107
40.26108322669079
40.34153632758536
40.42216140884471
40.50296029867026
40.58393485755004
40.665086979080066
40.74641859081302
40.827931655135444
40.90962817017444
40.991510170735424
41.07357972927184
41.1558389568886
41.2382900043804
41.32093506330657
41.403776367103994
41.48681619223979
41.570056859405526
41.65350073475476
41.73715023118596
41.82100780967279
41.90507598064397
41.989357305414906
42.07385439767372
42.15856992502396
42.243506610586934
42.32866723466631
42.41405463647819
42.499671715949624
42.58552143558918
42.671606822432935
42.75793097006979
42.84449704075008
42.9313082675817
43.018367956818395
43.1056794902448
43.19324632766352
43.28107200948953
43.36916015945771
43.45751448744968
43.546138792446364
43.635036965613345
43.72421299352632
43.813670961544695
43.90341505734163
43.993449574599744
44.08377891688186
44.17440760168751
44.26534026470582
44.35658166427698
44.448136686074854
44.540010348024374
44.632207805468404
44.72473435659981
44.81759544817568
44.91079668153195
45.00434381891809
45.098242790173074
45.19249969976554
45.28712083422281
45.3821126699757
45.47748188164791
45.573235350821655
45.669380175313314
45.76592367899645
45.862873422212225
45.960237212811094
46.05802311787369
46.1562394761627
46.25489491136305
46.3539983461723
46.45355901730967
46.553586491518544
46.65409068264428
46.755081869878026
46.85657071726571
46.95856829459211
47.0610860997611
47.16413608280617
47.26773067167986
47.371882799986956
47.47660593684512
47.58191411907692
47.687821985961754
47.79434481680252
47.901498571592874
48.00929993510611
48.11776636476674
48.22691614271225
48.33676843250548
48.44734334101939
48.558661986087344
48.670746570594005
48.783620463778355
48.89730829063242
49.011836030410656
49.12723112542019
49.24352260144415
49.360741201367766
49.47891953383407
49.5980922390648
49.718296174351714
49.83957062217046
49.9619575244098
50.085501746868786
50.210251378982626
50.33625807473355
50.46357744193841
50.59226948864595
50.722399137314376
50.85403681989327
50.98725917006466
51.12214983292833
51.258800417649994
51.39731162545533
51.537794594449274
51.68037251493376
51.8251825854428
51.97237840246938
52.122132908613956
52.27464206891767
52.430129510144695
52.58885245346215
52.7511094149279
52.917250370175275
53.08769043158726
53.262928662048104
53.44357462643879
53.630387011912134
53.82433186799555
54.02667438317688
54.239131662984356
54.4641456229519
54.705418607428044
54.96911490314799
55.26717783624846
55.6308101590873