0.031767311164743815
0.09530198594156472
0.1588368180615111
0.2223719124237522
0.28590737393308613
0.3494433075021916
0.4129798180538805
0.47651701052335105
0.5400549898604416
0.6035938610318858
0.6671337290235676
0.7306746988427792
0.7942168755204793
0.8577603641135524
0.9213052697070708
0.9848516974165582
1.0483997523902542
1.1119495398113814
1.1755011649004163
1.2390547329173593
1.30261034916401
1.3661681189862436
1.4297281477762906
1.4932905409750206
1.556855404074225
1.62042284261891
1.6839929622095846
1.7475658685045592
1.8111416672222436
1.8747204641434505
1.9383023651137024
2.0018874760455434
2.065475902920853
2.1290677517931678
2.1926631287900045
2.256262140115189
2.319864892051192
2.3834714909614636
2.4470820432927827
2.510696655577602
2.574315434436403
2.6379384865800604
2.7015659188122028
2.765197838031587
2.828834351234477
2.8924755655170267
2.9561215880776706
3.019772526219522
3.083428487352774
3.1470895789971154
3.2107559087841433
3.2744275844597897
3.3381047138867554
3.4017874050469468
3.4654757660439257
3.529169905105363
3.592869930585504
3.6565759509676363
3.7202880748665734
3.7840064110311404
3.847731068346672
3.9114621558375178
3.975199782669558
4.038944058152727
4.102695091743546
4.166452993047667
4.2302178718224255
4.293989837979403
4.357769001586999
4.421555472873016
4.48534936222725
4.549150780204098
4.612959837525169
4.6767766450819135
4.740601313938261
4.804433955333263
4.868274680683762
4.932123601587055
4.9959808298235835
5.059846477359625
5.123720656350008
5.187603479140824
5.2514950582721704
5.315395506480892
5.379304936703344
5.443223462078159
5.507151195949047
5.5710882518675815
5.635034743596027
5.698990785110159
5.762956490602114
5.8269319744832435
5.890917351386989
5.9549127361717735
6.018918243923901
6.082933989960475
6.14696008983234
6.210996659327025
6.275043814471717
6.339101671536244
6.403170347036072
6.467249957735328
6.531340620649831
6.595442453050147
6.659555572464658
6.723680096682652
6.787816143757427
6.851963832009417
6.916123280029338
6.980294606681349
7.044477931106232
7.108673372724597
7.172881051240103
7.237101086642698
7.301333599211882
7.3655787095199905
7.429836538435495
7.494107207126332
7.5583908370632455
7.622687550023158
7.6869974680925575
7.751320713670915
7.815657409474115
7.880007678537916
7.94437164422143
8.008749430210633
8.073141160521887
8.137546959505501
8.2019669518493
8.26640126258224
8.33085001707802
8.395313341058754
8.459791360598638
8.524284202127657
8.588791992435322
8.65331485867443
8.717852928364843
8.782406329397315
8.846975190037321
8.911559638928939
8.976159805098739
9.040775817959723
9.105407807315276
9.170055903363156
9.234720236699516
9.299400938322945
9.364098139638559
9.428811972462105
9.49354256902411
9.558290061974049
9.623054584384565
9.68783626975571
9.752635252019209
9.817451665542778
9.882285645134479
9.947137326047075
10.012006843982467
10.076894335096137
10.141799936001629
10.206723783775084
10.271666015959793
10.336626770570799
10.401606186099535
10.466604401518499
10.53162155628597
10.596657790350761
10.661713244157022
10.726788058649069
10.791882375276257
10.856996335997922
10.922130083288314
10.987283760141626
11.05245751007703
11.117651477143774
11.182865805926324
11.24810064154954
11.313356129683912
11.378632416550829
11.443929648927911
11.509247974154373
11.574587540136447
11.639948495352849
11.7053309888603
11.770735170299096
11.836161189898718
11.901609198483513
11.967079347478421
12.03257178891474
12.098086675435967
12.163624160303675
12.229184397403465
12.294767541250954
12.36037374699783
12.426003170437967
12.491655968013589
12.557332296821503
12.62303231461939
12.688756179832145
12.754504051558296
12.820276089576474
12.886072454351954
12.951893307043244
13.017738809508767
13.083609124313579
13.149504414736173
13.215424844775342
13.28137057915712
13.347341783341772
13.41333862353089
13.479361266674518
13.545409880478378
13.611484633411166
13.677585694711915
13.743713234397434
13.809867423269832
13.876048432924106
13.942256435755827
14.008491604968881
14.074754114583314
14.141044139443249
14.20736185522488
14.273707438444562
14.340081066466986
14.40648291751342
14.472913170670076
14.53937200589653
14.605859604034245
14.672376146815203
14.7389218168706
14.805496797739664
14.872101273878537
14.93873543066929
15.005399454429012
15.072093532419007
15.138817852854089
15.205572604911987
15.27235797874285
15.33917416547885
15.406021357243914
15.472899747163538
15.539809529374732
15.606750899036077
15.673724052337876
15.740729186512443
15.807766499844496
15.87483619168168
15.941938462445199
16.009073513640576
16.07624154786855
16.143442768836053
16.210677381367404
16.27794559141553
16.345247606073386
16.41258363358549
16.479953883359613
16.547358565978545
16.6147978932121
16.68227207802916
16.74978133460996
16.817325878358425
16.88490592591474
16.95252169516803
17.02017340526919
17.087861276643874
17.155585531005677
17.22334639136942
17.29114408206466
17.358978828749297
17.426850858423435
17.494760399443333
17.56270768153557
17.630692935811407
17.69871639478126
17.766778292369455
17.83487886392906
17.903018346257
17.971196977609292
18.039414997716534
18.10767264779954
18.175970170585202
18.244307810322574
18.31268581279912
18.381104425357204
18.44956389691079
18.518064477962348
18.58660642062001
18.655189978614914
18.72381540731879
18.79248296376181
18.86119290665061
18.92994549638664
18.998740995084667
19.06757966659158
19.13646177650546
19.20538759219486
19.274357382818376
19.3433714193445
19.412429974571694
19.481533323148795
19.550681741595657
19.619875508324107
19.689114903659167
19.758400209860604
19.827731711144736
19.897109693706575
19.966534445742283
20.03600625747192
20.10552542116253
20.175092231151552
20.244706983870568
20.314369977869376
20.384081513840435
20.453841894643627
20.5236514253314
20.59351041317427
20.66341916768669
20.73337800065331
20.803387226155596
20.873447160598868
20.943558122739713
21.013720433713818
21.083934417064217
21.154200398769948
21.22451870727516
21.294889673518615
21.3653136309637
21.43579091562882
21.506321866118313
21.576906823653797
21.647546132106008
21.71824013802715
21.788989190683694
21.859793642089738
21.930653847040837
22.0015701631484
22.0725429508746
22.143572573567837
22.214659397498767
22.285803791896896
22.357006128987745
22.428266784030633
22.499586135357035
22.57096456440957
22.64240245578163
22.713900197257626
22.785458179853887
22.857076797860266
22.92875644888238
23.000497533884552
23.07230045723351
23.144165626742726
23.216093453717566
23.288084353001164
23.360138743021054
23.43225704583661
23.50443968718727
23.57668709654158
23.648999707147098
23.721377956081106
23.79382228430222
23.866333136702902
23.93891096216285
24.011556213603335
24.084269348042483
24.157050826651513
24.229901114811994
24.302820682174076
24.37581000271578
24.448869554803345
24.521999821252614
24.59520128939159
24.668474451124062
24.74181980299441
24.815237846253584
24.88872908692629
24.9622940358794
25.035933208891624
25.1096471267245
25.183436315194648
25.257301305247417
25.331242633031902
25.405260839977363
25.47935647287109
25.55353008393777
25.62778223092033
25.702113477162378
25.776524391692153
25.851015549308208
25.925587530666647
26.00024092237014
26.074976317058653
26.14979431350195
26.224695516693963
26.299680537949
26.374749994999902
26.44990451209814
26.525144720115957
26.60047125665055
26.675884766130405
26.75138589992376
26.82697531644935
26.90265368128937
26.978421667304836
27.054279954753333
27.130229231409206
27.206270192686308
27.282403541763316
27.35862998971173
27.434950255626585
27.51136506675999
27.58787515865751
27.66448127529754
27.74118416923369
27.817984601740285
27.894883342961077
27.971881172061234
28.048978877382716
28.126177256603107
28.203477116898018
28.280879275107157
28.358384557904174
28.435993801970344
28.51370785417228
28.591527571743715
28.66945382247147
28.74748748488581
28.825629448455217
28.903880613785752
28.982241892825144
29.060714209071755
29.13929849778849
29.21799570622193
29.296806793826697
29.37573273249533
29.454774506793765
29.5339331142026
29.613209565364365
29.692604884336905
29.772120108853144
29.851756290587364
29.93151449542825
30.011395803758866
30.09140131074383
30.17153212662388
30.25178937701808
30.332174203233915
30.41268776258551
30.49333122872028
30.57410579195422
30.655012659616204
30.73605305640149
30.817228224734844
30.898539425143515
30.979987936640462
31.061575057118105
31.143302103753065
31.225170413422152
31.307181343130093
31.389336270449327
31.471636593972345
31.55408373377701
31.63667913190527
31.71942425285582
31.802320584091134
31.88536963655946
31.968572945232278
32.051932069657795
32.13544859453107
32.21912413028143
32.30296031367774
32.38695880845229
32.47112130594395
32.55544952576135
32.63994521646683
32.72461015628205
32.80944615381599
32.89445504881633
32.979638712945054
33.06499905057928
33.150537999638395
33.236257532438415
33.322159656574854
33.40824641583515
33.49451989114197
33.580982201528535
33.66763550514758
33.75448200031511
33.84152392659056
33.928763565895025
34.016203243669
34.10384533007156
34.19169224122279
34.279746440491245
34.368010439828694
34.4564868011541
34.54517813778919
34.63408711594806
34.723216456283154
34.812568935490425
34.902147387976456
34.991954707590466
35.08199384942436
35.172267831684096
35.262779737636066
35.353532717631865
35.44452999121577
35.53577484931881
35.62727065654404
35.7190208535476
35.81102895952064
35.903298574777374
35.99583338345487
36.08863715633065
36.181713753764356
36.27506712877051
36.36870133022927
36.46262050624326
36.556828907648445
36.65133089168801
36.74613092585856
36.84123359193877
36.93664359021114
37.032365743888505
37.12840500375749
37.224766453052304
37.32145531257296
37.41847694606322
37.51583686586471
37.61354073886479
37.711594392757185
37.81000382263592
37.908775197944585
38.007914869804814
38.10742937874972
38.20732546289022
38.307610066544385
38.40829034936258
38.50937369598392
38.61086772626246
38.71278030610533
38.81511955896812
38.91789387805759
39.02111193929572
39.12478271510463
39.228915489076996
39.333519871603265
39.4386058165333
39.54418363895825
39.65026403420665
39.75685809815821
39.86397734898992
39.971633750480386
40.07983973701229
40.1886082404277
40.297952718908064
40.40788718807004
40.51842625449
40.6295851518949
40.741379780285214
40.85382674828776
40.96694341907277
41.08074796021155
41.195259397899136
41.31049767602173
41.42648372061274
41.54323951031503
41.66078815355331
41.779153973220076
41.89836259979608
42.01844107396292
42.13941795992682
42.261323470863154
42.38418960811691
42.508050316063155
42.63294165485269
42.758901993653886
42.88597222746685
43.014196021150084
43.143620084987326
43.274294486964266
43.406273007962966
43.539613547369065
43.674378588193456
43.81063573282992
43.94845832312699
44.08792616171649
44.2291263557413
44.3721543095811
44.51711490032952
44.66412387925909
44.813309555220954
44.96481483317498
45.11879970476738
45.275444320978245
45.43495282380784
45.59755818173715
45.763528373452196
45.93317441441115
46.1068609522647
46.2850205240355
46.468173168300204
46.65695410436318
46.85215399408634
47.05477965950781
47.26614976686968
47.48805411501244
47.72303816772783
47.97496153964918
48.25025085817912
48.561358777377514
48.94082180834353