0.028171470907755913
0.08451444148853432
0.14085749836549427
0.1972006990706963
0.2535441011381101
0.3098877621043785
0.3662317395095811
0.4225760908979987
0.47892087381887694
0.5352661458271915
0.5916119644844116
0.6479583873592659
0.7043054720285074
0.7606532760776781
0.8170018571018761
0.8733512727065207
0.9297015805081194
0.986052838135035
1.0424051032282526
1.098758433442148
1.1551128864452564
1.2114685199210407
1.267825391568661
1.324183559103746
1.3805430802591627
1.4369040127857882
1.4932664144532821
1.5496303430508591
1.605995856388064
1.6623630122955435
1.7187318686258244
1.7751024832540878
1.8314749140789477
1.8878492190232268
1.9442254560347383
2.000603683087063
2.056983958180332
2.113366339342008
2.1697508846276676
2.2261376521217873
2.2825266999385265
2.338918086222516
2.3953118691496424
2.4517081069278412
2.5081068577978836
2.5645081800341685
2.620912131945516
2.6773187718759606
2.7337281582055475
2.790140349351127
2.846555403767157
2.9029733799464985
2.959394336421218
3.015818331763393
3.072245424585912
3.1286756735432837
3.185109137332444
3.241545874693563
3.29798594441086
3.354429405313412
3.4108763162759717
3.4673267362197815
3.5237807241133927
3.5802383389734853
3.63669963986569
3.6931646859054115
3.749633536258655
3.806106250142855
3.862582886827702
3.9190635056359793
3.9755481659443914
4.032036927184406
4.088529848843089
4.145026990463943
4.201528411647759
4.258034172053451
4.314544331398909
4.37105894946185
4.427578086080668
4.484101801155289
4.540630154648028
4.597163206584451
4.6537010170542334
4.71024364621203
4.766791154278337
4.823343601540366
4.879901048352918
4.936463555139253
4.993031182391974
5.049603990673905
5.10618204061898
5.162765392933124
5.219354108395144
5.275948247857626
5.332547872247827
5.389153042568575
5.445763819899172
5.502380265396297
5.559002440294917
5.615630405909197
5.672264223633414
5.728903954942877
5.785549661394849
5.842201404629468
5.898859246370681
5.955523248427171
6.012193472693292
6.068869981150014
6.125552835865857
6.182242098997847
6.238937832792454
6.295640099586553
6.352348961808382
6.409064481978502
6.4657867227107575
6.52251574671325
6.579251616789311
6.635994395838478
6.692744146857471
6.749500932941189
6.806264817283683
6.863035863179166
6.919814134022999
6.976599693312696
7.033392604648935
7.090192931736561
7.1470007383856045
7.203816088512307
7.260639046140133
7.317469675400811
7.3743080405353565
7.431154205895118
7.488008235942818
7.544870195253598
7.601740148516071
7.658618160533383
7.715504296224273
7.7723986206241396
7.829301198886115
7.886212096282143
7.943131378204058
8.00005911016468
8.056995357798902
8.11394018686479
8.170893663244692
8.22785585294634
8.28482682210397
8.34180663697944
8.398795363963364
8.455793069576233
8.51279982046956
8.569815683427024
8.626840725365614
8.683875013336792
8.740918614527647
8.797971596262075
8.855034026001936
8.91210597134825
8.969187500042372
9.026278679967188
9.083379579148321
9.140490265755329
9.197610808102917
9.254741274652162
9.311881734011727
9.369032254939112
9.426192906341877
9.483363757278891
9.54054487696159
9.597736334755233
9.654938200180172
9.712150542913124
9.769373432788454
9.82660693979946
9.883851134099679
9.94110608600418
9.998371865990881
10.055648544701867
10.112936192944721
10.170234881693847
10.22754468209183
10.284865665450766
10.342197903253641
10.39954146715568
10.456896428985738
10.514262860747666
10.57164083462172
10.629030422965945
10.686431698317602
10.74384473339456
10.801269601096749
10.858706374507578
10.916155126895383
10.973615931714882
11.031088862608629
11.088573993408499
11.146071398137153
11.203581151009542
11.261103326434394
11.318637999015731
11.376185243554382
11.433745135049515
11.491317748700174
11.548903159906828
11.606501444272928
11.664112677606472
11.72173693592159
11.779374295440133
11.837024832593267
11.89468862402308
11.952365746584222
12.010056277345514
12.067760293591602
12.125477872824609
12.1832090927658
12.24095403135726
12.298712766763577
12.356485377373543
12.414271941801866
12.472072538890894
12.529887247712342
12.587716147569047
12.645559317996723
12.70341683876573
12.761288789882856
12.819175251593121
12.877076304381575
12.934992028975122
12.99292250634436
13.050867817705416
13.108828044521822
13.166803268506373
13.224793571623017
13.28279903608877
13.340819744375608
13.398855779212411
13.456907223586898
13.514974160747583
13.573056674205752
13.63115484773744
13.689268765385433
13.747398511461286
13.805544170547348
13.863705827498805
13.921883567445747
13.980077475795234
14.038287638233392
14.09651414072752
14.154757069528204
14.213016511171467
14.271292552480917
14.329585280569912
14.38789478284376
14.446221147001918
14.504564461040204
14.56292481325305
14.621302292235749
14.679696986886725
14.738108986409838
14.796538380316669
14.854985258428872
14.913449710880501
14.97193182812038
15.030431700914486
15.088949420348344
15.147485077829453
15.206038765089723
15.264610574187929
15.323200597512198
15.3818089277825
15.440435658053167
15.499080881715434
15.557744692499998
15.616427184479594
15.675128452071599
15.733848590040651
15.7925876935013
15.851345857920663
15.91012317912112
15.968919753283012
16.02773567694739
16.08657104701875
16.145425960767824
16.20430051583438
16.263194810230033
16.322108942341103
16.381043010931492
16.43999711514557
16.498971354511088
16.557965828942155
16.616980638742167
16.676015884606826
16.73507166762716
16.794148089292573
16.8532452514939
16.912363256526522
16.971502207093494
17.030662206308694
17.0898433577
17.149045765212506
17.20826953321175
17.267514766486997
17.326781570254504
17.386070050160875
17.44538031228639
17.50471246314839
17.564066609704714
17.623442859357095
17.682841319954676
17.742262099797493
17.80170530764002
17.861171052694722
17.920659444635675
17.98017059360218
18.039704610202435
18.099261605517245
18.158841691103735
18.218444978999123
18.278071581724536
18.33772161228882
18.397395184192433
18.457092411431336
18.51681340850095
18.57655829040013
18.636327172635173
18.696120171223896
18.755937402699697
18.81577898411572
18.87564503304899
18.935535667604654
18.995451006420204
19.05539116866979
19.11535627406852
19.175346442876876
19.23536179590507
19.295402454517557
19.35546854063749
19.415560176751278
19.475677485913184
19.535820591749935
19.595989618465403
19.656184690845333
19.716405934262102
19.77665347467953
19.836927438657757
19.89722795335813
19.957555146548174
20.017909146606595
20.078290082528326
20.13869808392966
20.19913328105337
20.259595804773948
20.320085786602846
20.3806033586938
20.441148653848206
20.50172180552051
20.562322947823723
20.62295221553493
20.683609744100874
20.74429566964362
20.805010128966252
20.865753259558623
20.926525199603198
20.987326087980907
21.04815606427712
21.10901526878762
21.169903842524693
21.230821927223253
21.291769665347015
21.352747200094782
21.413754675406764
21.474792235970952
21.535860027229592
21.596958195385714
21.658086887409716
21.719246251046055
21.780436434819954
21.84165758804424
21.90290986082621
21.964193404074607
22.025508369506635
22.08685490965508
22.148233177875493
22.20964332835346
22.27108551611194
22.33255989701869
22.394066627793787
22.45560586601719
22.517177770136446
22.57878249947441
22.640420214237135
22.702091075521757
22.763795245324555
22.82553288654903
22.887304163014136
22.94910923946254
23.010948281569046
23.072821455949043
23.13472893016711
23.196670872745674
23.2586474531738
23.32065884191606
23.3827052104215
23.444786731132744
23.506903577495166
23.569055923966182
23.631243946024654
23.693467820180402
23.755727723983814
23.8180238360356
23.880356335996616
23.942725404597844
24.005131223650476
24.067573976056096
24.130053845817024
24.192571018046745
24.2551256789805
24.317718015985953
24.380348217574042
24.443016473409923
24.505722974324062
24.568467912323452
24.631251480602984
24.69407387355693
24.7569352867906
24.8198359171321
24.882775962644274
24.945755622636778
25.008775097678296
25.07183458960891
25.134934301552644
25.19807443793013
25.261255204471475
25.32447680822924
25.387739457591625
25.4510433622958
25.514388733441418
25.577775783504265
25.641204726350143
25.70467577724888
25.768189152888535
25.831745071389797
25.895343752320553
25.958985416710664
26.022670287066912
26.086398587388146
26.15017054318065
26.21398638147367
26.277846330835192
26.341750621387888
26.405699484825295
26.46969315442821
26.53373186508128
26.597815853289845
26.661945357197
26.72612061660084
26.790341872972032
26.854609369471515
26.91892335096852
26.983284064058818
27.047691757083182
27.112146680146143
27.176649085134994
27.24119922573903
27.3057973574691
27.370443737677387
27.435138625577487
27.49988228226476
27.564674970736977
27.629516955915243
27.694408504665216
27.759349885818647
27.8243413701952
27.889383230624585
27.954475741969038
28.019619181146076
28.084813827151635
28.150059961083475
28.215357866164993
28.280707827769326
28.346110133443847
28.411565072934998
28.47707293821347
28.542634023499815
28.608248625290365
28.673917042383582
28.739639575906782
28.80541652934326
28.87124820855983
28.937134921834776
29.003076979886213
29.069074695900888
29.135128385563426
29.201238367086013
29.267404961238523
29.333628491379137
29.399909283485396
29.466247666185787
29.532643970791742
29.599098531330238
29.6656116845768
29.732183770089105
29.79881513024107
29.8655061102575
29.932257058249277
29.99906832524911
30.06594026524785
30.132873235231425
30.199867595218308
30.266923708297643
30.334041940667973
30.401222661676588
30.46846624385953
30.53577306298226
30.603143498080964
30.670577931504596
30.73807674895756
30.805640339543153
30.87326909580769
30.940963413785415
31.008723693044146
31.07655033673168
31.144443751623022
31.212404348168384
31.280432540542034
31.348528746691965
31.416693388390446
31.484926891285408
31.553229684952786
31.6216022029497
31.690044882868648
31.758558166392596
31.827142499351062
31.895798331777208
31.964526117965924
32.03332631653299
32.10219939047527
32.17114580723197
32.24016603874713
32.309260561533044
32.37842985673507
32.44767441019744
32.51699471253045
32.5863912591787
32.655864550490804
32.72541509179029
32.79504339344783
32.864749970954854
32.9345353449986
33.0044000415385
33.0743445918841
33.144369532774405
33.21447540645887
33.28466276077982
33.354932149256534
33.42528413117103
33.49571927165541
33.56623814178101
33.63684131864931
33.70752938548462
33.77830293172863
33.84916255313688
33.92010885187713
33.99114243662975
34.06226392269018
34.13347393207341
34.20477309362067
34.27616204310832
34.34764142335895
34.41921188435484
34.49087408335377
34.56262868500731
34.63447636148151
34.70641779258028
34.77845366587134
34.850584676814826
34.922811528894776
34.99513493375339
35.06755561132822
35.140074289992356
35.212691706697754
35.28540860712169
35.35822574581642
35.431143886362264
35.50416380152412
35.577286273411424
35.65051209364186
35.72384206350868
35.79727699415197
35.8708177067338
35.94446503261744
36.01821981355072
36.09208290185381
36.166055160611215
36.24013746386853
36.3143306968337
36.388635756083225
36.46305354977325
36.53758499785578
36.612231032300194
36.68699259732012
36.76187064960594
36.83686615856301
36.91198010655587
36.987213489158506
37.06256731541089
37.138042608082145
37.21364040394028
37.289361754028896
37.365207723951
37.44117939416024
37.51727786025961
37.59350423330817
37.66985964013567
37.7463452236657
37.82296214324736
37.899711574995905
37.97659471214259
38.05361276539407
38.13076696330157
38.20805855264032
38.28548879879946
38.3630589861829
38.44077041862134
38.51862441979604
38.59662233367464
38.67476552495942
38.753055379548556
38.83149330501072
38.910080731073606
38.98881911012681
39.067709917739606
39.14675465319419
39.22595484003494
39.30531202663429
39.38482778677589
39.46450372025555
39.54434145350089
39.62434264021019
39.704508962011246
39.78484212914114
39.86534388114749
39.94601598761228
40.02686024889899
40.10787849692406
40.18907259595357
40.2704444434263
40.35199597080411
40.43372914445086
40.51564596654099
40.59774847599903
40.68003874947144
40.762518902331905
40.8451910897218
40.92805750762721
41.011120393994055
41.094382029883114
41.177844740666586
41.26151089726821
41.34538291744868
41.429463267138644
41.51375446182132
41.59825906796705
41.68297970452226
41.76791904445535
41.853079816362175
41.93846480613407
42.02407685869136
42.10991887978553
42.19599383787358
42.28230476606789
42.36885476416567
42.455647000761815
42.54268471544948
42.62997122111295
42.71750990631756
42.80530423780173
42.89335776307668
42.981674113139434
43.070257005305336
43.15911024616663
43.248237734684025
43.337643465418736
43.42733153191287
43.517306130226665
43.607571562641645
43.698132241539284
43.78899269346566
43.88015756339304
43.97163161919042
44.06341975631557
44.155527002742495
44.24795852413879
44.34071962930873
44.43381577591914
44.52725257652628
44.62103580492338
44.71517140283028
44.80966548694784
44.9045243564022
44.999754500605505
45.095362607562315
45.191355572652974
45.28774050792834
45.384524751952775
45.481715880235846
45.57932171629667
45.6773503434086
45.77581011707675
45.87470967830516
45.97405796771605
46.073864240589664
46.17413808289943
46.27488942842491
46.37612857703291
46.477866214226545
46.580113432072174
46.68288175162557
46.78618314699176
46.89003007116742
46.99443548383118
47.0994128812655
47.204976328615054
47.31114049471015
47.41792068971073
47.52533290585739
47.63339386165116
47.74212104982376
47.85153278950675
47.961648283060896
48.07248767808876
48.18407213522467
48.2964239023787
48.4095663962078
48.523524291699374
48.63832362088456
48.75399188185357
48.87055815942856
48.9880532590665
49.10650985582311
49.22596266051765
49.34644860560917
49.4680070537424
49.590680032463474
49.71451249926681
49.83955264194411
49.9658522202044
50.0934669557718
50.222456979712405
50.35288734768306
50.48482863625369
50.61835763659221
50.75355816583934
50.89052202174588
51.02935011302309
51.17015380697299
51.313056548184264
51.45819581866061
51.605725532551176
51.755818990475625
51.90867256356403
52.06451034247059
52.22359008250558
52.386210920296
52.55272355983236
52.72354397840575
52.899172279951415
53.080219302458424
53.267445319632564
53.46181840382381
53.66460639631081
53.87753000808081
54.10303628967939
54.34483538327778
54.609104580741686
54.90781245239159
55.27222784180707