0.02922443438477256
0.08767333771254414
0.14612234471552635
0.20457152451229715
0.26302094622409095
0.3214706789758611
0.3799207918973432
0.43837135412411765
0.4968224347986736
0.5552741030714723
0.6137264281020111
0.6721794790598878
0.7306333251258663
0.7890880354929407
0.8475436793674025
0.9060003259699063
0.9644580445365372
1.0229169043198791
1.0813769745900825
1.1398383246359352
1.1983010237659306
1.2567651413093408
1.3152307466172877
1.3736979090638157
1.4321666980469672
1.4906371829898555
1.5491094333417434
1.6075835185791196
1.6660595082067773
1.7245374717588942
1.783017478800114
1.841499598926629
1.8999839017672644
1.958470456984564
2.0169593342758754
2.0754506033744424
2.133944334050492
2.192440596112327
2.250939459407421
2.3094409938235123
2.367945269289703
2.4264523557775566
2.4849623233021982
2.5434752419234212
2.6019911817467887
2.660510212924742
2.719032405657711
2.7775578301952235
2.836086556837021
2.8946186559341727
2.9531541978901967
3.011693253162178
3.070235892261892
3.1287821857569327
3.187332204271837
3.245886018489219
3.3044436991509034
3.363005317059058
3.4215709430773362
3.4801406481320187
3.538714503213157
3.597292579375721
3.65587494774075
3.7144616794965075
3.773052845899635
3.831648518276315
3.8902487680234334
3.9488536666097436
4.007463285577041
4.0660776965413294
4.124696971194005
4.183321181303031
4.241950398714122
4.300584695351936
4.359224143221257
4.417868814408198
4.476518781081393
4.535174115493205
4.593834889980925
4.652501176967991
4.711173048965196
4.769850578571906
4.828533838477288
4.887222901461531
4.9459178403970805
5.004618728249872
5.063325638080571
5.12203864304582
5.180757816399483
5.239483231493902
5.298214961781152
5.356953080814311
5.415697662248715
5.474448779843247
5.533206507461597
5.59197091907356
5.650742088756313
5.709520090695711
5.7683049991875865
5.82709688863905
5.885895833569804
5.944701908613448
6.003515188518803
6.062335748151241
6.121163662494007
6.179999006649561
6.238841855840919
6.297692285412998
6.356550370833976
6.415416187696648
6.474289811719792
6.533171318749541
6.592060784760765
6.650958285858452
6.709863898279099
6.768777698392115
6.827699762701217
6.886630167845848
6.945568990602593
7.004516307886598
7.0634721967530085
7.1224367343984065
7.181409998162249
7.240392065528331
7.299383014126236
7.358382921732808
7.417391866273624
7.476409925824476
7.535437178612861
7.594473703019478
7.653519577579732
7.712574880985247
7.771639692085387
7.830714089888784
7.8897981535648745
7.948891962445447
8.00799559602619
8.067109133968255
8.126232656099837
8.185366242417736
8.244509973088954
8.303663928452295
8.362828189019957
8.42200283547916
8.481187948693764
8.540383609705897
8.599589899737602
8.658806900192484
8.718034692657382
8.777273358904017
8.836522980890694
8.895783640763982
8.955055420860415
9.014338403708196
9.073632672028928
9.13293830873934
9.192255396953021
9.25158401998218
9.310924261339409
9.37027620473944
9.429639934100951
9.489015533548342
9.54840308741355
9.607802680237867
9.667214396773758
9.726638321986714
9.786074541057092
9.845523139381987
9.9049842025771
9.964457816478632
10.023944067145175
10.08344304085963
10.142954824131126
10.202479503696964
10.262017166524554
10.321567899813394
10.381131790997022
10.440708927745028
10.50029939796504
10.559903289804744
10.619520691653907
10.679151692146432
10.738796380162395
10.798454844830133
10.858127175528317
10.917813461888052
10.977513793794996
11.037228261391478
11.096956955078648
11.15669996551863
11.216457383636698
11.276229300623456
11.336015807937054
11.395816997305397
11.455632960728378
11.515463790480139
11.57530957911133
11.635170419451391
11.695046404610858
11.754937627983672
11.814844183249523
11.874766164376187
11.934703665621898
11.994656781537747
12.054625606970065
12.114610237062852
12.174610767260216
12.23462729330883
12.294659911260407
12.354708717474196
12.414773808619488
12.47485528167816
12.534953233947212
12.595067763041351
12.655198966895574
12.715346943767777
12.775511792241398
12.835693611228047
12.895892499970202
12.956108558043885
13.016341885361378
13.076592582173964
13.13686074907468
13.197146487001095
13.257449897238113
13.317771081420794
13.3781101415372
13.438467179931262
13.498842299305675
13.55923560272481
13.619647193617652
13.680077175780767
13.740525653381276
13.800992730959889
13.861478513433912
13.921983106100333
13.98250661463889
14.043049145115193
14.10361080398386
14.164191698091674
14.22479193468078
14.285411621391903
14.346050866267582
14.406709777755454
14.46738846471154
14.52808703640359
14.58880560251442
14.649544273145302
14.71030315881939
14.771082370485138
14.831882019519796
14.892702217732904
14.953543077369815
15.014404711115276
15.075287232097011
15.136190753889352
15.197115390516892
15.258061256458182
15.319028466649455
15.380017136488371
15.441027381837824
15.502059319029748
15.563113064868986
15.624188736637178
15.685286452096692
15.746406329494581
15.807548487566587
15.868713045541172
15.929900123143593
15.991109840600014
16.052342318641642
16.113597678508924
16.174876041955766
16.23617753125379
16.297502269196645
16.358850379104343
16.42022198482765
16.481617210752486
16.543036181804435
16.6044790234532
16.665945861717194
16.727436823168105
16.78895203493555
16.85049162471175
16.91205572075625
16.973644451900697
17.035257947553646
17.096896337705445
17.15855975293311
17.220248324405325
17.281962183887398
17.343701463746356
17.405466296956035
17.467256817102225
17.529073158387877
17.590915455638374
17.652783844306818
17.714678460479398
17.77659944088081
17.838546922879704
17.900521044494234
17.962521944397608
18.02454976192374
18.086604637072927
18.148686710517612
18.210796123608166
18.272933018378776
18.335097537553352
18.397289824551528
18.459510023494694
18.52175827921211
18.584034737247084
18.64633954386319
18.708672846050586
18.771034791532372
18.83342552877102
18.895845206974876
18.95829397610472
19.020771986880423
19.083279390787617
19.14581634008451
19.20838298780872
19.270979487784178
19.333605994628158
19.396262663758325
19.458949651399884
19.521667114592805
19.584415211199136
19.64719409991036
19.710003940254875
19.772844892605523
19.835717118187226
19.898620779084677
19.96155603825014
20.024523059511345
20.087522007579413
20.150553048056945
20.21361634744614
20.276712073157057
20.33984039351589
20.403001477773437
20.466195496113592
20.529422619661936
20.592683020494473
20.65597687164641
20.719304347121078
20.78266562189892
20.84606087194662
20.90949027422629
20.972954006704818
21.036452248363265
21.09998517920642
21.163552980272442
21.227155833642605
21.290793922451186
21.35446743089544
21.418176544245707
21.48192144885564
21.545702332172542
21.609519382747834
21.673372790247637
21.737262745463504
21.801189440323256
21.865153067901947
21.929153822432983
21.993191899319353
22.057267495145005
22.121380807686364
22.18553203592398
22.24972138005432
22.313949041501715
22.378215222930436
22.442520128256934
22.506863962662234
22.571246932604446
22.635669245831487
22.70013111139392
22.764632739657962
22.829174342318677
22.893756132413287
22.958378324334717
23.023041133845243
23.087744778090368
23.152489475612832
23.217275446366838
23.28210291173243
23.34697209453007
23.411883219035406
23.476836510994218
23.54183219763757
23.60687050769715
23.671951671420818
23.737075920588342
23.802243488527374
23.86745461012959
23.932709521867075
23.998008461808922
24.063351669638045
24.128739386668208
24.19417185586131
24.259649321844858
24.325172030929718
24.390740231128092
24.456354172171714
24.522014105530335
24.58772028443042
24.653472963874137
24.71927240065857
24.785118853395236
24.851012582529833
24.916953850362283
24.98294292106706
25.048980060713788
25.115065537288118
25.181199620712924
25.247382582869786
25.313614697620768
25.379896240830508
25.44622749038864
25.512608726232507
25.579040230370232
25.645522286904086
25.712055182054215
25.77863920418272
25.845274643818055
25.911961793679797
25.978700948703793
26.04549240606765
26.11233646521662
26.179233427889855
26.24618359814705
26.313187282395496
26.38024478941753
26.447356430398397
26.514522518954507
26.581743371162165
26.6490193055867
26.71635064331206
26.78373770797081
26.85118082577468
26.918680325545466
26.986236538746518
27.053849799514637
27.121520444692504
27.189248813861603
27.25703524937566
27.32488009639462
27.39278370291911
27.460746419825544
27.528768600901664
27.596850602882746
27.664992785488327
27.733195511459556
27.801459146597118
27.869784059799795
27.93817062310362
28.006619211721727
28.075130204084783
28.14370398188213
28.212340930103593
28.28104143708198
28.34980589453627
28.418634697615552
28.48752824494368
28.556486938664673
28.625511184488897
28.69460139174002
28.763757973402758
28.83298134617145
28.90227193049946
28.97163015064941
29.041056434744323
29.110551214819594
29.18011492687593
29.24974801093316
29.31945091108502
29.389224075554903
29.459067956752563
29.528983011331878
29.598969700249604
29.669028488825187
29.73915984680166
29.809364248407647
29.879642172420468
29.949994102230402
30.020420525906143
30.09092193626144
30.16149883092296
30.232151712399425
30.302881088152027
30.37368747066617
30.44457137752452
30.515533331481496
30.586573860539097
30.657693498024237
30.728892782667504
30.80017225868347
30.871532475852526
30.942973989604287
31.014497361102663
31.086103157332545
31.15779195118822
31.2295643215635
31.30142085344368
31.373362137999266
31.445388772681625
31.517501361320534
31.58970051422368
31.661986848278204
31.734360987054288
31.806823560910892
31.879375207103607
31.952016569894784
32.02474830066594
32.09757105803247
32.17048550796081
32.24349232388802
32.316592186843934
32.38978578557587
32.46307381667603
32.53645698471161
32.60993600235775
32.6835115905333
32.75718447853962
32.83095540420238
32.90482511401644
32.978794363294014
33.05286391631607
33.12703454648714
33.20130703649354
33.27568217846528
33.35016077414155
33.42474363503999
33.49943158262988
33.574225448509296
33.64912607458638
33.7241343132648
33.79925102763361
33.87447709166154
33.94981339039587
34.02526082016611
34.10082028879245
34.17649271579933
34.2522790326341
34.328180182891046
34.40419712254089
34.48033082016591
34.556582257200915
34.63295242818022
34.70944234099075
34.786053017131586
34.86278549198006
34.939640815064585
35.016620050344564
35.093724276497404
35.170954587213096
35.248312091496366
35.325797913976835
35.40341319522732
35.481159092090635
35.559036778015056
35.63704744339889
35.71519229594432
35.793472561020884
35.87188948203893
35.95044432083337
36.02913835805806
36.10797289359123
36.18694924695226
36.26606875773031
36.3453327860251
36.42474271290036
36.50429994085036
36.584005894279954
36.66386201999872
36.74386978772961
36.82403069063266
36.90434624584442
36.984817995033445
37.06544750497277
37.146236368129635
37.227186203273504
37.308298656102735
37.38957539989081
37.4710181361528
37.55262859533291
37.63440853751388
37.71635975314908
37.79848406381829
37.880783323008046
37.96325941691753
38.045914265291074
38.12874982227841
38.21176807732367
38.294971056084506
38.37836082138246
38.46193947418593
38.545709154627225
38.62967204305495
38.713830361123506
38.79818637292114
38.882742386138275
38.96750075327799
39.05246387291041
39.137634190973095
39.223014202119415
39.3086064511172
39.39441353429996
39.48043810107304
39.566682855477495
39.65315055781417
39.73984402633113
39.826766138977185
39.913919835225144
40.0013081179678
40.08893405549057
40.176800783524435
40.264911507383445
40.353269504190855
40.4418781251987
40.530740798205485
40.61986103007734
40.70924240937789
40.79888860911298
40.888803389596156
40.97899060144175
41.06945418869255
41.160198192089496
41.25122675249156
41.34254411445433
41.43415462997633
41.52606276242311
41.61827309063937
41.7107903132604
41.80361925323488
41.896764862571914
41.99023222732615
42.084026572835725
42.1781532692292
42.27261783721851
42.367425954196534
42.4625834606591
42.55809636697305
42.65397086051356
42.75021331319579
42.846830289427956
42.94382855451533
43.041215083546945
43.138997070799604
43.237181939696725
43.335777353362815
43.4347912258181
43.53423173386166
43.63410732969588
43.73442675435014
43.835199051966605
43.93643358501751
44.03814005052965
44.14032849739939
44.24300934488982
44.34619340241092
44.44989189069383
44.55411646448244
44.658879236877965
44.76419280548729
44.870070280542464
44.97652531517718
45.083572138067616
45.191225588668885
45.29950115530568
45.40841501640717
45.51798408521138
45.62822605830556
45.73915946841537
45.85080374191023
45.96317926155368
46.07630743510038
46.19021077042431
46.30491295796057
46.420438961356936
46.5368151173644
46.65406924615333
46.77223077342691
46.891330865923344
47.01140258215984
47.13248104058398
47.254603607673424
47.37781010897748
47.50214306664334
47.627647967638154
47.75437356769796
47.882372237044635
48.011700355164265
48.142418763504175
48.27459328691068
48.408295337118034
48.54360261477465
48.68059993057994
48.81938017141362
48.960045444301265
49.102708440286214
49.247494072645566
49.394541460669835
49.544006353306344
49.69606411917527
49.850913475143976
50.00878119157569
50.16992810942103
50.33465695034188
50.503322626213276
50.67634611129058
50.85423352437307
51.03760305937613
51.22722415739611
51.424076579555
51.62944349687867
51.84506645636397
52.07342218546583
52.31826589509066
52.585850046908746
52.88828913276156
53.25723405945814