0.03773293773908271
0.11319893721822345
0.1886653087055877
0.2641323002243171
0.33960015982404473
0.41506913559149594
0.4905394756610944
0.5660114282255737
0.6414852415465963
0.7169611639653812
0.7924394439133416
0.8679203299227332
0.943404070637316
1.0188909148230294
1.0943811113786828
1.169874909346663
1.2453725579236585
1.3208743064714057
1.3963804045274515
1.4718911018159426
1.5474066482584357
1.6229272939847315
1.6984532893437374
1.773984884914357
1.8495223315164067
1.9250658802215646
2.000615782364351
2.0761722895531416
2.151735653681214
2.227306126937834
2.302883961819375
2.378469411140478
2.4540627280452547
2.529664166018527
2.6052739788971144
2.6808924208811655
2.7565197465455338
2.8321562108512017
2.907802069156758
2.9834575772299186
3.059122991259109
3.134798567865093
3.210484564112661
3.2861812375223742
3.3618888460823704
3.437607648260224
3.5133379030148766
3.5890798698086233
3.66483380861917
3.740599979951757
3.816378644851348
3.892170064914895
3.9679745023036683
4.043792219755672
4.119623480598121
4.195468548760011
4.271327688784753
4.347201165842901
4.423089245744957
4.498992194954265
4.574910280599984
4.650843770490165
4.7267929331249015
4.8027580377095855
4.878739354168252
4.954737153157028
5.030751706077669
5.1067832850912085
5.182832163131702
5.258898613920086
5.334982911978129
5.4110853326425135
5.487206152079012
5.563345647296788
5.6395040961628045
5.715681777416367
5.7918789706837694
5.868095956493079
5.944333016289035
6.02059043244809
6.096868488293571
6.173167468110977
6.249487657163417
6.325829341707188
6.402192809007485
6.478578347354267
6.554986246078264
6.631416795567136
6.707870287281784
6.78434701377282
6.8608472686971895
6.937371346834965
7.013919544106293
7.090492157588523
7.167089485533491
7.243711827384993
7.320359483796429
7.397032756648624
7.47373194906784
7.550457365443977
7.6272093114489525
7.703988094055295
7.78079402155492
7.857627403578113
7.934488551112723
8.011377776523561
8.088295393572004
8.165241717435844
8.242217064729317
8.319221753523395
8.39625610336629
8.473320435304196
8.550415071902256
8.6275403372658
8.70469655706181
8.78188405854063
8.859103170557955
8.936354223597062
9.013637549791321
9.090953482946961
9.16830235856613
9.245684513870222
9.32310028782349
9.400550021156969
9.478034056392675
9.555552737868112
9.633106411761094
9.710695426114878
9.788320130863612
9.865980877858112
9.943678020891975
10.021411915728025
10.099182920125102
10.176991393865213
10.25483769878102
10.332722198783722
10.410645259891279
10.488607250257028
10.566608540198692
10.644649502227766
10.722730511079316
10.80085194374218
10.87901417948958
10.957217599910178
11.03546258893954
11.113749532892053
11.192078820493288
11.27045084291283
11.348865993797554
11.4273246693054
11.505827268139612
11.584374191583494
11.662965843535646
11.741602630545733
11.82028496185077
11.899013249411944
11.977787907951974
12.056609354993046
12.135478010895293
12.214394298895865
12.29335864514859
12.372371478764236
12.451433231851382
12.53054433955792
12.609705240113206
12.68891637487084
12.768178188352131
12.847491128290244
12.92685564567502
13.006272194798527
13.085741233301313
13.165263222219412
13.2448386260321
13.32446791271041
13.404151553766438
13.483890024303456
13.563683803066832
13.643533372495792
13.723439218776033
13.803401831893213
13.883421705687313
13.963499337907937
14.043635230270512
14.123829888513455
14.204083822456303
14.284397546058832
14.364771577481196
14.445206439145082
14.525702657795952
14.60626076456633
14.686881295040227
14.76756478931867
14.848311792086397
14.929122852679734
15.00999852515567
15.090939368362173
15.171945946009767
15.253018826744404
15.334158584221637
15.41536579718218
15.496641049528808
15.577984930404709
15.659398034273254
15.74088096099927
15.822434315931806
15.904058709988476
15.985754759741363
16.067523087504576
16.149364321423445
16.23127909556544
16.31326805001283
16.395331830957122
16.47747109079534
16.55968648822818
16.64197868836007
16.724348362801223
16.806796189771696
16.889322854207506
16.97192904786889
17.05461546945071
17.137382824695088
17.22023182650636
17.30316319506832
17.386177657963888
17.469275950297256
17.552458814818525
17.635727002050952
17.71908127042087
17.802522386390287
17.886051124592345
17.969668267969613
18.053374607915313
18.137170944417633
18.22105808620709
18.305036850907104
18.389108065187862
18.47327256492354
18.55753119535296
18.641884811243845
18.726334277060694
18.810880467136407
18.895524265847794
18.98026656779501
19.065108277985107
19.150050312019737
19.235093596287197
19.320239068158887
19.405487676190347
19.49084038032696
19.576298152114514
19.661861974914704
19.747532844125768
19.833311767408397
19.919199764917025
20.005197869536754
20.091307127126008
20.177528596765097
20.263863351010897
20.350312476157846
20.43687707250538
20.523558254632068
20.610357151676656
20.6972749076262
20.784312681611507
20.87147164821019
20.95875299775746
21.046157936665033
21.13368768774826
21.22134349056193
21.30912660174485
21.397038295373605
21.485079863325762
21.573252615652823
21.66155788096327
21.749997006816024
21.83857136012469
21.92728232757291
22.01613131604128
22.105119753046164
22.194249087190794
22.283520788629218
22.37293634954336
22.462497284633816
22.552205131624763
22.642061451783576
22.732067830455584
22.82222587761461
22.912537228429795
23.003003543849378
23.093626511201958
23.18440784481601
23.275349286658255
23.366452606991572
23.45771960505336
23.54915210975488
23.640751980402634
23.73252110744246
23.82446141322733
23.916574852809752
24.008863414759755
24.101329122009478
24.193974032725443
24.28680024120965
24.37980987883065
24.473005114985817
24.56638815809621
24.659961256635246
24.75372670019273
24.847686820575724
24.94184399294777
25.036200637008204
25.1307592182133
25.22552224904101
25.320492290301353
25.415671952494364
25.511063897217866
25.606670838627245
25.70249554494964
25.798540840055097
25.89480960508727
25.991304780156593
26.088029366098706
26.184986426301485
26.282179088603783
26.379610547269536
26.477284065040838
26.575202975273992
26.673370684162634
26.77179067305236
26.870466500851556
26.969401806543356
27.068600311804037
27.168065823733414
27.26780223770321
27.36781354032972
27.46810381257753
27.568677233001445
27.669538081134277
27.770690741028663
27.872139704961604
27.973889577311034
28.07594507861431
28.1783110498193
28.28099245673938
28.38399439472453
28.48732209356155
28.59098092261739
28.694976396240627
28.799314179437093
28.904000093837176
29.009040123973207
29.11444042388719
29.220207324090413
29.326347338898312
29.432867174165725
29.539773735449867
29.647074136630387
29.754775709018446
29.86288601098938
29.97141283817645
30.08036423426644
30.189748502441358
30.299574217514564
30.409850238813778
30.5205857238684
30.631790142963734
30.743473294630743
30.85564532214629
30.96831673112629
31.081498408302085
31.195201641579555
31.3094381414904
31.424220064156412
31.539560035900113
31.655471179649435
31.77196714329997
31.889062130216487
32.00677093207561
32.12510896427474
32.24409230415831
32.363737732342344
32.48406277745201
32.60508576462558
32.726825868182736
32.84930316890567
32.97253871644024
33.09655459739208
33.221374009770514
33.34702134452441
33.4735222750194
33.600903855430104
33.72919462916546
33.85842474861605
33.98862610771375
34.11983248903256
34.252079727443984
34.385405892679714
34.51985149356242
34.65545970715764
34.79227663669593
34.930351602841796
35.06973747377634
35.21049104065887
35.35267344639377
35.496350677328905
35.64159412964761
35.78848126492171
35.93709637274499
36.08753146281049
36.239887314566275
36.39427472015378
36.55081596636495
36.7096466148017
36.870917657670255
37.03479815174082
37.20147846802981
37.37117434443568
37.54413200026363
37.72063467712931
37.90101112955265
38.08564683345699
38.27499906905326
38.46961766991519
38.67017430820498
38.87750509493217
39.09267482763624
39.317078243183644
39.55260858669764
39.801958740165425
40.069212322405406
40.36116980684428
40.69101006138962
41.09317251000452