0.04214720605410566
0.1264418337713456
0.21073710833001044
0.29503346100551614
0.3793313231449875
0.46363112619596114
0.5479333017351079
0.6322382814969806
0.7165464974027921
0.8008583815892297
0.885174366437312
0.969494884601292
1.053820369037615
1.1381512530339333
1.2224879702381883
1.30683095468776
1.3911806408386929
1.475537463595007
1.559901858338091
1.644274260956194
1.7286551078740124
1.8130448360823859
1.8974438831681006
1.9818526873438131
2.0662716874780953
2.15070132312561
2.2351420345574198
2.319594262791442
2.4040584496230464
2.488535037655811
2.5730244703324363
2.6575271919658285
2.742043647770355
2.82657428389328
2.911119547446387
2.995679886537798
3.080255750303987
3.1648475889420076
3.249455853741928
3.3340809971194934
3.418723472649014
3.5033837350964885
3.5880622404529716
3.6727594459681923
3.7574758101844288
3.84221179297065
3.9269678555569314
4.011744460569154
4.096542072063982
4.181361155564156
4.26620217809408
4.351065608215716
4.435951916064825
4.52086157338751
4.605795053577125
4.690752831711513
4.775735384590617
4.860743190774449
4.945776730621441
5.030836486327179
5.115922941963537
5.201036583518212
5.28617789893468
5.371347378152577
5.456545513148518
5.541772797977357
5.627029728813918
5.7123168039951855
5.797634524062977
5.882983391807118
5.968363912309103
6.053776592986293
6.13922194363663
6.22470047648389
6.3102127062235
6.395759150068917
6.4813403277985815
6.566956761803476
6.652608977135281
6.73829750155516
6.824022865583177
6.909785602548363
6.995586248639456
7.081425342956313
7.167303427562031
7.253221047535766
7.339178751026301
7.425177089306342
7.511216616827591
7.597297891276596
7.683421473631402
7.769587928219019
7.855797822773726
7.942051728496241
8.02835022011375
8.114693875940853
8.201083277941406
8.287519011791323
8.374001666942325
8.460531836686677
8.547110118222927
8.633737112722677
8.720413425398414
8.8071396655724
8.893916446746692
8.980744386674267
9.06762410743131
9.154556235490698
9.241541401796677
9.328580241840786
9.415673395739054
9.502821508310484
9.590025229156888
9.677285212744058
9.764602118484351
9.851976610820698
9.939409359312064
10.026901038720432
10.114452329099281
10.202063915883683
10.289736489981962
10.377470747869049
10.465267391681484
10.553127129314177
10.64105067451893
10.729038747004786
10.817092072540234
10.905211383057322
10.993397416757734
11.081650918220866
11.169972638513972
11.258363335304402
11.34682377297401
11.435354722735791
11.523956962752774
11.612631278259254
11.70137846168443
11.79019931277848
11.879094638741165
11.968065254353021
12.057111982109188
12.146235652355985
12.235437103430261
12.324717181801615
12.41407674221758
12.503516647851805
12.593037770455362
12.682640990511246
12.772327197392114
12.862097289521447
12.951952174538123
13.04189276946456
13.131920000878514
13.222034805088624
13.31223812831381
13.402530926866648
13.492914167340812
13.583388826802715
13.673955892987461
13.764616364499224
13.855371251016203
13.946221573500269
14.037168364411432
14.128212667927292
14.219355540167607
14.310598049424126
14.401941276395842
14.49338631442985
14.584934269767938
14.67658626179912
14.76834342331827
14.860206900791052
14.952177854625337
15.044257459449293
15.13644690439639
15.228747393397494
15.321160145480297
15.413686395076306
15.506327392335631
15.59908440344983
15.691958710983043
15.78495161421172
15.878064429473177
15.971298490523319
16.064655148903782
16.158135774318836
16.25174175502236
16.34547449821522
16.43933543045345
16.53332599806748
16.627447667592957
16.721701926213395
16.81609028221518
16.910614265455255
17.00527542784207
17.100075343830067
17.195015610928387
17.29009785022413
17.385323706920815
17.480694850892508
17.576212977254237
17.671879806949235
17.767697087353717
17.863666592899726
17.95979012571684
18.056069516293334
18.152506624157652
18.249103338580838
18.345861579300845
18.44278329726949
18.539870475422944
18.63712512947674
18.734549308746193
18.832145096993262
18.92991461330097
19.027860012976387
19.125983488483463
19.22428727040683
19.322773628447894
19.42144487245458
19.520303353486106
19.619351464914306
19.718591643562977
19.81802637088701
19.917658174192937
20.017489627902673
20.11752335486249
20.217762027699077
20.318208370224884
20.418865158894945
20.519735224317536
20.620821452821097
20.722126788080097
20.823654232802504
20.92540685048183
21.0273877672168
21.129600173601858
21.232047326691983
21.334732552045395
21.43765924584802
21.540830877123796
21.644250990035026
21.747923206277495
21.85185122757507
21.956038838278953
22.06048990807708
22.165208394819413
22.270198347465332
22.375463909159627
22.481009320444134
22.586838922612365
22.69295716121515
22.799368589725642
22.906077873372723
23.01308979315249
23.120409250028015
23.22804126932843
23.33599100535905
23.44426374623523
23.5528649189533
23.661800094713215
23.77107499450832
23.880695494999028
23.990667634688254
24.100997620418017
24.21169183420787
24.32275684045765
24.434199393538698
24.546026445799598
24.65824515601466
24.770862898305676
24.88388727156991
24.9973261094502
25.111187490885957
25.225479751287285
25.34021149437811
25.455391604758233
25.571029261238806
25.68713395101055
25.803715484709688
25.92078401245252
26.038350040916427
26.15642445155255
26.275018520023792
26.39414393697112
26.513812830221617
26.634037788563344
26.75483188722526
26.87620871521508
26.998182404684545
27.1207676625103
27.243979804299485
27.3678347910533
27.4923492687486
27.61754061112858
27.743426966028608
27.870027305603468
27.99736148086796
28.12545028101584
28.254315498042498
28.38397999726695
28.51446779442976
28.645804140137685
28.778015612535505
28.91113021921349
29.045177509509422
29.180188698540587
29.316196804510042
29.453236801078827
29.59134578689033
29.730563174685173
29.87093090286759
30.01249367289442
30.155299216476045
30.299398597332093
30.44484655316804
30.59170188467696
30.740027899781758
30.88989292309514
31.041370882788776
31.194541989867233
31.349493528421043
31.506320780039925
31.66512811155024
31.826030263087997
31.989153883919258
32.15463937736127
32.32264313507767
32.49334026704233
32.66692796978268
32.84362972701727
33.0237006111492
33.207434063525746
33.39517069605776
33.58730991074161
33.78432553624224
33.98678733952113
34.195391388553325
34.41100422181173
34.63472946543393
34.868012824923575
35.11281688678161
35.37193339613205
35.64959627268215
35.95285697051204
36.29538220079996
36.71289060163047