0.028428666082601597
0.08528602835035012
0.14214348092614906
0.19900108401674657
0.25585889783096283
0.31271698258051894
0.36957539848086574
0.42643420575201324
0.4832934646193598
0.5401532353145219
0.5970135780761636
0.6538745531508271
0.7107362207937628
0.7675986412697601
0.8244618748539787
0.8813259818327801
0.9381910225045599
0.9950570571805796
1.0519241461858004
1.108792349859716
1.1656617285571877
1.2225323426492785
1.279404252524088
1.3362775185875906
1.3931522012644695
1.4500283609989568
1.5069060582556697
1.563785353520452
1.6206663073012122
1.677548980128765
1.734433432557674
1.7913197251670934
1.8482079185616125
1.9050980733721004
1.9619902502565518
2.018884509900934
2.0757809130200346
2.1326795203583124
2.189580392690746
2.246483590823687
2.303389175595711
2.3602972078784754
2.417207748577571
2.474120858633382
2.5310365990219434
2.5879550307558006
2.6448762148848717
2.701800212497309
2.7587270847203653
2.8156568927212584
2.8725896977080394
2.929525560930462
2.986464543680854
3.0434067072949893
3.1003521131529626
3.157300822680066
3.2142528973476687
3.2712083986740943
3.328167388225504
3.385129927616781
3.442096078512418
3.499065902627401
3.5560394617281044
3.613016817633179
3.6699980322144494
3.726983167397809
3.7839722851641193
3.840965447550111
3.8979627166492863
3.954964154612828
4.011969823650502
4.068979786031575
4.125994104085721
4.183012840203939
4.2400360568394735
4.297063816508732
4.35409618179221
4.411133215335417
4.4681749798498025
4.525221538113692
4.582272952973218
4.639329287343258
4.696390604208372
4.753456966623752
4.81052843771616
4.867605080684881
4.924686958802677
4.9817741354167335
5.03886667394963
5.0959646379002885
5.153068090844949
5.210177096438129
5.267291718413601
5.32441202058536
5.381538066848609
5.438669921180736
5.495807647642298
5.552951310378013
5.610100973617747
5.667256701677517
5.72441855896048
5.781586609957947
5.83876091925038
5.895941551508412
5.953128571493853
6.010322044060713
6.067522034156225
6.124728606821867
6.181941827194398
6.239161760506891
6.296388472089767
6.353622027371845
6.410862491881385
6.468109931247143
6.525364411199421
6.582625997571135
6.639894756298875
6.697170753423974
6.7544540550935865
6.811744727561765
6.869042837190539
6.926348450451012
6.983661633924448
7.04098245430337
7.098310978392664
7.155647273110691
7.212991405490388
7.2703434426803994
7.327703451946193
7.385071500671188
7.442447656357892
7.499831986629037
7.557224559228724
7.614625442023575
7.672034703003886
7.729452410284789
7.786878632107415
7.844313436840076
7.90175689297943
7.959209069151674
8.01667003411373
8.074139856754442
8.131618606095778
8.189106351294031
8.246603161641048
8.304109106565436
8.36162425563379
8.419148678551938
8.476682445166164
8.534225625464462
8.59177828957779
8.649340507781325
8.706912350495733
8.764493888288433
8.822085191874885
8.879686332119874
8.9372973800388
8.99491840679898
9.052549483720961
9.110190682279823
9.167842074106511
9.225503730989164
9.283175724874441
9.340858127868884
9.39855101224025
9.456254450418882
9.51396851499908
9.571693278740467
9.629428814569374
9.687175195580238
9.744932495036995
9.802700786374492
9.860480143199897
9.91827063929413
9.976072348613293
10.03388534529011
10.09170970363538
10.149545498139432
10.207392803473596
10.265251694491681
10.323122246231453
10.381004533916139
10.43889863295592
10.496804618949461
10.55472256768541
10.612652555143951
10.670594657498338
10.728548951116442
10.78651551256232
10.844494418597774
10.902485746183954
10.96048957248292
11.018505974859272
11.076535030881734
11.134576818324804
11.192631415170363
11.250698899609333
11.308779350043324
11.366872845086302
11.424979463566261
11.483099284526917
11.5412323872294
11.599378851153965
11.657538756001712
11.71571218169632
11.773899208385796
11.83209991644422
11.89031438647352
11.948542699305255
12.006784936002399
12.06504117786115
12.123311506412751
12.181596003425309
12.239894750905647
12.298207831101157
12.356535326501662
12.414877319841306
12.47323389410044
12.53160513250754
12.589991118541118
12.648391935931661
12.706807668663583
12.76523840097718
12.82368421737062
12.882145202601919
12.940621441690956
12.999113019921491
13.057620022843205
13.116142536273731
13.174680646300747
13.23323443928403
13.291804001857574
13.35038942093168
13.408990783695094
13.46760817761715
13.526241690449925
13.584891410230412
13.64355742528272
13.70223982422027
13.76093869594802
13.819654129664722
13.87838621486516
13.937135041342437
13.995900699190264
14.054683278805273
14.113482870889346
14.172299566451956
14.231133456812541
14.289984633602872
14.348853188769475
14.407739214576035
14.46664280360584
14.525564048764247
14.584503043281149
14.643459880713479
14.702434654947734
14.761427460202494
14.820438391031002
14.87946754232373
14.93851500931098
14.997580887565507
15.056665273005155
15.115768261895536
15.174889950852688
15.23403043684581
15.293189817199972
15.35236818959887
15.411565652087608
15.470782303075488
15.530018241338826
15.589273566023808
15.648548376649343
15.707842773109968
15.767156855678753
15.826490725010242
15.885844482143428
15.945218228504727
16.004612065911004
16.064026096572615
16.12346042309646
16.182915148489098
16.242390376159847
16.30188620992393
16.361402754005667
16.42094011304166
16.480498392084026
16.540077696603653
16.599678132493487
16.659299806071836
16.71894282408573
16.778607293714277
16.838293322572085
16.898001018712655
16.957730490631896
17.017481847271572
17.077255198022858
17.13705065272987
17.19686832169327
17.25670831567389
17.316570745896367
17.376455724052832
17.436363362306643
17.49629377329612
17.556247070138348
17.616223366432983
17.67622277626612
17.736245414214174
17.79629139534782
17.85636083523594
17.916453849949647
17.976570556066303
18.036711070673594
18.096875511373657
18.15706399628722
18.217276644057797
18.277513573855924
18.33777490538341
18.39806075887767
18.458371255116052
18.518706515420266
18.579066661660775
18.6394518162613
18.699862102203333
18.760297643030693
18.820758562854152
18.881244986356055
18.941757038795053
19.002294846010816
19.062858534428837
19.123448231065268
19.18406406353179
19.24470616004055
19.305374649409153
19.36606966106567
19.42679132505372
19.487539772037614
19.54831513330752
19.609117540784684
19.669947127026752
19.730804025233056
19.791688369250046
19.852600293576707
19.913539933370078
19.974507424450792
20.035502903308696
20.096526507108514
20.15757837369559
20.218658641601643
20.279767450050645
20.340904938964705
20.402071248970046
20.463266521403025
20.52449089831623
20.58574452248463
20.647027537411798
20.708340087336193
20.769682317237496
20.83105437284306
20.892456400634355
20.95388854785355
21.015350962510116
21.07684379338753
21.138367190050033
21.199921302849482
21.26150628293224
21.32312228224616
21.384769453547673
21.446447950408885
21.508157927224822
21.56989953922071
21.63167294245934
21.693478293848536
21.75531575114868
21.817185472980317
21.87908761883189
21.941022349067484
22.002989824934733
22.06499020857277
22.127023663020257
22.189090352223552
22.251190441044923
22.313324095270875
22.37549148162057
22.437692767754335
22.499928122282267
22.562197714772946
22.62450171576224
22.686840296762213
22.74921363027012
22.811621889777545
22.874065249779587
22.936543885784218
22.999057974321683
23.061607692954066
23.124193220284933
23.186814735969094
23.249472420722494
23.31216645633221
23.374897025666552
23.437664312685317
23.50046850245013
23.563309781134937
23.6261883360366
23.689104355585624
23.75205802935704
23.815049548081376
23.878079103655782
23.94114688915531
24.004253098844277
24.067397928187834
24.13058157386361
24.19380423377356
24.25706610705591
24.320367394097268
24.38370829654491
24.447089017319158
24.51050976062597
24.573970731969666
24.6374721381658
24.70101418735423
24.76459708901228
24.82822105396818
24.891886294414554
24.95559302392219
25.019341457453887
25.08313181137856
25.146964303485476
25.21083915299869
25.27475658059167
25.338716808402108
25.402720060046907
25.466766560637403
25.530856536794747
25.594990216665504
25.659167829937452
25.72338960785561
25.78765578323843
25.85196659049428
25.91632226563805
25.98072304630808
26.04516917178322
26.1096608830002
26.174198422571184
26.238782034801577
26.303411965708076
26.368088463036955
26.432811776282616
26.49758215670639
26.562399857355583
26.627265133082787
26.692178240565493
26.757139438325915
26.82214898675114
26.887207148113546
26.952314186591487
27.017470368290297
27.082675961263572
27.147931235534756
27.21323646311904
27.27859191804556
27.343997876379945
27.40945461624712
27.47496241785453
27.540521563515615
27.606132337673674
27.671795026926063
27.73750992004874
27.803277308021183
27.86909748405164
27.934970743602822
28.000897384417875
28.06687770654684
28.13291201237342
28.19900060664222
28.265143796486328
28.331341891455377
28.39759520354397
28.46390404722057
28.530268739456837
28.596689599757386
28.663166950190007
28.72970111541636
28.796292422723152
28.86294120205375
28.929647786040356
28.996412510036613
29.063235712150778
29.13011773327936
29.19705891714136
29.26405961031297
29.331120162262902
29.398240925388208
29.46542225505073
29.532664509614108
29.59996805048138
29.667333242133203
29.734760452166697
29.8022500513349
29.8698024135869
29.937417916108586
30.005096939364126
30.07283986713806
30.14064708657817
30.20851898823899
30.2764559661261
30.344458417741144
30.412526744127593
30.480661349917312
30.54886264337789
30.617131036460805
30.685466944850383
30.753870788013632
30.82234298925091
30.890883975747492
30.959494178626016
31.028174032999857
31.09692397802744
31.165744456967495
31.234635917235323
31.303598810460002
31.372633592542684
31.44174072371589
31.51092066860387
31.580173896284094
31.649500880349816
31.718902098973782
31.78837803497313
31.857929175875473
31.92755601398617
31.99725904645688
32.067038775355385
32.13689570773669
32.20683035571551
32.27684323654006
32.3469348726673
32.41710579183953
32.4873565271626
32.557687617185415
32.62809960598114
32.6985930432299
32.76916848430308
32.839826490349346
32.910567628382225
32.98139247136955
33.05230159832458
33.12329559439896
33.19437505097755
33.26554056577512
33.336792742935074
33.408132193130065
33.47955953366474
33.55107538858055
33.62268038876272
33.69437517204942
33.76616038334323
33.83803667472487
33.910004705569385
33.98206514266469
34.05421866033269
34.12646594055295
34.198807673089
34.271244555617336
34.34377729385925
34.416406601715444
34.489133201403654
34.56195782359922
34.63488120757881
34.70790410136722
34.781027261887594
34.85425145511483
34.927577456232534
35.00100604979351
35.07453802988385
35.148174200290754
35.221915374674296
35.295762376743035
35.369716040433744
35.44377721009532
35.517946740677026
35.59222549792109
35.666614358559976
35.741114210518234
35.81572595311925
35.89045049729697
35.965288765812716
36.0402416934773
36.115310227378565
36.19049532711452
36.26579796503227
36.34121912647287
36.41675981002229
36.49242102776878
36.5682038055666
36.644109183306675
36.720138215194005
36.7962919700323
36.87257153151601
36.94897799852993
37.02551248545671
37.10217612249245
37.178970055970694
37.255895448695064
37.3329534802809
37.410145347506024
37.487472264671204
37.56493546397036
37.64253619587108
37.720275729505616
37.79815535307284
37.876176374251536
37.95434012062527
38.03264794011945
38.111101201450936
38.18970129459051
38.268449631238894
38.347347645316596
38.426396793468264
38.505598555581905
38.58495443532366
38.6644659606886
38.74413468456825
38.82396218533532
38.903950067446445
38.98409996206355
39.06441352769452
39.14489245085393
39.22553844674476
39.30635325996161
39.38733866521662
39.4684964680887
39.5498285057972
39.63133664800088
39.71302279762327
39.7948888917055
39.87693690228771
39.95916883732024
40.041586741605826
40.124192697774134
40.20698882729001
40.2899772914969
40.37316029269691
40.456540075269125
40.54011892682794
40.62389917942304
40.70788321078307
40.7920734456047
40.876472356889465
40.9610824673303
41.045906350750236
41.1309466335956
41.21620599648633
41.301687175826075
41.387392965474966
41.47332621848811
41.559489848922965
41.64588683371896
41.7325202146531
41.819393100375116
41.90650866852645
41.99387016794714
42.08148092097525
42.16934432584368
42.25746385917938
42.34584307861051
42.43448562548723
42.523395227722425
42.61257570275876
42.70203096066915
42.79176500739812
42.881781948151925
42.972085990945985
43.06268145031872
43.153572751221404
43.24476443309454
43.33626115414174
43.42806769581319
43.52018896751126
43.61263001153216
43.70539600825829
43.798492281617065
43.89192430482338
43.98569770642384
44.07981827666283
44.17429197419134
44.26912493314197
44.364323470594684
44.45989409446036
44.55584351181125
44.65217863768988
44.74890660443076
44.8460347715319
44.943570736116904
45.041522344031364
45.1398977016218
45.23870518824939
45.33795346959577
45.4376515118234
45.53780859665916
45.63843433747629
45.739538696457124
45.84113200292758
45.94322497296319
46.045828730377124
46.1489548292118
46.252615277869026
46.35682256502786
46.46158968751614
46.56693018031986
46.672858148935944
46.77938830429754
46.88653600052823
46.994317275812485
47.102748896704796
47.21184840624065
47.32163417625865
47.43212546439665
47.54334247628637
47.655306433542485
47.76803964822472
47.88156560454853
47.99590904873203
48.111096087999854
48.22715429991933
48.34411285342872
48.46200264313472
48.580856438715465
48.700709051575416
48.82159752127009
48.94356132466763
49.06664261135781
49.1908864694822
49.31634122697116
49.44305879417451
49.57109505511385
49.70051031613411
49.831369822678894
49.96374435738063
50.097710935802816
50.233353620222836
50.37076447710368
50.510044710802546
50.65130601520706
50.79467219724572
50.94028114284955
51.08828721881353
51.23886423592428
51.39220914398343
51.54854669469028
51.70813540452068
51.87127529443736
52.03831810638258
52.20968105020931
52.385865713453406
52.567484748436
52.7553006899268
52.95028449313306
53.15370778006429
53.36729640026419
53.593504722915995
53.83605400420541
54.1011400722438
54.40076747881182
54.766299272300266