0.025695574562813194
0.07708674184829069
0.12847796361348832
0.17986927617877568
0.2312607158653566
0.2826523189956029
0.334044121893388
0.3854361608844211
0.43682847229658056
0.48822109246024814
0.5396140577086428
0.5910074043781549
0.6424011688086801
0.693795387343954
0.7451900963318858
0.7965853321248936
0.8479811310802382
0.8993775295603583
0.9507745639332051
1.0021722705725773
1.0535706858584564
1.1049698461773414
1.1563697879225856
1.2077705474947307
1.2591721613018436
1.3105746657598523
1.361978097292882
1.4133824923335923
1.464787887323512
1.5161943187133786
1.567601822963474
1.6190104365439617
1.6704201959352258
1.721831137628208
1.7732432981247457
1.8246567139379122
1.876071421592353
1.9274874576246277
1.9789048585835474
2.0303236610305158
2.0817439015398684
2.1331656166992152
2.184588843109778
2.236013617386735
2.2874399761595603
2.338867956072368
2.3902975937842514
2.4417289259696298
2.493161989318588
2.5445968205372234
2.596033456347987
2.64747193349003
2.6989122887195474
2.7503545588101255
2.8017987805530855
2.853244990757831
2.9046932262521947
2.956143523882787
3.0075959205153406
3.059050453035064
3.1105071583469854
3.1619660733763055
3.213427235068746
3.2648906803909
3.3163564463305857
3.367824569897195
3.4192950881220465
3.4707680380587407
3.5222434567835115
3.573721381395579
3.6252018490175093
3.6766848967955634
3.7281705619000594
3.779658881525724
3.831149892892055
3.8826436332436747
3.934140139850691
3.985639450009058
4.037141601040934
4.088646630295042
4.140154575147034
4.191665472999853
4.243179361284093
4.294696277458365
4.3462162590096645
4.397739343453731
4.449265568335419
4.500794971229063
4.552327589738847
4.60386346149917
4.655402624175019
4.706945115462338
4.758490973088398
4.810040234812172
4.861592938424707
4.913149121749493
4.964708822642847
5.016272078994281
5.067838928726883
5.119409409797693
5.170983560198078
5.22256141795412
5.274143021126989
5.325728407813326
5.377317616145629
5.4289106842926325
5.480507650459693
5.532108552889173
5.5837134298608335
5.635322319692215
5.686935260739029
5.738552291395546
5.79017345009499
5.841798775309926
5.893428305552657
5.945062079375614
5.996700135371754
6.04834251217496
6.09998924846043
6.1516403829450805
6.203295954387951
6.254956001590595
6.306620563397492
6.358289678696446
6.409963386418991
6.461641725540798
6.513324735082084
6.565012454108014
6.616704921729121
6.668402177101709
6.720104259428267
6.771811207957891
6.823523061986686
6.875239860858191
6.926961643963796
6.978688450743162
7.030420320684639
7.0821572933256896
7.133899408253313
7.185646705104471
7.23739922356651
7.2891570033775945
7.340920084327136
7.39268850625622
7.444462309058039
7.496241532678335
7.54802621711582
7.5998164024226265
7.65161212870474
7.7034134361224424
7.755220364890747
7.807032955279853
7.858851247615579
7.910675282279819
7.962505099710986
8.014340740404462
8.066182244913055
8.118029653847442
8.169883007876637
8.221742347728437
8.273607714189891
8.325479148107751
8.377356690388938
8.429240382001009
8.481130263972618
8.53302637739399
8.584928763417382
8.636837463257564
8.688752518192281
8.740673969562744
8.792601858774091
8.84453622729588
8.896477116662554
8.948424568473946
9.000378624395742
9.05233932615998
9.104306715565542
9.156280834478634
9.20826172483329
9.260249428631862
9.312243987945518
9.364245444914738
9.416253841749828
9.468269220731408
9.52029162421093
9.57232109461118
9.62435767442679
9.676401406224754
9.728452332644936
9.780510496400595
9.832575940278899
9.884648707141448
9.936728839924799
9.988816381640993
10.040911375378085
10.093013864300671
10.145123891650428
10.197241500746642
10.249366734986754
10.3014996378469
10.353640252882448
10.405788623728553
10.457944794100701
10.510108807795264
10.562280708690045
10.614460540744846
10.666648348002017
10.718844174587028
10.771048064709024
10.823260062661397
10.875480212822353
10.92770855965549
10.979945147710367
11.032190021623089
11.08444322611688
11.136704806002674
11.188974806179697
11.241253271636058
11.293540247449346
11.345835778787219
11.398139910908002
11.450452689161299
11.502774158988581
11.55510436592381
11.607443355594041
11.659791173720034
11.712147866116878
11.7645134786946
11.816888057458803
11.86927164851128
11.921664298050649
11.974066052372983
12.026476957872452
12.078897061041959
12.131326408473774
12.1837650468602
12.236213022994203
12.288670383770079
12.3411371761841
12.393613447335182
12.446099244425545
12.49859461476138
12.55109960575352
12.603614264918113
12.656138639877303
12.708672778359912
12.76121672820212
12.813770537348157
12.866334253850997
12.918907925873054
12.971491601686882
13.024085329675879
13.076689158334995
13.129303136271446
13.181927312205426
13.234561734970834
13.287206453515989
13.339861516904366
13.392526974315329
13.445202875044854
13.497889268506292
13.550586204231088
13.603293731869556
13.65601190119161
13.708740762087537
13.761480364568753
13.814230758768566
13.866991994942953
13.919764123471337
13.972547194857357
14.025341259729657
14.078146368842686
14.13096257307747
14.183789923442431
14.236628471074175
14.28947826723831
14.34233936333025
14.395211810876042
14.448095661533177
14.500990967091427
14.55389777947367
14.606816150736734
14.65974613307223
14.712687778807412
14.76564114040601
14.818606270469111
14.871583221736003
14.92457204708505
14.97757279953457
15.030585532243705
15.08361029851331
15.13664715178684
15.18969614565125
15.24275733383789
15.29583077022341
15.348916508830683
15.40201460382971
15.455125109538542
15.508248080424227
15.561383571103725
15.614531636344859
15.66769233106726
15.720865710343315
15.774051829399138
15.827250743615519
15.88046250852891
15.93368717983239
15.986924813376655
16.04017546517101
16.09343919138436
16.146716048346217
16.200006092547707
16.25330938064258
16.30662596944825
16.359955915946802
16.41329927728605
16.466656110780555
16.5200264739127
16.57341042433373
16.626808019864814
16.68021931849813
16.73364437839793
16.787083257901628
16.840536015520897
16.894002709942754
16.947483400030695
17.00097814482577
17.054487003547735
17.10801003559618
17.16154730055164
17.21509885817677
17.268664768417484
17.32224509140411
17.375839887452567
17.42944921706554
17.483073140933655
17.536711719936687
17.590365015144748
17.6440330878195
17.697715999415376
17.751413811580797
17.805126586159414
17.858854385191346
17.91259727091444
17.966355305765514
18.02012855238165
18.07391707360145
18.12772093246633
18.181540192221835
18.235374916318907
18.28922516841524
18.343091012376565
18.396972512278015
18.45086973240546
18.504782737256853
18.558711591543588
18.612656360191885
18.666617108344163
18.72059390136044
18.774586804819737
18.828595884521466
18.88262120648689
18.93666283696052
18.99072084241159
19.044795289535486
19.098886245255226
19.15299377672293
19.207117951321308
19.261258836665153
19.315416500602854
19.36959101121792
19.423782436830503
19.47799084599894
19.532216307521313
19.586458890437008
19.64071866402831
19.694995697821962
19.749290061590788
19.80360182535531
19.857931059385354
19.912277834201703
19.966642220577747
20.02102428954113
20.07542411237546
20.129841760621954
20.18427730608117
20.238730820814716
20.29320237714697
20.34769204766682
20.402199905229434
20.456726022958023
20.511270474245602
20.565833332756817
20.620414672429735
20.675014567477675
20.72963309239104
20.784270321939186
20.838926331172267
20.893601195423138
20.94829499030924
21.00300779173451
21.057739675891323
21.112490719262425
21.16726099862288
21.222050591042066
21.27685957388566
21.33168802481762
21.386536021802243
21.441403643106177
21.49629096730049
21.551198073262732
21.606125040179023
21.661071947546173
21.716038875173787
21.771025903186413
21.826033112025698
21.881060582452566
21.936108395549407
21.991176632722283
22.04626537570318
22.101374706552217
22.156504707659955
22.211655461749658
22.2668270518796
22.32201956144538
22.3772330741823
22.432467674167683
22.487723445823292
22.543000473917704
22.598298843568763
22.65361864024599
22.70895994977308
22.76432285833037
22.819707452457344
22.875113819055166
22.930542045389235
22.985992219091745
23.04146442816429
23.09695876098047
23.15247530628854
23.208014153214062
23.263575391262602
23.31915911032242
23.37476540066722
23.430394352958896
23.48604605825031
23.5417206079881
23.59741809401552
23.653138608575265
23.70888224431238
23.764649094277146
23.82043925192802
23.876252811134577
23.932089866180515
23.98795051176666
24.043834843013965
24.09974295546663
24.155674945095164
24.211630908299497
24.26761094191214
24.323615143201355
24.37964360987438
24.435696440080616
24.49177373241495
24.547875585920988
24.604002100094434
24.6601533748864
24.71632951070681
24.77253060842783
24.828756769387276
24.885008095392134
24.941284688722053
24.99758665213288
25.053914088860267
25.110267102623244
25.166645797627897
25.22305027857103
25.279480650643883
25.33593701953588
25.39241949143841
25.448928173048664
25.505463171573464
25.562024594733174
25.618612550765633
25.67522714843011
25.731868497011327
25.78853670632348
25.845231886714352
25.90195414906941
25.95870360481599
26.015480365927477
26.072284544927566
26.129116254894548
26.185975609465633
26.24286272284132
26.299777709789808
26.35672068565146
26.413691766343295
26.470691068363536
26.527718708796215
26.58477480531577
26.64185947619178
26.698972840293642
26.75611501709539
26.813286126680485
26.870486289746715
26.9277156276111
26.984974262214863
27.042262316128465
27.099579912556667
27.15692717534366
27.214304228978236
27.271711198599025
27.329148209999776
27.386615389634688
27.444112864623822
27.501640762758523
27.559199212506954
27.616788343019632
27.674408284135072
27.732059166385444
27.789741121002326
27.847454279922502
27.905198775793814
27.96297474198109
28.020782312572127
28.078621622383736
28.136492806967855
28.19439600261773
28.25233134637415
28.31029897603176
28.368299030145444
28.426331648036758
28.484396969800464
28.542495136311096
28.60062628922963
28.65879057101022
28.71698812490697
28.77521909498085
28.833483626106634
28.891781863979915
28.95011395512423
29.00848004689824
29.066880287502986
29.12531482598925
29.18378381226497
29.242287397102746
29.30082573214745
29.359398969923895
29.418007263844594
29.476650768217613
29.53532963825454
29.594044030078482
29.652794100732198
29.711580008186324
29.770401911347676
29.829259970067646
29.888154345150728
29.94708519836308
30.006052692441255
30.065056991100988
30.124098259046086
30.183176661977456
30.242292366602193
30.301445540642806
30.36063635284655
30.419864972994844
30.479131571912827
30.538436321479022
30.597779394635094
30.657160965395754
30.71658120885876
30.776040301215044
30.83553841975897
30.895075742898694
30.95465245016667
31.014268722230266
31.073924740902537
31.13362068915309
31.193356751119104
31.253133112116494
31.31294995865119
31.372807478430566
31.432705860375016
31.492645294629664
31.552625972576216
31.612648086844978
31.672711831326993
31.73281740118637
31.792964992872733
31.85315480413385
31.913387034028403
31.973661882938934
32.03397955258495
32.094340246036204
32.154744167726115
32.21519152346541
32.275682520455895
32.336217367304435
32.396796274037094
32.45741945211347
32.51808711444122
32.57879947539077
32.63955675081018
32.700359158040314
32.76120691593007
32.82210024485188
32.88303936671749
32.94402450499377
33.0050558847189
33.066133732518715
33.127258276623216
33.188429746883415
33.24964837478829
33.310914393482065
33.37222803778167
33.433589544194426
33.49499915093606
33.556457097948865
33.617963626920144
33.679518981300944
33.74112340632502
33.802777149028046
33.86448045826712
33.92623358474054
33.98803678100785
34.049890301510175
34.11179440259082
34.173749342516196
34.235755381497036
34.29781278170988
34.359921807318905
34.42208272449804
34.48429580145346
34.546561308446314
34.608879517815836
34.671250704002816
34.73367514357332
34.796153115242916
34.85868489990106
34.92127078063601
34.98391104276001
35.046605973834914
35.10935586369809
35.17216100448885
35.23502169067516
35.29793821908082
35.36091088891302
35.42394000179032
35.48702586177109
35.55016877538232
35.613369051648924
35.676627002123496
35.73994294091646
35.80331718472677
35.86675005287306
35.93024186732524
35.99379295273663
36.057403636476586
36.12107424866365
36.184805122199215
36.248596592801704
36.31244899904134
36.37636268237543
36.44033798718425
36.504375260807485
36.56847485358126
36.63263711887576
36.69686241313356
36.761151095908374
36.82550352990471
36.88992008101791
36.954401118375095
37.01894701437658
37.08355814473815
37.14823488853393
37.21297762824001
37.277786749778855
37.34266264256437
37.40760569954783
37.47261631726451
37.53769489588118
37.602841839244405
37.6680575549296
37.73334245429107
37.79869695251282
37.86412146866029
37.92961642573297
37.99518225071804
38.06081937464477
38.126528232640105
38.19230926398509
38.25816291217233
38.32408962496457
38.39008985445424
38.456164057124084
38.52231269390895
38.58853623025868
38.65483513620215
38.7212098864125
38.78766096027355
38.85418884194748
38.92079402044381
38.98747698968955
39.0542382486008
39.12107830115566
39.18799765646852
39.25499682886573
39.32207633796282
39.389236708743134
39.45647847163797
39.52380216260837
39.591208323228365
39.65869750077002
39.72627024829
39.79392712471796
39.86166869494663
39.929495529923734
39.9974082067457
40.06540730875336
40.13349342562946
40.201667153498256
40.2699290950271
40.338279859530125
40.40672006307406
40.47525032858624
40.543871285964876
40.61258357219162
40.68138783144653
40.75028471522539
40.81927488245964
40.88835899963872
40.95753774093519
41.026811788332424
41.09618183175512
41.16564856920268
41.23521270688545
41.30487495936401
41.37463604969147
41.44449670955903
41.5144576794447
41.58451970876542
41.65468355603253
41.72494998901088
41.79531978488147
41.86579373040789
41.936372622106504
42.00705726642069
42.077848479899025
42.14874708937774
42.219753932167414
42.29086985624405
42.36209572044481
42.43343239466834
42.50488076007991
42.57644170932161
42.648116146727546
42.71990498854438
42.791809163157254
42.86382961132133
42.935967286399055
43.00822315460343
43.080598195247326
43.153093400999154
43.22570977814506
43.29844834685779
43.37131014147252
43.44429621076983
43.51740761826603
43.590645442511175
43.664010777394836
43.73750473246009
43.81112843322585
43.884883021517865
43.95876965580868
44.03278951156685
44.106943781615705
44.18123367650206
44.25566042487506
44.330225273875676
44.404929489537096
44.479774357196526
44.55476118191857
44.62989128893091
44.705166024072376
44.780586754254195
44.85615486793462
44.93187177560753
45.00773891030556
45.08375772811821
45.15992970872549
45.23625635594779
45.31273919831238
45.38937978963742
45.46617970963388
45.543140564526325
45.620263987693036
45.69755164032639
45.77500521211423
45.85262642194311
45.930417018624105
46.008378781642364
46.086513521931145
46.16482308267135
46.24330934011774
46.321974204452815
46.40081962066945
46.47984756948373
46.55906006827891
46.63845917208217
46.71804697457539
46.79782560914131
46.87779724994697
46.95796411306565
47.03832845763929
47.118892587083145
47.19965885033451
47.28062964314756
47.36180740943645
47.44319464266883
47.524793887312164
47.606607740335406
47.68863885276851
47.77088993132266
47.85336374007409
47.93606310221468
48.0189909018725
48.1021500860058
48.18554366637423
48.269174721591035
48.35304639926055
48.43716191820513
48.521524570786475
48.606137725326114
48.6910048286303
48.776129408625074
48.86151507710735
48.947165532618286
49.033084563446
49.119276050764476
49.20574397191664
49.292492403849714
49.379525526711646
49.466847627617994
49.55446310459936
49.64237647074003
49.73059235851957
49.81911552436944
49.907950853458104
49.997103364718946
50.08657821613604
50.176380710304535
50.266516300283264
50.35699059575877
50.44780936954124
50.53897856441491
50.630504300366695
50.72239288221925
50.81465080769672
50.907284775953535
51.00030169659964
51.093708699258
51.18751314369362
51.28172263055672
51.37634501278644
51.47138840772589
51.56686121000382
51.66277210524347
51.759130084665024
51.855944460654364
51.95322488337795
52.05098135853181
52.14922426632122
52.247964381778
52.347212896533016
52.44698144217456
52.54728211533701
52.648127504680176
52.74953071993778
52.85150542323386
52.95406586288881
53.057226909963276
53.16100409781777
53.26541366500016
53.3704726018124
53.476198700952494
53.58261061267966
53.689727905010145
53.79757112952037
53.90616189341404
54.01552293860332
54.12567822866362
54.23665304464871
54.34847409090424
54.46116961219464
54.57476952366977
54.68930555544781
54.804811413890974
54.92132296201031
55.03887842186999
55.15751860238767
55.277287156568654
55.398230872997544
55.520400007379116
55.64384866112117
55.76863521545076
55.894822831439264
56.022480028696826
56.15168135854105
56.282508191362986
56.41504964300195
56.54940367161426
56.68567838536521
56.82399361312813
56.96448280646075
57.107295363251716
57.25259949430271
57.40058579789183
57.55147177055652
57.70550757535461
57.86298352881427
58.02423998357853
58.189680625844964
58.35979076644213
58.53516315420808
58.716535521932016
58.904847205236074
59.10132836258721
59.30764849439703
59.52618172275848
59.76052745543067
60.016678323736876
60.306244499621975
60.65955664679846