0.03263299039862651
0.097899031189572
0.1631652519630288
0.22843177271211737
0.29369871343712783
0.3589661941483886
0.42423433486913575
0.48950325563838304
0.5547730765137933
0.6200439175745508
0.6853158989242359
0.7505891406937003
0.8158637630439446
0.8811398861689989
0.9464176302988037
1.011697115702096
1.0769784626892955
1.1422617916153948
1.2075472228828534
1.2728348769444946
1.338124874306404
1.4034173355308357
1.4687123812391183
1.5340101321145683
1.599310708905405
1.6646142324276734
1.7299208235681671
1.7952306032873615
1.8605436926223482
1.9258602126897768
1.9911802846888011
2.056504029904032
2.121831569708496
2.187163025566601
2.2524985190371054
2.317838171776098
2.3831821055399818
2.4485304421884666
2.513883303687568
2.5792408121126136
2.644603089651258
2.7099702586065053
2.775342441399739
2.8407197605737626
2.9061023387958453
2.9714902988607803
3.036883763693949
3.102282856354397
3.1676877000379187
3.2330984180801505
3.2985151339596754
3.363937971301139
3.429367053878373
3.4948025056175296
3.5602444506002318
3.6256930130667286
3.6911483174190654
3.7566104882242626
3.822079650217513
3.8875559283053827
3.9530394475690303
4.018530333267437
4.0840287108406494
4.149534705913036
4.215048444296555
4.280570051994042
4.3460996552025035
4.411637380316428
4.477183353931114
4.542737702846011
4.608300554068074
4.6738720348151315
4.739452272519279
4.805041394830276
4.870639529618966
4.9362468049807084
5.001863349238838
5.067489290948123
5.133124758898258
5.198769882117363
5.26442478987551
5.330089611688253
5.395764477320196
5.4614495167885595
5.527144860366782
5.592850638588134
5.658566982249348
5.724294022414277
5.790031890417567
5.8557807178683525
5.921540636653972
5.987311778943704
6.053094277192529
6.118888264144905
6.184693872838576
6.250511236608391
6.316340489090159
6.382181764224514
6.448035196260815
6.5139009197610624
6.579779069603842
6.6456697809882925
6.7115731894381
6.777489430805516
6.843418641275398
6.9093609573692865
6.975316515949498
7.041285454223248
7.107267909746804
7.173264020429666
7.239273924538769
7.3052977607027225
7.371335667916075
7.437387785543603
7.503454253324641
7.569535211377432
7.635630800203513
7.701741160692128
7.76786643412468
7.834006762179202
7.900162286934879
7.966333150876582
8.03251949689945
8.098721468313506
8.16493920884829
8.231172862657552
8.29742257432396
8.363688488863854
8.429970751732034
8.496269508826579
8.562584906493713
8.62891709153271
8.69526621120081
8.761632413218223
8.828015845773121
8.89441665752671
8.960834997618313
9.027271015670513
9.093724861794332
9.160196686594448
9.226686641174458
9.293194877142192
9.359721546615047
9.426266802225397
9.49283079712603
9.559413684995626
9.626015620044294
9.692636757019152
9.75927725120995
9.825937258454747
9.892616935145636
9.959316438234513
10.026035925238906
10.092775554247845
10.159535483927792
10.226315873528616
10.293116882889631
10.359938672445677
10.42678140323326
10.493645236896752
10.560530335694644
10.627436862505844
10.694364980836063
10.761314854824224
10.82828664924895
10.895280529535116
10.962296661760448
11.029335212662193
11.096396349643852
11.163480240781968
11.230587054832995
11.297716961240205
11.364870130140698
11.432046732372449
11.499246939481429
11.566470923728811
11.63371885809823
11.700990916303116
11.768287272794108
11.835608102766532
11.902953582167951
11.970323887705812
12.037719196855132
12.105139687866297
12.172585539772921
12.240056932399783
12.307554046370859
12.375077063117416
12.442626164886212
12.510201534747754
12.577803356604669
12.645431815200139
12.713087096126435
12.780769385833535
12.848478871637848
12.916215741731
12.983980185188738
13.051772391979927
13.119592552975623
13.187440859958269
13.25531750563097
13.323222683626874
13.391156588518664
13.459119415828138
13.5271113620359
13.595132624591162
13.663183401921644
13.731263893443593
13.799374299571904
13.867514821730357
13.935685662361973
14.00388702493948
14.072119113975894
14.14038213503523
14.208676294743322
14.277001800798773
14.345358861984032
14.413747688176585
14.4821684903603
14.550621480636867
14.619106872237403
14.687624879534173
14.756175718052456
14.824759604482542
14.89337675669188
14.962027393737365
15.030711735877759
15.09943000458628
15.168182422563321
15.236969213749342
15.305790603337895
15.37464681778882
15.44353808484159
15.512464633528834
15.581426694190007
15.650424498485236
15.71945827940933
15.788528271305978
15.857634709882094
15.926777832222367
15.995957876803978
16.0651750835115
16.134429693652
16.203721949970298
16.27305209666445
16.342420379401425
16.411827045332956
16.48127234311161
16.55075652290708
16.620279836422636
16.689842536911858
16.759444879195513
16.829087119678704
16.89876951636822
16.968492328890104
17.03825581850749
17.10806024813862
17.17790588237513
17.24779298750058
17.317721831509246
17.387692684125092
17.457705816821093
17.52776150283874
17.597860017207847
17.668001636766625
17.738186640182008
17.80841530797027
17.878687922517933
17.949004768102935
18.01936613091612
18.089772299083
18.160223562685832
18.230720213786014
18.301262546446754
18.3718508567561
18.44248544285028
18.513166604937357
18.583894645321227
18.654669868425984
18.72549258082059
18.79636309124392
18.867281710630184
18.93824875213468
19.00926453115995
19.080329365382294
19.1514435747787
19.22260748165412
19.293821410669207
19.36508568886842
19.436400645708545
19.507766613087668
19.579183925374558
19.65065291943849
19.72217393467952
19.79374731305924
19.865373399131936
19.9370525400763
20.00878508572757
20.080571388610167
20.152411803970864
20.224306689812433
20.296256406927835
20.36826131893493
20.44032179231173
20.512438196432218
20.584610903602698
20.65684028909876
20.729126731202793
20.801470611242127
20.87387231362775
20.946332225893677
21.01885073873694
21.09142824605821
21.164065145003104
21.23676183600414
21.309518722823395
21.382336212595867
21.455214715873506
21.52815464667005
21.601156422506534
21.674220464457587
21.74734719719853
21.820537049053204
21.89379045204266
21.96710784193464
22.040489658293936
22.11393634453355
22.18744834796679
22.261026119860233
22.33467011548761
22.408380794184623
22.482158619404718
22.556004058775834
22.629917584158157
22.70389967170289
22.77795080191204
22.85207145969931
22.926262134452053
23.00052332009434
23.074855515151164
23.149259222813818
23.22373495100645
23.29828321245382
23.37290452475035
23.447599410430357
23.522368397039685
23.597212017208587
23.672130808726013
23.74712531461527
23.8221960832111
23.89734366823824
23.97256862889144
24.047871529917057
24.123252941696116
24.1987134403291
24.27425360772227
24.349874031675693
24.42557530597303
24.501358030473007
24.577222811202752
24.653170260452935
24.729200996874816
24.80531564557923
24.88151483823755
24.957799213184675
25.034169415524133
25.11062609723527
25.187169917282688
25.26380154172788
25.340521643843193
25.417330904228134
25.49423001092813
25.57121965955573
25.648300553414384
25.725473403624825
25.802738929254158
25.880097857447648
25.9575509235634
26.035098871309895
26.112742452886515
26.190482429127147
26.2683195696469
26.34625465299205
26.424288466793346
26.502421807922634
26.580655482653064
26.658990306822837
26.737427106002674
26.815966715667074
26.894609981369463
26.973357758921395
27.052210914575824
27.131170325214676
27.210236878540773
27.289411473274217
27.368695019353456
27.448088438141042
27.527592662634362
27.607208637681325
27.686937320201334
27.76677967941152
27.846736697058525
27.92680936765596
28.00699869872768
28.08730571105711
28.167731438942752
28.2482769304601
28.328943247730162
28.409731467194746
28.490642679898805
28.571677991779993
28.652838523965666
28.734125413077646
28.81553981154486
28.897082887924242
28.978755827230078
29.060559831272123
29.142496119002725
29.22456592687332
29.306770509200557
29.38911113854238
29.47158910608445
29.554205722037196
29.636962316043903
29.71986023760018
29.80290085648525
29.88608556320541
29.969415769450155
30.052892908561347
30.13651843601595
30.220293829922795
30.30422059153382
30.388300245770456
30.472534341765524
30.556924453421374
30.641472179984792
30.726179146639257
30.811047005115324
30.896077434319682
30.981272140983695
31.06663286033211
31.15216135677275
31.237859424607986
31.323728888768844
31.409771605572644
31.4959894635051
31.582384384027872
31.66895832241257
31.755713268602314
31.842651248101948
31.92977432289814
32.01708459241054
32.10458419447535
32.19227530636266
32.280160145828965
32.36824097220644
32.456520087530464
32.5449998377071
32.6336826137224
32.72257085289513
32.81166704017517
32.90097370948937
32.99049344513721
33.08022888323841
33.17018271323507
33.26035767945061
33.350756582708485
33.4413822820133
33.532237696297386
33.62332580623601
33.714649656134554
33.80621235589117
33.89801708303875
33.9900670848701
34.08236568065051
34.174916263922334
34.26772230490613
34.36078735300356
34.45411503940725
34.54770907982346
34.64157327731344
34.73571152526002
34.830127810466315
34.924826216393676
35.01981092654692
35.11508622801497
35.210656515175806
35.30652629357533
35.4027001839901
35.499182926684966
35.59597938587706
35.69309455441877
35.79053355871282
35.88830166387407
35.98640427915309
36.08484696363843
36.183635432254995
36.28277556207807
36.38227339898331
36.482135164655226
36.582367263978114
36.682976292835434
36.78396904634577
36.885352527565814
36.98713395669342
37.089320780806496
37.19192068417665
37.294941599199866
37.39839171799029
37.5022795046873
37.60661370853057
37.71140337776299
37.81665787442688
37.92238689012503
38.02860046282538
38.13530899479541
38.24252327176124
38.350254483396064
38.45851424525294
38.56731462226962
38.676668153985986
38.78658788163049
38.89708737724885
39.008180775067686
39.11988280530802
39.232208830688215
39.34517488588445
39.45879772024911
39.573094844124476
39.68808457913119
39.8037861128597
39.92021955844864
40.03740601959876
40.15536766164536
40.27412778939926
40.393710932566954
40.51414293967879
40.635451081592045
40.75766416579881
40.88081266296037
41.00492884731784
41.13004695289962
41.25620334777051
41.3834367289564
41.511788341147614
41.64130222285321
41.772025484371795
41.90400862279419
42.03730588030026
42.17197565331113
42.30808096167845
42.44568998913036
42.58487670877295
42.72572161073907
42.86831255331366
43.01274576436914
43.159127027162484
43.307573094112314
43.458213384997904
43.61119204342292
43.76667044931904
43.92483031866294
44.08587756894388
44.250047197286285
44.41760951877281
44.588878263935655
44.76422126787348
44.944074853609415
45.128963617986734
45.31952835621492
45.5165666809236
45.72109427897908
45.934441446007824
46.15841379199123
46.395579307645576
46.64983182936056
46.927655083138156
47.241612607822674
47.624531372124814