0.032803324714755853
0.0984100357201384
0.16401693145463606
0.2296241350760011
0.29523176974949944
0.3608399586509169
0.42644882496956604
0.49205849191129425
0.5576690827014926
0.6232807205881068
0.6888935288446487
0.7545076307732107
0.8201231497074812
0.8857402090157637
0.9513589321039962
1.016979442418776
1.0826018634503842
1.1482263187358175
1.213852931861818
1.2794818264679122
1.3451131262494491
1.410746954960645
1.4763834364176325
1.542022694501511
1.6076648531614064
1.673310036417532
1.7389583683642558
1.8046099731731735
1.8702649750961866
1.935923498468586
2.0015856677121424
2.0672516073382017
2.1329214419507876
2.1985952962497124
2.264273295033691
2.3299555632034648
2.395642225764933
2.461333407832291
2.527029234631174
2.5927298315018144
2.6584353239022023
2.7241458374112564
2.789861497732005
2.8555824306947724
2.9213087622603786
2.987040618523348
3.052778125715122
3.1185214102072907
3.184270598514829
3.2500258172993424
3.3157871933723295
3.381554853698447
3.4473289253987933
3.513109535754201
3.578896812208539
3.6446908823720294
3.7104918740245765
3.7762999151191066
3.8421151337849198
3.907937658331061
3.9737676172496954
4.039605139219504
4.105450353109091
4.171303387980403
4.237164373092168
4.303033437903343
4.368910712076582
4.434796325481713
4.5006904081992385
4.566593090523844
4.632504502967925
4.6984247762651385
4.764354041373956
4.830292429481245
4.896240072005863
4.962197100602274
5.028163647164173
5.094139843828142
5.160125822977313
5.226121717245053
5.292127659518672
5.35814378294315
5.4241702209248785
5.49020710713542
5.556254575515306
5.622312760277828
5.6883817959128775
5.754461817190785
5.820552959166195
5.8866553571819535
5.952769146873031
6.018894464170448
6.085031445305247
6.1511802268124685
6.217340945535163
6.283513738628423
6.349698743563437
6.415896098131574
6.48210594044849
6.54832840895826
6.614563642437538
6.680811779999743
6.74707296109927
6.813347325535728
6.879635013458216
6.9459361653696075
7.012250922130882
7.078579424965476
7.144921815463666
7.211278235586979
7.277648827672641
7.344033734438041
7.410433098985245
7.4768470648055265
7.543275775783935
7.6097193762039
7.67617801075186
7.742651824521934
7.809140963020618
7.875645572171527
7.942165798320157
8.008701788238698
8.07525368913087
8.141821648636805
8.208405814837962
8.275006336262072
8.34162336188814
8.408257041151467
8.474907523948714
8.54157496064302
8.60825950206914
8.674961299538637
8.741680504845114
8.808417270269478
8.875171748585263
8.941944093063979
9.00873445748052
9.0755429961186
9.142369863776251
9.209215215771351
9.276079207947209
9.342961996678197
9.409863738875414
9.476784591992416
9.543724714030997
9.610684263546991
9.677663399656161
9.744662282040112
9.811681070952272
9.878719927223907
9.945779012270215
10.012858488096446
10.079958517304098
10.147079263097153
10.21422088928838
10.281383560305692
10.348567441198552
10.41577269764445
10.48299949595543
10.55024800308468
10.617518386633195
10.684810814856469
10.752125456671287
10.819462481662555
10.88682206009021
10.954204362896187
11.021609561711445
11.089037828863084
11.156489337381501
11.223964261007637
11.291462774200282
11.358985052143456
11.426531270753863
11.494101606688405
11.561696237351804
11.629315340904245
11.696959096269152
11.764627683140999
11.832321281993226
11.900040074086217
11.967784241475368
12.035553967019233
12.103349434387757
12.17117082807059
12.23901833338548
12.306892136486772
12.374792424373968
12.4427193849004
12.510673206781977
12.578654079606038
12.64666219384028
12.714697740841798
12.782760912866213
12.850851903076888
12.91897090555427
12.987118115305291
13.055293728272916
13.123497941345756
13.191730952367802
13.259992960148274
13.328284164471556
13.396604766107261
13.464954966820388
13.533334969381611
13.601744977577663
13.670185196221851
13.738655831164682
13.807157089304603
13.875689178598877
13.944252308074567
14.012846687839652
14.08147252909427
14.150130044142086
14.218819446401797
14.287540950418759
14.35629477187676
14.425081127609925
14.493900235614756
14.562752315062319
14.631637586310573
14.700556270916838
14.769508591650421
14.83849477250538
14.907515038713456
14.976569616757137
15.045658734382906
15.114782620614621
15.183941505767082
15.253135621459744
15.322365200630605
15.391630477550263
15.460931687836146
15.530269068466913
15.599642857797045
15.669053295571596
15.738500622941148
15.807985082476941
15.877506918186201
15.947066375527644
16.016663701427206
16.086299144293932
16.15597295403611
16.225685382077575
16.295436681374248
16.36522710643086
16.435056913317933
16.504926359688923
16.574835704797646
16.644785209515895
16.714775136351292
16.784805749465374
16.854877314691944
16.92499009955561
16.995144373290632
17.06534040685997
17.135578472974625
17.2058588461132
17.276181802541764
17.34654762033396
17.416956579391393
17.487408961464286
17.557905050172444
17.62844513102647
17.699029491449306
17.769658420798038
17.84033221038604
17.9110511535054
17.98181554544966
18.05262568353689
18.12348186713307
18.194384397675815
18.265333578698424
18.33632971585428
18.407373116941596
18.478464091928515
18.549602952978557
18.620790014476462
18.69202559305438
18.763310007618465
18.834643579375815
18.90602663186187
18.97745949096816
19.04894248497047
19.120475944557455
19.192060202859626
19.26369559547883
19.33538246051811
19.407121138612073
19.478911972957647
19.55075530934538
19.62265149619115
19.69460088456839
19.766603828240818
19.83866068369562
19.9107718101772
19.982937569721425
20.055158327190405
20.127434450307817
20.199766309694766
20.27215427890625
20.344598734468164
20.41710005591489
20.489658625827516
20.56227482987262
20.634949056841727
20.707681698691346
20.780473150583703
20.853323810928092
20.926234081422937
20.9992043670985
21.07223507636034
21.145326621033433
21.218479416407057
21.291693881280423
21.364970438009035
21.438309512551864
21.51171153451929
21.585176937221853
21.658706157719845
21.732299636873723
21.80595781939541
21.879681153900446
21.953470092961066
22.02732509316015
22.101246615146184
22.175235123689077
22.249291087737063
22.323414980474517
22.397607279380832
22.471868466290335
22.546199027453255
22.6205994535978
22.69507023999334
22.769611886514703
22.844224897707676
22.918909782855675
22.99366705604762
23.06849723624709
23.1434008473627
23.218378418319823
23.293430483133633
23.36855758098348
23.44376025628871
23.51903905878585
23.594394543607326
23.66982727136159
23.745337808214856
23.82092672597433
23.8965946021731
23.972342020156614
24.048169569170884
24.12407784445238
24.200067447319682
24.276138985266964
24.35229307205929
24.42853032782983
24.504851379178998
24.581256859275594
24.65774740795996
24.734323671849243
24.810986304444786
24.88773596624172
24.964573324840803
25.041499055062555
25.118513839063777
25.195618366456472
25.272813334429276
25.350099447871433
25.427477419499375
25.504947969986027
25.58251182809281
25.660169730804544
25.737922423467204
25.81577065992868
25.89371520268261
25.971756823015333
26.049896301156092
26.12813442643056
26.206471997417758
26.28490982211049
26.363448718079376
26.442089512640578
26.52083304302734
26.599680156565437
26.67863171085263
26.75768857394228
26.836851624531185
26.916121752151827
26.995499857369097
27.07498685198163
27.154583659227967
27.234291213997565
27.314110463046877
27.39404236522063
27.474087891678487
27.554248026127148
27.634523765058226
27.714916117991898
27.795426107726634
27.87605477059512
27.9568031567266
28.037672330315807
28.118663369898727
28.19977736863537
28.281015434599798
28.36237869107762
28.443868276871225
28.52548534661294
28.60723107108643
28.689106637556606
28.771113250108233
28.853252129993674
28.93552451598991
29.017931664765275
29.100474851256138
29.183155369053953
29.26597453080294
29.34893366860883
29.43203413445901
29.51527730065451
29.59866456025417
29.682197327531505
29.76587703844461
29.849705151119707
29.933683146348656
30.01781252810109
30.10209482405156
30.18653158612239
30.271124391042655
30.35587484092403
30.44078456385402
30.52585521450729
30.611088474775766
30.696486054418205
30.782049691729984
30.867781154233906
30.953682239392815
31.039754775344885
31.126000621662488
31.212421670135548
31.299019845580386
31.385797106675092
31.472755446822454
31.559896895041625
31.647223516889696
31.73473741541439
31.822440732139217
31.91033564808247
31.998424384811432
32.0867092055334
32.175192416225045
32.263876366801796
32.352763452329036
32.44185611427695
32.53115684182095
32.62066817318972
32.71039269706317
32.80033305402238
32.890491938054126
32.980872098112414
33.071476339739796
33.16230752675118
33.25336858298327
33.34466249411273
33.43619230954639
33.52796114438714
33.61997218147917
33.712228673536586
33.80473394535965
33.897491396143046
33.990504501880935
34.08377681787394
34.17731198134326
34.27111371415773
34.36518582567988
34.459532215737305
34.554156877726406
34.649063901855705
34.74425747853652
34.839741901929386
34.935521573655116
35.031601006679956
35.12798482938496
35.224677789830594
35.321684760228045
35.41901074162982
35.51666086885292
35.61464041564902
35.712954800137034
35.811609590514614
35.91061051106646
36.00996344848863
36.10967445854949
36.2097497731097
36.31019580752526
36.41101916845971
36.512226662133656
36.613825303042056
36.71582232317241
36.81822518175968
36.92104157561695
37.024279450084066
37.127947010640604
37.23205273523318
37.336605387372124
37.44161403005732
37.54708804059889
37.65303712640425
37.75947134181062
37.86640110604901
37.9738372224351
38.08179089889155
38.190273769917134
38.29929792013051
38.40887590952954
38.51902080062257
38.629746187605534
38.74106622777768
38.85299567541124
38.96554991831504
39.078745017360625
39.192597749271776
39.307125653015255
39.422347080173076
39.53828124972512
39.65494830772687
39.77236939243184
39.89056670548267
40.00956358988209
40.12938461555593
40.2500556734383
40.37160407914789
40.49405868748729
40.61745001918928
40.741810401562816
40.86717412496254
40.99357761733027
41.12105963944701
41.24966150400376
41.379427322169626
41.51040428203029
41.642642964120824
41.77619770032612
41.91112698372251
42.04749393855844
42.18536686161231
42.32481984875024
42.46593352380431
42.60879589113707
42.75350333877122
42.90016182619438
43.04888830053155
43.19981239762322
43.353078501978224
43.508848263543236
43.66730370268645
43.828651082237776
43.99312579391224
44.16099860725644
44.33258378094015
44.50824977010483
44.68843363427419
44.87366085705281
45.06457331842032
45.26196998330078
45.46686826330908
45.68060071678819
45.904976030210264
46.14256657772588
46.39727285514611
46.67558970023764
46.990102232035994
47.373693951409685