0.03668923575424356
0.11006781503701443
0.18344671764675224
0.2568261591484876
0.3302063551278319
0.40358752119921243
0.47696987301411153
0.5503536262693088
0.6237389967151298
0.6971262001636988
0.7705154524972004
0.8439069696761479
0.91730096774766
0.9906976628537484
1.064097271239615
1.1375000092619616
1.2109060933973097
1.284315740250338
1.3577291665622293
1.4311465892190367
1.5045682252600634
1.5779942918862608
1.6514250064686455
1.7248605865567337
1.7983012498869957
1.871747214391334
1.9451986982055804
2.018655919678017
2.0921190973779233
2.165588450104143
2.2390641968936826
2.312546557030335
2.3860357500533276
2.459531995766005
2.5330355142445367
2.6065465258466602
2.680065251220452
2.7535919113131335
2.8271267273799134
2.9006699209928604
2.974221714049815
3.04778232878334
3.1213519877697053
3.194930913937917
3.268519330578782
3.342117461354019
3.415725530305409
3.4893437618639904
3.5629723808593012
3.636611612528665
3.710261682526524
3.7839228169338246
3.857595242267446
3.9312791854896876
4.004974874017801
4.07868253573358
4.152402398993006
4.226134692635943
4.2998796459958974
4.37363748890983
4.447408451728033
4.521192765324062
4.594990661104735
4.668802371020192
4.742628127574021
4.816468163833454
4.890322713439619
4.964192010617874
5.038076290188206
5.111975787575698
5.185890738821079
5.259821380591337
5.333767950190418
5.407730685569998
5.481709825340338
5.555705608781208
5.629718275852917
5.703748067207398
5.7777952241994015
5.851859988897766
5.925942604096777
6.000043313327619
6.074162360869924
6.148299991763399
6.222456451819572
6.296631987633609
6.370826846596256
6.445041276905862
6.519275527580515
6.593529848470282
6.667804490269553
6.742099704529494
6.81641574367061
6.890752860995426
6.965111310701275
7.039491347893206
7.113893228597012
7.188317209772374
7.262763549326136
7.337232506125698
7.411724340012537
7.486239311815859
7.5607776833663864
7.635339717510276
7.709925678123168
7.784535830124387
7.859170439491271
7.933829773273653
8.008514099608488
8.083223687734625
8.157958808007729
8.23271973191537
8.307506732092248
8.382320082335603
8.457160057620762
8.532026934116866
8.606920989202768
8.681842501483091
8.756791750804462
8.831769018271933
8.906774586265575
8.981808738457252
9.056871759827585
9.131963936683112
9.207085556673631
9.28223690880974
9.357418283480593
9.432629972471835
9.50787226898376
9.583145467649677
9.658449864554493
9.733785757253502
9.80915344479141
9.884553227721579
9.959985408125501
10.03545028963251
10.110948177439727
10.186479378332251
10.262044200703588
10.337642954576353
10.413275951623193
10.488943505188011
10.564645930307414
10.640383543732458
10.716156663950667
10.791965611208303
10.867810707532957
10.94369227675641
11.019610644537781
11.095566138386996
11.171559087688546
11.247589823725562
11.3236586797042
11.399765990778363
11.475912094074735
11.552097328718157
11.628322035857344
11.704586558690943
11.780891242493954
11.857236434644495
11.933622484650948
12.010049744179472
12.086518567081898
12.163029309423997
12.239582329514173
12.316177987932523
12.392816647560325
12.469498673609948
12.54622443365517
12.622994297661938
12.699808638019574
12.77666782957242
12.85357224965194
12.930522278109313
13.007518297348463
13.084560692359611
13.16164985075329
13.238786162794893
13.315970021439709
13.393201822368502
13.470481964023614
13.547810847645614
13.625188877310505
13.702616459967494
13.780094005477345
13.857621926651312
13.935200639290676
14.012830562226906
14.09051211736243
14.168245729712039
14.246031827444975
14.323870841927633
14.401763207766987
14.479709362854672
14.5577097484118
14.635764809034463
14.713874992740008
14.792040751014026
14.870262538858135
14.948540814838525
15.026876041135308
15.105268683592687
15.18371921176994
15.26222809899328
15.340795822408554
15.419422863034843
15.498109705818964
15.576856839690894
15.65566475762014
15.734533956673074
15.813464938071245
15.892458207250707
15.971514273922368
16.050633652133406
16.129816860329726
16.209064421419555
16.28837686283814
16.367754716613565
16.44719851943381
16.526708812714954
16.606286142670605
16.685931060382607
16.765644121873034
16.84542588817747
16.92527692541965
17.005197804887455
17.085189103110352
17.165251401938217
17.245385288621677
17.325591355893923
17.405870202054082
17.48622243105216
17.566648652575594
17.647149482137497
17.7277255411665
17.808377457098445
17.88910586346977
17.969911400012744
18.050794712752555
18.13175645410631
18.21279728298399
18.293917864891394
18.375118872035173
18.456400983429916
18.53776488500742
18.619211269728172
18.700740837695093
18.7823542962696
18.864052360190044
18.94583575169262
19.027705200634745
19.10966144462104
19.191705229131923
19.273837307654922
19.35605844181877
19.438369401530338
19.520770965114494
19.603263919456978
19.685849060150343
19.76852719164309
19.85129912739201
19.934165690017913
20.017127711464767
20.10018603316234
20.18334150619252
20.266594991459293
20.349947359862597
20.433399492476084
20.516952280728916
20.600606626591762
20.684363442767005
20.768223652883407
20.852188191695266
20.936258005286234
21.020434051277913
21.104717299043415
21.18910872992594
21.273609337462638
21.35822012761379
21.442942118997575
21.527776343130515
21.612723844673805
21.697785681685684
21.78296292588006
21.868256662891568
21.95366799254723
22.03919802914498
22.12484790173921
22.2106187544336
22.29651174668144
22.38252805359369
22.468668866254994
22.554935392048
22.6413288549861
22.727850496055005
22.814501573563387
22.90128336350286
22.988197159917654
23.07524427528429
23.162426040901593
23.249743807291363
23.337198944610115
23.424792843072247
23.51252691338499
23.600402587195628
23.68842131755132
23.776584579372056
23.864893869937138
23.95335070938573
24.041956641231902
24.13071323289478
24.21962207624428
24.30868478816303
24.39790301112505
24.487278413791834
24.576812691626483
24.666507567526512
24.756364792476152
24.84638614621873
24.93657343795005
25.026928507033485
25.117453223737666
25.208149489997627
25.29901924020037
25.390064441995786
25.481287097133954
25.57268924232989
25.66427295015685
25.756040329969384
25.847993528857323
25.940134732632014
26.032466166846167
26.124990097848706
26.217708833876117
26.310624726181878
26.403740170205612
26.497057606783667
26.590579523403004
26.684308455500247
26.77824698780796
26.87239775575026
26.96676344689001
27.061346802429977
27.1561506187704
27.251177749125684
27.3464311052029
27.441913658945104
27.537628444342573
27.633578559315175
27.72976716766943
27.82619750113388
27.922872861476684
28.019796622709535
28.11697223338233
28.21440321897314
28.312093184378476
28.41004581650905
28.508264886996553
28.606754255017396
28.705517870239664
28.804559775899964
28.9038841120173
29.003495118751502
29.103397139914392
29.203594626642197
29.304092141238527
29.404894361197663
29.506006083418768
29.607432228622226
29.70917784598017
29.811248117974156
29.913648365493795
30.016384053191263
30.119460795107607
30.222884360588083
30.326660680504954
30.430795853807656
30.53529615442178
30.640168038520006
30.745418152189927
30.851053339525794
30.957080651173346
31.06350735335934
31.170340937440066
31.277589130005993
31.38525990358295
31.493361487973733
31.601902382287992
31.710891367712385
31.820337521077946
31.93025022928675
32.04063920466572
32.151514501322104
32.26288653258205
32.37476608960207
32.487164361251736
32.600092955376304
32.713563921558844
32.82758977551413
32.94218352526065
33.057358699232836
33.17312937651341
33.28951021938621
33.406516508432354
33.52416418041865
33.64246986925673
33.761450950344674
33.881125588641616
34.00151279086936
34.12263246228569
34.24450546853198
34.36715370312491
34.49060016123912
34.614869020518384
34.73998572975709
34.86597710641681
34.99287144408609
35.120698631160664
35.249490282221004
35.37927988382058
35.51010295667984
35.64199723661755
35.775002876955455
35.909162675619584
36.044522330752876
36.18113072937398
36.31904027449998
36.45830725723847
36.5989922817038
36.7411607522964
36.88488343500048
37.03023710703626
37.17730531262359
37.326179247017016
37.47695879669119
37.62975377105607
37.784685371021695
37.94188795305728
38.101511165471486
38.263722558509414
38.42871080456866
38.596689714056005
38.76790330345468
38.94263227676011
39.12120243880866
39.30399580168201
39.49146553007363
39.684156500998185
39.8827343214758
40.088027539202464
40.30109130204371
40.52330768283288
40.75655270156117
41.003494687599094
41.268179942540996
41.55734664360037
41.88405260966282
42.282419970307004