0.02727389395934964
0.081821706343682
0.13636959212519892
0.1909176002363078
0.24546577961084262
0.3000141791846347
0.3545628478960832
0.40911183468672646
0.46366118850181254
0.5182109582908704
0.5727611930082812
0.6273119416138497
0.681863253073376
0.7364151763592269
0.7909677604509082
0.8455210543356371
0.9000751070089142
0.9546299674750969
1.0091856847479723
1.0637423078513302
1.1182998858195374
1.172858467698112
1.2274181025442967
1.2819788394276355
1.3365407274305472
1.3911038156489026
1.4456681531926001
1.5002337891861424
1.5548007727692132
1.6093691530972563
1.6639389793420525
1.718510300692299
1.773083166354189
1.8276576255519914
1.8822337275286307
1.9368115215462698
1.9913910568868907
2.0459723828528773
2.1005555487675993
2.155140603975996
2.209727597845159
2.2643165797649223
2.318907599148443
2.373500705432793
2.4280959480795445
2.4826933765753587
2.5372930404325773
2.591894989189811
2.6464992724125307
2.701105939693662
2.7557150406541773
2.810326624943689
2.8649407422410462
2.9195574422549306
2.9741767747244525
3.028798789419752
3.0834235361425937
3.1380510647269735
3.192681425039714
3.247314666981072
3.301950840485338
3.3565899955214458
3.4112321820935754
3.465877450241762
3.520525850042505
3.575177431609376
3.6298322450936333
3.6844903406848317
3.7391517686114377
3.7938165791414447
3.8484848225829897
3.9031565492849714
3.9578318096376695
4.012510654073366
4.067193133066967
4.121879297136626
4.176569196844374
4.231262882796739
4.285960405645381
4.340661816087716
4.395367164867558
4.450076502775738
4.504789880650751
4.559507349379389
4.6142289598973765
4.668954763190015
4.723684810292819
4.77841915229217
4.833157840325951
4.8879009255842005
4.942648459309757
4.997400492798915
5.052157077402075
5.106918264524399
5.161684105626468
5.216454652224938
5.271229955893204
5.326010068262063
5.380795041020376
5.435584925915737
5.4903797747551435
5.545179639405663
5.599984571795111
5.654794623912724
5.7096098478098405
5.764430295600576
5.819256019462508
5.874087071637363
5.9289235044317
5.9837653702176
6.038612721433357
6.093465610584177
6.14832409024287
6.203188213050548
6.258058031717329
6.312933599023042
6.36781496781793
6.422702191023362
6.477595321632542
6.532494412711226
6.58739951739844
6.642310688907193
6.697227980525208
6.7521514456156435
6.807081137617817
6.862017110047944
6.916959416499865
6.9719081106457885
7.026863246237022
7.081824877104722
7.136793057160636
7.19176784039785
7.246749280891542
7.301737432799736
7.356732350364058
7.411734087910498
7.466742699850175
7.521758240680104
7.57678076498396
7.631810327432864
7.686846982786147
7.741890785892138
7.796941791688946
7.852000055205248
7.907065631561075
7.962138575968612
8.01721894373299
8.072306790253094
8.127402171022357
8.182505141629584
8.237615757759743
8.2927340751948
8.347860149814531
8.40299403759734
8.458135794621095
8.513285477063953
8.568443141205192
8.623608843426062
8.678782640210615
8.733964588146556
8.789154743926094
8.844353164346797
8.89955990631245
8.954775026833921
9.009998583030024
9.06523063212839
9.120471231466349
9.175720438491807
9.230978310764124
9.286244905955018
9.34152028184944
9.396804496346492
9.452097607460308
9.507399673320982
9.562710752175462
9.61803090238848
9.673360182443464
9.728698650943471
9.784046366612113
9.839403388294492
9.89476977495815
9.950145585693999
10.005530879717284
10.060925716368537
10.116330155114534
10.17174425554926
10.22716807739489
10.282601680502752
10.338045124854318
10.39349847056219
10.448961777871087
10.504435107158853
10.559918518937453
10.61541207385398
10.67091583269168
10.726429856370967
10.781954205950441
10.837488942627937
10.89303412774155
10.948589822770685
11.004156089337103
11.05973298920598
11.115320584286962
11.170918936635251
11.226528108452655
11.28214816208869
11.33777916004165
11.393421164959713
11.449074239642034
11.504738447039852
11.560413850257607
11.616100512554052
11.671798497343389
11.727507868196392
11.78322868884155
11.83896102316622
11.894704935217769
11.950460489204751
12.00622774949805
12.062006780632084
12.117797647305965
12.173600414384698
12.229415146900374
12.285241910053383
12.34108076921361
12.396931789921668
12.452795037890121
12.50867057900472
12.564558479325639
12.620458805088727
12.676371622706782
12.732296998770792
12.78823500005123
12.844185693499329
12.900149146248365
12.956125425614978
13.012114599100455
13.068116734392063
13.124131899364368
13.180160162080568
13.236201590793838
13.292256253948677
13.348324220182274
13.404405558325877
13.460500337406158
13.51660862664662
13.572730495468985
13.628866013494594
13.685015250545831
13.741178276647547
13.797355162028493
13.853545977122765
13.90975079257126
13.96596967922313
14.022202708137282
14.078449950583833
14.134711478045624
14.190987362219714
14.247277675018907
14.30358248857327
14.35990187523167
14.416235907563323
14.472584658359356
14.528948200634373
14.585326607628033
14.641719952806646
14.698128309864778
14.754551752726858
14.810990355548808
14.867444192719686
14.923913338863322
14.980397868839994
15.036897857748093
15.093413380925806
15.149944513952825
15.206491332652044
15.263053913091287
15.319632331585048
15.376226664696228
15.432836989237904
15.489463382275105
15.546105921126586
15.60276468336664
15.65943974682691
15.716131189598213
15.772839090032377
15.829563526744105
15.886304578612835
15.94306232478463
15.999836844674068
16.056628217966153
16.113436524618248
16.17026184486201
16.22710425920535
16.283963848434393
16.340840693615466
16.39773487609711
16.454646477512096
16.511575579779432
16.568522265106434
16.62548661599079
16.682468715222623
16.739468645886603
16.79648649136405
16.85352233533506
16.91057626178067
16.967648354984988
17.02473869953741
17.081847380334786
17.138974482583652
17.196120091802452
17.253284293823803
17.310467174796745
17.367668821189042
17.42488931978947
17.48212875771017
17.539387222388957
17.5966648015917
17.6539615834147
17.711277656287088
17.76861310897325
17.825968030575254
17.88334251053533
17.940736638638327
17.998150505014234
18.055584200140686
18.113037814845516
18.170511440309316
18.228005168068023
18.285519090015512
18.34305329840625
18.40060788585793
18.45818294535414
18.51577857024707
18.573394854260222
18.631031891491165
18.688689776414282
18.74636860388357
18.80406846913545
18.8617894677916
18.919531695861824
18.977295249746927
19.03508022624164
19.09288672253754
19.150714836226022
19.20856466530129
19.266436308163353
19.324329863621085
19.38224543089528
19.440183109621746
19.498142999854434
19.55612520206857
19.614129817163857
19.67215694646765
19.73020669173821
19.788279155167967
19.846374439386796
19.904492647465343
19.96263388291839
20.020798249708218
20.078985852248024
20.137196795405373
20.195431184505658
20.25368912533561
20.311970724146846
20.370276087659423
20.428605323065447
20.486958538032717
20.545335840708375
20.603737339722635
20.6621631441925
20.72061336372554
20.77908810842371
20.837587488887173
20.896111616218196
20.954660602025065
21.013234558426028
21.071833598053285
21.130457834057022
21.189107380109487
21.24778235040906
21.30648285968444
21.365209023198787
21.423960956753977
21.48273877669485
21.541542599913505
21.600372543853684
21.659228726515114
21.71811126645796
21.777020282807307
21.83595589525766
21.89491822407751
21.953907390113955
22.01292351479733
22.071966720145912
22.131037128770682
22.190134863880072
22.249260049284857
22.30841280940299
22.367593269264585
22.426801554516857
22.486037791429183
22.54530210689818
22.60459462845284
22.66391548425972
22.72326480312818
22.78264271451567
22.84204934853309
22.901484835950185
22.960949308201
23.02044289738939
23.07996573629461
23.13951795837691
23.199099697783243
23.258711089353007
23.318352268623837
23.378023371837475
23.4377245359457
23.497455898616316
23.55721759823918
23.617009773932352
23.67683256554824
23.73668611367986
23.796570559667146
23.856486045603322
23.91643271434134
23.976410709500414
24.03642017547258
24.096461257429354
24.15653410132848
24.216638853920696
24.27677566275663
24.336944676193735
24.39714604340331
24.4573799143776
24.517646439936982
24.5779457717372
24.638278062276715
24.698643464904123
24.75904213382563
24.81947422411267
24.87993989170953
24.94043929344112
25.000972587020815
25.06153993105837
25.12214148506794
25.182777409476166
25.243447865630408
25.304153015806992
25.364893023219622
25.42566805202784
25.486478267345618
25.54732383525001
25.608204922789938
25.669121697995074
25.730074329884793
25.791062988477282
25.852087844798692
25.91314907089246
25.974246839828695
26.035381325713697
26.09655270369956
26.157761149993952
26.219006841869913
26.280289957675855
26.341610676845644
26.4029691799088
26.46436564850083
26.52580026537368
26.5872732144063
26.64878468061537
26.710334850166124
26.771923910383297
26.833552049762268
26.895219457980243
26.956926325907663
27.018672845619694
27.080459210407884
27.14228561479197
27.2041522545318
27.266059326639432
27.328007029391376
27.389995562340978
27.452025126330984
27.51409592350621
27.576208157326455
27.63836203257948
27.700557755394232
27.76279553325419
27.8250755750109
27.887398090897655
27.949763292543416
28.01217139298682
28.074622606690447
28.137117149555234
28.199655238935073
28.262237093651624
28.324862934009293
28.38753298181042
28.450247460370676
28.513006594534634
28.57581061069158
28.638659736791503
28.701554202361326
28.764494238521316
28.827480078001763
28.890511955159834
28.953590105996682
29.016714768174783
29.079886181035498
29.14310458561688
29.206370224671726
29.269683342685873
29.333044185896735
29.39645300231212
29.459910041729273
29.523415555754216
29.586969797821332
29.650573023213234
29.71422548908091
29.777927454464145
29.841679180312234
29.905480929505
29.969332966874084
30.033235559224558
30.09718897535683
30.16119348608888
30.225249364278817
30.289356884847724
30.35351632480288
30.417727963261285
30.481992081473567
30.546308962848165
30.610678892975955
30.675102159655175
30.73957905291674
30.804109865049927
30.868694890628458
30.933334426536927
30.998028771997685
31.062778228598074
31.1275831003181
31.192443693558513
31.25736031716932
31.322333282478716
31.387362903322487
31.45244949607383
31.517593379673645
31.582794875661303
31.648054308205875
31.71337200413787
31.778748292981422
31.84418350698704
31.90967798116483
31.975232053318244
32.040846064078394
32.10652035693888
32.17225527829117
32.23805117746058
32.303908406742785
32.36982732144098
32.435808279903576
32.501851643562546
32.56795777697239
32.63412704784973
32.70035982711358
32.76665648892622
32.83301741073486
32.899442973313825
32.96593356080763
33.03248956077462
33.099111364231476
33.165799365698355
33.23255396324486
33.2993755585368
33.36626455688369
33.433221367287125
33.500246402489964
33.567340079026344
33.6345028172726
33.70173504149902
33.76903717992259
33.836409664760545
33.90385293228497
33.97136742287832
34.03895358108993
34.10661185569352
34.17434269974578
34.24214657064595
34.3100239301965
34.377975244664924
34.446000984846634
34.51410162612904
34.58227764855676
34.65052953689808
34.71885778071258
34.78726287442014
34.855745317371074
34.9243056139177
34.99294427348724
35.061661810656034
35.13045874522527
35.19933560229804
35.268292912357985
35.3373312113494
35.40645104075887
35.47565294769853
35.54493748499096
35.614305211255704
35.6837566909975
35.75329249469631
35.82291319889907
35.89261938631329
35.962411645902606
36.0322905729841
36.10225676932779
36.17231084325796
36.242453409756706
36.31268509056949
36.383006514312974
36.45341831658502
36.523921140077015
36.594515634688534
36.66520245764442
36.73598227361435
36.8068557548349
36.87782358123429
36.94888644055971
37.02004502850749
37.091300048856006
37.16265221360152
37.23410224309699
37.30565086619395
37.37729882038748
37.44904685196442
37.52089571615493
37.5928461772874
37.66489900894684
37.73705499413699
37.809314925445925
37.881679605215645
37.95414984571545
38.026726469319385
38.09941030868782
38.17220220695326
38.2451030179105
38.318113606211384
38.39123484756408
38.46446762893719
38.53781284876878
38.61127141718041
38.68484425619644
38.75853229996863
38.83233649500633
38.90625780041236
38.9802971881247
39.054455643164296
39.12873416388908
39.2031337622544
39.277655464080155
39.35230030932468
39.427069352365756
39.50196366228886
39.576984323183005
39.65213243444425
39.72740911108728
39.80281548406527
39.87835270059824
39.954021924510315
40.02982433657602
40.10576113487609
40.181833535162966
40.2580427712364
40.33439009532948
40.41087677850541
40.487504111065455
40.56427340296843
40.641185984262144
40.718243205527166
40.79544643833346
40.87279707571018
40.95029653262934
41.02794624650357
41.10574767769876
41.183702310061896
41.2618116514648
41.34007723436434
41.41850061637965
41.49708338088714
41.575827137633766
41.65473352336956
41.7338042024998
41.81304086775791
41.89244524089971
41.972019073419865
42.05176414729153
42.13168227573001
42.211775303981405
42.29204511013738
42.372493605976935
42.45312273783644
42.53393448750905
42.614930873174764
42.69611395036232
42.77748581294445
42.85904859416776
42.94080446771887
43.02275564882822
43.10490439541344
43.18725300926379
43.26980383726767
43.352559272685085
43.435521756467054
43.51869377862427
43.60207787964705
43.68567665197924
43.76949274154838
43.853528849354895
43.93778773312317
44.02227220901747
44.1069851534258
44.19192950481516
44.27710826566163
44.36252450445918
44.44818135781098
44.534082032607614
44.62022980829661
44.70662803924796
44.793280157220856
44.88018967393684
44.96736018376517
45.054795366526434
45.14249899042097
45.23047491508887
45.318727094809
45.40725958184491
45.49607652994591
45.585182198012355
45.67458095393471
45.76427727861659
45.854275770192785
45.944581148454
46.035198259490926
46.126132080571196
46.21738772526369
46.30897044882589
46.40088565387101
46.49313889633305
46.5857358917493
46.67868252188119
46.771984841696394
46.86564908673653
46.95968168089723
47.054089244649056
47.14887860373063
47.244056798347735
47.339631092915035
47.43560898638037
47.53199822317518
47.628806804838206
47.7260430023644
47.82371536933532
47.9218327558928
48.02040432362355
48.11943956142889
48.21894830246089
48.318940742214735
48.41942745787574
48.52041942902993
48.621928059858256
48.72396520294753
48.826543184865365
48.92967483366263
49.033373508485454
49.13765313149922
49.242528222351034
49.34801393542317
49.454126100161375
49.560881264795896
49.66829674381364
49.77639066958528
49.88518204860391
49.99469082285279
50.1049379368901
50.215945411320185
50.327736423416376
50.440335395771356
50.553768093981695
50.66806173452651
50.78324510418159
50.89934869252483
51.01640483934486
51.13444789907007
51.25351442470237
51.37364337418255
51.49487634265072
51.61725782471926
51.74083551167688
51.86566062952984
51.99178832501101
52.11927810821573
52.24819436244475
52.37860693426675
52.510591819917565
52.64423196814897
52.779618224828916
52.91685045140114
53.05603885833128
53.19730560675616
53.340786747958106
53.48663459284774
53.635020635123524
53.78613919642538
53.94021202624718
54.09749418424028
54.25828167527332
54.422921527697184
54.59182535416147
54.76548800520338
54.94451389455573
55.129655290193625
55.32187005759852
55.522412652829416
55.73298559530221
55.956010027347105
56.19515674926884
56.456537441315376
56.75199332048645
57.11245982450374