0.03360424721800374
0.10081281112319644
0.16802158343781176
0.23523070310768815
0.3024403090879996
0.3696505403469912
0.43686153586971477
0.5040734346617671
0.571286375753029
0.6385004982014061
0.7057159410965727
0.7729328435637169
0.84015134476729
0.9073715839147577
0.974593700260355
1.0418178331088452
1.1090441218192826
1.1762727058087796
1.2435037245562781
1.3107373176063257
1.377973624572857
1.4452127851429823
1.512454939080778
1.5797002262310869
1.6469487865233234
1.7142007599752853
1.781456286696972
1.8487155068944119
1.915978560873495
1.983245589043815
2.05051673192252
2.1177921301381684
2.1850719244346006
2.2523562556748105
2.3196452648448336
2.3869390930576437
2.4542378815570562
2.521541771721646
2.588850905068675
2.656165423258027
2.7234854680961593
2.7908111815400645
2.8581427057012414
2.9254801828496824
2.99282375541787
3.0601735660047895
3.127529757379952
3.1948924724874357
3.262261854449933
3.329638046572824
3.3970211923482516
3.4644114354592226
3.531808919783718
3.599213789398821
3.666626188584861
3.734046261829574
3.801474153832282
3.868910009508083
3.936353973992068
4.00380619264355
4.071266811050311
4.138735975032871
4.206213830648774
4.273700524196892
4.341196202221755
4.408701011517893
4.476215099134206
4.543738612378347
4.611271698821137
4.678814506300994
4.746367182928383
4.813929877090295
4.881502737454748
4.949085912975305
5.016679552895624
5.084283806754027
5.1518988243880965
5.219524755939296
5.2871617518576155
5.354809962906247
5.42246954016628
5.49014063504143
5.557823399262793
5.62551798489362
5.693224544334139
5.760943230326382
5.82867419595906
5.896417594672458
5.964173580263366
6.031942306890031
6.0997239290771565
6.167518601720918
6.235326480094021
6.303147719850784
6.370982477032265
6.438830908071408
6.506693169798239
6.574569419445086
6.64245981465184
6.710364513471245
6.778283674374239
6.8462174562553155
6.91416601843793
6.982129520679953
7.050108123179142
7.118101986578677
7.186111271972713
7.254136140911994
7.32217675540949
7.390233277946091
7.458305871476333
7.526394699434173
7.594499925738803
7.662621714800519
7.73076023152662
7.798915641327363
7.867088110121965
7.935277804344645
8.003484890950723
8.071709537422757
8.139951911776745
8.208212182568355
8.276490518899227
8.344787090423315
8.41310206735329
8.481435620466977
8.549787921113873
8.618159141221698
8.686549453303012
8.754959030461887
8.82338804640063
8.891836675426575
8.960305092458922
9.028793473035648
9.097301993320462
9.165830830109842
9.234380160840116
9.302950163594618
9.3715410171109
9.440152900788018
9.508785994693875
9.57744047957264
9.646116536852224
9.714814348651837
9.783534097789602
9.852275967790257
9.921040142892913
9.989826808058893
10.058636148979641
10.127468352084716
10.196323604549844
10.265202094305073
10.334104010042983
10.403029541226987
10.471978878099712
10.540952211691462
10.609949733828765
10.678971637143002
10.748018115079125
10.817089361904458
10.88618557271759
10.95530694345736
11.024453670911928
11.093625952727939
11.16282398741978
11.232047974378942
11.301298113883467
11.370574607107494
11.439877656130914
11.509207463949112
11.578564234482828
11.647948172588103
11.717359484066353
11.786798375674529
11.856265055135395
11.925759731147927
11.995282613397801
12.064833912568014
12.134413840349612
12.204022609452542
12.273660433616612
12.343327527622582
12.41302410730338
12.482750389555424
12.552506592350095
12.622292934745326
12.69210963689732
12.761956920072397
12.831835006658999
12.901744120179798
12.97168448530397
13.041656327859592
13.111659874846197
13.181695354447458
13.251762996044038
13.321863030226575
13.391995688808827
13.462161204840966
13.532359812623035
13.60259174771857
13.672857246968363
13.74315654850441
13.813489891764027
13.883857517504115
13.954259667815622
14.024696586138166
14.09516851727484
14.165675707407209
14.236218404110462
14.306796856368782
14.377411314590905
14.448062030625836
14.51874925777881
14.589473250827417
14.660234266037955
14.731032561181959
14.801868395552974
14.872742029983518
14.943653726862273
15.014603750151483
15.085592365404597
15.156619839784115
15.227686442079689
15.29879244272644
15.369938113823531
15.441123729152968
15.512349564198658
15.583615896165716
15.654923004000034
15.726271168408095
15.79766067187707
15.869091798695168
15.940564834972276
16.012080068660868
16.083637789577192
16.155238289422766
16.226881861806138
16.298568802264974
16.370299408288435
16.44207397933986
16.513892816879768
16.58575622438919
16.65766450739331
16.729617973485446
16.801616932351372
16.87366169579398
16.945752577758284
17.017889894356795
17.090073963895257
17.162305106898735
17.234583646138095
17.30690990665686
17.379284215798467
17.451706903233905
17.52417830098976
17.596698743476686
17.669268567518273
17.74188811238037
17.814557719800806
17.8872777340196
17.960048501809577
18.032870372507475
18.105743698045508
18.17866883298341
18.25164613454097
18.324675962631048
18.397758679893112
18.470894651727292
18.54408424632893
18.617327834723717
18.69062579080332
18.763978491361616
18.837386316131436
18.91084964782196
18.98436887215663
19.05794437791171
19.131576556955448
19.205265804287855
19.279012518081135
19.352817099720756
19.42667995384719
19.50060148839833
19.5745821146526
19.648622247272762
19.72272230435045
19.796882707451452
19.871103881661703
19.94538625563408
20.019730261635974
20.09413633559763
20.168604917161336
20.24313644973143
20.317731380525146
20.392390160624334
20.467113245028074
20.541901092706176
20.616754166653617
20.691672933945917
20.766657865795477
20.841709437608902
20.916828129045317
20.992014424075744
21.067268811043494
21.142591782725642
21.217983836395618
21.29344547388688
21.368977201657785
21.444579530857574
21.520252977393607
21.595998061999786
21.671815310306254
21.74770525291035
21.823668425448925
21.89970536867192
21.97581662851739
22.052002756187896
22.128264308228324
22.204601846605208
22.281015938787515
22.357507157828998
22.434076082452123
22.51072329713359
22.587449392191523
22.66425496387434
22.741140614451368
22.81810695230521
22.89515459202596
22.97228415450724
23.049496267044166
23.12679156343327
23.204170684074427
23.281634276074794
23.35918299335491
23.436817496756905
23.514538454154938
23.592346540567902
23.67024243827444
23.748226836930346
23.826300433688427
23.904463933320834
23.982718048344008
24.061063499146226
24.139501014117887
24.218031329784534
24.29665519094278
24.37537335079911
24.454186571111727
24.53309562233546
24.612101283769846
24.691204343710492
24.770405599603727
24.849705858204736
24.929105935739205
25.008606658068597
25.088208860859144
25.167913389754688
25.247721100553452
25.327632859388853
25.4076495429145
25.487772038493446
25.56800124439189
25.64833806997737
25.728783435921635
25.80933827440834
25.890003529345652
25.970780156583945
26.05166912413877
26.132671412419153
26.21378801446154
26.295019936169354
26.376368196558545
26.45783382800916
26.5394178765232
26.62112140198891
26.702945478451735
26.784891194392166
26.866959653010593
26.94915197251954
27.031469286443365
27.113912743925777
27.196483510045347
27.279182766139318
27.36201171013595
27.444971556895702
27.528063538561543
27.611288904918652
27.6946489237639
27.77814488128535
27.86177808245218
27.945549851415354
28.029461531919416
28.11351448772579
28.19771010304796
28.28204978299899
28.36653495405178
28.451167064512514
28.535947585007772
28.620878008985805
28.705959853232475
28.791194658402343
28.87658398956557
28.962129436771118
29.047832615626834
29.133695167897177
29.219718762119083
29.3059050942368
29.392255888256294
29.47877289692007
29.56545790240313
29.652312717030924
29.739339184020146
29.826539178243276
29.91391460701781
30.001467410921133
30.08919956463219
30.177113077800833
30.265209995946197
30.353492401385168
30.441962414192222
30.530622193191974
30.61947393698578
30.7085198850139
30.797762318654662
30.887203562362323
30.97684598484523
31.066692000286103
31.156744069606304
31.247004701776017
31.337476455172478
31.42816193898836
31.519063814692682
31.610184797546612
31.701527658176772
31.793095224208734
31.884890381963526
31.976916078220235
32.06917532204786
32.16167118670979
32.254406811644465
32.347385404526094
32.44061024340931
32.53408467896211
32.627812136791555
32.721796119867015
32.816040211046044
32.910548075708284
33.00532346450314
33.10037021621733
33.19569226076876
33.29129362233376
33.38717842261494
33.483350884257526
33.579815334422705
33.67657620852679
33.773638054155796
33.871005535165764
33.96868343597968
34.066676666092725
34.16499026479853
34.26362940614978
34.362599404167625
34.46190571831563
34.561553959254695
34.661549894897135
34.76189945677911
34.862608746772345
34.963684044157624
35.06513181308428
35.166958710441996
35.2691715941733
35.37177753205742
35.47478381099888
35.578197946856996
35.682027694855485
35.786281060614954
35.89096631185466
35.99609199081426
36.1016669274508
36.207700253471344
36.314201417267235
36.421180199822366
36.5286467316748
36.636611511018785
36.745085423043086
36.854079760611036
36.9636062463987
37.073677056619744
37.18430484647929
37.295502777514244
37.407284546995164
37.51966441958435
37.63265726146679
37.74627857719602
37.86054454952559
37.97547208252917
38.091078848350065
38.20738333796314
38.324404916381496
38.442163882796414
38.56068153620436
38.67998024715014
38.800083536302715
38.92101616068233
39.04280420847649
39.16547520352194
39.28905822069425
39.41358401364027
39.53908515651902
39.66559620169
39.793153855615124
39.92179717563347
40.051567790741665
40.18251015008729
40.314671803582954
40.44810371990602
40.58286064820678
40.71900153115849
40.856589978619525
40.99569481323469
41.136390701907494
41.2787588903993
41.422888062590125
41.56887535149255
41.7168275363987
41.86686247019885
42.019110793857735
42.173718012603715
42.33084703254995
42.490681290187545
42.653428655013236
42.819326354583254
42.98864727290058
43.161708125933366
43.33888025381539
43.52060414302955
43.70740940343582
43.899942962804566
44.099010078946435
44.30563618986706
44.52116438422506
44.747417666567024
44.98698881255729
45.24380931393434
45.52442573019994
45.84152363491297
46.228249699577795