0.0332113782554785
0.09963420026862148
0.16605721879000182
0.2324805648307095
0.2989043694102324
0.3653287635598164
0.43175387832582657
0.49817984477310884
0.5646067939883537
0.6310348570834612
0.6974641651989083
0.7638948495071172
0.8303270412158278
0.8967608715714711
0.9631964718625466
1.0296339734230027
1.0960735076356196
1.1625152059353976
1.2289591998129474
1.2954056208178861
1.3618546005622363
1.4283062707238317
1.494760763049725
1.5612182093596043
1.6276787415492115
1.6941424915937695
1.7606095915514133
1.8270801735666278
1.8935543698736934
1.9600323128001362
2.0265141347701876
2.092999968308248
2.1594899460423633
2.2259842007077024
2.2924828651500486
2.3589860723292975
2.425493955322961
2.492006647329686
2.5585242816727742
2.6250469918037207
2.6915749113057545
2.7581081738973934
2.8246469134360077
2.891191263921395
2.9577413594993645
3.024297334465336
3.090859323267946
3.157427460512668
3.224001880965444
3.2905827195563306
3.3571701113831534
3.423764191715178
3.4903650959967933
3.556972959851206
3.6235879190841547
3.6902101096876296
3.7568396678436153
3.823476729927843
3.890121432513557
3.956773912375304
4.023434306492726
4.090102752054385
4.156779386461583
4.2234643473322215
4.2901577725046645
4.356859800041616
4.423570568234028
4.490290215605015
4.55701888091379
4.623756703159626
4.690503821585822
4.757260375683705
4.824026505196638
4.890802350124058
4.957588050725523
5.024383747524796
5.0911895813139365
5.158005693157416
5.224832224396261
5.291669316652211
5.358517111831906
5.425375752131093
5.492245380038855
5.559126138341866
5.626018170128669
5.6929216187939815
5.75983662804302
5.826763341895857
5.893701904691796
5.960652461093781
6.0276151560928275
6.094590135012476
6.161577543513286
6.2285775275973485
6.295590233612826
6.362615808258524
6.429654398588496
6.496706152016667
6.563771216321502
6.630849739650689
6.697941870525866
6.765047757847374
6.832167550899041
6.899301399353001
6.966449453274546
7.033611863127006
7.100788779776676
7.167980354497758
7.235186738977361
7.302408085320512
7.369644546055226
7.436896274137595
7.504163422956926
7.571446146340906
7.6387445985608196
7.706058934336786
7.773389308843057
7.8407358777133345
7.9080987970461445
7.975478223410242
8.042874313850064
8.11028722589122
8.177717117546024
8.245164147319086
8.312628474212914
8.380110257733605
8.447609657896543
8.515126835232156
8.582661950791739
8.65021516615329
8.717786643427416
8.785376545263292
8.852985034854647
8.920612275945826
8.98825843283788
9.055923670394726
9.12360815404935
9.191312049810064
9.259035524266814
9.326778744597553
9.394541878574659
9.462325094571415
9.530128561568539
9.59795244916078
9.665796927563576
9.733662167619748
9.80154834080629
9.869455619241187
9.937384175690317
10.00533418357441
10.07330581697606
10.14129925064682
10.209314660014353
10.277352221189647
10.345412110974294
10.413494506867865
10.481599587075314
10.549727530514485
10.61787851682367
10.686052726369251
10.754250340253417
10.822471540321946
10.890716509172067
10.958985430160405
11.027278487410994
11.095595865823379
11.163937751080786
11.232304329658389
11.300695788831643
11.369112316684717
11.437554102119002
11.5060213348617
11.57451420547452
11.643032905362443
11.711577626782583
11.780148562853153
11.848745907562497
11.917369855778242
11.986020603256533
12.054698346651358
12.123403283523997
12.192135612352537
12.260895532541518
12.32968324443166
12.398498949309705
12.46734284941837
12.536215147966395
12.605116049138708
12.674045758106695
12.743004481038588
12.81199242510997
12.881009798514382
12.950056810474065
13.019133671250804
13.088240592156911
13.157377785566311
13.226545464925772
13.295743844766255
13.36497314071438
13.434233569504043
13.503525348988152
13.572848698150505
13.642203837117794
13.71159098717177
13.781010370761512
13.85046221151589
13.919946734256115
13.989464165008492
14.059014731017278
14.128598660757726
14.198216183949262
14.267867531568829
14.337552935864386
14.407272630368576
14.477026849912548
14.546815830639957
14.616639810021129
14.686499026867395
14.75639372134561
14.826324134992836
14.896290510731228
14.966293092883078
15.036332127186062
15.10640786080868
15.176520542365875
15.246670421934855
15.31685775107113
15.387082782824711
15.457345771756568
15.527646973955253
15.597986647053759
15.66836505024659
15.738782444307049
15.809239091604748
15.87973525612336
15.95027120347857
16.020847200936306
16.091463517431166
16.162120423585105
16.23281819172639
16.303557095908772
16.374337411930917
16.445159417356134
16.516023391532322
16.586929615612213
16.657878372573876
16.728869947241506
16.79990462630649
16.870982698348772
16.942104453858498
17.013270185257962
17.084480186923855
17.155734755209842
17.227034188469407
17.29837878707908
17.369768853461924
17.441204692111405
17.512686609615567
17.584214914681567
17.655789918160547
17.72741193307288
17.79908127463374
17.87079826027909
17.942563209692015
18.014376444829423
18.086238289949176
18.15814907163758
18.2301091188373
18.30211876287567
18.374178337493426
18.446288178873896
18.51844862567255
18.59066001904708
18.66292270268785
18.735237022848878
18.807603328379226
18.880021970754893
18.952493304111197
19.02501768527565
19.09759547380131
19.170227032000696
19.242912724980172
19.315652920674918
19.388447989884398
19.461298306308425
19.534204246583737
19.60716619032123
19.68018452014369
19.753259621724187
19.826391883825053
19.89958169833751
19.972829460321883
20.046135568048516
20.119500423039334
20.19292443011005
20.266407997413108
20.3399515364813
20.41355546227211
20.48722019321277
20.560946151246107
20.63473376187711
20.708583454220303
20.782495661047882
20.856470818838712
20.93050936782809
21.004611752058423
21.0787784194307
21.15300982175691
21.2273064148133
21.301668658394608
21.376097016369204
21.4505919567352
21.52515395167753
21.599783477626055
21.674481015314665
21.749247049841454
21.82408207072995
21.898986571991422
21.97396105218835
22.049006014498985
22.124121966783118
22.19930942164901
22.274568896521572
22.34990091371178
22.42530600048736
22.500784689144783
22.576337517082614
22.651965026876205
22.72766776635379
22.80344628867402
22.879301152404967
22.95523292160459
23.031242165902796
23.10732946058501
23.183495386677397
23.259740531033696
23.33606548642377
23.412470851623855
23.48895723150859
23.56552523714486
23.642175485887492
23.718908601476816
23.79572521413824
23.87262596068377
23.949611484615566
24.02668243623165
24.103839472733686
24.181083258337033
24.258414464382987
24.33583376945342
24.41334185948769
24.490939427902084
24.56862717571169
24.646405811654873
24.724276052320338
24.802238622276946
24.880294254206245
24.958443689037868
25.03668767608785
25.115026973199928
25.19346234688992
25.271994572493274
25.350624434315833
25.42935272578796
25.508180249622075
25.587107817973692
25.666136252606098
25.745266385058724
25.824499056819356
25.903835119500247
25.98327543501827
26.062820875779238
26.142472324866482
26.222230676233806
26.30209683490299
26.382071717165907
26.462156250791462
26.542351375237406
26.62265804186727
26.703077214172485
26.783609867999896
26.864256991784778
26.94501958678961
27.025898667348667
27.1068952611187
27.18801040933585
27.26924516707898
27.350600603539657
27.432077802298945
27.513677861611285
27.595401894695623
27.67725103003404
27.75922641167815
27.841329199563464
27.92356056983203
28.005921715163574
28.08841384511543
28.17103818647159
28.253795983601126
28.336688498826273
28.41971701280061
28.502882824897544
28.58618725360953
28.669631636958382
28.753217332917025
28.836945719843115
28.920818196924923
29.00483618463993
29.089001125226567
29.17331448316955
29.25777774569934
29.342392423306215
29.427160050269457
29.51208218520223
29.597160411612766
29.682396338482345
29.767791600860846
29.853347860480405
29.939066806387906
30.024950155597057
30.11099965376074
30.197217075864454
30.283604226941662
30.3701629428119
30.456895090842536
30.54380257073515
30.630887315337464
30.7181512914819
30.80559650085184
30.893224980876713
30.981038805657068
31.069040086920968
31.157230975012897
31.24561365991666
31.334190372313664
31.4229633846781
31.51193501241065
31.60110761501239
31.6904835973006
31.780065410668456
31.869855554390433
31.95985657697559
32.05007107757081
32.14050170741643
32.23115117135646
32.3220222294062
32.41311769837974
32.50444045358033
32.5959934305565
32.687779626927245
32.779802104279554
32.87206399014185
32.96456848003713
33.05731883961983
33.150318406900595
33.24357059456342
33.33707889238011
33.43084686972686
33.524878178208496
33.619176554396155
33.71374582268423
33.80858989827339
33.90371279028623
33.99911860502319
34.09481154936641
34.19079593433985
34.28707617883478
34.38365681350997
34.48054248487694
34.57773795958106
34.675248128890246
34.773078013403826
34.87123276799482
34.969717687000276
35.06853820967491
35.16769992592495
35.267208582339755
35.36707008854081
35.467290523868655
35.56787614443026
35.668833390530914
35.770168894517
35.87188948905767
35.97400221589624
36.07651433510442
36.179433334875355
36.282766941894735
36.38652313233233
36.49071014350036
36.595336486229186
36.70041095801531
36.805942657001836
36.91194099685729
37.018415722624745
37.125376927620316
37.23283507146786
37.3408009993653
37.44928596268758
37.558301641042426
37.66786016590668
37.7779741459852
37.88865669444913
37.99992145822804
38.111782649549596
38.224255079943006
38.33735419694705
38.45109612379239
38.565497702360325
38.68057653975708
38.796351058885485
38.91284055344456
39.03006524784378
39.14804636258368
39.26680618572942
39.3863681511913
39.50675692462753
39.62799849790336
39.750120293179684
39.87315127786777
39.99712209188028
40.122065188837404
40.248014993160005
40.37500807530723
40.5030833478076
40.632282285204596
40.762649171609816
40.89423138025461
41.02707969028511
41.16124864709921
41.296796973829736
41.43378804320877
41.57229042109658
41.71237849555378
41.85413320864661
41.99764291243741
42.14300437614812
42.29032397874464
42.43971913081188
42.59131998248657
42.74527149171673
42.90173595118744
43.0608961058436
43.22295904057857
43.3881610864208
43.556774094773616
43.72911358156443
43.90554947800199
44.086520596946414
44.27255453309343
44.464295748959145
44.66254642897163
44.868328091067454
45.08297868084165
45.308314209694196
45.54691748872309
45.802704870247574
46.08219765065177
46.398032336033545
46.783227047556274