0.03595149312382614
0.10785457673726018
0.17975795245146753
0.2516618150117242
0.323566359180448
0.39547177974405806
0.4673782715198362
0.5392860293627918
0.6111952481725308
0.683106122900129
0.7550188485550101
0.8269336202118314
0.898850633017374
0.9707700821974421
1.04269216306377
1.1146170710209373
1.186545001573295
1.2584761503319004
1.3304107130214637
1.402348885487307
1.4742908637023338
1.5462368437740146
1.6181870219513832
1.6901415946320502
1.7621007583692307
1.834064709878788
1.906033646046294
1.9780077639341096
2.0499872607884795
2.1219723340466485
2.1939631813439986
2.2659600005212037
2.3379629896314094
2.4099723469474306
2.4819882709689773
2.5540109604298986
2.626040614305456
2.6980774318196183
2.7701216124523866
2.84217335594714
2.9142328623180167
2.9863003318573176
3.058375965142942
3.1304599630458525
3.2025525267375716
3.2746538576977104
3.3467641577215277
3.418883628927526
3.491012473765079
3.5631508950220963
3.6352990958327234
3.7074572796850775
3.7796256504290255
3.851804412283995
3.9239937698468284
3.9961939280996774
4.068405092417939
4.140627468578234
4.212861262766428
4.285106681585696
4.357363932064636
4.4296332216654255
4.501914758292027
4.574208750298441
4.646515406497008
4.718834936166761
4.791167549061833
4.863513455419909
4.935872865970737
5.008245991944695
5.080633045081408
5.153034237638427
5.225449782399962
5.297879892685675
5.370324782359533
5.442784665838724
5.5152597581026335
5.587750274701881
5.6602564317674275
5.732778446019748
5.805316534778064
5.8778709159696545
5.950441808139225
6.023029430458362
6.09563400273504
6.168255745423226
6.240894879632533
6.313551627137971
6.386226210389763
6.458918852523242
6.531629777368832
6.604359209462104
6.677107374053925
6.749874497120676
6.822660805374572
6.895466526274061
6.968291888034308
7.041137119637782
7.114002450844922
7.186888112204903
7.259794335066495
7.332721351589021
7.4056693947534145
7.478638698373366
7.55162949710659
7.624642026466178
7.697676522832067
7.770733223462611
7.843812366506264
7.916914191013369
7.990038936948062
8.063186845200297
8.136358157597975
8.209553116919198
8.282771966904644
8.356014952270064
8.429282318718903
8.502574312955039
8.57589118269567
8.649233176684314
8.722600544703944
8.795993537590272
8.86941240724515
8.942857406650127
9.016328789880141
9.08982681211736
9.163351729665155
9.23690379996225
9.310483281596994
9.384090434321806
9.457725519067774
9.531388797959407
9.605080534329556
9.6788009927345
9.75255043896919
9.826329140082679
9.900137364393714
9.973975381506508
10.047843462326691
10.121741879077446
10.195670905315824
10.26963081594926
10.343621887252263
10.41764439688332
10.491698623901986
10.565784848786175
10.639903353449668
10.714054421259824
10.78823833705549
10.862455387165157
10.936705859425302
11.01099004319898
11.085308229394625
11.159660710485104
11.234047780526973
11.308469735180013
11.382926871726974
11.457419489093592
11.531947887868839
11.606512370325445
11.681113240440679
11.75575080391738
11.830425368205278
11.905137242522583
11.979886737877854
12.054674167092141
12.129499844821447
12.204364087579451
12.279267213760555
12.354209543663227
12.42919139951366
12.504213105489743
12.579274987745356
12.654377374434995
12.729520595738737
12.804704983887534
12.87993087318886
12.955198600052713
13.03050850301797
13.105860922779117
13.181256202213346
13.25669468640803
13.332176722688594
13.407702660646763
13.483272852169232
13.558887651466735
13.63454741510352
13.710252502027274
13.786003273599443
13.86180009362604
13.937643328388859
14.013533346677162
14.089470519819848
14.165455221718068
14.241487828878338
14.317568720446161
14.393698278240116
14.4698768867865
14.546104933354448
14.622382807991638
14.698710903560487
14.775089615774938
14.851519343237799
14.928000487478648
15.004533452992343
15.081118647278114
15.157756480879288
15.234447367423606
15.311191723664203
15.387989969521223
15.464842528124098
15.541749825854499
15.618712292389983
15.695730360748334
15.772804467332625
15.849935051977011
15.927122557993275
16.00436743221812
16.081670125061255
16.159031090554265
16.23645078640031
16.313929674024617
16.39146821862586
16.469066889228362
16.546726158735208
16.624446503982263
16.70222840579306
16.780072349034707
16.857978822674667
16.93594831983859
17.013981337869115
17.09207837838568
17.170239947345415
17.248466555105086
17.32675871648411
17.405116950828734
17.483541782077314
17.562033738826784
17.640593354400306
17.719221166916153
17.797917719357816
17.876683559645432
17.95551924070846
18.034425320559734
18.113402362370877
18.192450934549086
18.271571610815386
18.3507649702843
18.430031597545074
18.50937208274437
18.58878702167059
18.668277015839763
18.747842672583072
18.827484605136124
18.907203432729855
18.986999780683274
19.066874280497977
19.146827569954525
19.226860293210716
19.3069731009018
19.38716665024268
19.46744160513218
19.547798636259355
19.628238421212
19.70876164458732
19.789368998104855
19.87006118072174
19.950838898750312
20.031702865978133
20.11265380379055
20.19369244129577
20.274819515452574
20.356035771200705
20.437341961594065
20.518738847936675
20.60022719992159
20.68180779577282
20.763481422390228
20.845248875497692
20.927110959794415
21.00906848910958
21.091122286560427
21.17327318471383
21.25552202575145
21.337869661638635
21.42031695429708
21.50286477578142
21.585514008459825
21.668265545198757
21.751120289551935
21.834079155953717
21.917143069916936
22.00031296823539
22.0835897991911
22.16697452276641
22.250468110861227
22.334071547515354
22.417785829136225
22.501611964732145
22.58555097615116
22.66960389832582
22.753771779523912
22.83805568160542
22.922456680285883
23.006975865406304
23.091614341209898
23.17637322662581
23.261253655560065
23.34625677719398
23.43138375629024
23.516635773506955
23.602014025719832
23.687519726352868
23.773154105717733
23.858918411362176
23.944813908427747
24.030841880017107
24.117003627571325
24.203300471257407
24.289733750366434
24.376304823722737
24.463015070104348
24.549865888675242
24.63685869942973
24.723994943649384
24.811276084373024
24.89870360688014
24.98627901918828
25.074003852564896
25.16187966205413
25.249908027019135
25.338090551700486
25.426428865791205
25.514924625029142
25.603579511807226
25.69239523580234
25.7813735346235
25.87051617448008
25.959824950870793
26.049301689294364
26.138948245982558
26.2287665086566
26.31875839730782
26.40892586500349
26.499270898718887
26.58979552019666
26.680501786834533
26.771391792602596
26.862467668991318
26.95373158599163
27.045185753108406
27.13683242040869
27.22867387960627
27.320712465184002
27.412950555555685
27.50539057426907
27.59803499125191
27.690886324102866
27.783947139429397
27.877220054234638
27.970707737355525
28.064412910954584
28.158338352067744
28.252486894210907
28.34686142904796
28.441464908123177
28.536300344661097
28.631370815437133
28.72667946272235
28.822229496306093
28.91802419560031
29.014066911829662
29.110361070311768
29.206910172832234
29.303717800119262
29.40078761442312
29.498123362205945
29.59572887694772
29.693608082074757
29.791764994017168
29.890203725402547
29.988928488393295
30.08794359817568
30.18725347660914
30.28686265604506
30.386775783324744
30.486997623967046
30.58753306655688
30.688387127346548
30.78956495508278
30.891071836073177
30.99291319950691
31.095094623045487
31.197621838700737
31.300500739018222
31.403737383586005
31.507338005889974
31.611309020538723
31.715657030882838
31.820388837055354
31.925511444462405
32.031032072755494
32.13695816531942
32.24329739931273
32.35005769630099
32.45724723352625
32.564874455860476
32.672948088494415
32.78147715041868
32.89047096875848
32.999939194029615
33.109891816389656
33.22033918296535
33.331292016345216
33.44276143433537
33.55475897108622
33.66729659970915
33.780386756514325
33.89404236701527
34.008276873861
34.12310426687476
34.23853911539811
34.35459660316194
34.471292565931755
34.58864353220372
34.706666767261396
34.82538032094122
34.94480307949823
35.064954822013966
35.18585628184567
35.307529213682926
35.429996466854526
35.55328206561808
35.67741129726886
35.80241080902621
35.9283087147985
36.05513471309548
36.18292021755524
36.31169850178799
36.441504860518435
36.57237678934351
36.70435418582295
36.83747957510539
36.971798363879294
37.10735912715401
37.244213933252965
37.382418713481826
37.52203368427468
37.66312383129441
37.80575946706593
37.95001687638398
38.09597906713528
38.24373664854911
38.39338886457126
38.545044817507225
38.69882492695536
38.85486268228697
39.01330676489299
39.17432364112087
39.33810076130143
39.50485054915865
39.67481543647166
39.84827430175191
40.02555082801841
40.20702453579931
40.393145629631285
40.58445542163147
40.78161515685092
40.98544794388807
41.19700199157945
41.41765026676174
41.64925640473234
41.89447108320849
42.157313777590076
42.4444778865266
42.76893422792449
43.16457691145278