0.04480680549410502
0.134420709263837
0.22403549140300624
0.3136517375741482
0.40327003356418584
0.49289096533422794
0.5825151190694102
0.6721430812287924
0.7617754385953233
0.8514127783258856
0.9410556880014346
1.0307047556772415
1.1203605699332548
1.2100237199245936
1.299694795432181
1.3893743869135378
1.4790630855537419
1.5687614833165706
1.6584701729958393
1.7481897482669444
1.8379208037386325
1.9276639350049996
2.017419738697741
2.1071888125386624
2.196971755392466
2.2867691673198247
2.376581649630762
2.4664098049383485
2.5562542372127264
2.6461155518354875
2.735994355654405
2.8258912570385424
2.9158068659337593
3.0057417939186144
3.0956966542606947
3.185672061973382
3.2756686338730714
3.3656869886368583
3.455727746860713
3.5457915311181543
3.635878966019448
3.725990678271335
3.816127296737317
3.9062894524985152
3.9964777789151142
4.086692911688419
4.176935488923536
4.267206151192699
4.357505541599267
4.447834305842397
4.538193092282431
4.628582552007009
4.7190033388979185
4.809456109698727
4.899941524083197
4.990460244724513
5.081012937365346
5.171600270888775
5.262222917390099
5.352881552249542
5.443576854205898
5.5343095054311355
5.625080191605978
5.715889601996496
5.806738429531739
5.897627370882427
5.988557126540738
6.0795284009012125
6.1705419023428165
6.26159834331218
6.35269844040805
6.44384291446699
6.535032490650359
6.626267898532594
6.717549872190847
6.808879150295997
6.900256476205085
6.991682598055192
7.083158268858824
7.1746842466008145
7.26626129433681
7.357890180293356
7.449571677969648
7.541306566240975
7.633095629463904
7.724939657583258
7.816839446240923
7.908795796886545
8.000809516890147
8.092881419656754
8.185012324743019
8.277203057975978
8.369454451573915
8.461767344269461
8.554142581434922
8.64658101520996
8.739083504631635
8.831650915766902
8.92428412184762
9.016984003408147
9.10975144842558
9.20258735246272
9.295492618813826
9.388468158653255
9.481514891187047
9.57463374380754
9.6678256522511
9.761091560759063
9.854432422241956
9.947849198447107
10.041342860129737
10.134914387227607
10.228564769039368
10.322295004406666
10.416106101900152
10.509999080009472
10.603974967337384
10.6980348027981
10.792179635819965
10.886410526552643
10.98072854607889
11.075134776631073
11.169630311812577
11.264216256824241
11.358893728695953
11.453663856523606
11.548527781711504
11.643486658220464
11.738541652821706
11.833693945356778
11.928944729003646
12.024295210549168
12.119746610668138
12.215300164209108
12.3109571204872
12.406718743584127
12.50258631265563
12.59856112224661
12.694644482614155
12.790837720058747
12.88714217726388
12.98355921364441
13.080090205703858
13.176736547401022
13.273499650526162
13.370380945087083
13.467381879705478
13.564503922023814
13.661748559123174
13.75911729795241
13.85661166576896
13.954233210591791
14.051983501666824
14.149864129945321
14.247876708575669
14.34602287340903
14.444304283519356
14.54272262173828
14.64127959520541
14.739976935934587
14.838816401396713
14.93779977511969
15.036928867306171
15.13620551546976
15.235631585090317
15.335208970289145
15.434939594524762
15.534825411310083
15.634868404951792
15.735070591312807
15.835434018598702
15.935960768169048
16.036652955374652
16.137512730421722
16.23854227926402
16.339743824524206
16.44111962644545
16.54267198387465
16.644403235278517
16.7463157597939
16.848411978313806
16.950694354610583
17.053165396497935
17.15582765703331
17.258683735762556
17.36173628000856
17.464987986205912
17.568441601283542
17.67209992409758
17.775965806916606
17.88004215696174
17.984331938004075
18.088838172022097
18.193563940921894
18.298512388323132
18.403686721413894
18.509090212877727
18.61472620289633
18.720598101231626
18.826709389391137
18.93306362288075
19.039664433549294
19.14651553202961
19.253620710280977
19.3609838442382
19.468608896572874
19.57649991957277
19.68466105814556
19.793096552953667
19.901810743687218
20.010808072482792
20.120093087495967
20.22967044663629
20.339544921473845
20.449721401327253
20.560204897543546
20.67100054798115
20.782113621707943
20.893549523927234
21.00531380114546
21.117412146596255
21.22985040593687
21.342634583233817
21.455770847256122
21.569265538095816
21.68312517413684
21.79735645939524
21.91196629125527
22.02696176862796
22.142350200560944
22.25813911533062
22.374336270050303
22.49094966083088
22.60798753353357
22.7254583951578
22.843371025910944
22.961734492010898
23.080558159276958
23.199851707569536
23.31962514614494
23.43988882999749
23.560653477268335
23.68193018780784
23.803730462987005
23.92606622686298
24.04894984881422
24.172394167772936
24.29641251819564
24.421018757927783
24.546227298135214
24.672053135494323
24.798511886854186
24.925619826608386
25.05339392704181
25.18185190194912
25.31101225385743
25.440894325226523
25.571518354046866
25.702905534309355
25.835078081882667
25.968059306405465
26.101873689883504
26.236546972777525
26.37210624847984
26.50858006720807
26.645998550497676
26.784393517655325
26.923798625747793
27.064249524953695
27.205784031405525
27.348442320008726
27.49226714015562
27.637304057772194
27.78360172776636
27.931212201714835
28.08019127656756
28.23059889130929
28.382499579957493
28.535962991072726
28.691064486216117
28.847885832649073
29.006516009220643
29.167052149087095
29.32960064901137
29.49427848299485
29.661214768603475
29.830552648571913
30.002451569570226
30.177090066562666
30.354669198236145
30.53541683151808
30.71959304905075
30.907497065147336
31.099476203766038
31.295937751123105
31.49736490632931
31.704338725602796
31.91756909633491
32.137939797079156
32.36657645959567
32.60495368308314
32.855073374721066
33.11978335895178
33.403402842415645
33.713125751029395
34.062895844922714
34.489158597847194