0.0937060440613786
0.2811298467323063
0.46858881209649367
0.6561064455357194
0.8437063481285864
1.0314122555671925
1.219248077719043
1.4072379390291254
1.5954062199652146
1.7837775997197196
1.97237710039385
2.1612301329048256
2.3503625448744954
2.539800670778397
2.729571384658352
2.9197021557295613
3.110221107245406
3.3011570790203533
3.4925396940542717
3.6843994297509552
3.876767694280757
4.069676908703217
4.263160595541918
4.457253474592269
4.651991566845694
4.847412307533346
5.043554669432137
5.2404592977393545
5.4381686580140975
5.6367271989099255
5.836181531690424
6.036580628836622
6.23797604443304
6.440422159471099
6.643976455751648
6.848699822723701
7.054656902391373
7.26191647839011
7.4705519165212015
7.680641665498314
7.892269828476744
8.10552681820497
8.320510111490776
8.53732512228771
8.756086217320947
8.976917904111467
9.199956228974465
9.42535043269233
9.653264924984933
9.883881656897783
10.117402994660386
10.354055232179574
10.594092926257336
10.837804305192462
11.085518097551033
11.33761226944543
11.59452537172418
11.856771527137035
12.124960608784908
12.399826014408026
12.682263889584272
12.97339021859439
13.274626979734649
13.587838011990621
13.915555363288536
14.261383921882933
14.630796281434254
15.032917422687504
15.48545664612018
16.034772477060816