0.05067085809785645
0.15201311581704013
0.2533569981818746
0.3547035885402859
0.45605397061654507
0.5574092286620198
0.65877044760614
0.760138713207638
0.861515112206127
0.9629007324740759
1.0642966631692479
1.1657039948876602
1.2671238198171313
1.3685572318914787
1.4700053269454296
1.5714692028703117
1.6729499597705852
1.774448700121289
1.8759665289264584
1.9775045538785916
2.079063885519225
2.180645637400692
2.2822509262491333
2.3838808721288323
2.485536598607941
2.587219232925684
2.688929906161097
2.790669753403395
2.89243991392403
2.994241531350533
3.09607575384221
3.1979437342677772
3.2998466303850233
3.4017856050225768
3.5037618262638732
3.6057764676334085
3.7078307082853685
3.8099257331947287
3.9120627333509272
4.014242905954195
4.116467454614655
4.218737589554297
4.321054527811913
4.423419493451127
4.52583371777162
4.628298439523653
4.730814905126027
4.833384368887589
4.936008093232401
5.038687348928722
5.141423415321906
5.244217580571378
5.347071141891811
5.449985405798643
5.552961688358113
5.656001315441921
5.759105622986711
5.86227595725852
5.9655136751223585
6.068820144317104
6.17219674373588
6.275644863712111
6.379165906311434
6.482761285629672
6.586432428097068
6.690180772788997
6.79400777174336
6.897914890284902
7.001903607356674
7.105975415858887
7.210131822995404
7.314374350628134
7.418704535639593
7.5231239303039095
7.627634102666565
7.732236636933165
7.836933133867563
7.941725211199639
8.046614504043081
8.151602665323523
8.256691366217378
8.361882296601763
8.467177165515896
8.57257770163436
8.678085653752676
8.783702791285606
8.889430904778651
8.995271806433209
9.10122733064589
9.207299334562522
9.313489698647329
9.419800327267913
9.52623314929656
9.6327901187285
9.73947321531777
9.84628444523129
9.953225841721917
10.060299465821094
10.167507407051955
10.274851784163584
10.382334745887274
10.489958471715678
10.597725172705672
10.705637092305945
10.813696507210238
10.92190572823728
11.0302671012385
11.138783008034622
11.247455867382328
11.356288135972237
11.465282309459461
11.574440923528128
11.683766554991282
11.793261822927644
11.902929389856833
12.012771962954664
12.122792295310262
12.232993187226844
12.343377487568038
12.453948095151775
12.564707960193902
12.675660085803697
12.786807529533675
12.898153404986163
13.009700883479244
13.12145319577484
13.233413633871843
13.345585552867352
13.457972372889309
13.570577581103896
13.683404733801382
13.796457458564229
13.909739456521521
14.023254504694034
14.137006458434474
14.250999253967757
14.36523691103642
14.479723535656625
14.59446332299051
14.70946056034106
14.824719630275979
14.94024501388753
15.056041294195724
15.172113159702722
15.288465408106825
15.405102950185022
15.522030813853597
15.639254148417008
15.75677822901591
15.874608461285987
15.992750386240003
16.111209685386452
16.22999218609908
16.349103867252612
16.468550865141147
16.588339479696852
16.70847618102802
16.82896761629688
16.949820616959187
17.071042206389336
17.192639607916536
17.314620253299772
17.436991791671318
17.559762098981167
17.68293928797737
17.806531718760166
17.930548009951096
18.054997050521767
18.17988801233088
18.305230363422453
18.431033882142902
18.557308672139893
18.684065178311766
18.811314203782686
18.93906692798595
19.067334925945776
19.19613018885677
19.325465146070282
19.45535268860775
19.585806194333696
19.71683955493474
19.84846720486681
19.98070415245006
20.113566013310937
20.2470690463932
20.38123019278491
20.51606711763721
20.651598255483403
20.787842859303918
20.924821053725463
21.06255389279114
21.201063422794437
21.340372750734144
21.480506119021676
21.62148898715825
21.763348121199183
21.90611169193891
22.04980938288626
22.194472509258794
22.34013414941261
22.486829290345284
22.634594989172303
22.78347055278966
22.933497738308894
23.084720977299437
23.23718762741405
23.390948255629493
23.546056958133715
23.70257172287098
23.8605548419637
24.020073382727617
24.18119972786651
24.344012197782693
24.508595770915697
24.675042921820054
24.843454601582614
25.01394139153081
25.186624869513384
25.361639239075636
25.5391332866521
25.719272751985763
25.902243224610093
26.088253717788962
26.277541125996372
26.470375850963574
26.667068997544526
26.867981715536708
27.07353753328959
27.284238956534757
27.500690305618164
27.723629951884604
27.953977216783535
28.19290311203908
28.44194183941454
28.703176445022113
28.97957051730117
29.27561939297079
29.59881135933896
29.963662886694166
30.408122863501724