0.024933275283685604
0.07479984147235903
0.12466645452506635
0.17453314568492093
0.22439994619567233
0.27426688730196075
0.3241340002495717
0.37400131628569017
0.42386886665915574
0.47373668262071666
0.523604795423285
0.5734732363221908
0.6233420365754376
0.6732112274439565
0.7230808401918613
0.7729509060867038
0.8228214563997287
0.8726925224061284
0.9225641353852987
0.9724363266210938
1.0223091274020821
1.0721825690218016
1.122056682779015
1.171931499977967
1.2218070519286381
1.271683369947003
1.3215604853552845
1.3714384294822122
1.421317233663277
1.4711969292409883
1.5210775475651328
1.5709591199930275
1.6208416778897816
1.6707252526285497
1.7206098755907921
1.7704955781665317
1.8203823917546118
1.870270347762954
1.9201594776088184
1.970049812719059
2.019941384530386
2.0698342244896226
2.119728364053965
2.169623834691243
2.219520667880177
2.269418895110642
2.3193185478839244
2.3692196577129856
2.41912225612272
2.469026374650219
2.5189320448450303
2.568839298269421
2.618748166498639
2.6686586811211757
2.7185708737390293
2.7684847759679667
2.818400419437788
2.8683178357925887
2.9182370566910256
2.96815811380658
3.0180810388278236
3.0680058634586813
3.1179326194186996
3.167861338443311
3.2177920522840995
3.2677247927090693
3.3176595915029106
3.3675964804672662
3.417535491421001
3.46747665620047
3.517420006659786
3.5673655746710895
3.6173133921248186
3.6672634909299777
3.71721590301441
3.767170660325065
3.817127794828276
3.8670873385100233
3.9170493233762147
3.9670137814529545
4.0169807447868155
4.066950245445116
4.116922315516193
4.166896987109676
4.216874292356762
4.266854263410493
4.316836932446033
4.366822331660943
4.416810493275459
4.46680144953277
4.516795232699297
4.566791875064973
4.616791408943521
4.666793866672735
4.71679928061476
4.766807683156378
4.816819106709284
4.866833583710371
4.916851146622016
4.966871827932361
5.016895660155598
5.066922675832255
5.116952907529481
5.166986387841335
5.21702314938907
5.267063224821423
5.317106646814903
5.36715344807408
5.417203661331876
5.467257319349855
5.517314454918513
5.567375100857573
5.617439290016276
5.667507055273675
5.717578429538929
5.767653445751599
5.8177321368819435
5.867814535931212
5.917900675931951
5.96799058994829
6.018084311076251
6.068181872444042
6.118283307212364
6.168388648574701
6.218497929757635
6.2686111840211405
6.318728444658894
6.368849744998573
6.418975118402168
6.469104598266282
6.519238218022443
6.569376011137413
6.619518011113491
6.669664251488829
6.71981476583774
6.769969587771012
6.8201287509362185
6.870292289018033
6.920460235738543
6.970632624857569
7.0208094901729785
7.070990865521001
7.1211767847765515
7.171367281853547
7.221562390705228
7.271762145324479
7.3219665797441555
7.3721757280374005
7.422389624317973
7.472608302740577
7.522831797501181
7.57306014283735
7.623293373028577
7.673531522396608
7.723774625305776
7.774022716163329
7.824275829419773
7.874533999569195
7.924797261149606
7.975065648743275
8.025339196977066
8.075617940522784
8.125901914097504
8.17619115246392
8.226485690430684
8.276785562852757
8.327090804631744
8.377401450716247
8.427717536102211
8.478039095833271
8.528366165001106
8.578698778745785
8.629036972256126
8.67938078077004
8.729730239574904
8.780085384007895
8.830446249456365
8.880812871358192
8.931185285202147
8.981563526528246
9.031947630928126
9.082337634045398
9.13273357157602
9.183135479268664
9.233543392925078
9.283957348400472
9.33437738160387
9.384803528498502
9.43523582510216
9.485674307487594
9.536119011782874
9.586569974171779
9.637027230894171
9.687490818246383
9.7379607725816
9.78843713031024
9.838919927900356
9.889409201878005
9.939904988827651
9.990407325392553
10.040916248275161
10.091431794237506
10.141954000101602
10.192482902749843
10.243018539125398
10.293560946232619
10.344110161137444
10.3946662209678
10.44522916291401
10.495799024229205
10.546375842229727
10.59695965429555
10.647550497870686
10.698148410463611
10.748753429647675
10.799365593061516
10.849984938409499
10.900611503462121
10.951245326056451
11.00188644409654
11.052534895553869
11.103190718467767
11.153853950945845
11.204524631164439
11.255202797369035
11.305888487874718
11.356581741066607
11.407282595400298
11.457991089402311
11.508707261670537
11.559431150874685
11.61016279575673
11.660902235131376
11.711649507886504
11.762404652983626
11.813167709458355
11.863938716420858
11.91471771305632
11.965504738625418
12.016299832464783
12.067103033987472
12.117914382683434
12.168733918120006
12.219561679942366
12.270397707874022
12.321242041717303
12.37209472135383
12.42295578674501
12.473825277932528
12.524703235038826
12.575589698267615
12.626484707904355
12.677388304316766
12.728300527955321
12.779221419353757
12.830151019129577
12.881089367984563
12.93203650670528
12.982992476163599
13.03395731731721
13.084931071210143
13.135913778973284
13.186905481824914
13.237906221071219
13.288916038106834
13.339934974415366
13.390963071569942
13.442000371233734
13.493046915160509
13.544102745195172
13.595167903274309
13.646242431426744
13.697326371774086
13.748419766531285
13.799522658007197
13.850635088605134
13.901757100823446
13.95288873725607
14.004030040593111
14.055181053621418
14.106341819225156
14.157512380386386
14.20869278018565
14.25988306180256
14.311083268516377
14.362293443706621
14.413513630853652
14.464743873539273
14.515984215447341
14.567234700364363
14.618495372180107
14.669766274888218
14.721047452586836
14.772338949479206
14.823640809874314
14.874953078187499
14.926275798941099
14.97760901676507
15.028952776397634
15.080307122685914
15.131672100586579
15.183047755166493
15.234434131603368
15.28583127518642
15.33723923131702
15.38865804550937
15.440087763391162
15.49152843070425
15.542980093305324
15.594442797166593
15.64591658837646
15.697401513140214
15.748897617780722
15.800404948739118
15.851923552575501
15.90345347596965
15.954994765721715
16.006547468752935
16.058111632106357
16.109687302947556
16.16127452856534
16.212873356372512
16.264483833906567
16.316106008830463
16.367739928933325
16.41938564213123
16.471043196467924
16.5227126401156
16.574394021375642
16.626087388679405
16.67779279058897
16.729510275797914
16.781239893132113
16.832981691550497
16.884735720145848
16.9365020281456
16.988280664912637
17.040071679946067
17.091875122882076
17.1436910434947
17.195519491696675
17.247360517540223
17.299214171217915
17.351080503063493
17.402959563552688
17.4548514033041
17.506756073080016
17.558673623787286
17.610604106478156
17.662547572351173
17.71450407275201
17.76647365917439
17.818456383260926
17.87045229680403
17.9224614517468
17.974483900183934
18.026519694362612
18.07856888668342
18.130631529701265
18.1827076761263
18.23479737882484
18.28690069082032
18.339017665294218
18.391148355586996
18.443292815199083
18.4954510977918
18.54762325718835
18.599809347374777
18.652009422500957
18.704223536881564
18.756451744997094
18.80869410149482
18.86095066118984
18.913221479066056
18.965506610277217
19.01780611014793
19.070120034174693
19.122448438026947
19.174791377548104
19.227148908756615
19.27952108784703
19.331907971191054
19.384309615338637
19.436726077019053
19.489157413141978
19.541603680798605
19.594064937262743
19.64654123999192
19.69903264662852
19.7515392150009
19.804061003124534
19.856598069203145
19.90915047162987
19.961718268988417
20.01430152005423
20.06690028379566
20.11951461937517
20.1721445861505
20.224790243675898
20.277451651703306
20.330128870183586
20.382821959267762
20.435530979308233
20.48825599086003
20.540997054682073
20.593754231738423
20.646527583199564
20.699317170443685
20.752123055057954
20.80494529883984
20.857783963798404
20.91063911215563
20.963510806347742
21.016399109026555
21.069304083060807
21.12222579153753
21.17516429776342
21.228119665266192
21.281091957795987
21.334081239326768
21.387087574057727
21.4401110264147
21.4931516610516
21.546209542851845
21.599284736929835
21.65237730863239
21.705487323540222
21.758614847469435
21.81175994647301
21.86492268684231
21.918103135108595
21.971301358044556
22.024517422665856
22.077751396232678
22.131003346251287
22.184273340475613
22.237561446908835
22.29086773380497
22.34419226967051
22.397535123266028
22.45089636360781
22.50427605996953
22.557674281883884
22.61109109914428
22.664526581806523
22.71798080019053
22.77145382488202
22.824945726734263
22.878456576869805
22.931986446682238
22.985535407837965
23.039103532277988
23.092690892219682
23.14629756015864
23.199923608870474
23.253569111412673
23.30723414112644
23.360918771638577
23.41462307686336
23.468347131004453
23.522091008556803
23.575854784308586
23.62963853334315
23.683442331040975
23.73726625308165
23.791110375445868
23.84497477441744
23.89885952658532
23.952764708845635
24.006690398403773
24.060636672776425
24.114603609793715
24.16859128760128
24.22259978466242
24.276629179760224
24.330679551999758
24.384750980810228
24.438843545947186
24.492957327494754
24.547092405867843
24.601248861814437
24.65542677641784
24.70962623109899
24.763847307618757
24.81809008808029
24.872354654931346
24.9266410909667
24.9809494793305
25.0352799035187
25.089632447381486
25.144007195125738
25.198404231317497
25.25282364088447
25.307265509118533
25.361729921678293
25.41621696459163
25.470726724258295
25.525259287452503
25.579814741325578
25.63439317340859
25.68899467161504
25.743619324243557
25.79826721998062
25.852938447903295
25.90763309748203
25.962351258583418
26.017093021473045
26.071858476818317
26.12664771569134
26.18146082957181
26.23629791034994
26.291159050329398
26.34604434223029
26.40095387919217
26.455887754777038
26.51084606297243
26.565828898194482
26.62083635529104
26.675868529544804
26.730925516676503
26.786007412848083
26.84111431466593
26.896246319184133
26.951403523907768
27.00658602679622
27.06179392626651
27.117027321196698
27.172286310929273
27.227570995274604
27.282881474514404
27.33821784940525
27.3935802211821
27.448968691561877
27.50438336274708
27.55982433742941
27.61529171879345
27.670785610520365
27.726306116791655
27.781853342292923
27.837427392217712
27.893028372271324
27.94865638867473
28.00431154816849
28.059993958016715
28.115703726011066
28.171440960474804
28.227205770266853
28.282998264785927
28.338818553974708
28.394666748324
28.450542958877012
28.50644729723362
28.5623798755547
28.618340806566486
28.674330203564978
28.73034818042041
28.786394851581736
28.842470332081167
28.89857473753878
28.954708184167124
29.010870788775925
29.06706266877679
29.123283942187992
29.179534727639304
29.235815144376847
29.29212531226803
29.348465351806503
29.404835384117188
29.46123553096136
29.51766591474175
29.574126658507744
29.630617885960586
29.68713972145869
29.74369229002296
29.800275717342192
29.85689012977852
29.91353565437292
29.97021241885078
30.02692055162752
30.083660181814263
30.14043143922359
30.197234454375337
30.254069358502445
30.3109362835569
30.36783536221571
30.42476672788697
30.481730514715952
30.538726857591314
30.595755892151324
30.65281775479019
30.709912582664426
30.767040513699325
30.82420168659546
30.881396240835283
30.938624316689793
30.995886055225263
31.053181598310058
31.110511088621514
31.1678746696529
31.225272485720453
31.282704681970497
31.340171404386634
31.397672799797014
31.4552090158817
31.51278020118009
31.570386505098444
31.628028077917488
31.685705070800115
31.74341763579913
31.801165925865156
31.85895009485455
31.91677029753747
31.974626689606016
32.03251942768242
32.09044866932743
32.14841457304867
32.20641729830919
32.26445700553608
32.32253385612917
32.380648012469855
32.43879963793001
32.49698889688101
32.55521595470285
32.61348097779344
32.67178413357783
32.730125590517794
32.788505518121305
32.84692408695226
32.90538146864027
32.96387783589056
33.022413362493985
33.08098822333725
33.13960259441309
33.19825665283075
33.25695057682645
33.31568454577406
33.37445874019591
33.433273341773635
33.4921285333593
33.55102449898651
33.609961423881785
33.66893949447599
33.72795889841596
33.78701982457622
33.84612246307089
33.90526700526573
33.964453643790314
34.02368257255042
34.08295398674047
34.14226808285624
34.20162505870765
34.261025113431735
34.32046844750586
34.379955262760944
34.439485762395016
34.49906015098685
34.5586786345098
34.61834142034582
34.67804871729967
34.73780073561326
34.79759768698031
34.85743978456101
34.91732724299702
34.97726027842664
35.03723910850014
35.09726395239532
35.15733503083329
35.21745256609441
35.27761678203451
35.337827904101275
35.39808615935091
35.45839177646492
35.51874498576727
35.579146019241634
35.639595110548974
35.70009249504531
35.76063840979979
35.82123309361292
35.88187678703511
35.9425697323855
36.003312173770965
36.06410435710547
36.124946530129606
36.18583894243051
36.24678184546197
36.307775492564836
36.3688201389878
36.42991604190834
36.49106346045406
36.552262655724284
36.61351389081202
36.674817430826174
36.73617354291408
36.79758249628448
36.85904456223064
36.92056001415401
36.982129127588045
37.04375218022253
37.10542945192817
37.16716122478155
37.22894778309054
37.29078941341996
37.35268640461776
37.41463904784147
37.47664763658515
37.53871246670667
37.60083383645545
37.66301204650062
37.72524739995958
37.787540202427
37.84989076200436
37.91229938932974
37.974766397608335
38.0372921026432
38.09987682286667
38.1625208793721
38.225224595946266
38.28798829910216
38.35081231811234
38.41369698504283
38.47664263478754
38.53964960510324
38.602718236645096
38.66584887300278
38.72904186073716
38.79229754941759
38.85561629165983
38.91899844316451
38.982444362756354
39.0459544124239
39.10952895736003
39.17316836600301
39.2368730100784
39.30064326464148
39.36447950812054
39.42838212236078
39.49235149266907
39.556388007859375
39.62049206029898
39.68466404595555
39.74890436444497
39.813213419079965
39.87759161691966
39.94203936881992
40.00655708948463
40.071145197517794
40.135804115476674
40.200534269925726
40.265336091491626
40.33021001491921
40.39515647912838
40.46017592727214
40.525268806795594
40.59043556949601
40.655676671584075
40.72099257374613
40.78638374120768
40.85185064379798
40.917393756015876
40.983013557096825
41.04871053108121
41.11448516688393
41.18033795836526
41.24626940440308
41.312280008966525
41.37837028119094
41.44454073545436
41.510791891455426
41.5771242742928
41.643538414546136
41.710034848358674
41.77661411752135
41.843276769558656
41.910023357816186
41.976854441549875
42.043770586017054
42.11077236256933
42.177860348747345
42.24503512837744
42.31229729167026
42.37964743532146
42.447086162614376
42.514614083524876
42.582231814828376
42.64993998020907
42.71773921037146
42.78563014315422
42.85361342364651
42.921689704306644
42.989859645083456
43.05812391354014
43.12648318498081
43.19493814257979
43.26348947751372
43.33213788909658
43.40088408491762
43.4697287809824
43.53867270185694
43.60771658081506
43.676861159989095
43.74610719052395
43.815455432734645
43.88490665626752
43.95446164026504
44.024121173534475
44.093886054720464
44.16375709248156
44.23373510567096
44.303820923521435
44.37401538583471
44.44431934317527
44.514733657068874
44.58525920020577
44.65589685664887
44.726647522047045
44.797512103853485
44.868491521549586
44.93958670687428
45.010798604059154
45.08212817006932
45.1535763748505
45.22514420158228
45.2968326469378
45.36864272135017
45.44057544928566
45.512631869524064
45.58481303544628
45.65712001532953
45.72955389265027
45.80211576639525
45.87480675138076
45.94762797858063
46.02058059546288
46.093665766335754
46.16688467270308
46.240238513629436
46.31372850611559
46.38735588548422
46.46112190577659
46.535027840160446
46.60907498134946
46.68326464203474
46.75759815532879
46.83207687522233
46.906702177054456
46.98147545799671
47.0563981375514
47.13147165806486
47.20669748525609
47.28207710876137
47.35761204269551
47.43330382623025
47.50915402419064
47.585164227669814
47.66133605466316
47.73767115072247
47.814171189630834
47.890837874099255
47.96767293648564
48.044678139537226
48.12185527715728
48.19920617519714
48.276732692274585
48.35443672061961
48.43232018694874
48.51038505336922
48.588633318314024
48.6670670175094
48.745688224976
48.82449905406521
48.90350165853224
48.982698233647476
49.062091017347875
49.14168229143018
49.22147438278778
49.301469664693315
49.381670558128945
49.46207953316668
49.54269911040099
49.62353186243613
49.70458041543089
49.785847450703386
49.86733570639892
49.94904797922384
50.03098712624882
50.113156066784796
50.19555778433543
50.278195328629764
50.36107181773931
50.44419044028381
50.52755445773042
50.61116720679105
50.6950321019233
50.779152637940264
50.86353239273538
50.94817503012846
51.03308430283958
51.11826405559815
51.203718228394486
51.289450859882436
51.37546609094134
51.46176816840692
51.548361448980955
51.63525040333029
51.722439620386865
51.809933811860695
51.89773781697919
51.985856607466765
52.07429529278007
52.16305912561501
52.25215350770316
52.34158399591674
52.43135630870215
52.52147633286458
52.61195013072723
52.70278394769108
52.79398422022304
52.88555758430281
52.97751088436127
53.06985118274609
53.1625857697532
53.25572217426658
53.34926817505216
53.44323181275613
53.53762140266245
53.63244554826961
53.72771315575221
53.82343344937954
53.919615987970126
54.016270682469354
54.11340781474592
54.21103805771277
54.30917249688925
54.4078226535337
54.507000509489366
54.606718533902864
54.70698971199147
54.80782757605633
54.909246238961146
55.01126043032193
55.113885535683245
55.217137638989875
55.32103356870185
55.42559094794502
55.53082824914074
55.63676485361721
55.743421116773256
55.850818439445156
55.95897934621901
56.06792757153974
56.17768815459402
56.28828754409378
56.39975371426262
56.512116293536394
56.62540670773699
56.73965833977576
56.85490670829866
56.97118966811554
57.088547635776756
57.207023844295136
57.32666463178969
57.447519769785806
57.569642838095966
57.69309165468897
57.81792877082089
57.94422204406287
58.072045304875104
58.20147913625573
58.33261179103177
58.46554027796717
58.60037165661951
58.737224592614815
58.87623124093727
59.01753954673474
59.16131608370851
59.307749593503154
59.45705545208007
59.609481381158496
59.76531486137512
59.924892917472
60.088615284529936
60.256962518460455
60.43052155438036
60.61002288141713
60.79639660156471
60.99086076662569
61.1950684263138
61.41137027867082
61.64333016961975
61.89688143693531
62.18351919251387
62.53327296637875