0.09723008183590619
0.2917043351993524
0.48622088419741666
0.6808080145984464
0.8754941457020515
1.0703078847841583
1.2652780825883267
1.4604338901821436
1.6558048175129172
1.8514207940163272
2.047312231655495
2.2435100907965952
2.4400459493612163
2.6369520757359015
2.8342615059664693
3.0320081258198956
3.23022675836094
3.4289532577657686
3.6282246101824187
3.828079042550114
4.028556140408891
4.229696975870762
4.4315442470876985
4.634142430744633
4.837537949333274
5.041779355231914
5.246917533936221
5.45300592916735
5.660100793039949
5.868261465021079
6.077550684073175
6.288034939177481
6.499784864413826
6.71287568597358
6.9273877299634155
7.143407001694743
7.361025849447916
7.58034372858519
7.801468085540757
8.024515385881939
8.249612316643097
8.47689720093922
8.706521673106508
8.938652676194026
9.173474861835754
9.411193497246167
9.652038018084049
9.896266413398228
10.14417069621249
10.3960838105525
10.652388468924656
10.913528629812234
11.180024657270208
11.45249373207096
11.73167794714765
12.018483985703304
12.314040876404608
12.619787154794016
12.937608322597471
13.270065859909028
13.620806639033356
13.995367226732167
14.402979857014895
14.86156350843568
15.418030829061875