0.03868205828336253
0.11604631525104385
0.1934109934282188
0.2707763736433005
0.34814273675783114
0.42551036367974027
0.502879535376609
0.5802505328889429
0.6576236373434545
0.734999129966358
0.8123772920966773
0.8897584051995703
0.9671427508796699
1.0445306108944445
1.1219222671675793
1.1993180018023817
1.2767180970952097
1.3541228355489285
1.4315324998863956
1.5089473730639744
1.586367738285084
1.663793879013779
1.741226078988368
1.818664622235071
1.8961097930817137
1.9735618761714662
2.051021156476626
2.128487919312444
2.205962450351005
2.2834450356351463
2.3609359615924426
2.438435515049233
2.5159439832447115
2.593461653845072
2.6709888149577123
2.748525755145506
2.8260727634411316
2.903630129361473
2.9811981429220866
3.0587770946517403
3.1363672756070233
3.213968977387034
3.2915824921481422
3.3692081126188347
3.446846132114638
3.52449684455313
3.6021605444690348
3.679837527029408
3.7575280880489137
3.835232524005192
3.912951132054328
3.990684210046414
4.068432056541216
4.146194970823942
4.223973252921117
4.30176720361657
4.379577124467522
4.457403317820803
4.53524608682917
4.6131057354677605
4.690982568550649
4.7688768917475475
4.846789011600619
4.924719235541431
5.002667871908039
5.080635229962201
5.158621619906744
5.236627352903057
5.314652741088748
5.392698097595429
5.470763736566671
5.548849973176099
5.626957123645662
5.705085505264045
5.7832354364052625
5.861407236547407
5.939601226291586
6.017817727381012
6.096057062720293
6.174319556394892
6.252605533690775
6.330915321114256
6.409249246412027
6.487607638591388
6.565990827940685
6.644399146049942
6.7228329258317165
6.801292501542155
6.8797782088022785
6.958290384619485
7.036829367409275
7.115395497017215
7.193989114741141
7.272610563353586
7.351260187124465
7.4299383318440135
7.508645344845969
7.58738157503102
7.666147372890519
7.744943090530466
7.823769081695763
7.902625701794752
7.981513307924045
8.060432258893634
8.139382915252305
8.218365639313362
8.297380795180642
8.376428748774858
8.45550986786027
8.534624522071663
8.613773082941673
8.692955923928453
8.772173420443682
8.851425949880923
8.930713891644357
9.010037627177867
9.089397539994506
9.168794015706347
9.248227442054718
9.327698208940843
9.407206708456878
9.48675333491736
9.56633848489109
9.64596255723343
9.72562595311905
9.805329076075108
9.885072332014897
9.964856129271956
10.044680878634647
10.124546993381221
10.20445488931537
10.284404984802293
10.364397700805267
10.444433460922731
10.524512691425933
10.604635821297084
10.684803282268096
10.76501550885987
10.84527293842217
10.925576011174089
11.005925170245098
11.086320861716736
11.166763534664907
11.247253641202825
11.327791636524603
11.408377978949524
11.489013129966972
11.569697554282076
11.650431719862045
11.731216097983243
11.812051163278984
11.8929373937881
11.973875271004271
12.054865279926126
12.135907909108175
12.217003650712545
12.298153000561548
12.379356458191117
12.460614526905102
12.54192771383048
12.623296529973453
12.70472149027649
12.786203113676317
12.867741923162887
12.949338445839333
13.030993212982942
13.11270676010717
13.19447962702472
13.276312357911683
13.358205501372831
13.440159610507996
13.522175242979642
13.604252961081611
13.686393331809077
13.768596926929744
13.850864323056319
13.933196101720268
14.015592849446916
14.098055157831883
14.180583623618933
14.263178848779223
14.345841440592023
14.428572011726919
14.511371180327528
14.594239570096795
14.67717781038387
14.760186536272625
14.843266388671843
14.92641801440712
15.00964206631454
15.092939203336105
15.176310090617063
15.259755399605075
15.343275808151343
15.426872000613702
15.51054466796176
15.594294507884094
15.678122224897598
15.762028530459009
15.846014143078675
15.930079788436613
16.014226199500936
16.09845411664868
16.18276428778912
16.26715746848964
16.351634422104155
16.4361959199043
16.520842741213265
16.605575673542525
16.690395512731417
16.7753030630897
16.86029913754317
16.945384557782376
17.030560154414584
17.115826767119028
17.20118524480553
17.286636445776633
17.37218123789329
17.457820498744233
17.54355511581915
17.629385986685673
17.71531401917045
17.80134013154424
17.887465252711287
17.973690322403005
18.060016291376115
18.146444121615424
18.232974786541277
18.319609271221896
18.406348572590726
18.493193699668918
18.580145673793144
18.66720552884883
18.754374311509043
18.84165308147917
18.92904291174756
19.016544888842297
19.10416011309434
19.191889698907165
19.279734775033162
19.36769648485695
19.455775986685868
19.543974454047845
19.63229307599687
19.720733057426337
19.809295619390483
19.897981999434215
19.986793451931554
20.07573124843301
20.16479667802217
20.253991047681794
20.343315682669747
20.432771926905104
20.522361143364712
20.61208471449065
20.70194404260889
20.79194055035957
20.88207568113925
20.972350899555625
21.062767691895075
21.153327566603497
21.24403205478094
21.334882710690497
21.425881112281957
21.517028861730765
21.60832758599286
21.699778937375942
21.79138459412775
21.883146261042064
21.975065670083023
22.06714458102843
22.15938478213284
22.251788090811115
22.344356354343248
22.437091450601294
22.52999528879927
22.623069810266855
22.716316989247954
22.809738833724992
22.903337386270035
22.99711472492382
23.091072964103766
23.18521425554228
23.279540789256433
23.37405479455049
23.468758541052512
23.56365433978662
23.658744544282303
23.754031551722456
23.849517804131754
23.945205789607208
24.04109804359265
24.137197150199196
24.233505743573676
24.33002650931721
24.426762185956232
24.523715566468347
24.620889499865562
24.718286892837554
24.815910711457835
24.91376398295578
25.011849797557648
25.110171310399995
25.208731743518943
25.307534387919095
25.406582605725994
25.505879832426416
25.60542957920079
25.705235435352623
25.805301070839807
25.905630238913208
26.00622677886808
26.107094618914434
26.208237779172624
26.309660374801
26.41136661926285
26.51336082774037
26.615647420703816
26.718230927644633
26.82111599098203
26.9243073701528
27.0278099458953
27.131628724738896
27.235768843711206
27.34023557527626
27.445034332517658
27.55017067458186
27.655650312397878
27.761479114690736
27.86766311430766
27.974208514877017
28.081121697821985
28.188409229752367
28.29607787025999
28.40413458014511
28.512586530103544
28.621441109906613
28.73070593810882
28.840388872320997
28.95049802009003
29.061041750429833
29.172028706052085
29.283467816349845
29.395368311191756
29.507739735590025
29.62059196531125
29.733935223505757
29.84778009843846
29.962137562412288
30.077018991984474
30.192436189586033
30.308401406666192
30.424927368496235
30.542027300781545
30.65971495824679
30.778004655377295
30.896911299520145
31.01645042657191
31.13663823950608
31.25749165002339
31.379028323642267
31.501266728585723
31.624226188865606
31.74792694201644
31.87239020199017
31.997638227791114
32.12369439850952
32.250583295503475
32.37833079258581
32.506964155197025
32.63651214969171
32.76700516403742
32.89847534142848
33.03095672855743
33.16448544057368
33.29909984510108
33.43484076809754
33.57175172483568
33.7098791798851
33.84927284070929
33.98998599038873
34.132075866087995
34.2756040912577
34.42063717127504
34.567247064380574
34.715511842495445
34.86551645998404
35.01735365290662
35.17112499712485
35.32694216125429
35.484928400571484
35.64522035154045
35.807970205020766
35.97334836152231
36.141546707184325
36.31278269923562
36.48730452198311
36.66539768079329
36.847393561651835
37.03368073079467
37.22472014034899
37.42106604645563
37.623395533340215
37.83255146139084
38.0496072399922
38.27596890890783
38.51354508832447
38.76505057775432
39.034602311459004
39.329056384570784
39.66169975745342
40.067255225246925