0.052330823350764256
0.15699310628299112
0.26165729800787607
0.36632467138911423
0.4709964997934478
0.5756740572922098
0.6803586188631923
0.7850514605929351
0.8897538598795245
0.9944670956360007
1.0991924484944657
1.2039312010109895
1.3086846378714077
1.4134540460981118
1.5182407152579254
1.6230459376711712
1.7278710086220217
1.832717226570242
1.9375858933644223
2.0424783144568064
2.147395799119822
2.252339660664418
2.3573112166603214
2.4623117891583193
2.5673427049146835
2.672405295617851
2.7775008981174736
2.8826308546559645
2.9877965131026545
3.092999227190685
3.1982403567567705
3.30352126798395
3.4088433336474706
3.5142079333639296
3.6196164538438245
3.7250702891476437
3.830570840945652
3.936119518781516
4.041717740339928
4.1473669317183814
4.253068527703264
4.358823972050442
4.464634717770485
4.570502227418745
4.6764279733904335
4.782413438220914
4.8884601148913855
4.994569507140167
5.100743129779778
5.206982509020041
5.313289182797417
5.419664701110794
5.526110626363979
5.63262853371512
5.739220011433313
5.845886661262657
5.9526300987940175
6.059451953844772
6.1663538708468435
6.273337509243285
6.380404543893759
6.487556665489205
6.594795580976033
6.702123013990188
6.809540705301435
6.917050413268246
7.024653914303646
7.132353003352448
7.240149494380266
7.348045220874744
7.456042036359444
7.564141814920864
7.672346451749058
7.780657863692371
7.889077989826799
7.997608792040528
8.106252255634223
8.215010389937635
8.323885228943176
8.432878831957057
8.541993284268717
8.651230697839186
8.760593212009141
8.870082994227413
8.979702240800721
9.08945317766549
9.1993380611826
9.309359178955964
9.419518850675933
9.529819428988436
9.640263300390977
9.750852886156512
9.861590643286382
9.972479065493479
10.08352068421688
10.194718069669289
10.306073831918631
10.417590622005251
10.529271133096225
10.641118101678376
10.75313430879166
10.865322581304659
10.97768579323404
11.090226867109918
11.202948775389133
11.315854541918627
11.428947243451123
11.542230011215544
11.655706032544638
11.769378552562452
11.883250875934477
11.997326368683353
12.11160846007328
12.226100644566404
12.340806483854642
12.4557296089706
12.570873722481485
12.686242600770104
12.801840096407284
12.91767014062034
13.033736745862445
13.150044008488118
13.266596111540276
13.383397327654727
13.50045202208827
13.617764655877021
13.735339789131944
13.853182084479071
13.97129631065235
14.089687346247578
14.208360183646462
14.327319933120444
14.446571827124567
14.566121224792385
14.685973616643675
14.806134629517523
14.92661003174427
15.04740573857072
15.168527817854155
15.289982496041693
15.411776164452911
15.533915385884884
15.65640690156028
15.779257638440777
15.902474716929738
16.026065458989986
16.15003739670462
16.274398281311
16.399156092740593
16.524319049699915
16.64989562033099
16.775894533492803
16.902324790708924
17.029195678830426
17.156516783467474
17.284298003247926
17.412549564966437
17.541282039693566
17.670506359920807
17.800233837824823
17.930476184742055
18.061245531954025
18.192554452893493
18.324415986892912
18.45684366460912
18.589851535272146
18.72345419592191
18.85766682281422
18.992505205197467
19.12798578168409
19.26412567946634
19.40094275665503
19.53845564805277
19.676683814710962
19.815647597662664
19.955368276272708
20.095868131702844
20.23717051605478
20.379299927829006
20.522282094424156
20.66614406250259
20.810914297165322
20.95662279101682
21.10330118436107
21.250982897959823
21.399703280007596
21.549499769243234
21.700412076433516
21.852482386841732
22.005755586747313
22.160279517629277
22.31610526228919
22.47328746799706
22.63188471273359
22.791959921822407
22.953580843759084
23.116820595932907
23.281758293311952
23.44847977616896
23.617078456763956
23.78765630983986
23.960325038204914
24.13520745309266
24.31243912014675
24.492170336833276
24.674568527380487
24.85982116926262
25.048139404208406
25.239762541976546
25.434963744916647
25.634057298781592
25.83740805198664
26.045443878051596
26.258672448079857
26.477704307272266
26.70328544961063
26.936344709940517
27.17806524897217
27.429997229078264
27.694245430307237
27.973804459822006
28.273216865358503
28.600049869407442
28.96897359126714
29.418340485528343