0.032746250589365256
0.09823881281015068
0.1637315581585801
0.22922460872468045
0.2947180866058755
0.36021211390994523
0.4257068127579862
0.49120230528737246
0.5566987136547178
0.6221961600388398
0.6876947666437244
0.7531946557014936
0.8186959494753738
0.8841987702626676
0.9497032403977266
1.0152094822549285
1.0807176182516556
1.1462277708512771
1.2117400625661343
1.2772546159605298
1.3427715536537195
1.4082909983229095
1.4738130727062566
1.5393378996058724
1.6048656018908343
1.6703963025001975
1.735930124446017
1.8014671908163686
1.8670076247783816
1.9325515495812726
1.998099088559387
2.063650365135247
2.1292055028226042
2.1947646252295008
2.2603278560613353
2.325895319123938
2.39146713832665
2.4570434376854142
2.522624341325869
2.588209973486453
2.6538004585215194
2.719395920904452
2.784996485230798
2.8506022762214047
2.916213418725566
2.981830037724179
3.0474522583329087
3.113080205805365
3.178714005536286
3.244353783064737
3.3099996640773117
3.3756517744113546
3.4413102400581836
3.5069751871663333
3.5726467420448014
3.6383250311663153
3.7040101811706028
3.76970231886768
3.8354015712411496
3.9011080654515133
3.966821928839496
4.032543288929383
4.0982722734323715
4.164009010249938
4.229753627477214
4.2955062534063835
4.3612670165300855
4.4270360455448445
4.492813469354504
4.558599417073679
4.624394018031229
4.690197401773741
4.756009698069033
4.82183103690967
4.887661548516503
4.953501363342214
5.019350612074894
5.085209425641626
5.151077935212089
5.216956272202187
5.282844568277688
5.348742955357886
5.414651565619282
5.480570531499286
5.546499985699935
5.612440061191634
5.678390891216921
5.744352609294243
5.810325349221762
5.876309245081187
5.942304431241607
6.0083110423633705
6.074329213401975
6.14035907961198
6.206400776550948
6.272454440083402
6.338520206384815
6.404598211945619
6.470688593575239
6.536791488406153
6.60290703389798
6.6690353678415875
6.7351766283632335
6.801330953928727
6.867498483347624
6.933679355777438
6.999873710727898
7.066081688065216
7.132303428016392
7.198539071173548
7.264788758498291
7.331052631326101
7.397330831370761
7.463623500728803
7.529930781884
7.596252817711873
7.6625897514842505
7.728941726873844
7.795308887958859
7.861691379227653
7.928089345583406
7.994502932348848
8.060932285270999
8.127377550525964
8.193838874723758
8.260316404913155
8.326810288586596
8.393320673685116
8.459847708603318
8.526391542194382
8.592952323775123
8.659530203131064
8.726125330521585
8.792737856685083
8.859367932844181
8.92601571071099
8.992681342492402
9.059364980895426
9.12606677913258
9.192786890927307
9.259525470519458
9.326282672670803
9.393058652670602
9.459853566341206
9.526667570043726
9.593500820683735
9.660353475717026
9.727225693155408
9.794117631572577
9.861029450110008
9.927961308482923
9.994913366986292
10.061885786500902
10.128878728499473
10.195892355052829
10.262926828836122
10.32998231313512
10.397058971852545
10.464156969514463
10.53127647127675
10.598417642931599
10.665580650914103
10.73276566230888
10.79997284485678
10.86720236696164
10.93445439769711
11.001729106813539
11.06902666474493
11.136347242615962
11.203691012249067
11.271058146171596
11.33844881762304
11.405863200562317
11.473301469675146
11.540763800381479
11.608250368843008
11.675761351970758
11.74329692743274
11.810857273661682
11.878442569862852
11.94605299602194
12.01368873291303
12.08134996210666
12.149036865977939
12.216749627714774
12.284488431326173
12.352253461650614
12.420044904364534
12.48786294599088
12.55570777390776
12.623579576357178
12.691478542453874
12.759404862194238
12.827358726465333
12.895340327054011
12.96334985665612
13.031387508885812
13.09945347828496
13.167547960332666
13.235671151454872
13.30382324903408
13.372004451419182
13.440214957935384
13.508454968894254
13.576724685603873
13.645024310379096
13.71335404655194
13.781714098482064
13.850104671567397
13.918525972254864
13.986978208051232
14.055461587534099
14.123976320362983
14.192522617290555
14.261100690174
14.32971075198649
14.398353016828818
14.467027699941141
14.53573501771488
14.604475187704738
14.673248428640887
14.74205496044126
14.810895004224028
14.879768782320197
14.948676518286366
15.017618436917633
15.086594764260667
15.155605727626913
15.22465155560598
15.293732478079185
15.362848726233247
15.432000532574174
15.501188130941292
15.570411756521466
15.63967164586349
15.708968036892653
15.778301168925486
15.847671282684699
15.91707862031429
15.98652342539487
16.056005942959143
16.12552641950762
16.195085103024503
16.2646822429938
16.334318090415596
16.403992897822608
16.473706919296877
16.54346041048672
16.613253628623895
16.68308683254097
16.752960282688957
16.82287424115512
16.892828971681077
16.962824739681107
17.032861812260695
17.10294045823534
17.173060948149615
17.24322355429646
17.313428550736756
17.38367621331916
17.453966819700184
17.524300649364598
17.59467798364604
17.665099105747977
17.735564300764896
17.806073855703843
17.8766280595062
17.947227203069804
18.017871579271375
18.088561482989228
18.159297211126326
18.230079062633653
18.30090733853391
18.37178234194556
18.442704378107205
18.513673754402305
18.584690780384264
18.655755767801875
18.726869030625114
18.79803088507134
18.869241649631846
18.94050164509881
19.01181119459263
19.0831706235897
19.15458025995052
19.226040433948306
19.29755147829796
19.36911372818552
19.440727521298008
19.512393197853758
19.584111100633187
19.655881575010035
19.72770496898309
19.799581633208366
19.8715119210318
19.943496188522467
20.015534794506248
20.08762810060008
20.159776471246722
20.23198027375003
20.304239878310817
20.376555658063292
20.448927989112022
20.52135725056953
20.59384382459445
20.666388096430328
20.73899045444502
20.811651290170722
20.884370998344675
20.95714997695049
21.029988627260174
21.10288735387683
21.175846564778077
21.24886667136014
21.32194808848272
21.395091234514584
21.468296531379913
21.54156440460542
21.61489528336829
21.688289600544902
21.761747792760364
21.83527030043892
21.90885756785522
21.98251004318643
22.056228178565267
22.13001243013396
22.203863258099116
22.277781126787577
22.351766504703228
22.425819864584795
22.49994168346472
22.574132442728985
22.648392628178108
22.722722730089128
22.797123243278783
22.87159466716776
22.946137505846167
23.020752268140146
23.095439467679736
23.170199622967953
23.245033257451162
23.319940899590737
23.394923082936067
23.469980346198895
23.54511323332908
23.620322293591762
23.695608081646018
23.770971157624942
23.84641208721734
23.921931441750928
23.997529798277135
24.073207739657587
24.14896585465222
24.224804738009126
24.300724990556187
24.37672721929446
24.452812037493462
24.528980064788307
24.6052319272788
24.68156825763052
24.75798969517791
24.834496886029495
24.911090483175215
24.987771146595946
25.06453954337528
25.141396347813593
25.218342241544523
25.295377913653798
25.372504060800612
25.44972138734153
25.527030605457007
25.604432435280604
25.681927605030943
25.75951685114651
25.837200918423367
25.914980560155804
25.9928565382801
26.070829623521426
26.148900595543928
26.227070243104187
26.305339364208056
26.383708766270995
26.462179266282025
26.540751690971362
26.61942687698186
26.698205671044356
26.77708893015706
26.856077521769034
26.93517232396795
27.01437422567222
27.09368412682761
27.173102938608505
27.2526315836239
27.33227099612834
27.412022122237868
27.491885920151198
27.571863360376216
27.65195542596201
27.732163112736576
27.81248742955036
27.89292939852583
27.9734900553133
28.05417044935308
28.13497164414431
28.21589471752055
28.296940761932387
28.37811088473735
28.45940620849721
28.54082787128304
28.622377026988243
28.704054845649758
28.78586251377777
28.867801234694184
28.949872228880142
29.032076734332865
29.11441600693218
29.196891320817045
29.27950396877231
29.362255262626267
29.445146533659113
29.52817913302292
29.611354432173343
29.694673823313583
29.778138719850975
29.8617505568667
29.945510791598984
30.029420903940423
30.11348239694978
30.197696797378914
30.282065656215263
30.366590549240595
30.451273077606494
30.536114868427298
30.621117575391107
30.706282879389516
30.791612489166862
30.877108141989638
30.96277160433693
31.048604672612658
31.134609173880452
31.220786966622132
31.307139941520617
31.393670022268353
31.48037916640223
31.567269366166038
31.65434264940166
31.74160108047015
31.82904676120391
31.916681831891314
32.00450847229515
32.09252890270628
32.18074538503403
32.269160223934975
32.35777576798171
32.44659441087333
32.53561859268966
32.62485080119093
32.71429357316514
32.80394949582522
32.89382120825818
32.98391140292888
33.07422282724065
33.16475828515577
33.25552063887835
33.34651281060285
33.43773778433121
33.529198607762076
33.62089839425559
33.712840324877554
33.80502765052688
33.89746369415061
33.99015185305094
34.083095601288974
34.176298492190334
34.26976416095787
34.36349632739722
34.457498798761314
34.55177547272015
34.64633034046283
34.741167489939095
34.83629110924817
34.931705490183276
35.027415031940606
35.12342424500239
35.21973775520407
35.31636030799654
35.413296772915025
35.51055214826713
35.608131566053295
35.706040297134166
35.80428375666017
35.90286750977992
36.00179727764519
36.101078943731785
36.200718560496846
36.30072235639495
36.40109674327713
36.50184832419878
36.60298390166462
36.70451048634125
36.806435306270195
36.90876581661753
37.011509709998826
37.11467492742175
37.21826966989267
37.32230241073712
37.42678190868932
37.5317172218103
37.63711772230036
37.74299311227755
37.849353440600716
37.95620912082365
38.06357095037537
38.17145013107101
38.279858291068884
38.38880750840114
38.49831033621912
38.60837982990964
38.719029576255814
38.83027372483547
38.942127021871926
39.05460484677734
39.167723251656845
39.2814990040743
39.3959496334172
39.511093481240955
39.62694975602093
39.743538592796995
39.860881118259606
39.97899952190121
40.097917133943696
40.21765851085362
40.33824952937477
40.459717490146645
40.58209123213953
40.705401259330024
40.829679881268184
40.95496136945933
41.08128213180777
41.20868090775918
41.337198987248485
41.4668804571295
41.59777247945686
41.72992560684145
41.863394141148824
41.9982365431101
42.134515902037805
42.27230047687854
42.41166432241726
42.55268801774403
42.69545951833696
42.84007515862484
42.98664083912002
43.13527344178924
43.286102530168215
43.439272408146806
43.594944635310895
43.753301130163514
43.91454803996537
44.0789206243803
44.246689500866445
44.41816875134933
44.59372662346889
44.773799930273036
44.95891385860356
45.149709925410406
45.34698664305632
45.55176084594623
45.765364335171625
45.98960476760673
46.22705305040666
46.481607450674765
46.75975908738287
47.07408585723715
47.45745234112097