0.10380146217422166
0.31142392716846806
0.5191050619607723
0.7268841396277912
0.9348006742666133
1.1428945198277285
1.3512059714147289
1.5597758698165718
1.7686457100860522
1.9778577550389427
2.1874551546235876
2.3974820722025694
2.607983818898835
2.8190069972914444
3.030599655904631
3.2428114561228027
3.455693853389266
3.6693002948148603
3.8836864356433063
4.098910377403869
4.315032931042754
4.532117908879905
4.750232449909456
4.969447383778108
5.18983763977168
5.411482708362328
5.634467164376921
5.858881262718921
6.084821619914444
6.312391997694271
6.541704208549995
6.772879167961001
7.006048124116763
7.241354103921387
7.478953624514839
7.719018733397537
7.961739458821013
8.207326777325928
8.456016240006607
8.708072447525
8.96379463262672
9.223523708163889
9.487651284798758
9.756631382586635
10.030995900063404
10.311375442821381
10.598527994882549
10.89337941248874
11.1970823704801
11.511105327917653
11.837372843992933
12.178499369616201
12.53820724429938
12.92214794145245
13.339746281883334
13.809297788283779
14.378710718888687