0.02492072076309952
0.07476217787131179
0.12460368172569038
0.17444526349076836
0.2242869543317121
0.2741287854145747
0.32397078790654904
0.3738129929762217
0.42365543179382587
0.47349813553149506
0.5233411353635167
0.5731844624665852
0.6230281480200565
0.6728722232062008
0.7227167192104568
0.7725616672216852
0.8224070984324231
0.8722530440391378
0.9220995352424805
0.9719466032475408
1.0217942792641013
1.0716425945068908
1.1214915801958412
1.1713412675563393
1.2211916878194835
1.2710428722223375
1.3208948520081871
1.370747658426793
1.4206013227346483
1.4704558761952327
1.5203113500792687
1.5701677756649772
1.620025184238334
1.6698836070933254
1.7197430755322047
1.7696036208657497
1.8194652744135182
1.8693280675041053
1.919192031475402
1.9690571976748505
2.0189235974597035
2.0687912621972817
2.118660223265231
2.168530512051783
2.218402159956011
2.268275198388091
2.3181496587695603
2.3680255725335764
2.4179029711251774
2.4677818860015415
2.5176623486322476
2.5675443904995356
2.617428043098568
2.6673133379376903
2.7172003065386927
2.7670889804370726
2.816979391182296
2.866871570338059
2.916765549482555
2.9666613602087315
3.016559034124559
3.0664586028532925
3.116360098033736
3.166263551320507
3.216168994384302
3.2660764589121625
3.315985976607739
3.3658975791915595
3.4158112984012945
3.465727165992024
3.5156452137365055
3.5655654734254423
3.6154879768677515
3.6654127558908325
3.715339842340836
3.765269268082933
3.815201065001589
3.8651352650008284
3.9150719000045098
3.9650110019565963
4.0149526028214275
4.064896734583994
4.114843429250205
4.164792718847169
4.214744635423461
4.264699211049404
4.314656477817336
4.364616467841896
4.414579213260289
4.464544746232571
4.514513098941921
4.564484303594924
4.614458392421844
4.664435397676908
4.714415351638583
4.764398286609854
4.814384234918509
4.864373228917421
4.914365300984822
4.964360483524597
5.01435880896656
5.0643603097667365
5.114365018407655
5.164372967398627
5.214384189276034
5.264398716603614
5.3144165819727505
5.364437818002756
5.414462457341167
5.464490532664027
5.514522076676182
5.564557122111566
5.614595701733496
5.664637848334964
5.714683594738927
5.764732973798607
5.814786018397775
5.864842761451057
5.914903235904225
5.964967474734491
6.0150355109508125
6.065107377594181
6.115183107737929
6.165262734488025
6.215346290983379
6.2654338103961384
6.3155253259319935
6.365620870830483
6.4157204783652935
6.465824181844567
6.515932014611208
6.566044010043186
6.616160201553847
6.666280622592221
6.716405306643331
6.766534287228503
6.816667597905679
6.866805272269728
6.916947343952755
6.967093846624425
7.017244813992269
7.067400279802003
7.117560277837846
7.167724841922838
7.217894005919156
7.268067803728439
7.318246269292101
7.368429436591664
7.418617339649072
7.468810012527017
7.51900748932927
7.569209804200996
7.619416991329095
7.669629084942516
7.719846119312598
7.770068128753396
7.82029514762201
7.870527210318926
7.920764351288336
7.971006605018491
8.021254006042021
8.07150658893628
8.121764388323687
8.172027438872059
8.222295775294956
8.272569432352022
8.32284844484933
8.373132847639724
8.423422675623168
8.473717963747086
8.52401874700672
8.574325060445473
8.62463693915526
8.674954418276869
8.725277533000297
8.77560631856512
8.825940810260844
8.876281043427262
8.926627053454812
8.976978875784939
9.027336545910455
9.077700099375903
9.12806957177792
9.178444998765602
9.228826416040878
9.279213859358862
9.329607364528243
9.380006967411644
9.430412703925999
9.48082461004292
9.531242721789086
9.58166707524661
9.63209770655342
9.682534651903644
9.732977947547983
9.783427629794105
9.833883735007017
9.884346299609467
9.934815360082316
9.985290952964943
10.035773114855624
10.086261882411936
10.136757292351136
10.187259381450579
10.237768186548093
10.288283744542397
10.338806092393492
10.389335267123064
10.439871305814897
10.490414245615272
10.540964123733376
10.591520977441716
10.642084844076525
10.69265576103818
10.743233765791617
10.793818895866748
10.844411188858876
10.895010682429124
10.945617414304849
10.996231422280072
11.046852744215904
11.097481418040974
11.148117481751859
11.198760973413517
11.249411931159718
11.300070393193486
11.350736397787536
11.401409983284708
11.452091188098422
11.502780050713103
11.553476609684646
11.604180903640861
11.654892971281912
11.705612851380785
11.75634058278373
11.807076204410723
11.857819755255933
11.90857127438817
11.959330800951353
12.010098374164981
12.060874033324598
12.11165781780226
12.16244976704701
12.21324992058535
12.264058318021727
12.314874999039
12.365700003398933
12.416533370942666
12.46737514159122
12.518225355345963
12.569084052289124
12.619951272584268
12.670827056476806
12.721711444294485
12.77260447644789
12.823506193430955
12.874416635821456
12.925335844281534
12.976263859558198
13.027200722483839
13.078146473976748
13.129101155041637
13.18006480677016
13.23103747034143
13.282019187022565
13.33300999816919
13.384009945225998
13.435019069727266
13.486037413297401
13.537065017651484
13.588101924595804
13.639148176028414
13.690203813939675
13.741268880412811
13.792343417624465
13.843427467845256
13.894521073440341
13.945624276869976
13.996737120690092
14.047859647552857
14.098991900207249
14.150133921499641
14.201285754374375
14.25244744187434
14.30361902714157
14.354800553417826
14.405992064045185
14.457193602466644
14.50840521222671
14.559626936972013
14.6108588204519
14.662100906519058
14.713353239130107
14.764615862346236
14.815888820333807
14.867172157364987
14.91846591781837
14.969770146179606
15.02108488704204
15.072410185107337
15.123746085186138
15.175092632198691
15.226449871175504
15.277817847258001
15.329196605699165
15.38058619186421
15.431986651231238
15.483398029391902
15.534820372052081
15.586253725032556
15.637698134269684
15.689153645816079
15.740620305841304
15.79209816063256
15.843587256595372
15.8950876402543
15.94659935825363
15.998122457358088
16.049656984453545
16.101202986547744
16.152760510770996
16.204329604376937
16.255910314743215
16.307502689372264
16.359106775892005
16.410722622056614
16.46235027574725
16.513989784972814
16.565641197870697
16.61730456270755
16.668979927880027
16.72066734191559
16.772366853473237
16.82407851134431
16.87580236445328
16.927538461858507
16.97928685275306
17.031047586465505
17.0828207124607
17.134606280340616
17.186404339845136
17.238214940852878
17.290038133382023
17.341873967591127
17.39372249377998
17.44558376239041
17.49745782400715
17.54934472935869
17.60124452931811
17.653157274903958
17.705083017281105
17.757021807761625
17.80897369780565
17.860938739022284
17.91291698317046
17.96490848215986
18.01691328805178
18.06893145306007
18.120963029552023
18.173008070049296
18.225066627228838
18.277138753923808
18.32922450312452
18.38132392797938
18.433437081795827
18.48556401804129
18.537704790344158
18.58985945249472
18.642028058446172
18.69421066231556
18.746407318384783
18.798618081101587
18.850843005080566
18.903082145104147
18.955335556123615
19.00760329326014
19.059885411805787
19.112181967224554
19.164493015153415
19.216818611403355
19.269158811960438
19.32151367298686
19.373883250822015
19.42626760198357
19.478666783168556
19.53108085125444
19.583509863300247
19.635953876547642
19.688412948422062
19.740887136533814
19.793376498679223
19.84588109284176
19.898400977193184
19.9509362100947
20.003486850098103
20.056052955946974
20.10863458657783
20.161231801121318
20.213844658903408
20.2664732194466
20.319117542471123
20.371777687896156
20.42445371584106
20.477145686626617
20.529853660776258
20.58257769901733
20.63531786228236
20.68807421171032
20.740846808647905
20.793635714650836
20.846440991485142
20.899262701128485
20.952100905771466
21.00495566781896
21.05782704989145
21.110715114826377
21.16361992567949
21.21654154572623
21.269480038463076
21.322435467608976
21.3754078971067
21.428397391124278
21.48140401405641
21.534427830525885
21.587468905385037
21.640527303717185
21.69360309083809
21.746696332297436
21.799807093880318
21.852935441608718
21.90608144174302
21.959245160783535
22.012426665472017
22.06562602279321
22.11884329997639
22.172078564496946
22.22533188407794
22.27860332669169
22.331892960561394
22.38520085416272
22.438527076225427
22.49187169573503
22.545234781934415
22.598616404325526
22.652016632671028
22.705435536995992
22.75887318758961
22.812329655006902
22.865805010070435
22.91929932387208
22.972812667774758
23.02634511341421
23.07989673270078
23.133467597821216
23.187057781240473
23.24066735570355
23.29429639423731
23.347944970152366
23.40161315704492
23.455301028798665
23.509008659586677
23.562736123873332
23.616483496416244
23.67025085226819
23.7240382667791
23.777845815598013
23.831673574675072
23.88552162026355
23.939390028921856
23.993278877515593
24.047188243219605
24.101118203520066
24.15506883621656
24.209040219424203
24.26303243157577
24.317045551423824
24.37107965804291
24.425134830831706
24.47921114951524
24.533308694147106
24.587427545111687
24.64156778312644
24.695729489244133
24.749912744855166
24.804117631689873
24.858344231820855
24.91259262766533
24.966862901987508
25.021155137900983
25.075469418871144
25.12980582871761
25.18416445161668
25.23854537210381
25.292948675076108
25.347374445794856
25.40182276988805
25.456293733352943
25.510787422558657
25.565303924248777
25.61984332554396
25.674405713944626
25.728991177333597
25.78359980397881
25.838231682536044
25.892886902051657
25.947565551965365
26.002267722113015
26.05699350272944
26.111742984451272
26.166516258319824
26.221313415783982
26.276134548703137
26.330979749350117
26.385849110414174
26.440742725003968
26.495660686650606
26.55060308931071
26.605570027369463
26.660561595643756
26.71557788938531
26.770619004283844
26.825685036470272
26.88077608251993
26.935892239455825
26.99103360475194
27.046200276336524
27.101392352595447
27.15660993237559
27.211853114988234
27.26712200021251
27.32241668829887
27.377737279972592
27.433083876437312
27.48845657937861
27.543855490967587
27.599280713864527
27.65473235122257
27.710210506691396
27.76571528442099
27.821246789065405
27.876805125786593
27.93239040025824
27.988002718669655
28.043642187729706
28.099308914670768
28.155003007252734
28.21072457376705
28.26647372304079
28.322250564440782
28.378055207877765
28.433887763810574
28.4897483432504
28.54563705776506
28.601554019483313
28.65749934109925
28.71347313587667
28.769475517653568
28.8255066008466
28.881566500455648
28.937655332068385
28.993773211864937
29.049920256622528
29.106096583720234
29.162302311143733
29.21853755749015
29.274802441972913
29.331097084426666
29.387421605312255
29.44377612572174
29.500160767383466
29.556575652667185
29.613020904589245
29.669496646817784
29.726003003678063
29.782540100157757
29.83910806191238
29.89570701527072
29.952337087240334
30.008998405513136
30.065691098471
30.122415295191438
30.179171125453347
30.235958719742822
30.29277820925898
30.349629725919918
30.406513402368688
30.46342937197934
30.52037776886305
30.57735872787428
30.634372384617045
30.69141887545121
30.74849833749888
30.80561090865085
30.862756727573117
30.919935933713486
30.977148667308207
31.034395069388736
31.091675281788532
31.148989447149937
31.206337708931137
31.263720211413208
31.321137099707215
31.378588519761415
31.43607461836852
31.49359554317305
31.55115144267879
31.60874246625628
31.66636876415043
31.724030487488207
31.781727788286418
31.839460819459557
31.89722973482778
31.955034689124922
32.01287583800666
32.070753338058694
32.128667346805145
32.1866180227169
32.24460552522015
32.30263001470503
32.36069165253429
32.41879060105214
32.47692702359314
32.53510108449126
32.593312949088975
32.65156278374649
32.70985075585112
32.768177033826724
32.826541787143256
32.88494518632646
32.943387402967666
33.00186860973369
33.060388980376885
33.118948689745245
33.177547913792736
33.23618682958965
33.29486561533314
33.35358445035787
33.41234351514681
33.47114299134212
33.529983061756205
33.58886391038291
33.64778572240883
33.70674868422473
33.76575298343722
33.82479880888045
33.88388635062801
33.94301580000496
34.002187349600035
34.06140119327798
34.12065752619207
34.179956544796724
34.23929844686036
34.29868343147836
34.35811169908623
34.41758345147287
34.47709889179414
34.536658224586425
34.59626165578055
34.655909392715735
34.71560164415382
34.77533862029365
34.83512053278564
34.8949475947465
34.95482002077424
35.0147380269633
35.074701830919885
35.134711651777536
35.1947677102129
35.254870228461684
35.315019430334836
35.37521554123498
35.43545878817299
35.49574939978489
35.5560876063489
35.61647363980277
35.67690773376127
35.737390123534034
35.79792104614358
35.85850074034355
35.919129446637285
35.97980740729658
36.04053486638075
36.10131206975593
36.16213926511467
36.22301670199578
36.28394463180451
36.34492330783288
36.40595298528051
36.46703392127552
36.52816637489593
36.58935060719119
36.65058688120417
36.71187546199332
36.77321661665531
36.83461061434787
36.89605772631302
36.95755822590062
37.0191123885923
37.08072049202567
37.14238281601898
37.20409964259607
37.26587125601173
37.327697942777405
37.38957999168733
37.45151769384502
37.51351134269019
37.575561234026026
37.637667666046944
37.69983093936671
37.762051357047035
37.82432922462656
37.88666485015033
37.94905854419973
38.011510619922795
38.07402139306513
38.1365911820012
38.19922030776614
38.26190909408812
38.324657867421124
38.38746695697833
38.450336694765994
38.51326741561782
38.576259457229995
38.63931316019667
38.7024288680461
38.76560692727729
38.828847687397335
38.89215150095926
38.95551872360055
39.018949714082304
39.08244483432902
39.14600444946904
39.209628927875656
39.27331864120896
39.337073964458284
39.400895275985484
39.46478295756886
39.52873739444783
39.59275897536844
39.656848092629524
39.72100514212979
39.7852305234156
39.84952463972966
39.91388789806051
39.978320709192886
40.042823487758966
40.1073966522905
40.17204062527189
40.236755833194195
40.30154270661005
40.36640168018967
40.43133319277772
40.49633768745135
40.56141561157917
40.62656741688134
40.691793559490755
40.75709450001534
40.822470703601475
40.887922639998656
40.95345078362524
41.019055613635544
41.084737613988054
41.150497273515064
41.21633508599353
41.28225155021726
41.34824717007056
41.41432245460318
41.480477918106786
41.54671408019284
41.613031465872055
41.67943060563532
41.745912035536236
41.8124762972753
41.879123938285716
41.94585551182089
42.0126715770437
42.07957269911753
42.146559449299126
42.213632405033344
42.280792150049784
42.348039274461435
42.415374374865266
42.48279805444498
42.55031092307579
42.61791359743145
42.68560670109344
42.75339086466249
42.821266725872455
42.88923492970653
42.95729612851603
43.02545098214159
43.0937001580371
43.16204433139618
43.23048418528148
43.29902041075677
43.367653707021894
43.436384781550736
43.50521435023222
43.574143137514426
43.643171876551925
43.71230130935644
43.7815321869509
43.85086526952696
43.9203013266062
43.98984113720484
44.05948549000248
44.129235183514545
44.19909102626888
44.2690538369864
44.33912444476605
44.40930368927407
44.479592420937855
44.54999150114437
44.62050180244337
44.691124208755575
44.76185961558582
44.832708930241516
44.903673072056414
44.974752972619925
45.04594957601219
45.11726383904494
45.188696731508514
45.26024923642508
45.33192235030831
45.403717083429704
45.47563446009178
45.54767551890838
45.61984131309219
45.692132910749926
45.76455139518524
45.8370978652096
45.90977343546169
45.98257923673512
46.05551641631524
46.128586138324984
46.20178958408019
46.27512795245479
46.34860246025608
46.42221434261046
46.49596485336001
46.56985526547033
46.64388687144992
46.71806098378163
46.79237893536652
46.86684207998062
46.94145179274507
47.01620947061001
47.091116532852915
47.16617442159172
47.241384602313396
47.316748564418454
47.39226782178216
47.46794391333282
47.54377840364798
47.61977288356923
47.69592897083624
47.772248310740736
47.848732576801375
47.925383471460194
48.0022027268015
48.07919210529419
48.15635340055832
48.233688438157024
48.31119907641475
48.38888720726288
48.466754757113975
48.544803687765715
48.623035997335855
48.70145372122957
48.780058933140424
48.85885374608654
48.93784031348354
49.01702083025568
49.096397533987115
49.17597270611486
49.2557486731655
49.33572780803757
49.41591253133161
49.4963053127303
49.57690867243082
49.657725182631914
49.73875746907844
49.8200082126659
49.90148015110797
49.983176080670155
50.06509885797275
50.14725140186649
50.229636695384684
50.31225778777555
50.395117796618955
50.47821991003184
50.56156738896704
50.64516356961023
50.729011865880416
50.8131157720394
50.89747886541616
50.98210480925238
51.06699735567593
51.15216034880939
51.237597728021136
51.32331353132737
51.409311898953554
51.495597077064694
51.58217342167431
51.669045402742945
51.75621760847732
51.84369474984272
51.93148166530148
52.019583325791835
52.10800483996228
52.196751459677664
52.28582858581481
52.3752417743663
52.46499674287316
52.555099377208265
52.64555573873443
52.73637207186297
52.82755481204052
52.91911059419461
53.01104626167054
53.103368875695445
53.19608572540822
53.2892043384975
53.38273249249381
53.47667822676587
53.571049855276065
53.665855980155
53.761105506160746
53.856807656094894
53.95297198725444
54.04960840900659
54.146727201582095
54.24433903619297
54.34245499659112
54.44108660219718
54.5402458329424
54.63994515598272
54.74019755446144
54.841016558517325
54.94241627875785
55.044411442443106
55.147017432655595
55.25025033076502
55.354126962535744
55.45866494826922
55.56388275742477
55.66979976822113
55.77643633278967
55.88381384852947
55.99195483640698
56.100883027050855
56.21062345561942
56.321202566566996
56.43264832961137
56.5449903684132
56.65826010372647
56.772490913075615
56.88771830937146
57.00398014130757
57.12131681889987
57.23977156816677
57.35939071972548
57.48022403703822
57.60232509123137
57.725751690893894
57.85056637712692
57.976836996477125
58.10463736740101
58.23404805978524
58.36515731208643
58.49806211726005
58.632869517403435
58.76969815877391
58.90868017476739
59.04996348634372
59.19371463994717
59.34012234631076
59.48940194609069
59.641801120361556
59.79760730254776
59.95715746198934
60.120851267991554
60.289169197311246
60.46269808828727
60.64216830946893
60.82850980915136
61.02294043762098
61.22711297077716
61.443377716791716
61.67529792971691
61.92880596051656
62.215395006243384
62.5650895856495