0.026075124952247977
0.07822539439800702
0.13037572246774573
0.1825261482447518
0.2346767108132649
0.2868274492588574
0.3389784026688153
0.39112961013251907
0.44328111074182464
0.49543294359144435
0.5475851477793282
0.599737762407045
0.6518908265801634
0.704044379408634
0.75619846000717
0.8083531074956295
0.8605083609993973
0.9126642596497665
0.9648208425843209
1.0169781489473173
1.0691362178900683
1.1212950885713242
1.173454800157657
1.2256153918238428
1.2777769027532455
1.3299393721382
1.382102839180397
1.4342673430912656
1.48643292309236
1.5385996184157422
1.590767468304368
1.6429365120124715
1.6951067888059523
1.7472783379627594
1.79945119877328
1.8516254105407233
1.9038010125815104
1.9559780442256596
2.0081565448171754
2.060336553714437
2.1125181102905843
2.1647012539339108
2.216886024048251
2.2690724600533696
2.321260601385353
2.3734504874970015
2.425642157858217
2.477835651956399
2.530031009296833
2.5822282694030854
2.6344274718173986
2.6866286561010813
2.7388318618349046
2.7910371286194975
2.8432444960757426
2.895454003845171
2.9476656915903585
2.999879598995327
3.0520957657659378
3.1043142316302923
3.1565350363391316
3.208758219666235
3.2609838214088223
3.3132118813879545
3.3654424394489344
3.4176755354617105
3.4699112093212814
3.5221495009480965
3.574390450288465
3.626634097314958
3.6788804820268175
3.7311296444503617
3.7833816246393925
3.835636462675607
3.8878941986690045
3.940154872758297
3.992418525111321
4.04468519592545
4.096954925428007
4.149227753876677
4.2015037215599245
4.253782868797404
4.306065235940384
4.358350863372157
4.410639791508461
4.462932060797901
4.515227711722365
4.567526784797449
4.619829320572874
4.672135359632917
4.724444942596828
4.776758110119259
4.829074902890688
4.88139536163785
4.933719527124163
4.986047440150156
5.038379141553904
5.090714672211454
5.143054073037264
5.1953973849846316
5.247744649046134
5.300095906254062
5.352451197680852
5.404810564439538
5.4571740476841795
5.509541688610305
5.561913528455362
5.614289608499147
5.666669970064267
5.719054654516571
5.771443703265604
5.823837157765056
5.876235059513213
5.928637450053406
5.9810443709744625
6.033455863911165
6.085871970544704
6.138292732603136
6.190718191861841
6.243148390143981
6.2955833693209655
6.348023171312911
6.400467838089105
6.452917411668475
6.50537193412005
6.557831447563436
6.610295994169283
6.662765616159752
6.7152403558090015
6.767720255443648
6.8202053574432515
6.872695704240792
6.925191338323147
6.977692302231577
7.030198638562204
7.082710389966503
7.135227599151781
7.1877503088816725
7.240278561976623
7.292812401314386
7.345351869830516
7.397897010518861
7.450447866432062
7.503004480682053
7.55556689644056
7.608135156939604
7.660709305472009
7.713289385391902
7.765875440115228
7.818467513120259
7.871065647948103
7.923669888203224
7.976280277553952
8.028896859733008
8.08151967853802
8.134148777832047
8.186784201544103
8.239425993669688
8.292074198271306
8.344728859479012
8.397390021490931
8.450057728573798
8.502732025063498
8.555412955365606
8.608100563955922
8.660794895381024
8.71349599425881
8.766203905279045
8.81891867320392
8.871640342868593
8.924368959181757
8.97710456712619
9.029847211759323
9.082596938213793
9.13535379169802
9.188117817496764
9.240889060971705
9.29366756756201
9.346453382784912
9.399246552236283
9.452047121591221
9.50485513660463
9.557670643111809
9.610493687029033
9.66332431435415
9.716162571167178
9.769008503630898
9.82186215799145
9.874723580578944
9.927592817808053
9.980469916178635
10.033354922276333
10.086247882773192
10.139148844428279
10.192057854088295
10.244974958688209
10.297900205251869
10.35083364089264
10.403775312814036
10.456725268310349
10.50968355476729
10.562650219662633
10.615625310566848
10.668608875143764
10.721600961151205
10.77460161644165
10.82761088896289
10.880628826758691
10.933655477969445
10.986690890832854
11.039735113684586
11.092788194958956
11.145850183189602
11.198921127010165
11.252001075154968
11.305090076459717
11.358188179862175
11.411295434402867
11.464411889225778
11.51753759357905
11.570672596815696
11.623816948394296
11.676970697879725
11.730133894943862
11.78330658936631
11.836488831035119
11.889680669947525
11.94288215621067
11.996093340042345
12.049314271771728
12.102545001840127
12.155785580801739
12.209036059324381
12.26229648819027
12.31556691829677
12.368847400657158
12.422137986401397
12.47543872677691
12.528749673149353
12.582070877003403
12.63540238994354
12.688744263694838
12.742096550103767
12.795459301138983
12.84883256889214
12.9022164055787
12.955610863538737
13.009015995237768
13.062431853267563
13.11585849034699
13.169295959322831
13.22274431317063
13.276203604995525
13.32967388803311
13.383155215650277
13.436647641346074
13.490151218752573
13.543666001635724
13.597192043896252
13.650729399570508
13.704278122831369
13.75783826798912
13.811409889492351
13.864993041928853
13.918587780026522
13.972194158654275
14.025812232822954
14.079442057686263
14.133083688541676
14.186737180831388
14.240402590143239
14.294079972211664
14.347769382918642
14.401470878294651
14.455184514519628
14.508910347923942
14.56264843498936
14.616398832350031
14.67016159679347
14.723936785261554
14.777724454851514
14.831524662816943
14.885337466568808
14.939162923676461
14.993001091868672
15.046852029034653
15.100715793225099
15.154592442653222
15.208482035695816
15.262384630894305
15.316300286955805
15.3702290627542
15.424171017331222
15.478126209897527
15.532094699833792
15.58607654669182
15.64007181019563
15.694080550242592
15.748102826904532
15.802138700428864
15.856188231239727
15.910251479939136
15.964328507308117
16.01841937430788
16.07252414208098
16.126642871952487
16.180775625431178
16.234922464210722
16.289083450170885
16.343258645378715
16.397448112089787
16.451651912749405
16.50587010999384
16.56010276665157
16.614349945744532
16.668611710489376
16.722888124298716
16.77717925078244
16.831485153748957
16.885805897206506
16.94014154536446
16.994492162634636
17.048857813632598
17.103238563179005
17.157634476300945
17.212045618233276
17.266472054419992
17.320913850515584
17.375371072386415
17.429843786112112
17.484332057986965
17.538835954521318
17.593355542443
17.64789088869875
17.70244206045565
17.75700912510257
17.81159215025163
17.866191203739675
17.920806353629732
17.97543766821253
18.030085216007972
18.084749065766673
18.139429286471458
18.194125947338918
18.248839117820935
18.303568867606263
18.358315266622068
18.413078385035533
18.467858293255436
18.522655061933758
18.5774687619673
18.632299464499305
18.687147240921107
18.742012162873774
18.796894302249786
18.851793731194697
18.90671052210883
18.961644747648993
19.01659648073018
19.071565794527302
19.12655276247694
19.181557458279087
19.236579955898932
19.29162032956863
19.346678653789105
19.40175500333186
19.456849453240807
19.511962078834095
19.56709295570597
19.622242159728646
19.677409767054186
19.732595854116386
19.787800497632716
19.843023774606213
19.89826576232745
19.953526538376487
20.00880618062483
20.06410476723745
20.119422376674752
20.17475908769463
20.23011497935448
20.285490131013265
20.340884622333586
20.396298533283765
20.451731944139947
20.50718493548823
20.562657588226788
20.618149983568046
20.673662203040834
20.729194328492593
20.784746442091574
20.840318626329072
20.895910964021667
20.951523538313484
21.007156432678492
21.06280973092278
21.118483517186906
21.17417787594821
21.2298928920232
21.285628650569908
21.3413852370903
21.3971627374327
21.45296123779422
21.508780824723228
21.564621585121824
21.62048360624834
21.676366975719876
21.732271781514832
21.788198111975486
21.844146055810562
21.900115702097867
21.956107140286914
22.012120460201565
22.06815575204274
22.12421310639108
22.180292614209705
22.23639436684695
22.292518456039147
22.348664973913397
22.40483401299043
22.46102566618742
22.517240026820875
22.573477188609523
22.629737245677244
22.686020292556016
22.742326424188878
22.79865573593295
22.85500832356245
22.911384283271754
22.967783711678468
23.02420670582655
23.080653363189445
23.13712378167324
23.19361805961988
23.250136295810375
23.306678589468063
23.363245040261877
23.419835748309676
23.47645081418159
23.533090338903367
23.5897544239598
23.646443171298166
23.70315668333168
23.759895062943
23.816658413487747
23.87344683879811
23.93026044318639
23.987099331448675
24.043963608868474
24.10085338122045
24.157768754774114
24.21470983629764
24.271676733061636
24.328669552843
24.3856884039288
24.442733395120182
24.49980463573633
24.556902235618445
24.614026305133788
24.671176955179735
24.72835429718789
24.78555844312823
24.84278950551329
24.900047597402384
24.95733283240589
25.014645324689525
25.071985188978744
25.12935254056309
25.18674749530066
25.24417016962257
25.301620680537482
25.359099145636183
25.416605683096186
25.4741404116864
25.53170345077184
25.589294920318363
25.646914940897492
25.70456363369125
25.762241120497066
25.819947523732722
25.87768296644134
25.93544757229645
25.993241465607074
26.05106477132288
26.108917615039395
26.16680012300325
26.22471242211749
26.282654639946962
26.340626904723702
26.398629345352443
26.45666209141613
26.514725273181515
26.572819021604804
26.63094346833738
26.689098745731545
26.74728498684637
26.805502325453578
26.863750896043488
26.922030833831037
26.98034227476186
27.038685355518428
27.09706021352625
27.155466986960167
27.213905814750667
27.27237683659032
27.33088019294023
27.389416025036606
27.44798447489737
27.506585685328847
27.56521979993253
27.623886963111925
27.68258732007944
27.74132101686339
27.80008820031507
27.858889018115867
27.917723618784503
27.976592151684336
28.035494767030723
28.094431615898497
28.15340285022952
28.21240862284029
28.27144908742968
28.330524398586736
28.389634711798553
28.448780183458283
28.507960970873174
28.56717723227276
28.626429126817087
28.685716814605094
28.74504045668304
28.80440021505304
28.863796252681723
28.923228733508964
28.98269782245671
29.042203685437954
29.10174648936576
29.161326402162416
29.220943592768712
29.2805982311533
29.340290488322157
29.40002053632821
29.459788548281008
29.519594698356567
29.579439161807283
29.63932211497201
29.699243735286228
29.759204201292324
29.819203692650042
29.879242390147017
29.939320475709437
29.999438132412863
30.059595544493174
30.119792897357605
30.180030377595987
30.240308172992066
30.30062647253499
30.36098546643094
30.421385346114885
30.481826304262515
30.542308534802277
30.602832232927607
30.6633975951093
30.724004819108007
30.784654103986934
30.845345650124674
30.906079659228208
30.966856334346076
31.027675879881706
31.08853850160692
31.149444406675617
31.21039380363762
31.27138690245271
31.332423914504854
31.393505052616582
31.454630531063593
31.515800565589508
31.57701537342087
31.63827517328229
31.69958018541182
31.760930631576514
31.82232673508823
31.883768720819578
31.94525681522016
32.006791246332945
32.06837224381094
32.130000038934035
32.19167486462608
32.25339695547223
32.31516654773648
32.376983879379466
32.4388491900765
32.500762721235866
32.562724716017335
32.62473541935097
32.68679507795619
32.748903940361075
32.81106225692195
32.873270279843254
32.93552826319767
32.997836462946566
33.060195136960694
33.122604545041185
33.18506494894088
33.247576612385906
33.310139801097634
33.37275478281486
33.43542182731639
33.49814120644392
33.560913194125234
33.623738066397735
33.68661610143238
33.74954757955788
33.81253278328531
33.87557199733309
33.93866550865227
34.00181360645229
34.065016582227024
34.12827472978128
34.19158834525767
34.254957727163905
34.31838317640046
34.38186499628871
34.44540349259947
34.50899897358195
34.57265174999321
34.63636213512801
34.70013044484913
34.76395699761821
34.827842114527016
34.89178611932919
34.95578933847255
35.01985210113185
35.08397473924207
35.148157587532246
35.212400983559796
35.27670526774546
35.341070783408746
35.40549787680394
35.46998689715679
35.53453819670158
35.599152130719105
35.663829057574944
35.72856933875861
35.79337333892321
35.8582414259258
35.92317397086838
35.98817134813966
36.053233935457364
36.1183621139114
36.18355626800768
36.24881678571264
36.31414405849864
36.37953848138998
36.44500045300984
36.51053037562793
36.57612865520901
36.64179570146222
36.70753192789128
36.77333775184559
36.83921359457213
36.90515988126842
36.97117704113625
37.03726550743651
37.10342571754486
37.1696581130085
37.23596313960391
37.30234124739563
37.36879289079609
37.43531852862655
37.501918624179154
37.568593645280096
37.63534406435395
37.702170358489184
37.769073009504936
37.83605250401894
37.90310933351682
37.970243994422596
38.037456988170604
38.1047488212787
38.172120005422904
38.239571057513466
38.30710249977234
38.37471485981226
38.4424086707172
38.51018447112452
38.57804280530867
38.64598422326651
38.71400928080438
38.7821185396268
38.85031256742701
38.91859193797929
38.986957231233156
39.05540903340936
39.123947937098
39.192574541358475
39.26128945182155
39.33009328079351
39.39898664736248
39.4679701775069
39.537044504206314
39.60621026755445
39.675468114874676
39.74481870083791
39.814262687583025
39.88380074483984
39.9534335500547
40.023161788518856
40.09298615349951
40.16290734637382
40.232926076765764
40.303043062686044
40.373259030675065
40.44357471594914
40.51399086254988
40.58450822349702
40.65512756094459
40.72584964634079
40.79667526059131
40.86760519422655
40.93864024757262
41.009781230926336
41.081028964734244
41.152384279775866
41.22384801735129
41.29542102947312
41.36710417906308
41.438898340153244
41.510804398092205
41.582823249756096
41.654955803764864
41.72720298070381
41.79956571335051
41.87204494690745
41.94464163924039
42.01735676112266
42.090191296485756
42.163146242676056
42.23622261071827
42.309421425585576
42.38274372647664
42.456190567099924
42.52976301596538
42.60346215668374
42.67728908827379
42.75124492547774
42.825330799085066
42.89954785626499
42.97389726090805
43.04838019397691
43.12299785386675
43.19775145677566
43.27264223708528
43.34767144775204
43.42284036070945
43.4981502672817
43.573602478609104
43.64919832608567
43.724939161809345
43.800826359045324
43.87686131270286
43.95304543982614
44.029380180099764
44.10586699636916
44.182507375176776
44.25930282731442
44.336254888392446
44.41336511942638
44.490635107441705
44.568066466097406
44.64566083632915
44.723419887012675
44.80134531564832
44.879438849067476
44.95770224416184
45.036137288636354
45.11474580178686
45.193529635303335
45.27249067409994
45.35163083717281
45.430952078486854
45.51045638789271
45.59014579207522
45.6700223555346
45.75008818160194
45.83034541349026
45.91079623538289
45.99144287356068
46.07228759756983
46.15333272143209
46.23458060489932
46.31603365475433
46.39769432616022
46.47956512406039
46.56164860463163
46.64394737679265
46.72646410377101
46.809201504730744
46.892162356464155
46.975349495150475
47.0587658181849
47.14241428608146
47.22629792445337
47.310419826074856
47.39478315302854
47.479391138942866
47.564247091324155
47.64935439398846
47.73471650959825
47.82033698230977
47.90621944053696
47.99236759983832
48.078785265933604
48.16547633785747
48.252444811257874
48.339694781847534
48.427230449017195
48.515056119620134
48.60317621193811
48.69159525983946
48.780317917140906
48.86934896218568
48.958693302651064
49.048355980599815
49.13834217779084
49.22865722126567
49.319306589228574
49.410295917239495
49.501631004740645
49.59331782193898
49.68536251706894
49.7777714240614
49.87055107064739
49.96370818692704
50.05724971443737
50.15118281575477
50.24551488467184
50.34025355699117
50.43540672198287
50.53098253455681
50.62698942820504
50.723436128775454
50.82033166914318
50.91768540485293
51.01550703081242
51.11380659912531
51.21259453816069
51.311881672966464
51.41167924714504
51.51199894632228
51.61285292335503
51.714253825438355
51.81621482329179
51.91874964262422
52.02187259810042
52.125598630058384
52.22994334425678
52.334923054966275
52.440554831757474
52.546856550383744
52.653846948208724
52.76154568468862
52.86997340748854
52.979151824892746
53.089103785262765
53.1998533644064
53.31142596184983
53.42384840715576
53.53714907760937
53.65135802880533
53.76650713992127
53.88263027576408
53.999763468037095
54.11794511871232
54.23721622892069
54.35762065741746
54.47920541346979
54.60202098998586
54.72612174391239
54.8515663324325
54.97841821538968
55.106746236759804
55.23662530105242
55.36813716445951
55.50137136568318
55.63642632807927
55.77341067364135
55.91244480126108
56.05366279786521
56.19721477325972
56.34326974053319
56.49201920786425
56.643681711077065
56.79850860975989
56.95679161039366
57.11887269677932
57.285157491809215
57.4561336370878
57.632396731346745
57.814688058370756
58.003951480491104
58.20142309162638
58.4087804577307
58.62840918593266
58.86392612119822
59.12135297015512
59.412356329255864
59.767414545941726