0.04502716825707453
0.13508180482355112
0.22513734157300447
0.3151943787140728
0.4052535165853979
0.4953153557076725
0.5853804968357339
0.6754495410107163
0.7655230896122764
0.8556017444109042
0.9456861076203321
1.0357767819500583
1.1258743706579937
1.21597947760325
1.306092707299079
1.3962146649659792
1.4863459565849835
1.5764871889511374
1.666638969727189
1.756801907497499
1.846976611822186
1.937163693291523
2.027363763580598
2.1175774355042556
2.207805323072326
2.298048041545172
2.3883062074895514
2.478580438834823
2.5688713549295032
2.659179576598192
2.7495057261988882
2.8398504276807026
2.9302143066419855
3.020597990388893
3.1110021079944006
3.201427290357783
3.2918741702645775
3.382343382447052
3.472835563645187
3.5633513526681955
3.6538913904565997
3.7444563201448795
3.83504678712471
3.9256634391088165
4.016306926195452
4.106977900933533
4.197677018388434
4.288404936208493
4.379162314692201
4.469949816856151
4.5607681085037255
4.651617858294563
4.742499737814834
4.833414421648325
4.924362587448378
5.015344916010703
5.106362091347069
5.1974148007599394
5.288503734918027
5.379629587932841
5.47079305743622
5.561994844658896
5.653235654510112
5.744516195658317
5.835837180612981
5.927199325807542
6.018603351683534
6.110049982775914
6.201539947799624
6.293073979737424
6.3846528159290274
6.476277198161575
6.567947872761476
6.6596655906876645
6.751431107626303
6.8432451840869595
6.935108585500325
7.027022082317482
7.118986450110783
7.2110024696763775
7.303070927138431
7.395192614055077
7.487368327526153
7.5795988703027675
7.671885050898742
7.764227683703977
7.8566275890998085
7.949085593576378
8.041602529852106
8.134179236995296
8.226816560547931
8.319515352651745
8.412276472176595
8.505100784851221
8.597989163396441
8.690942487660875
8.783961644759222
8.877047529213204
8.970201043095221
9.063423096174796
9.15671460606791
9.250076498389252
9.343509706907538
9.43701517370392
9.530593849333597
9.624246692990729
9.717974672676718
9.811778765371976
9.90565995721126
9.99961924366268
10.093657629710505
10.187776130041826
10.281975769237242
10.37625758196564
10.47062261318323
10.565071918336894
10.659606563572058
10.754227625945147
10.848936193640787
10.943733366193905
11.038620254716848
11.133597982131683
11.228667683407826
11.323830505805178
11.419087609122899
11.514440165954033
11.609889361946124
11.705436396068029
11.801082480883112
11.896828842829025
11.992676722504248
12.088627374961645
12.184682070009224
12.280842092518343
12.377108742739583
12.47348333662655
12.569967206167853
12.666561699727513
12.763268182394093
12.86008803633882
12.957022661182988
13.054073474374986
13.151241911577207
13.248529427063222
13.345937494125547
13.44346760549434
13.541121273767436
13.638900031852073
13.736805433418732
13.834839053367498
13.933002488307388
14.031297357049088
14.12972530111159
14.22828798524319
14.326987097957401
14.425824352084277
14.524801485337727
14.623920260899409
14.723182468019777
14.822589922636954
14.922144468014062
15.02184797539572
15.121702344684413
15.221709505137492
15.32187141608561
15.42219006767339
15.522667481623182
15.623305712022862
15.724106846138534
15.825073005253198
15.926206345532366
16.02750905891773
16.12898337405001
16.230631557222168
16.332455913364242
16.43445878706111
16.53664256360452
16.639009670080878
16.741562576496275
16.844303796940352
16.947235890790648
17.05036146395923
17.153683170183417
17.25720371236254
17.3609258439428
17.464852370352386
17.568986150489064
17.673330098262706
17.777887184195222
17.882660437080567
17.98765294570765
18.09286786064909
18.198308396118943
18.30397783190272
18.40987951536321
18.516016863525756
18.622393365246957
18.72901258347092
18.835878157577458
18.942993805826873
19.05036332790632
19.157990607582942
19.26587961546935
19.37403441190741
19.482459149976584
19.59115807863352
19.700135545990037
19.809396002737042
19.918944005722544
20.028784221692288
20.138921431202267
20.249360532712934
20.360106546875574
20.471164621022083
20.582540033870167
20.694238200456788
20.806264677313685
20.918625167899698
21.03132552830577
21.144371773249723
21.257770082378997
21.37152680690119
21.48564847656354
21.600141807004224
21.71501370750018
21.830271289138054
21.945921873437076
22.061973001454987
22.178432443410784
22.295308208860785
22.41260855746768
22.530342010405704
22.64851736244869
22.767143694792104
22.88623038866455
23.005787139789437
23.125823973763087
23.246351262421758
23.367379741276885
23.488920528105773
23.610985142793186
23.733585528529105
23.85673407447841
23.980443640050307
24.104727580908506
24.229599776878427
24.355074661924416
24.481167256389114
24.607893201708656
24.7352687978417
24.863311043678085
24.99203768072416
25.121467240397955
25.251619095308005
25.38251351493681
25.51417172620357
25.64661597944295
25.779869620407986
25.91395716898835
26.04890440543107
26.184738464962937
26.321487941844783
26.45918300404108
26.59785551986898
26.73753919820408
26.87826974407297
27.020085031763468
27.163025297943122
27.30713335770844
27.45245484700823
27.599038495516076
27.746936434796794
27.896204547554817
28.046902864915126
28.19909602012921
28.352853768898125
28.508251588767173
28.665371372911387
28.824302237287398
28.98514146483367
29.14799561651405
29.31298184701704
29.480229473549674
29.64988186040942
29.82209870134878
29.9970588083352
30.174963552415814
30.35604115502286
30.540552104024496
30.72879608066271
30.92112095180073
31.11793464140247
31.319721106590272
31.527062316876062
31.740669277720063
31.961427162617536
32.19046338403645
32.429254879521515
32.679806738823174
32.94497132597013
33.22907475251555
33.539322480861145
33.88968070882974
34.31665378743483