0.12699223100184112
0.38103026441027604
0.6352293063676693
0.8896976817551214
1.1445452109440197
1.399883841985768
1.6558283181292228
1.9124968927478692
2.1700121054020434
2.4285016349547646
2.6880992485383532
2.9489458689195023
3.211190787688983
3.4749930580623096
3.740523109410338
4.007964636632413
4.277516832115109
4.549397047688053
4.823844000735029
5.1011216754614015
5.381524121798499
5.665381427504299
5.953067244596806
6.245008406791731
6.5416974088024284
6.843708879718929
7.151721755950638
7.466549797883784
7.7891846883888824
8.120858775452074
8.463139782058182
8.818080214626193
9.188466371460592
9.578263684375553
9.993491992840452
10.44419184013673
10.94986156437314
11.561592367542412