0.030382283191419533
0.09114689154271712
0.1519116258001439
0.21267656990363154
0.2734418077968802
0.33420742342886617
0.39497350075534976
0.4557401237403837
0.5165073763578217
0.577275342592828
0.6380441064433867
0.6988137519218129
0.7595843630562634
0.820356023892249
0.8811288184941479
0.9419028309467188
1.0026781453566167
1.0634548458539086
1.1242330165935919
1.1850127417571117
1.2457941055538824
1.3065771922228075
1.3673620860338052
1.4281488712893307
1.4889376323259045
1.54972845351564
1.610521419267773
1.6713166140301952
1.7321141222909873
1.7929140285799559
1.8537164174701717
1.9145213735795097
1.9753289815721935
2.0361393261603395
2.096952492105507
2.157768564220246
2.218587627369654
2.279409766472928
2.3402350665049294
2.4010636124977394
2.461895489542229
2.5227307827896257
2.5835695774530825
2.6444119588092567
2.7052580121998853
2.7661078230333667
2.8269614767863462
2.887819059005305
2.9486806553081513
3.009546351385818
3.070416233003863
3.1312903860040717
3.1921688963060655
3.253051849908916
3.313939332892759
3.374831431420418
3.4357282317390276
3.496629820181665
3.5575362831689823
3.6184477072108496
3.679364178907995
3.740285784953656
3.8012126121352328
3.8621447473359476
3.9230822775365084
3.98402528981678
4.044973871357456
4.105928109441743
4.166888091457044
4.22785390489665
4.288825637361438
4.349803376561576
4.41078721031823
4.47177722656528
4.5327735133510405
4.593776158839992
4.654785251314509
4.715800879176608
4.776823130949688
4.837852095280289
4.89888786093985
4.959930516826479
5.020980151966726
5.082036855517364
5.143100716767179
5.204171825138769
5.265250270190342
5.326336141617533
5.387429529255218
5.448530523079345
5.509639213208767
5.570755689907084
5.631880043584493
5.693012364799651
5.754152744261539
5.815301272831338
5.876458041524315
5.937623141511715
5.998796664122662
6.059978700846076
6.1211693433325856
6.18236868339646
6.2435768130175475
6.304793824343228
6.366019809690363
6.427254861547269
6.488499072575691
6.549752535612795
6.611015343673157
6.67228758995078
6.733569367821105
6.794860770843045
6.856161892761018
6.917472827507003
6.978793669202597
7.04012451216109
7.1014654508895445
7.162816580090895
7.22417799466605
7.285549789716012
7.346932060544006
7.408324902657622
7.469728411770967
7.531142683806833
7.592567814898877
7.654003901393806
7.715451039853585
7.776909327057654
7.838378860005154
7.899859735917175
7.9613520522390075
8.022855906642414
8.084371397027914
8.145898621527078
8.20743767850484
8.268988666561826
8.330551684536694
8.392126831508477
8.453714206798974
8.51531390997511
8.576926040851355
8.638550699492129
8.70018798621423
8.76183800158929
8.823500846446223
8.885176621873716
8.946865429222713
9.008567370108933
9.070282546415386
9.132011060294932
9.19375301417283
9.255508510749317
9.317277653002211
9.379060544189521
9.440857287852069
9.502667987816155
9.564492748196212
9.626331673397496
9.688184868118796
9.750052437355146
9.811934486400581
9.873831120850888
9.935742446606396
9.997668569874774
10.059609597173854
10.121565635334473
10.18353679150334
10.245523173145909
10.307524888049297
10.369542044325204
10.431574750412857
10.49362311508199
10.555687247435824
10.617767256914096
10.679863253296078
10.741975346703654
10.804103647604391
10.866248266814653
10.928409315502726
10.99058690519198
11.052781147764039
11.114992155461987
11.177220040893603
11.239464917034608
11.301726897231942
11.364006095207076
11.42630262505934
11.488616601269278
11.550948138702038
11.613297352610775
11.675664358640104
11.738049272829548
11.800452211617047
11.862873291842478
11.925312630751202
11.987770345997655
12.050246555648943
12.112741378188502
12.17525493251975
12.237787337969799
12.300338714293186
12.362909181675636
12.42549886073785
12.488107872539345
12.5507363385823
12.613384380815463
12.676052121638062
12.738739683903773
12.801447190924714
12.864174766475468
12.92692253479715
12.989690620601502
13.052479149075033
13.11528824588318
13.178118037174523
13.240968649585025
13.303840210242315
13.36673284677001
13.429646687292063
13.492581860437179
13.555538495343228
13.618516721661747
13.681516669562436
13.744538469737726
13.807582253407379
13.870648152323128
13.933736298773358
13.99684682558784
14.059979866142497
14.123135554364222
14.186314024735731
14.249515412300482
14.31273985266761
14.375987482016935
14.439258437104005
14.502552855265181
14.565870874422789
14.6292126330903
14.69257827037757
14.755967925996135
14.819381740264545
14.882819854113755
14.94628240909257
15.009769547373143
15.073281411756518
15.13681814567824
15.20037989321401
15.2639667990854
15.327579008665621
15.391216667985358
15.45487992373864
15.518568923288798
15.582283814674462
15.646024746615621
15.709791868519755
15.773585330488011
15.837405283321452
15.901251878527379
15.965125268325691
16.029025605655338
16.092953044180817
16.15690773829875
16.220889843144526
16.284899514599015
16.348936909295325
16.41300218462568
16.477095498748312
16.541217010594487
16.605366879875536
16.669545267090015
16.733752333530926
16.79798824129299
16.862253153280033
16.926547233212425
16.990870645634608
17.055223555922716
17.119606130292247
17.184018535805844
17.248460940381154
17.312933512798775
17.37743642271027
17.441969840646294
17.506533938024795
17.571128887159308
17.635754861267344
17.700412034478877
17.765100581844894
17.829820679346096
17.894572503901625
17.95935623337796
18.024172046597865
18.089020123349453
18.153900644395346
18.218813791481963
18.283759747348867
18.348738695738273
18.413750821404623
18.47879631012429
18.543875348705388
18.608988124997687
18.674134827902684
18.739315647383712
18.804530774476255
18.869780401298314
18.93506472106094
19.00038392807886
19.065738217781256
19.13112778672264
19.196552832593888
19.262013554233384
19.327510151638304
19.393042825976043
19.45861177959577
19.52421721604012
19.589859340057036
19.655538357611736
19.72125447589886
19.787007903354734
19.852798849669792
19.918627525801163
19.984494143985383
20.050398917751302
20.11634206193313
20.18232379268363
20.248344327487523
20.314403885175004
20.380502685935458
20.446640951331364
20.51281890431233
20.579036769229344
20.645294771849183
20.71159313936904
20.777932100431272
20.844311885138413
20.91073272506834
20.977194853289614
21.04369850437708
21.110243914427613
21.1768313210761
21.243460963511623
21.310133082493845
21.376847920369624
21.44360572108985
21.510406730226485
21.577251194989852
21.644139364246136
21.71107148853513
21.77804782008821
21.845068612846575
21.9121341224797
21.979244606404052
22.046400323802086
22.113601535641447
22.180848504694488
22.248141495558027
22.315480774673386
22.382866610346685
22.450299272769463
22.51777903403954
22.585306168182186
22.652880951171603
22.720503660952698
22.78817457746313
22.855893982655736
22.923662160521214
22.991479397111164
23.05934598056145
23.12726220111588
23.195228351150263
23.26324472519677
23.33131161996869
23.399429334385516
23.46759816959841
23.535818429016032
23.604090418330763
23.672414445545304
23.74079082099967
23.809219857398585
23.87770186983929
23.94623717583975
24.01482609536733
24.083468950867825
24.15216606729501
24.22091777214058
24.289724395464592
24.35858626992632
24.427503730815634
24.49647711608483
24.56550676638096
24.634593025078665
24.703736238313525
24.772936755015916
24.84219492694541
24.911511108725694
24.98088565788009
25.050318934867573
25.119811303119413
25.18936312907637
25.25897478222652
25.32864663514365
25.39837906352628
25.468172446237368
25.538027165344584
25.607943606161303
25.677922157288233
25.747963210655747
25.818067161566912
25.888234408741223
25.958465354359088
26.02876040410701
26.0991199672236
26.169544456546276
26.240034288558835
26.31058988343978
26.381211665111493
26.45190006129024
26.522655503537045
26.593478427309435
26.664369272014078
26.735328481060346
26.806356501914816
26.877453786156707
26.94862078953431
27.019857972022418
27.091165797880766
27.16254473571351
27.233995258529788
27.30551784380535
27.37711297354531
27.44878113434804
27.520522817470212
27.592338518893047
27.664228739389774
27.736193984594316
27.808234765071276
27.880351596387204
27.952544999183207
28.024815499248906
28.09716362759781
28.169589920544084
28.24209491978081
28.314679172459716
28.387343231272443
28.46008765453339
28.532913006264124
28.605819856279485
28.67880878027532
28.751880359917962
28.82503518293548
28.898273843210706
28.971596940876143
29.045005082410743
29.118498880738645
29.192078955329883
29.26574593230316
29.339500444530678
29.41334313174515
29.487274640648987
29.561295625025718
29.635406745853775
29.709608671422604
29.783902077451206
29.858287647209206
29.93276607164044
30.007338049489213
30.082004287429196
30.15676550019513
30.23162241071737
30.30657575025931
30.38162625855783
30.456774683966813
30.532021783603803
30.607368323499923
30.682815078753116
30.758362833684796
30.834012382000054
30.909764526951424
30.98562008150642
31.061579868518844
31.13764472090406
31.213815481818283
31.29009300484204
31.36647815416787
31.442971804792474
31.51957484271334
31.596288165130037
31.67311268065032
31.750049309501133
31.827098983744733
31.904262647499998
31.981541257169148
32.05893578167002
32.136447202674034
32.21407651485008
32.29182472611444
32.369692857886996
32.44768194535389
32.525793037736825
32.60402719856919
32.68238550597936
32.760869052981214
32.839478947772186
32.91821631403916
32.99708229127231
33.07607803508729
33.15520471755599
33.234463527546026
33.31385567106951
33.393382371641145
33.473044870646135
33.552844427718135
33.63278232112766
33.71285984818123
33.79307832563174
33.873439090100256
33.953943498509844
34.03459292853169
34.115388779044046
34.19633247060442
34.27742544593545
34.35866917042502
34.44006513264107
34.521614844861716
34.60331984362114
34.685181690271925
34.767201971564376
34.849382300243505
34.931724315664376
35.01422968442641
35.096900101027444
35.17973728853836
35.26274299929894
35.3459190156359
35.42926715060391
35.51278924875057
35.59648718690625
35.680362874999794
35.76441825690118
35.84865531129223
35.933076052566456
36.0176825317594
36.10247683751056
36.187461097058396
36.27263747726974
36.358008185705074
36.443575471721324
36.52934162761365
36.6153089897981
36.701479940036876
36.78785690670803
36.874442366121784
36.96123884388538
37.0482489163189
37.135475211924124
37.2229204129093
37.31058725677206
37.398478537943426
37.4865971094959
37.57494588491858
37.66352783996267
37.75234601456079
37.841403514823824
37.930703515119056
38.02024926023393
38.11004406762955
38.20009132978875
38.29039451666352
38.38095717822717
38.471782947136596
38.56287554151073
38.65423876783132
38.74587652397295
38.83779280236915
38.929991693322485
39.02247738846656
39.11525418438875
39.20832648642282
39.30169881262136
39.39537579791877
39.48936219849594
39.58366289635897
39.6782829041449
39.77322737016845
39.868501583724836
39.96411098066487
40.06006114925964
40.15635783637359
40.25300695396617
40.35001458594384
40.44738699538585
40.545130632169375
40.64325214102135
40.74175837002682
40.84065637962607
40.939953452135484
41.03965710183025
41.13977508563018
41.24031541443355
41.341286365148285
41.442696493473605
41.54455464749101
41.64686998212814
41.74965197456587
41.85291044066522
41.95665555249852
42.06089785707755
42.1656482963808
42.27091822879249
42.3767194520778
42.48306422803209
42.589965308956494
42.6974359661295
42.80549002046274
42.914141875550946
43.02340655335017
43.133299732746345
43.24383779130765
43.355037850550275
43.46691782508854
43.57949647608762
43.692793469491974
43.80682943956518
43.921626058350306
44.03720611174427
44.153593582978324
44.27081374441233
44.3888932586851
44.5078602904226
44.62774462989298
44.748577830220384
44.87039336003397
44.99322677374548
45.11711590202851
45.24210106553152
45.36822531541208
45.49553470495775
45.624078597388525
45.753910015959306
45.88508604374885
46.01766828210585
46.151723378712326
46.28732363874531
46.42454773583371
46.5634815436472
46.70421911433043
46.84686383704719
46.9915298192441
47.138343545769494
47.2874458879812
47.438994558353606
47.59316713871792
47.7501648565336
47.91021735036825
48.07358876406535
48.24058565698158
48.411567445733525
48.586960454438234
48.76727724201048
48.953143878953306
49.14533962340966
49.344856754647004
49.55299486258399
49.77151781262492
50.002934123608455
50.251047291306925
50.52219032033279
50.82863407366608
51.20243893860459