0.02957456345157404
0.08872372703331097
0.14787300065140582
0.20702245766540175
0.2661721714377989
0.3253222153352373
0.3844726627296801
0.44362358699959686
0.5027750615311475
0.5619271597193659
0.6210799549693454
0.6802335206974226
0.7393879303323635
0.7985432573165496
0.8576995751071644
0.9168569571773809
0.9760154770175501
1.0351752081363894
1.094336224062173
1.153498598343922
1.2126624045525973
1.2718277162822915
1.3309946071514225
1.3901631508039294
1.4493334209104682
1.50850549116961
1.5676794353090382
1.6268553270867507
1.68603324029226
1.7452132487477974
1.8043954263095163
1.8635798468687004
1.9227665843529695
1.9819557127274912
2.04114730599619
2.100341438202964
2.1595381834328955
2.2187376158134726
2.2779398095158045
2.3371448387558464
2.39635277779562
2.45556370094444
2.514777682560142
2.5739947970503128
2.6332151188735216
2.692438722540557
2.751665682615663
2.8108960737177786
2.8701299705217815
2.9293674477597333
2.988608580222125
3.0478534427591324
3.1071021102818657
3.166354657763627
3.2256111602411703
3.2848716928159662
3.344136330655463
3.4034051489943584
3.4626782231358733
3.5219556284530227
3.5812374403898986
3.64052373446295
3.6998145862622698
3.759110071452883
3.8184102657760404
3.8777152450505152
3.9370250851739033
3.9963398621239263
4.0556596519597425
4.114984530823255
4.174314574940433
4.233649860622625
4.292990464267891
4.352336462362326
4.411687931481393
4.471044948291262
4.530407589550152
4.589775932109677
4.649150052916195
4.708530029012165
4.7679159375375075
4.827307855730971
4.886705860931498
4.946110030579602
5.005520442218749
5.064937173496742
5.124360302167108
5.183789906090496
5.24322606323608
5.302668851682961
5.362118349621581
5.421574635355141
5.481037787301021
5.540507883992213
5.59998500407875
5.6594692263291515
5.718960629631868
5.778459292996731
5.8379652955564145
5.897478716567899
5.9569996354139425
6.016528131604557
6.076064284778493
6.135608174704729
6.195159881283971
6.2547194845501535
6.31428706467195
6.373862701954293
6.4334464768398965
6.49303846991079
6.552638761889852
6.612247433642359
6.671864566177542
6.731490240650144
6.791124538361985
6.8507675407635436
6.9104193294555385
6.970079986190519
7.029749592874465
7.089428231568396
7.149115984489986
7.208812934015182
7.268519162679843
7.328234753181382
7.387959788380404
7.447694351302375
7.507438525139281
7.567192393251309
7.626956039168526
7.6867295465925745
7.746512999398375
7.806306481635835
7.8661100775315775
7.925923871490659
7.985747948098322
8.045582392121734
8.105427288511756
8.165282722404706
8.225148779124144
8.285025544182654
8.34491310328365
8.404811542323184
8.464720947391768
8.52464140477621
8.584573000961441
8.644515822632389
8.704469956675826
8.764435490182256
8.824412510447791
8.88440110497606
8.944401361480105
9.004413367884322
9.06443721232637
9.124472983159135
9.184520768952684
9.244580658496224
9.304652740800098
9.364737105097765
9.424833840847823
9.48494303773601
9.545064785677255
9.605199174817711
9.665346295536821
9.725506238449384
9.785679094407648
9.845864954503401
9.906063910070099
9.966276052684973
10.026501474171189
10.086740266599993
10.146992522292882
10.207258333823798
10.267537794021319
10.32783099597087
10.38813803301697
10.448458998765457
10.508793987085763
10.569143092113183
10.629506408251173
10.68988403017365
10.750276052827324
10.810682571434038
10.871103681493121
10.931539478783764
10.991990059367415
11.052455519590183
11.112935956085265
11.173431465775385
11.233942145875265
11.294468093894093
11.355009407638029
11.415566185212707
11.47613852502579
11.5367265257895
11.597330286523203
11.657949906555999
11.718585485529324
11.77923712339959
11.839904920440826
11.90058897724736
11.961289394736486
12.0220062741512
12.082739717062921
12.143489825374239
12.204256701321688
12.265040447478553
12.325841166757675
12.386658962414295
12.447493938048911
12.508346197610171
12.569215845397766
12.630102986065367
12.691007724623578
12.751930166442907
12.812870417256777
12.873828583164531
12.934804770634504
12.995799086507072
13.05681163799777
13.117842532700402
13.178891878590196
13.239959784026981
13.301046357758375
13.36215170892303
13.423275947053869
13.484419182081378
13.545581524336912
13.606763084556027
13.667963973881847
13.729184303868452
13.790424186484312
13.851683734115717
13.912963059570274
13.9742622760804
14.035581497306882
14.09692083734242
14.158280410715252
14.219660332392765
14.281060717785174
14.342481682749206
14.403923343591833
14.465385817074026
14.526869220414547
14.588373671293787
14.649899287857611
14.71144618872126
14.773014492973275
14.834604320179464
14.8962157903869
14.957849024127961
15.01950414242439
15.081181266791411
15.142880519241878
15.204602022290446
15.266345898957807
15.328112272774934
15.389901267787394
15.45171300855968
15.513547620179587
15.575405228262635
15.63728595895653
15.699189938945663
15.76111729545565
15.823068156257927
15.885042649674372
15.947040904581984
16.009063050417595
16.07110921718263
16.133179535447923
16.19527413635856
16.25739315163879
16.319536713596953
16.381704955130502
16.443898009731015
16.506116011489304
16.568359095100558
16.63062739586951
16.692921049715718
16.755240193178818
16.817584963423894
16.87995549824686
16.942351936079927
17.00477441599709
17.0672230777197
17.129698061622076
17.192199508737165
17.254727560762294
17.31728236006493
17.379864049688532
17.44247277335847
17.505108675487968
17.567771901184123
17.63046259625402
17.693180907210845
17.755926981280115
17.818700966405956
17.88150301125742
17.94433326523491
18.007191878476654
18.07007900186522
18.13299478703415
18.195939386374608
18.25891295304216
18.32191564096356
18.38494760484366
18.448009000172366
18.511099983231666
18.57422071110276
18.637371341673227
18.700552033644307
18.76376294653823
18.827004240705644
18.890276077333123
18.95357861845074
19.016912026939742
19.080276466540283
19.143672101859284
19.207099098378333
19.270557622461705
19.33404784136444
19.39756992324056
19.46112403715131
19.52471035307355
19.588329041908217
19.65198027548886
19.715664226590317
19.779381068937457
19.84313097721403
19.90691412707161
19.97073069513866
20.03458085902967
20.09846479735443
20.16238268972739
20.22633471677713
20.290321060155954
20.354341902549557
20.418397427686866
20.482487820349938
20.54661326638399
20.61077395270757
20.674970067322825
20.739201799325876
20.803469338917363
20.86777287741306
20.932112607254652
20.996488722020636
21.06090141643734
21.12535088639008
21.18983732893445
21.25436094230776
21.318921925940586
21.383520480468498
21.448156807743892
21.51283111084798
21.577543594102956
21.64229446308425
21.70708392463301
21.771912186868654
21.83677945920165
21.901685952346426
21.96663187833441
22.031617450527314
22.096642883630476
22.16170839370648
22.22681419818886
22.291960515896033
22.357147567045388
22.422375573267548
22.48764475762082
22.55295534460586
22.618307560180455
22.683701631774582
22.749137788305593
22.814616260193638
22.880137279377273
22.94570107932926
23.01130789507262
23.076957963196822
23.142651521874274
23.208388810876944
23.274170071593282
23.339995547045305
23.405865481905945
23.47178012251662
23.537739716905033
23.60374451480324
23.669794767665906
23.735890728688883
23.80203265282798
23.86822079681801
23.93445541919212
24.000736780301335
24.06706514233445
24.1334407693381
24.1998639272372
24.266334883855606
24.332853908937096
24.399421274166652
24.466037253192003
24.53270212164551
24.59941615716636
24.66617963942304
24.732992850136167
24.79985607310165
24.866769594214134
24.933733701490844
25.000748685095736
25.067814837364008
25.134932452826966
25.202101828237264
25.2693232625945
25.336597057171197
25.40392351553916
25.471302943596235
25.538735649593463
25.60622194416262
25.6737621403442
25.741356553615795
25.809005501920918
25.87670930569826
25.944468287911363
26.012282774078802
26.080153092304766
26.148079573310163
26.216062550464162
26.284102359816252
26.35219934012877
26.42035383290998
26.48856618244761
26.556836735842968
26.625165843045565
26.693553856888293
26.76200113312317
26.830508030457636
26.89907491059144
26.96770213825413
27.03639008124311
27.105139110462364
27.17394959996176
27.242821926977022
27.311756471970348
27.3807536186717
27.449813754120747
27.51893726870955
27.58812455622591
27.657376013897462
27.726692042436504
27.796073046085574
27.865519432663785
27.935031613613983
28.004610004050654
28.074255022808686
28.14396709249295
28.213746639528743
28.28359409421309
28.353509890766933
28.423494467388263
28.493548266306128
28.563671733835623
28.63386532043384
28.704129480756812
28.77446467371746
28.844871362544566
28.91535001484284
28.985901102654008
29.056525102519064
29.127222495541602
29.19799376745233
29.26883940867476
29.339759914392086
29.41075578461531
29.481827524252648
29.55297564318018
29.624200656313867
29.695503083682894
29.766883450504384
29.838342287259568
29.909880129771363
29.981497519283447
30.053195002540843
30.124973131872064
30.196832465272855
30.268773566491532
30.34079700511602
30.41290335666258
30.48509320266628
30.557367130773283
30.62972573483494
30.702169615003758
30.77469937783134
30.847315636368243
30.920019010265896
30.99281012588057
31.065689616379487
31.138658121849105
31.211716289405633
31.284864773307834
31.3581042350722
31.431435343590515
31.50485877524989
31.578375214055363
31.65198535175506
31.72568988796808
31.799489530315075
31.873384994551675
31.947377004704794
32.0214662932119
32.09565360106334
32.1699396779478
32.24432528240096
32.31881118195748
32.39339815330634
32.46808698244974
32.54287846486551
32.6177734056732
32.69277261980406
32.76787693217481
32.84308717786544
32.91840420230118
32.993828861438615
33.06936202195627
33.14500456144959
33.22075736863057
33.296621343532166
33.37259739771753
33.448686454494336
33.52488944913431
33.60120732909801
33.67764105426521
33.754191597170866
33.830859943247034
33.90764709107066
33.98455405261771
34.06158185352363
34.13873153335041
34.21600414586046
34.293400759297505
34.37092245667473
34.44857033607033
34.526345510930916
34.60424911038273
34.682282279551124
34.76044617988859
34.8387419895115
34.91717090354587
34.99573413448257
35.07443291254213
35.15326848604956
35.232242121819574
35.31135510555235
35.39060874224053
35.47000435658751
35.549543293437644
35.6292269182187
35.709056617396925
35.78903379894535
35.86915989282559
35.94943635148386
36.029864650361425
36.11044628842035
36.191182788684834
36.27207569879884
36.353126591600635
36.43433706571478
36.515708746162304
36.59724328498978
36.67894236191792
36.76080768501053
36.84284099136462
36.925044047822375
37.00741865170607
37.0899666315766
37.17268984801674
37.255590194440025
37.33866959792638
37.42193002008555
37.50537345794941
37.589001944894534
37.67281755159606
37.75682238701438
37.84101859941592
37.925408377429505
38.00999395113991
38.0947775932201
38.17976162010395
38.26494839320121
38.35034032015662
38.43593985615512
38.52174950527532
38.607771821893294
38.69400941213931
38.78046493540958
38.86714110593601
38.95404069441633
39.041166529707844
39.128521500587595
39.21610855758234
39.303930714871726
39.39199105226829
39.480292717278154
39.56883892724645
39.65763297159193
39.746678214135144
39.835978095525306
39.92553613577085
40.015355936879246
40.105441185612
40.195795656360936
40.28642321415256
40.377327817787474
40.46851352312239
40.55998448650294
40.65174496835567
40.74379933694857
40.83615207232989
40.92880777045581
41.02177114751819
41.11504704448436
41.208640431862214
41.30255641470399
41.3968002378642
41.49137729152728
41.5862931170225
41.68155341294455
41.77716404159995
41.873131035800704
41.969460606028655
42.066159147995684
42.16323325062696
42.260689704496826
42.358535510749206
42.45677789053735
42.55542429502047
42.65448241595836
42.753960196948526
42.853865845354555
42.954207844978626
43.05499496953622
43.156236296996326
43.25794122485676
43.36011948643037
43.46278116822621
43.56593672851711
43.669597017195365
43.773773297027915
43.878477266434494
43.98372108392525
44.08951739434912
44.19587935712074
44.302820676612875
44.410355634922134
44.518499127240375
44.62726670009131
44.7366745927234
44.84673978198573
44.95748003105453
45.06891394242506
45.18106101563774
45.293941710269614
45.407577514795
45.521991022002624
45.637206011754635
45.75324754198704
45.87014204898504
45.98791745812421
46.10660330645466
46.226230878725936
46.3468333587127
46.468445998015305
46.5911063048861
46.714854256086724
46.83973253533277
46.96578680255364
47.09306599901809
47.22162269439015
47.351513483037394
47.48279943848322
47.615546636867535
47.74982676277825
47.88571781400411
48.02330492586257
48.16268134108579
48.30394955823693
48.44722270089163
48.592626162235376
48.74029959657537
48.89039935243645
49.04310147424597
49.1986054454686
49.35713891224138
49.518963723993565
49.6843837741306
49.85375534990376
50.02750105893329
50.206128986196745
50.390259730278935
50.58066572926852
50.77833056576823
50.984542422927795
51.20104966055963
51.43033871026886
51.67617952110361
51.94484913810998
52.248509778709
52.61893731967479