0.07380250744403172
0.22141107211433245
0.36903028835142093
0.5166672646041274
0.6643291204419355
0.8120229910316903
0.9597560316428757
1.1075354221898057
1.2553683718192061
1.4032621235518323
1.5512239589869703
1.6992612030789016
1.847381228994683
1.9955914630629012
2.1438993898234084
2.292312557188434
2.4408385817258984
2.589485154076241
2.7382600445145924
2.887171108670718
3.0362262934197926
3.1854336429577654
3.334801305075867
3.484337537649615
3.63405071535864
3.783949336654629
3.934042030995796
4.0843375663675
4.234844857109927
4.385572972075206
4.536531143137882
4.687728774084403
4.839175449909128
4.990880946546457
5.142855241070879
5.295108522399262
5.447651202532359
5.6004939283755055
5.7536475941817455
5.907123354664198
6.06093263882844
6.215087164580043
6.369598954167199
6.524480350523693
6.679744034583372
6.8354030436437325
6.991470790863542
7.147961085987368
7.304888157398857
7.462266675614571
7.620111778341234
7.778439097231727
7.937264786488995
8.096605553482666
8.25647869156067
8.416902115257841
8.577894398125746
8.739474813433066
8.901663378014318
9.064480899576973
9.227949027813736
9.392090309708545
9.556928249472712
9.722487373602329
9.888793301610912
10.055872823063664
10.223753981623277
10.392466166913916
10.562040215122375
10.732508519386272
10.903905151172042
11.076265994024816
11.24962889128331
11.42403380960208
11.599523020418955
11.776141301857338
11.953936163973605
12.132958100764943
12.313260872962422
12.494901826372955
12.677942251434573
12.862447790753142
13.048488902749467
13.236141391233321
13.425487012828144
13.616614176818949
13.809618755350849
14.00460502618823
14.201686775757684
14.400988597359847
14.602647428830043
14.80681438638134
15.01365696806049
15.223361722909926
15.436137513103791
15.652219539842157
15.871874365513614
16.095406253756284
16.32316528026761
16.555557864694
16.793060678515626
17.036239366831257
17.285774312455995
17.5424970125593
17.807443014393744
18.081931781349134
18.367692610433373
18.66707435129255
18.983420208217026
19.32180379554922
19.69068126727317
20.106455420297518
20.612037214081138