0.058018703541477555
0.17405717641095705
0.2900988468945468
0.406145847583621
0.5222003123431261
0.6382643768222528
0.7543401789663521
0.8704298595304565
0.9865355625947646
1.1026594360824544
1.2188036322801916
1.3349703083617042
1.4511616269147982
1.567379756472192
1.683626872046562
1.7999051556701782
1.9162167969395436
2.0325639935654265
2.1489489519287113
2.2653738876424794
2.3818410261207594
2.4983526031543764
2.6149108654943607
2.7315180714433716
2.8481764914556096
2.964888408745707
3.0816561199070915
3.1984819355403453
3.315368180892075
3.4323171965048527
3.5493313388787806
3.6664129811452666
3.7835645137536007
3.90078834517097
4.018086902596533
4.135462632690232
4.252918002317032
4.37045549930729
4.488077633234003
4.6057869362077035
4.723585963689801
4.841477295325194
4.95946353579503
5.077547315690492
5.195731292408568
5.314018151070773
5.432410605465829
5.550911399017383
5.669523305777849
5.788249131449559
5.907091714434398
6.02605392691321
6.145138675956289
6.26434890466633
6.3836875933553054
6.503157760756752
6.622762465275096
6.742504806273645
6.86238792540302
6.982415007971846
7.102589284361632
7.222914031487866
7.343392574309444
7.464028287388674
7.584824596504203
7.7057849803193506
7.826912972108442
7.9482121615439025
8.069686196547005
8.19133878520532
8.313173697760085
8.435194768666937
8.557405898733535
8.679811057337934
8.8024142847317
8.925219694432013
9.04823147570727
9.171453896160966
9.294891304418861
9.418548132924847
9.542428900851155
9.666538217128949
9.790880783605735
9.915461398336365
10.04028495901491
10.16535646655509
10.290681028827494
10.416263864562323
10.54211030742699
10.668225810288538
10.794615949671497
10.92128643042254
11.048243090594067
11.175491906559746
11.30303899837587
11.430890635403488
11.559053242207257
11.687533404748207
11.816337876888815
11.94547358723024
12.074947646302995
12.204767354134045
12.334940208215047
12.465473911898421
12.596376383250087
12.727655764389997
12.859320431354135
12.991379004514505
13.12384035959661
13.256713639337377
13.390008265830092
13.523733953607064
13.657900723515185
13.792518917444552
13.927599213975716
14.063152645017361
14.199190613512746
14.335724912300904
14.472767744226763
14.610331743603728
14.748429999142513
14.887076078471585
15.026284054387522
15.166068532988026
15.306444683856666
15.447428272486667
15.589035695151795
15.731284016455643
15.874191009817082
16.01777520117961
16.16205591626639
16.307053331741614
16.45278853068324
16.599283562822894
16.74656151006714
16.894646557881437
17.0435640731957
17.193340689580044
17.344004400543632
17.4955846619309
17.648112504531227
17.801620658184614
17.9561436888615
18.11171815042607
18.2683827530665
18.426178550701643
18.58514915006389
18.74534094462604
18.906803377105085
19.06958923496081
19.233754984142024
19.399361147356178
19.56647273439939
19.73515973364784
19.905497675763957
20.07756828312536
20.251460221592527
20.427269975198776
20.60510286945306
20.785074275579873
20.96731103672184
21.15195316866374
21.339155903098217
21.52909216243733
21.72195558403705
21.917964251987048
22.11736535175572
22.32044104546783
22.527515987034523
22.738967079102895
22.955236355623658
23.176848320698614
23.40443380567145
23.63876364760722
23.880797690164467
24.131758699776388
24.393248880901112
24.66744389788555
24.957439553496716
25.267932468944313
25.606747572874358
25.989056842482665
26.45453159649285