0.11079587242243948
0.3324146923422318
0.554114823591617
0.7759507615401458
0.9979774360981053
1.220250391218953
1.442825970215933
1.6657615087415094
1.8891155374270083
2.112947996371188
2.3373204639068783
2.562296402372608
2.7879414239819895
3.0143235803311557
3.241513679631013
3.4695856364185893
3.698616859318492
3.928688683427671
4.15988685513103
4.392302078682684
4.6260306357871555
4.86117509179121
5.097845105089136
5.33615836013836
5.5762416493299245
5.818232135203517
6.062278832614303
6.308544361112135
6.557207031921539
6.808463352858796
7.062531060248865
7.319652822304535
7.580100807857489
7.844182384460821
8.112247311162792
8.384696940416266
8.661996168134518
8.944689217325475
9.233420890219161
9.528965823390115
9.832269807777969
10.144509941292846
10.467185421342812
10.802260753684715
11.152404385585125
11.52141540078703
11.915061943114166
12.342964222859674
12.82379974948781
13.40648733814491