0.04751271574672703
0.14253853977117809
0.2375655414307798
0.33259450595617807
0.4276262187888832
0.5226614656657083
0.6177010327032999
0.7127457064827882
0.807796274134583
0.9028535234233415
0.9979182428331361
1.0929912216528488
1.1880732500618172
1.2831651192157634
1.3782676213330296
1.4733815497811495
1.5685076991637836
1.6636468654080452
1.7587998458522476
1.8539674393340997
1.949150446279377
2.044349668791101
2.1395659107392557
2.234799977851066
2.3300526778018766
2.425324820306655
2.520617217212152
2.6159306825897546
2.7112660328290556
2.8066240867321786
2.9020056656088897
2.9974115933725294
3.0928426966367932
3.1882998048134086
3.283783750210727
3.379295368133279
3.4748354969823225
3.570404978357426
3.6660046571591187
3.7616353816926478
3.857298003772888
3.952993378830435
4.048722366018927
4.144485828323637
4.240284632671378
4.336119650041767
4.43199175557988
4.527901828710362
4.623850753253029
4.719839417540003
4.815868714534443
4.911939541950909
5.008052802377418
5.104209403399241
5.200410257724496
5.296656283311591
5.392948403498569
5.489287547134429
5.585674648712452
5.682110648505627
5.77859649270422
5.875133133555548
5.971721529506034
6.068362645345604
6.165057452354502
6.261806928452583
6.358612058351168
6.4554738337075355
6.552393253282118
6.649371323098496
6.74640905660626
6.84350747484684
6.940667606622363
7.037890488667671
7.135177165825538
7.232528691225236
7.3299461264645025
7.427430541795041
7.524983016311646
7.622604638145058
7.720296504658668
7.818059722649182
7.915895408551362
8.013804688646964
8.111788699278003
8.209848587064485
8.307985509126702
8.406200633312295
8.504495138428148
8.602870214477331
8.701327062901212
8.799866896826886
8.89849094132012
8.99720043364395
9.09599662352313
9.194880773414582
9.293854158784088
9.39291806838936
9.492073804569733
9.591322683542657
9.690666035707237
9.79010520595502
9.889641553988271
9.989276454645973
10.089011298237812
10.1888474908864
10.288786454877993
10.388829629022007
10.488978469019603
10.589234447841644
10.689599056116347
10.790073802526939
10.89066021421967
10.99135983722251
11.09217423687493
11.19310499826911
11.29415372670298
11.39532204814552
11.496611609714718
11.59802408016865
11.69956115041013
11.80122453400543
11.903015967717547
12.004937212054548
12.106990051833568
12.209176296760964
12.311497782029273
12.413956368931585
12.516553945493936
12.619292427126435
12.722173757293822
12.825199908206153
12.928372881530434
13.031694709123968
13.135167453790253
13.23879321005832
13.34257410498643
13.446512298991065
13.550609986702236
13.654869397846161
13.759292798156395
13.86388249031457
13.96864081492198
14.073570151503235
14.178672919543345
14.283951579559615
14.389408634209811
14.495046629438166
14.600868155660782
14.706875848992189
14.813072392514801
14.919460517593164
15.026043005234971
15.132822687500918
15.23980244896558
15.346985228231652
15.454374019499928
15.561971874197626
15.669781902667745
15.777807275922314
15.886051227462524
15.994517055168968
16.103208123265304
16.212127864358933
16.321279781562446
16.43066745069979
16.540294522601442
16.65016472549299
16.760281867481865
16.870649839147326
16.981272616238893
17.092154262489046
17.203298932546073
17.314710875033533
17.426394435743145
17.53835406096828
17.650594300985844
17.76311981369471
17.875935368419515
17.989045849889106
18.10245626239971
18.21617173417342
18.33019752192346
18.444539015638377
18.559201743598358
18.6741913776375
18.78951373866724
18.905174802476953
19.021180705829114
19.137537752867566
19.25425242185904
19.371331372289404
19.48878145233797
19.606609706754877
19.724823385168712
19.843429950853572
19.962437089987308
20.08185272143515
20.201685007096003
20.321942362851615
20.44263347016255
20.563767288358534
20.68535306767504
20.807400363092704
20.92991904904114
21.052919335034677
21.1764117823136
21.300407321571758
21.42491727185894
21.54995336075545
21.675527745925653
21.801653038168407
21.928342326094256
22.05560920257294
22.18346779311002
22.311932786328672
22.44101946675202
22.570743750103347
22.70112222136633
22.83217217587552
22.963911663739378
23.096359537934568
23.229535506451924
23.363460188922158
23.498155178204204
23.63364310748213
23.769947723489278
23.907093966562666
24.04510805832836
24.18401759793263
24.323851667866734
24.464640950589313
24.606417857334073
24.74921667070736
24.893073702937283
25.038027471942314
25.18411889775305
25.331391522260272
25.479891755792586
25.629669154669337
25.780776734657902
25.933271326224077
26.087213978647107
26.24267042153811
26.39971159413169
26.558414255022544
26.71886168793386
26.881144522824584
27.045361696431907
27.21162158256527
27.380043330626897
27.550758461646826
27.72391278561577
27.89966872357091
28.078208144945805
28.259735868457273
28.44448402835706
28.632717585186676
28.824741373987848
29.02090925417854
29.221636189399383
29.427414504349404
29.63883625081938
29.856624777971756
30.081680660906162
30.31515097464721
30.558538479226996
30.813883413488053
31.084088283742872
31.373555480272316
31.68961792804868
32.046489772240285
32.481326111946125