0.02944955592131601
0.08834870367388518
0.1472479591568351
0.20614739419231706
0.2650470806053287
0.32394709022485274
0.38284749488499586
0.4417483664261278
0.500649776696021
0.5595517975509897
0.6184545008570314
0.6773579584909659
0.7362622423415779
0.7951674243107573
0.8540735763146426
0.9129807702847634
0.9718890781691837
1.030798571933647
1.0897093235627209
1.1486214050609438
1.2075348884539714
1.2664498457897246
1.3253663491395398
1.3842844705993174
1.4432042822906739
1.5021258563620943
1.5610492649900856
1.6199745803803323
1.6789018747688522
1.7378312204231547
1.796762689643399
1.8556963547635565
1.9146322881525721
1.9735705622155277
2.032511249394809
2.091454422171273
2.1504001530654153
2.2093485146385428
2.2682995794939464
2.327253420278076
2.3862101096817168
2.445169720441169
2.504132325339427
2.5630979972073678
2.6220668089249286
2.6810388334223023
2.7400141436811234
2.7989928127356616
2.8579749136740173
2.9169605196393187
2.9759497038309224
3.0349425395056167
3.093939099978825
3.1529394586258177
3.2119436888829203
3.2709518642487287
3.3299640582853263
3.3889803446195033
3.4480007969439805
3.507025489018636
3.5660544946717314
3.6250878878011497
3.684125742375626
3.7431681324359904
3.8022151320964093
3.861266815545631
3.9203232570482363
3.979384530945893
4.03845071165861
4.097521873686002
4.156598091608549
4.215679440088872
4.274765993872998
4.33385782779164
4.392955016761479
4.452057635786447
4.511165759959014
4.5702794644614855
4.629398824567295
4.6885239156423095
4.747654813146135
4.806791592633429
4.865934329755211
4.9250831002601885
4.9842379799960765
5.0433990449109345
5.102566371054494
5.161740034579502
5.220920111743064
5.2801066789079965
5.339299812544179
5.398499589229914
5.457706085653295
5.516919378613579
5.576139545022556
5.635366661905938
5.694600806404744
5.753842055776692
5.8130904873976
5.872346178762793
5.931609207488508
5.990879651313317
6.050157588099545
6.109443095834704
6.168736252632927
6.228037136736407
6.287345826516848
6.34666240047692
6.405986937251721
6.465319515610242
6.5246602144568415
6.584009112832734
6.643366289917473
6.702731825030443
6.762105797632373
6.821488287326836
6.880879373861773
6.940279137131013
6.9996876571758095
7.059105014186377
7.118531288503438
7.177966560619782
7.237410911181823
7.296864420991174
7.3563271710062255
7.41579924234373
7.475280716280402
7.5347716742545146
7.59427219786752
7.65378236888566
7.713302269241607
7.77283198103609
7.832371586539549
7.891921168193787
7.9514808086136375
8.011050590588635
8.070630597084701
8.130220911245836
8.189821616395816
8.249432796039914
8.309054533866611
8.368686913749334
8.428330019748195
8.487983936111737
8.547648747278705
8.607324537879807
8.6670113927395
8.726709396877787
8.78641863551201
8.846139194058672
8.905871158135257
8.965614613562066
9.025369646364062
9.085136342772735
9.14491478922796
9.204705072379888
9.264507279090829
9.324321496437163
9.384147811711257
9.44398631242338
9.503837086303662
9.563700221304032
9.623575805600186
9.68346392759357
9.74336467591336
9.803278139418481
9.8632044071996
9.923143568581176
9.983095713123495
10.043060930624723
10.103039311122972
10.163030944898399
10.223035922475287
10.283054334624163
10.343086272363923
10.403131826963971
10.463191089946372
10.523264153088029
10.583351108422852
10.643452048243972
10.703567065105945
10.763696251826989
10.82383970149122
10.883997507450923
10.944169763328821
11.004356563020373
11.06455800069608
11.124774170803807
11.185005168071136
11.245251087507715
11.305512024407637
11.365788074351832
11.426079333210481
11.486385897145443
11.546707862612696
11.607045326364807
11.667398385453412
11.727767137231716
11.78815167935701
11.848552109793212
11.908968526813426
11.96940102900251
12.029849715259678
12.090314684801116
12.150796037162612
12.211293872202214
12.271808290102907
12.332339391375305
12.392887276860373
12.453452047732164
12.51403380550057
12.574632652014119
12.635248689462758
12.695882020380697
12.75653274764924
12.817200974499663
12.877886804516107
12.938590341638484
12.999311690165431
13.060050954757253
13.120808240438928
13.181583652603102
13.242377297013132
13.303189279806142
13.36401970749611
13.424868686976973
13.485736325525766
13.546622730805778
13.607528010869746
13.668452274163062
13.729395629527017
13.790358186202065
13.85134005383112
13.912341342462877
13.973362162555166
14.034402624978325
14.095462841018605
14.156542922381623
14.217642981195805
14.2787631300159
14.33990348182649
14.401064150045562
14.462245248528081
14.523446891569616
14.584669193909987
14.645912270736941
14.707176237689877
14.76846121086358
14.829767306812006
14.8910946425521
14.952443335567626
15.013813503813068
15.075205265717528
15.13661874018869
15.19805404661679
15.259511304878655
15.320990635341753
15.382492158868283
15.444015996819314
15.505562271058952
15.56713110395855
15.628722618400953
15.69033693778478
15.751974186028756
15.81363448757607
15.875317967398791
15.9370247510023
15.998754964429791
16.060508734266794
16.122286187645752
16.184087452250637
16.2459126563216
16.30776192865969
16.369635398631594
16.431533196174424
16.493455451800575
16.55540229660259
16.617373862258113
16.679370281034846
16.741391685795605
16.803438210003378
16.86550998772645
16.927607153643603
16.989729843049318
17.051878191859064
17.11405233661463
17.176252414489515
17.238478563294347
17.300730921482394
17.363009628155094
17.425314823067662
17.487646646634758
17.550005239936176
17.612390744722635
17.67480330342161
17.737243059143207
17.799710155686125
17.862204737543653
17.924726949909758
17.9872769386852
18.049854850483737
18.112460832638387
18.175095033207757
18.23775760098241
18.300448685491347
18.36316843700853
18.42591700655945
18.488694545927828
18.551501207662305
18.614337145083272
18.677202512289742
18.740097464166283
18.80302215639005
18.86597674543789
18.9289613885935
18.99197624395468
19.055021470440668
19.11809722779953
19.181203676615677
19.244340978317396
19.30750929518453
19.3707087903562
19.43393962783862
19.49720197251301
19.56049599014359
19.62382184738565
19.68717971179372
19.75056975182985
19.81399213687194
19.877447037222183
19.940934624115645
20.004455069728845
20.068008547188533
20.131595230580512
20.19521529495855
20.25886891635345
20.322556271782155
20.386277539257016
20.45003289779512
20.513822527427763
20.57764660921
20.641505325230337
20.705398858620498
20.76932739356536
20.833291115312925
20.8972902101845
20.961324865584928
21.025395270012957
21.089501613071768
21.15364408547956
21.21782287908032
21.282038186854702
21.34629020293102
21.410579122596396
21.47490514230804
21.53926845970463
21.603669273617903
21.6681077840843
21.732584192356818
21.797098700916987
21.861651513486972
21.926242835041865
21.990872871822084
22.055541831345966
22.120249922422488
22.184997355164153
22.249784341000048
22.31461109268905
22.37947782433321
22.444384751391294
22.509332090692507
22.57432006045038
22.63934888027684
22.70441877119647
22.769529955660904
22.834682657563498
22.899877102254074
22.965113516553956
23.03039212877114
23.09571316871569
23.161076867715312
23.22648345863115
23.29193317587379
23.35742625541945
23.42296293482643
23.48854345325171
23.55416805146785
23.61983697188005
23.685550458543464
23.751308757180762
23.817112115199887
23.88296078171209
23.94885500755019
24.01479504528709
24.080781149254545
24.146813575562167
24.21289258211672
24.279018428641667
24.34519137669699
24.41141168969927
24.47767963294207
24.543995473616583
24.61035948083258
24.676771925639642
24.743233081048697
24.809743222053882
24.876302625654656
24.9429115708783
25.009570338802686
25.076279212579387
25.143038477457132
25.209848420805592
25.27670933213949
25.343621503143094
25.410585227695037
25.47760080189353
25.544668524081914
25.6117886948746
25.67896161718342
25.746187596244305
25.813466939644425
25.880799957349698
25.948186961732723
26.015628267601116
26.083124192226308
26.150675055372734
26.218281179327516
26.28594288893054
26.353660511605046
26.421434377388668
26.489264818964934
26.55715217169528
26.625096773651542
26.693098965648982
26.761159091279787
26.82927749694712
26.89745453189973
26.965690548267045
27.033985901094887
27.10234094838173
27.17075605111551
27.239231573311084
27.307767882048232
27.376365347510326
27.445024343023583
27.513745245096977
27.582528433462816
27.651374291117957
27.72028320436572
27.78925556285849
27.85829175964101
27.927392191194443
27.996557257481097
28.065787361989983
28.135082911783066
28.204444317542357
28.27387199361777
28.343366358075812
28.4129278327491
28.482556843286726
28.552253819205514
28.62201919394212
28.691853404906094
28.76175689353383
28.831730105343468
28.901773489990788
28.97188750132605
29.042072597451902
29.11232924078224
29.182657898102217
29.253059040629243
29.323533144075153
29.394080688709465
29.464702159423794
29.53539804579746
29.606168842164298
29.677015047680666
29.747937166394767
29.818935707317223
29.89001118449298
29.961164117074546
30.032395029396643
30.103704451052234
30.175092916970033
30.24656096749345
30.31810914846109
30.38973801128878
30.4614481130532
30.533240016577118
30.605114290516305
30.677071509448144
30.749112253962
30.82123711075137
30.89344667270785
30.965741539016996
31.03812231525612
31.110589613494028
31.183144052392784
31.255786257311577
31.32851686041266
31.40133650076951
31.474245824477197
31.54724548476504
31.62033614211162
31.6935184643622
31.766793126848608
31.840160812511662
31.913622212026183
31.987178023928696
32.060828954747855
32.13457571913769
32.20841904001372
32.282359648692065
32.35639828503157
32.430535697579074
32.50477264371787
32.579109889819506
32.653548211398935
32.72808839327314
32.80273122972339
32.877477524661145
32.95232809179772
33.02728375481788
33.10234534755744
33.17751371418491
33.25278970938749
33.328174198561264
33.40366805800603
33.479272175124656
33.55498744862715
33.630814788739734
33.70675511741879
33.782809368570135
33.85897848827357
33.93526343501285
34.01166517991144
34.08818470697404
34.164823013334136
34.241581109507706
34.3184600196534
34.395460781839226
34.472584448316105
34.549832085798336
34.62720477575141
34.7047036146872
34.78232971446687
34.86008420261178
34.93796822262252
35.015982934306486
35.09412951411418
35.17240915548456
35.25082306919974
35.32937248374935
35.40805864570486
35.486882820104256
35.565846290847354
35.64495036110218
35.72419635372281
35.80358561167893
35.88311949849773
35.96279939871839
36.042626718359756
36.122602885401534
36.202729350279576
36.28300758639576
36.363439090642984
36.444025383945814
36.524768011817365
36.60566854493309
36.68672857972199
36.767949738976014
36.84933367247825
36.930882057650706
37.01259660022238
37.094479034918436
37.17653112617128
37.258754668854465
37.34115148904024
37.42372344478177
37.50647242692096
37.589400359922955
37.67250920273847
37.75580094969488
37.8392776314176
37.92294131578269
38.00679410890219
38.09083815614364
38.175075643184975
38.25950879710665
38.34413988752236
38.42897122775027
38.51400517602631
38.59924413676165
38.68469056184617
38.77034695200011
38.85621585817611
38.94229988301383
39.02860168234988
39.115123966785326
39.20186950331379
39.288841117012836
39.376041692801884
39.4634741772697
39.55114158057509
39.63904697842418
39.72719351412848
39.81558440074736
39.90422292331974
39.993112441189155
40.082256390427375
40.17165828636158
40.2613217262107
40.35125039183671
40.441448052617055
40.531918568445036
40.62266589286502
40.713694076350095
40.80500726973023
40.89660972777954
40.98850581297174
41.08069999941371
41.173196876967644
41.26600115557297
41.35911766978017
41.4525513835093
41.54630739504727
41.64039094229858
41.73480740830562
41.82956232705576
41.92466138959374
42.02011045045937
42.11591553447213
42.21208284388585
42.30861876593875
42.40552988082597
42.5028229701241
42.600505025699555
42.69858325913564
42.797065111715696
42.895958265003465
42.995270652065074
43.09501046938126
43.19518618950285
43.29580657450722
43.3968806903192
43.49841792196569
43.60042798983991
43.70292096705899
43.80590729800654
43.909397818161345
44.013403775323845
44.117936852363385
44.22300919162276
44.328633421130945
44.43482268279179
44.54159066273513
44.64895162403809
44.75692044204838
44.865512642568994
44.97474444319481
45.08463279812742
45.19519544683538
45.30645096697392
45.41841883203244
45.53111947424019
45.64457435333302
45.758806031867586
45.873838257867526
45.98969605569959
46.10640582621202
46.22399545732438
46.342494446444114
46.46193403630536
46.5823473660875
46.703769639984564
46.82623831577288
46.94979331637788
47.074477267991746
47.20033576896378
47.327417694507
47.45577554327728
47.58546583313691
47.716549554981874
47.84909269548224
47.983166842079605
48.11884988676896
48.25622684929044
48.395390845677625
48.536444235089036
48.67949998709907
48.82468332402309
48.97213370967606
49.122007279102576
49.274479836106835
49.429750591202605
49.58804687870135
49.74963018895397
49.9148039981528
50.083924103826845
50.25741253200946
50.43577666758232
50.619636252894445
50.809762658880445
51.00713810739773
51.21304899687302
51.42924126118059
51.658197876393665
51.90368354342885
52.17196655329372
52.47519212831503
52.8450916427859