0.026487056536085938
0.07946119074262066
0.13243538835246316
0.185409691635216
0.23838414286157802
0.29135878430378254
0.34433365823603634
0.3973088069349578
0.4502842726800159
0.5032600977539691
0.5562363244433037
0.6092129950386734
0.6621901518353382
0.7151678371336035
0.7681460932392596
0.8211249624640216
0.8741044871259683
0.9270847095499832
0.9800656720681941
1.0330474170204131
1.0860299867545782
1.139013423627193
1.191997770003769
1.2449830682592655
1.2979693607785332
1.3509566899567542
1.4039450981998858
1.4569346279251016
1.5099253215612365
1.5629172215492282
1.615910370342561
1.6689048104077115
1.7219005842245914
1.7748977342869923
1.8278963031030322
1.8808963331956006
1.933897867102804
1.9869009473784138
2.0399056165923124
2.0929119173309414
2.145919892197749
2.198929583813639
2.251941034817421
2.3049542878662574
2.3579693856361175
2.410986370822225
2.4640052861395088
2.517026174323061
2.570049078128581
2.6230740403328365
2.6761011037341125
2.729130311152667
2.7821617054311876
2.835195329435246
2.888231226053755
2.9412694381994267
2.994310008809229
3.047352980844846
3.1003983972931355
3.153446301166593
3.206496735503808
3.259549743369931
3.312605367857132
3.3656636520850656
3.4187246392013377
3.4717883723819676
3.524854894831855
3.5779242497852484
3.630996480506212
3.6840716302890946
3.7371497424589997
3.7902308603722563
3.843315027416891
3.8964022870130997
3.949492682613722
4.002586257704718
4.055683055805639
4.10878312047011
4.1618864952863035
4.21499322387742
4.268103349902171
4.321216917055253
4.374333969067836
4.427454549708045
4.480578702781447
4.53370647213153
4.586837901640196
4.639973035228251
4.6931119168558855
4.746254590523173
4.799401100270561
4.85255149017936
4.905705804372242
4.958864087013733
5.012026382310715
5.065192734512919
5.118363187913426
5.171537786849171
5.224716575701444
5.277899598896392
5.331086900905525
5.384278526246226
5.437474519482257
5.490674925224266
5.543879788130304
5.597089152906331
5.650303064306738
5.703521567134854
5.756744706243473
5.809972526535364
5.8632050729637974
5.9164423905330645
5.9696845242990015
6.022931519369519
6.07618342090512
6.129440274119441
6.1827021242797695
6.235969016707589
6.289240996779102
6.342518109925774
6.395800401634865
6.449087917449976
6.50238070297158
6.555678803857577
6.60898226582383
6.662291134644714
6.715605456153669
6.768925276243744
6.822250640868156
6.87558159604084
6.928918187837009
6.982260462393709
7.035608465910383
7.088962244649433
7.142321844936781
7.195687313162442
7.249058695781092
7.302436039312632
7.355819390342773
7.409208795523599
7.462604301574154
7.5160059552810194
7.569413803498896
7.622827893151185
7.676248271230581
7.729674984799659
7.78310808099146
7.836547607010094
7.88999361013133
7.943446137703198
7.996905237146588
8.050370955955852
8.103843341699415
8.15732244202038
8.210808304637139
8.264300977343986
8.317800508011734
8.37130694458834
8.424820335099515
8.478340727649355
8.531868170420964
8.585402711677093
8.638944399760758
8.692493283095887
8.746049410187949
8.799612829624598
8.853183590076323
8.906761740297084
8.960347329124962
9.01394040548282
9.067541018378952
9.121149216907739
9.174765050250311
9.22838856767522
9.282019818539089
9.335658852287304
9.389305718454668
9.44296046666609
9.49662314663726
9.55029380817533
9.603972501179603
9.657659275642226
9.711354181648874
9.76505726937945
9.81876858910879
9.872488191207356
9.926216126141945
9.979952444476407
10.033697196872346
10.087450434089844
10.141212206988177
10.194982566526546
10.248761563764795
10.302549249864146
10.35634567608794
10.410150893802362
10.463964954477193
10.517787909686557
10.571619811109665
10.625460710531566
10.679310659843916
10.733169711045731
10.787037916244154
10.840915327655223
10.894801997604647
10.948697978528582
11.002603322974412
11.056518083601539
11.110442313182164
11.164376064602092
11.218319390861518
11.272272345075844
11.326234980476476
11.380207350411634
11.434189508347174
11.48818150786741
11.542183402675922
11.596195246596416
11.650217093573522
11.704248997673659
11.758291013085866
11.812343194122658
11.866405595220861
11.920478270942496
11.974561275975613
12.028654665135182
12.082758493363947
12.136872815733318
12.190997687444238
12.245133163828076
12.299279300347528
12.353436152597498
12.407603776306015
12.461782227335128
12.515971561681832
12.57017183547897
12.624383104996172
12.678605426640777
12.732838856958766
12.787083452635706
12.841339270497693
12.8956063675123
12.949884800789548
13.004174627582847
13.05847590528998
13.112788691454075
13.167113043764582
13.221449020058257
13.27579667832016
13.330156076684652
13.384527273436397
13.438910327011367
13.493305295997871
13.547712239137569
13.602131215326507
13.656562283616141
13.711005503214398
13.765460933486704
13.819928633957055
13.874408664309074
13.928901084387071
13.983405954197133
14.037923333908195
14.09245328385313
14.146995864529853
14.201551136602415
14.256119160902117
14.310699998428625
14.365293710351091
14.4199003580093
14.47452000291479
14.529152706752006
14.583798531379456
14.638457538830867
14.693129791316363
14.747815351223629
14.802514281119107
14.857226643749181
14.911952502041375
14.966691919105575
15.021444958235225
15.07621168290857
15.130992156789869
15.185786443730661
15.24059460777099
15.295416713140673
15.350252824260567
15.40510300574384
15.45996732239726
15.514845839222478
15.569738621417336
15.624645734377175
15.679567243696155
15.734503215168576
15.789453714790227
15.84441880875972
15.899398563479856
15.954393045558984
16.009402321812374
16.06442645926361
16.119465525145973
16.174519586903855
16.229588712194168
16.28467296888776
16.33977242507087
16.394887149046543
16.450017209336114
16.505162674680648
16.56032361404243
16.615500096606453
16.6706921917819
16.725899969203656
16.781123498733834
16.836362850463306
16.89161809471323
16.946889302036606
17.002176543219846
17.057479889284345
17.11279941148806
17.168135181327116
17.22348727053741
17.278855751096245
17.334240695223937
17.38964217538549
17.445060264292223
17.50049503490348
17.555946560428268
17.611414914326986
17.666900170313117
17.72240240235495
17.777921684677317
17.833458091763344
17.8890116983562
17.944582579460874
18.00017081034597
18.05577646654551
18.11139962386072
18.167040358361902
18.22269874639024
18.278374864559673
18.33406878975877
18.38978059915261
18.44551037018467
18.50125818057877
18.557024108340972
18.61280823176155
18.668610629416932
18.724431380171684
18.78027056318051
18.836128257890234
18.892004544041857
18.947899501672573
19.003813211117826
19.059745753013395
19.11569720829747
19.17166765821275
19.227657184308605
19.283665868443162
19.339693792785493
19.39574103981779
19.45180769233754
19.507893833459743
19.563999546619158
19.620124915572507
19.67627002440078
19.732434957511487
19.788619799640987
19.84482463585679
19.901049551559893
19.957294632487162
20.01355996471368
20.069845634655174
20.126151729070415
20.182478335063657
20.238825540087113
20.295193431943414
20.35158209878812
20.407991629132244
20.464422111844783
20.520873636155304
20.5773462916565
20.633840168306833
20.69035535643313
20.74689194673327
20.80345003027883
20.86002969851781
20.91663104327733
20.973254156766394
21.029899131578652
21.086566060695205
21.143255037487396
21.199966155719686
21.256699509552497
21.31345519354511
21.37023330265859
21.427033932258727
21.483857178118992
21.540703136423556
21.597571903770294
21.654463577173843
21.71137825406867
21.768316032312185
21.825277010187868
21.88226128640843
21.939268960118998
21.996300130900334
22.053354898772078
22.110433364196034
22.167535628079456
22.224661791778395
22.28181195710107
22.338986226311246
22.39618470213168
22.453407487747565
22.510654686810028
22.567926403439653
22.625222742230033
22.682543808251356
22.739889707054033
22.79726054467235
22.85465642762816
22.912077462934597
22.969523758099843
23.026995421130927
23.084492560537537
23.142015285335912
23.199563705052718
23.257137929729
23.31473806992417
23.372364236720003
23.430016541724694
23.487695097076962
23.545400015450166
23.603131410056488
23.660889394651146
23.718674083536634
23.776485591567024
23.8343240341523
23.89218952726274
23.950082187433317
24.008002131768205
24.065949477945225
24.123924344220455
24.18192684943279
24.23995711300861
24.298015254966433
24.356101395921684
24.414215657091468
24.472358160299386
24.53052902798043
24.58872838318589
24.646956349588358
24.70521305148673
24.763498613811294
24.821813162128866
24.880156822647947
24.938529722223986
24.99693198836465
25.055363749235163
25.113825133663717
25.17231627114691
25.230837291855266
25.28938832663878
25.34796950703256
25.4065809652625
25.465222834251023
25.523895247622878
25.582598339711
25.641332245562435
25.700097100944323
25.758893042349946
25.817720207004847
25.876578732872982
25.935468758663
25.994390423834517
26.053343868604507
26.11232923395376
26.171346661633354
26.230396294171296
26.289478274879123
26.348592747858664
26.407739858008828
26.46691975103247
26.526132573443356
26.585378472573172
26.64465759657864
26.703970094448685
26.7633161160117
26.822695811942893
26.88210933377169
26.941556833889255
27.001038465556057
27.060554382909565
27.120104740971996
27.179689695658144
27.23930940378333
27.29896402307143
27.35865371216297
27.418378630623327
27.47813893895106
27.537934798586267
27.5977663719191
27.65763382229833
27.717537314040058
27.77747701243647
27.837453083764746
27.897465695296052
27.957515015304615
28.017601213076944
28.07772445892113
28.13788492417625
28.198082781221935
28.258318203487963
28.318591365464048
28.37890244270969
28.43925161186418
28.499639050656693
28.560064937916515
28.62052945358341
28.681032778718077
28.741575095512758
28.802156587301976
28.862777438573367
28.923437834978714
28.98413796334503
29.04487801168585
29.105658169212614
29.16647862634622
29.227339574728685
29.288241207235007
29.3491837179851
29.410167302355944
29.47119215699385
29.532258479826886
29.59336647007747
29.654516328275093
29.71570825626925
29.776942457242477
29.83821913572361
29.89953849760117
29.960900750136936
30.022306101979712
30.08375476317921
30.145246945200203
30.206782860936762
30.26836272472677
30.329986752366544
30.39165516112571
30.453368169762232
30.515125998537673
30.576928869232617
30.638777005162332
30.700670631192608
30.762609973755847
30.82459526086732
30.886626722141663
30.948704588809626
31.010829093734973
31.07300047143169
31.13521895808137
31.197484791550874
31.259798211410185
31.322159458950555
31.384568777202873
31.4470264109563
31.509532606777153
31.572087613028028
31.634691679887258
31.69734505936855
31.76004800534098
31.82280077354921
31.885603621634015
31.948456809153104
32.01136059760221
32.07431525043655
32.13732103309245
32.200378213009444
32.26348705965259
32.326647844535145
32.389860841241514
32.45312632545061
32.51644457495953
32.5798158697075
32.64324049180031
32.70671872553499
32.770250857424884
32.833837176225124
32.897477972958455
32.961173540941466
33.02492417581115
33.08873017555199
33.15259184052328
33.21650947348703
33.28048337963619
33.344513866623295
33.40860124458965
33.472745826194824
33.53694792664674
33.601207863732085
33.665525957847315
33.72990253203007
33.794337911991086
33.85883242614665
33.92338640565151
33.98800018443236
34.05267409922175
34.117408489592705
34.182203697993735
34.24706006978448
34.31197795327193
34.3769576997472
34.441999663522914
34.50710420197123
34.572271675562405
34.637502447904055
34.702796885781076
34.768155359196136
34.833578241410926
34.89906590898805
34.96461874183363
35.03023712324062
35.09592143993282
35.16167208210973
35.22748944349201
35.29337392136784
35.35932591664002
35.4253458338739
35.491434081346085
35.55759107109407
35.62381721896661
35.69011294467511
35.75647867184577
35.822914828072804
35.88942184497244
35.95600015823796
36.02265020769573
36.089372437362194
36.15616729550186
36.22303523468642
36.289976711854884
36.356992188374754
36.424082130104416
36.491247007456614
36.55848729546306
36.625803473840335
36.69319602705689
36.76066544440141
36.82821222005234
36.89583685314882
36.9635398478629
37.031321713473105
37.09918296443948
37.16712412047997
37.23514570664832
37.30324825341348
37.37143229674052
37.439698378173134
37.508047044917745
37.57647884992927
37.644994351998584
37.713594115841644
37.78227871219054
37.851048717886165
37.919904715972905
37.98884729579517
38.05787705309586
38.12699459011691
38.196200515701804
38.26549544540024
38.33488000157497
38.40435481351079
38.47392051752591
38.543577757085515
38.61332718291785
38.68316945313265
38.75310523334218
38.82313519678478
38.893260024451095
38.96348040521303
39.033797035955516
39.10421062171104
39.17472187579731
39.24533151995775
39.31604028450524
39.38684890846895
39.45775813974455
39.5287687352477
39.59988146107108
39.6710970926449
39.742416414901165
39.813840222441634
39.88536931970965
39.95700452116602
40.028746651468886
40.100596545657886
40.172555049342655
40.24462301889571
40.31680132164999
40.38909083610114
40.46149245211457
40.53400707113763
40.60663560641688
40.679378983220694
40.752238139067344
40.82521402395873
40.898307600619916
40.97151984474467
41.04485174524718
41.11830430452016
41.191878538699484
41.265575477935684
41.33939616667234
41.41334166393176
41.4874130436081
41.561611394768164
41.6359378219601
41.710393445530414
41.784979401949315
41.8596968441449
41.93454694184634
42.00953088193644
42.0846498688138
42.15990512476501
42.2352978903472
42.31082942478113
42.386501006355545
42.46231393284272
42.53826952192607
42.614369111639824
42.690614060821524
42.76700574957754
42.84354557976233
42.92023497547166
42.997075383550566
43.07406827411639
43.15121514109757
43.228517502788705
43.30597690242256
43.383594908759555
43.46137311669558
43.539313147888606
43.61741665140497
43.695685304386124
43.77412081273651
43.85272491183349
43.93149936726022
44.010445975562305
44.08956656502927
44.16886299650182
44.24833716420594
44.32799099661496
44.40782645734072
44.4878455460551
44.56805029944314
44.648442792189115
44.72902513799703
44.80979949064689
44.89076804508851
44.97193303857426
45.05329675183272
45.134861510284864
45.216629685304866
45.29860369552739
45.380786008203614
45.463179140608204
45.54578566149961
45.62860819263613
45.71164941035056
45.794912047186
45.87839889359599
45.96211279971195
46.04605667718131
46.13023350107985
46.21464631190194
46.29929821763258
46.384192395905565
46.46933209625197
46.55472064244392
46.640361434938505
46.72625795342717
46.81241375949625
46.89883249940471
46.98551790698542
47.072473806676925
47.15970411669283
47.24721285233671
47.33500412947082
47.42308216814742
47.511451296412254
47.60011595429032
47.68908069796475
47.778350204160574
47.86792927474567
47.95782284156244
48.04803597150457
48.138573871854334
48.22944189589708
48.32064554883088
48.41219049399053
48.50408255940693
48.59632774472417
48.68893222849868
48.78190237590687
48.87524474688943
48.96896610476359
49.06307342533633
49.15757390655539
49.25247497873722
49.34778431541524
49.443509844855036
49.539659762288025
49.6362425429191
49.733266955769835
49.830742078423896
49.928677312748334
50.02708240167141
50.12596744710554
50.225342929113225
50.32521972642366
50.42560913841904
50.52652290872231
50.62797325053227
50.72997287386811
50.83253501490348
50.93567346759091
51.0394026178005
51.14373748022348
51.24869373832141
51.35428778763614
51.46053678281547
51.56745868875433
51.6750723363041
51.78339748306231
51.892454879825365
52.00226634336722
52.11285483630191
52.22424455489762
52.33646102583921
52.44953121308828
52.56348363616923
52.678348501422484
52.79415784801931
52.91094571083561
53.028748302644956
53.147604218530184
53.26755466594387
53.388643724495836
53.510918640339455
53.63443016100645
53.75923291775272
53.88538586399163
54.012952780293865
54.1420028588421
54.272611383303555
54.404860524041
54.538840273722045
54.674649555127544
54.81239754189242
54.952205244886116
55.09420743318758
55.23855498095481
55.3854177626716
55.534988263474595
55.68748613509193
55.84316402188089
56.002315122812576
56.165283173219514
56.33247587566205
56.50438337465114
56.681604329362536
56.864883837031186
57.05517062140928
57.25370715093781
57.462179654033285
57.68298607326842
57.91976198262471
58.17856031923934
58.47110828910015
58.828042884789234