0.05709157964150644
0.17127572223304566
0.2854628149703469
0.39965482535133906
0.5138537219755854
0.6280614749859463
0.7422800565112495
0.8565114411102628
0.9707576062172577
1.0850205325894615
1.1993022047566921
1.3136046114734783
1.4279297461739664
1.5422796074299203
1.6566561994121283
1.771061532355527
1.8854976230283698
1.9999664952057592
2.1144701801478782
2.2290107170832583
2.343590153697429
2.4582105466273
2.5728739619616396
2.68758247574801
2.802338174506548
2.917143155750972
3.031999528517207
3.1469094139000493
3.261874945598277
3.3768982704686468
3.491981549089215
3.6071269563324457
3.7223366819485757
3.8376129311597222
3.9529579252652423
4.0683739022588545
4.183863117458071
4.299427844146496
4.415070374229552
4.530793018904255
4.646598109343641
4.762487997396492
4.878465056303033
4.994531681427279
5.1106902910067795
5.226943326920475
5.343293255475471
5.459742568213539
5.576293782738166
5.692949443563068
5.8097121229830595
5.926584421968241
6.04356897108252
6.160668431427481
6.2778854956127255
6.395222888753797
6.512683369498892
6.6302697310856065
6.747984802429011
6.865831449242429
6.983812575192348
7.101931123088956
7.220190076113879
7.338592459086766
7.457141339772463
7.575839830230562
7.694691088209274
7.8136983185855975
7.932864774853901
8.05219376066515
8.171688631419082
8.291352795911829
8.411189718041523
8.531202918574659
8.651395976976065
8.77177253330552
8.892336290184215
9.013091014834451
9.134040541196141
9.255188772123875
9.376539681668563
9.49809731744788
9.619865803109978
9.741849340895179
9.864052214300747
9.98647879085397
10.109133524999278
10.232020961105352
10.355145736598631
10.478512585229964
10.60212634048163
10.725991939122393
10.850114424918752
10.974498952511109
11.0991507914641
11.224075330501035
11.349278081932994
11.474764686293856
11.600540917193412
11.726612686401403
11.85298604917638
11.979667209854197
12.106662527712052
12.233978523125131
12.361621884034221
12.489599472743976
12.617918333073064
12.746585697879024
12.875608996982455
13.0049958655171
13.134754152734468
13.264891931294006
13.39541750707235
13.526339429527928
13.65766650266028
13.789407796606794
13.921572659923227
14.054170732598463
14.187211959858391
14.320706606818769
14.454665274052369
14.58909891414174
14.724018849295657
14.85943679011472
14.995364855599881
15.131815594506856
15.26880200815969
15.406337574848203
15.54443627594692
15.683112623907467
15.822381692292693
15.962259148038855
16.102761286152926
16.243905067075115
16.38570815696317
16.528188971184644
16.671366721337407
16.815261466157175
16.959894166715102
17.105286746358917
17.25146215590927
17.398444444689638
17.546258838045453
17.69493182209721
17.844491236576246
17.994966376712462
18.14638810528457
18.298788976108803
18.452203370436877
18.606667647963857
18.762220314419316
18.91890220803972
19.07675670760792
19.23582996521162
19.396171167434797
19.557832829377446
19.720871126729776
19.885346272144684
20.051322943407083
20.21887077245461
20.388064906246754
20.55898665292119
20.731724229768442
20.906373633502852
21.08303965838873
21.26183709438007
21.44289214608851
21.62634412486805
21.812347481686412
22.001074269328367
22.192717151189957
22.387493113998584
22.585648098635474
22.787462845295614
22.993260370031276
23.203415671521288
23.418368547270774
23.63864084297782
23.864860186285487
24.097793490828717
24.338395702836817
24.587883333014236
24.84785036479801
25.12046126335101
25.408795840366068
25.717526364834487
26.05443702301814
26.434620426475096
26.897539248992977