0.03685041936551162
0.11055136825909476
0.18425264764463886
0.25795447786438935
0.3316570792820006
0.40536067229110273
0.479065477323872
0.5527717148596057
0.626479605433302
0.7001893696442464
0.7739012281646056
0.8476154017480289
0.9213321112382603
0.9950515775777591
1.0687740218163329
1.1424996651197827
1.216228728778561
1.289961434216443
1.3636980029992152
1.437438656843379
1.511183617624871
1.5849331073878017
1.6586873483532152
1.7324465629278656
1.806210973713018
1.8799808035132703
1.9537562753453983
2.0275376124472246
2.101325038286514
2.1751187765698963
2.248919051251812
2.322726086543492
2.396540106921965
2.4703613371390913
2.544190002230638
2.6180263275253752
2.6918705386542174
2.76572286155939
2.839583522503639
2.9134527480794774
2.9873307652184633
3.0612178012005264
3.1351140836633298
3.2090198406116737
3.2829353004269457
3.3568606918766117
3.4307962441237536
3.504742186736652
3.5786987496984204
3.652666163416684
3.7266446587333126
3.8006344669342003
3.874635819759103
3.9486489494115267
4.022674088568672
4.096711470391436
4.170761328534468
4.244823897156291
4.31889941092948
4.3929881050508985
4.467090215252007
4.541205977809231
4.615335629554388
4.689479407885202
4.763637550775861
4.837810296787666
4.911997885079744
4.986200555419828
5.060418548195124
5.134652104423245
5.208901465763225
5.283166874526619
5.357448573688668
5.431746806899567
5.506061818495804
5.580393853511585
5.65474315769035
5.729109977496383
5.8034945601265004
5.877897153521844
5.9523180063797625
6.026757368165788
6.101215489125718
6.175692620297785
6.250189013524941
6.324704921467236
6.399240597614308
6.473796296297975
6.548372272704942
6.622968782889614
6.697586083787027
6.772224433225896
6.846884089941768
6.921565313590316
6.996268364760734
7.070993504989268
7.145740996772873
7.220511103582993
7.295304089879475
7.37012022112462
7.44495976379736
7.519822985407585
7.594710154510601
7.669621540721734
7.744557414731083
7.819518048318415
7.894503714368214
7.969514686884887
8.044551241008117
8.119613653028381
8.194702200402636
8.269817161770153
8.34495881696853
8.420127447049875
8.49532333429716
8.570546762240753
8.645798015675124
8.721077380675743
8.796385144616155
8.87172159618525
8.947087025404725
9.022481723646733
9.097905983651751
9.17336009954663
9.24884436686286
9.324359082555048
9.399904545019613
9.475481054113674
9.551088911174201
9.626728419037354
9.702399882058069
9.77810360612988
9.853839898704962
9.929609068814438
10.005411427088914
10.081247285779275
10.157116958777737
10.233020761639137
10.30895901160253
10.384932027613011
10.460940130343836
10.53698364221881
10.613062887434978
10.689178191985578
10.7653298836833
10.841518292183862
10.917743749009855
10.994006587574935
11.070307143208307
11.146645753179534
11.223022756723692
11.299438495066836
11.375893311451815
11.452387551164444
11.528921561560004
11.605495692090132
11.68211029433005
11.758765722006185
11.835462331024157
11.912200479497162
11.988980527774748
12.06580283847198
12.142667776499039
12.219575709091215
12.296527005839334
12.37352203872062
12.450561182129993
12.527644812911818
12.604773310392115
12.681947056411236
12.759166435357004
12.836431834198368
12.913743642519519
12.991102252554523
13.06850805922248
13.145961460163196
13.223462855773375
13.301012649243388
13.378611246594568
13.456259056717093
13.533956491408427
13.611703965412367
13.689501896458689
13.767350705303391
13.845250815769582
13.923202654788994
14.00120665244416
14.079263242011235
14.15737286000352
14.235535946215647
14.313752943768508
14.392024299154864
14.470350462285717
14.548731886537428
14.627169028799583
14.705662349523665
14.784212312772512
14.862819386270584
14.941484041455077
15.020206753527875
15.098988001508376
15.1778282682872
15.256728040680807
15.335687809487034
15.41470806954158
15.493789319775459
15.572932063273429
15.652136807333443
15.731404063527116
15.810734347761247
15.89012818034043
15.969586086030736
16.04910859412455
16.128696238506535
16.208349557720776
16.288069095039134
16.3678553985308
16.447709021133154
16.52763052072384
16.60762046019423
16.687679407524165
16.76780793585812
16.848006623582734
16.928276054405814
17.0086168174368
17.089029507268716
17.1695147240617
17.250073073628077
17.330705167519078
17.4114116231132
17.492193063706246
17.57305011860313
17.653983423211447
17.73499361913684
17.81608135428027
17.897247282937162
17.978492065898532
18.059816370554103
18.14122087099749
18.222706248133466
18.30427318978742
18.385922390816997
18.46765455322603
18.549470386280774
18.631370606628558
18.71335593841884
18.795427113426808
18.877584871179547
18.95982995908483
19.042163132562624
19.124585155179407
19.207096798785287
19.28969884365409
19.37239207862644
19.455177301255926
19.53805531795845
19.621026944164807
19.704093004476643
19.787254332825814
19.870511772637293
19.95386617699572
20.037318408815626
20.120869341015553
20.204519856696052
20.28827084932179
20.372123222907753
20.45607789220978
20.54013578291949
20.62429783186371
20.708564987208614
20.792938208668602
20.877418467720155
20.962006747820748
21.04670404463301
21.131511366254248
21.216429733451527
21.301460179902463
21.386603752441907
21.471861511314657
21.557234530434467
21.642723897649446
21.72833071501414
21.814056099068395
21.899901181123354
21.985867107554654
22.071955040103184
22.15816615618357
22.244501649200643
22.330962728874162
22.417550621572076
22.50426657065253
22.591111836814992
22.678087698460747
22.765195452063075
22.852436412547448
22.939811913682064
23.02732330847909
23.114971969606966
23.202759289814125
23.29068668236458
23.378755581485713
23.466967442828764
23.555323743942406
23.643825984759903
23.732475688100337
23.821274400184357
23.910223691165054
23.99932515567444
24.088580413386122
24.17799110959477
24.26755891581304
24.35728553038649
24.447172679127302
24.53722211596742
24.62743562363188
24.717815014333112
24.808362130487005
24.899078845451598
24.98996706428926
25.081028724553324
25.172265797100096
25.263680286927276
25.355274234039918
25.447049714344917
25.539008840575303
25.631153763245536
25.723486671639087
25.816009794829636
25.908725402737378
26.001635807221827
26.094743363212803
26.188050469881127
26.28155957185088
26.375273160454974
26.46919377503594
26.563324004294067
26.657666487684875
26.752223916868285
26.846999037211784
26.941994649350153
27.037213610804294
27.13265883766203
27.228333306323815
27.324240055316366
27.42038218717764
27.516762870416517
27.61338534155093
27.710252907228362
27.807368946432728
27.90473691278216
28.002360336922226
28.100242829019603
28.19838808136132
28.296799871065243
28.395482062907657
28.49443861227421
28.593673568240956
28.6931910767926
28.79299538418552
28.893090840463664
28.99348190313603
29.094173141024815
29.19516923829425
29.296474998670504
29.398095349864093
29.50003534820669
29.602300183515457
29.704895184198634
29.807825822617357
29.91109772071968
30.01471665596398
30.118688567550265
30.223019562979335
30.327715924961197
30.432784118695952
30.538230799552146
30.644062821169605
30.75028724401599
30.856911344428728
30.963942624176635
31.071388820578452
31.179257917218738
31.28755815530508
31.396298045714527
31.50548638178133
31.615132252883026
31.725245058886955
31.835834525525268
31.94691072077294
32.05848407231048
32.17056538616102
32.28316586660061
32.39629713745012
32.50997126486894
32.62420078178263
32.738998714091224
32.85437860882032
32.97035456439547
33.086941263240135
33.20415400692056
33.32200875408686
33.44052216148906
33.55971162838048
33.67959534465913
33.800192343142136
33.921522556418125
34.04360687878113
34.16646723381636
34.290126648286034
34.414609333053335
34.539940771887956
34.66614781911905
34.79325880724544
34.92130366578211
35.05031405282194
35.18032350102838
35.311367580057166
35.44348407774178
35.57671320278259
35.71109781216763
35.84668366714494
35.98351972228806
36.12165845307975
36.26115622852903
36.40207373668721
36.54447647261555
36.68843530047652
36.834027104105175
36.981335543842825
37.13045194182473
37.281476323640675
37.43451865179814
37.58970029637306
37.74715580157651
37.90703502507426
38.069505751800286
38.234756918761946
38.40300263662465
38.57448726501427
38.749491903214114
38.92834281552625
39.11142255357496
39.29918492308822
39.492175573095615
39.69106105527405
39.896671095283246
40.11006234384806
40.332618846054785
40.56621930437763
40.81353587163207
41.078620660369545
41.368221547978955
41.69541520097052
42.09437314946799