0.05739566512001457
0.17218800513633986
0.2869833747125197
0.4017837943251651
0.5165912856064886
0.6314078718076248
0.7462355782630333
0.8610764328562943
0.9759324664876109
1.0908057135433349
1.2056982123678321
1.3206120057380117
1.435549141340842
1.5505116722541838
1.6655016574312733
1.7805211621891965
1.895572258701694
2.0106570264966526
2.1257775529586325
2.2409359338368025
2.3561342737586464
2.471374686749825
2.586659296760576
2.7019902381990564
2.817369656472024
2.9327997085332873
3.0482825634403397
3.1638204029196264
3.2794154219408975
3.395069829301105
3.5107858482183327
3.626565716936251
3.7424116893396056
3.8583260355812676
3.974311042721399
4.090369015379281
4.206502276398404
4.322713167525416
4.439004050103557
4.555377305781225
4.671835337236359
4.78838056891732
4.9050154478010155
5.021742444169009
5.138564052402399
5.255482791796307
5.372501207394785
5.48962187084707
5.606847381286084
5.724180366230146
5.841623482508912
5.9591794172145764
6.076850888679441
6.194640647480989
6.312551477475673
6.430586196862645
6.548747659278764
6.667038754926229
6.785462411734291
6.9040215965565315
7.022719316405303
7.141558619724962
7.260542597705652
7.3796743856394444
7.498957164320758
7.618394161493055
7.737988653343949
7.857743966050926
7.977663477380027
8.097750618339964
8.21800887489424
8.338441789734034
8.459052964114708
8.579846059759001
8.700824800830093
8.821992975977942
8.943354440462484
9.064913118357449
9.186673004838818
9.308638168562153
9.430812754133266
9.553200984676993
9.675807164509106
9.798635681916668
9.921691012052538
10.044977719950007
10.16850046366395
10.292263997545307
10.41627317565609
10.540532955332582
10.665048400904979
10.789824687582097
10.914867105510524
11.040181064018086
11.165772096052239
11.291645862824712
11.417808158674463
11.544264916161952
11.671022211408534
11.798086269695894
11.925463471341391
12.053160357866467
12.181183638476442
12.30954019687149
12.43823709840999
12.567281597647174
12.696681146273685
12.82644340148069
12.95657623478023
13.087087741311853
13.21798624966913
13.349280332282383
13.480978816397052
13.613090795690477
13.745625642573534
13.878593021227656
14.012002901432217
14.145865573242256
14.280191662581917
14.414992147825082
14.550278377441376
14.68606208879317
14.82235542817748
14.95917097221593
15.096521750706202
15.234421271059926
15.372883544464802
15.511923113923272
15.651555084336154
15.791795154817999
15.932659653451502
16.074165574711486
16.21633061981538
16.359173240286935
16.502712685053925
16.646969051439232
16.791963340449005
16.937717516812153
17.084254574283662
17.23159860679108
17.379774886080856
17.528809946610643
17.678731678537527
17.829569429773223
17.98135411821852
18.134118355455186
18.287896583368465
18.442725225403734
18.59864285443401
18.755690379540013
18.913911254393305
19.073351710399542
19.234061018322137
19.396091782789036
19.559500274917607
19.724346809311925
19.890696172943738
20.05861811498685
20.228187908620654
20.399486998264255
20.572603748800333
20.747634317301458
20.92468367286111
21.103866796742373
21.285310103728502
21.469153137052764
21.65555060469292
21.8446748457267
22.03671884420743
22.231899948164013
22.430464508268322
22.632693732913
22.83891117746144
23.049492467541096
23.26487813709744
23.485590907225188
23.712259460533073
23.94565200262674
24.18672509243388
24.436697300620406
24.697165317703774
24.97029729653332
25.259178314251432
25.56848865818968
25.906025929227344
26.286908869419864
26.75066884403359