0.0308236392078885
0.09247096273031695
0.15411842157355787
0.21576610595434667
0.27741410609370953
0.33906251221868006
0.4007114145640163
0.4623609033739182
0.5240110689037455
0.585662001421736
0.6473137912107255
0.7089665285698673
0.7706203038163532
0.832275207287136
0.893931329340652
0.9555887603585457
1.017247590747395
1.0789079109404387
1.1405698113993044
1.2022333826157385
1.2638987151133387
1.3255658994492863
1.3872350262160824
1.4489061860432852
1.510579469599249
1.5722549675928652
1.6339327707753077
1.6956129699417777
1.7572956559332527
1.8189809196382376
1.8806688519945192
1.9423595439909216
2.0040530866690665
2.065749571125135
2.1274490885116344
2.189151730039165
2.2508575869781926
2.3125667506608245
2.3742793124825874
2.4359953639042096
2.4977149964534076
2.5594383017266753
2.6211653713910765
2.682896297186045
2.744631170925184
2.806370084498073
2.868113129872077
2.9298603990941614
2.991611984292712
3.053367977679357
3.115128471550797
3.176893558290635
3.2386633303712182
3.30043788035548
3.362217300898786
3.424001684750791
3.4857911247572955
3.5475857138621105
3.6093855451089283
3.671190711643197
3.733001306714004
3.794817423675961
3.8566391559910986
3.918466597230766
3.980299841077538
4.042138981327124
4.103984111890292
4.165835326794789
4.227692720187276
4.289556386335268
4.3514264196290755
4.413302914583764
4.475185965841109
4.537075668171569
4.598972116476256
4.660875405788921
4.722785631277943
4.78470288824833
4.846627272143724
4.908558878548415
4.970497803189366
5.032444141938241
5.094397990813448
5.156359445982186
5.218328603762502
5.280305560625358
5.342290413196704
5.404283258259564
5.466284192756133
5.528293313789871
5.5903107186276255
5.65233650470175
5.714370769612232
5.776413611128844
5.838465127193291
5.900525415921369
5.962594575605151
6.024672704715157
6.086759901902559
6.148856266001379
6.210961896030713
6.273076891196951
6.3352013508960265
6.397335374715657
6.459479062437611
6.521632514039983
6.583795829699482
6.645969109793724
6.708152454903549
6.770345965815339
6.83254974352336
6.894763889232107
6.956988504358666
7.0192236905350915
7.0814695496107944
7.143726183654942
7.205993694958876
7.268272186038543
7.330561759636935
7.3928625187265515
7.455174566511868
7.517498006431826
7.579832942162336
7.64217947761879
7.704537716958598
7.766907764583732
7.829289725143296
7.891683703536095
7.954089804913238
8.016508134680747
8.078938798502183
8.141381902301292
8.203837552264664
8.266305854844417
8.328786916760881
8.391280845005326
8.453787746842679
8.516307729814276
8.578840901740639
8.641387370724242
8.703947245152332
8.76652063369974
8.829107645331728
8.89170838930685
8.954322975179826
9.016951512804452
9.079594112336506
9.142250884236708
9.204921939273657
9.267607388526834
9.330307343389592
9.39302191557218
9.4557512171048
9.518495360340657
9.58125445795906
9.644028622968534
9.706817968709947
9.769622608859672
9.83244265743277
9.89527822878618
9.958129437621972
10.02099639899057
10.083879228294052
10.14677804128943
10.209692954091992
10.272624083178647
10.335571545391298
10.39853545794025
10.461515938407631
10.524513104750861
10.587527075306113
10.650557968791842
10.713605904312312
10.776671001361159
10.839753379824986
10.902853159986991
10.965970462530604
11.029105408543174
11.092258119519677
11.15542871736646
11.218617324404995
11.281824063375696
11.345049057441745
11.408292430192946
11.471554305649628
11.534834808266572
11.59813406293697
11.661452194996409
11.724789330226908
11.788145594860978
11.851521115585703
11.91491601954688
11.978330434353184
12.041764488080366
12.105218309275482
12.168692026961175
12.232185770639978
12.295699670298667
12.359233856412636
12.42278845995033
12.486363612377705
12.54995944566272
12.613576092279896
12.677213685214879
12.74087235796907
12.804552244564299
12.868253479547512
12.931976197995533
12.99572053551985
13.059486628271449
13.123274612945698
13.187084626787264
13.250916807595086
13.314771293727388
13.378648224106739
13.44254773822516
13.506469976149289
13.570415078525569
13.634383186585513
13.698374442151
13.762388987639627
13.826426966070118
13.890488521067766
13.954573796869955
14.018682938331704
14.082816090931288
14.146973400775902
14.211155014607387
14.275361079807995
14.339591744406235
14.403847157082758
14.468127467176302
14.532432824689705
14.596763380295963
14.661119285344363
14.725500691866666
14.789907752583357
14.854340620909957
14.91879945096339
14.983284397568433
15.047795616264212
15.112333263310774
15.176897495695718
15.241488471140913
15.306106348109257
15.37075128581152
15.435423444213267
15.500122984041836
15.564850066793388
15.629604854740055
15.694387510937121
15.759198199230328
15.824037084263207
15.888904331484532
15.953800107155821
16.01872457835894
16.083677913003754
16.148660279835912
16.213671848444662
16.27871278927078
16.343783273614584
16.408883473644018
16.474013562402842
16.539173713818904
16.604364102712488
16.66958490480479
16.734836296726442
16.800118456026166
16.8654315611795
16.930775791597636
16.99615132763636
17.06155835060505
17.12699704277586
17.192467587392898
17.257970168681602
17.32350497185817
17.389072183139117
17.454671989750917
17.520304579939804
17.58597014298162
17.651668869191827
17.717400949935623
17.783166577638152
17.848965945794863
17.91479924898197
17.98066668286704
18.046568444219698
18.112504730922485
18.1784757419818
18.244481677539003
18.310522738881648
18.376599128454835
18.442711049872695
18.508858707930052
18.575042308614158
18.64126205911664
18.707518167845535
18.7738108444375
18.84014029977017
18.906506745974653
18.972910396448192
19.039351465866968
19.105830170199074
19.17234672671764
19.238901354014136
19.30549427201181
19.372125701979325
19.43879586654455
19.505504989708527
19.572253296859618
19.639041014787818
19.705868371699275
19.772735597230966
19.839642922465572
19.906590579946545
19.973578803693375
20.04060782921703
20.107677893535634
20.174789235190293
20.24194209426119
20.309136712383847
20.3763733327656
20.443652200202322
20.510973561095337
20.578337663468563
20.64574475698589
20.71319509296879
20.780688924414147
20.84822650601235
20.9158080941656
20.983433947006493
21.05110432441683
21.1188194880467
21.18657970133381
21.254385229523084
21.322236339686544
21.39013330074343
21.458076383480645
21.526065860573432
21.59410200660638
21.66218509809471
21.730315413505835
21.79849323328126
21.86671883985877
21.93499251769494
22.003314553287943
22.07168523520071
22.14010485408442
22.20857370270229
22.27709207595375
22.345660270898946
22.414278586783613
22.482947325064274
22.551666789433845
22.620437285847604
22.68925912254952
22.758132610099004
22.82705806139804
22.896035791718692
22.96506611873107
23.034149362531682
23.103285845672218
23.17247589318877
23.241719832631485
23.311017994094676
23.380370710247398
23.449778316364466
23.519241150357974
23.58875955280929
23.658333867001534
23.72796443895258
23.79765161744855
23.86739575407785
23.93719720326572
24.00705632230934
24.0769734714135
24.146949013726797
24.216983315378453
24.287076745515694
24.35722967634174
24.42744248315438
24.49771554438521
24.568049241639482
24.638443959736602
24.708900086751285
24.779418014055416
24.849998136360547
24.92064085176115
24.99134656177854
25.062115671405564
25.132948589152033
25.203845727090883
25.274807500905162
25.34583432993576
25.416926637230002
25.488084849591036
25.55930939762807
25.63060071580747
25.701959242504767
25.773385420057508
25.8448796948191
25.916442517213525
25.98807434179106
26.05977562728496
26.131546836669138
26.20338843721688
26.275300900560612
26.347284702752713
26.419340324327433
26.491468250363948
26.563668970550516
26.635942979249855
26.70829077556565
26.780712863410344
26.853209751574138
26.92578195379528
26.998429988831674
27.07115438053379
27.143955657919
27.21683435524724
27.28979101209817
27.362826173449772
27.43594038975843
27.509134217040582
27.58240821695592
27.6557629568922
27.729199010051722
27.802716955539463
27.876317378452956
27.95000086997395
28.02376802746188
28.097619454549154
28.171555761238405
28.245577564001657
28.3196854858815
28.39388015659429
28.468162212635498
28.54253229738716
28.61699106122758
28.69153916164323
28.766177263343074
28.84090603837515
28.915726166245697
28.990638334040735
29.065643236550205
29.14074157639479
29.215934064155412
29.29122141850551
29.366604366346166
29.442083642944176
29.517659992073114
29.593334166157476
29.669106926420014
29.744979043032313
29.820951295268706
29.897024471663663
29.973199370172654
30.0494767983367
30.125857573450617
30.20234252273513
30.278932483512886
30.35562830338857
30.43243084043318
30.509340963372562
30.586359551780415
30.66348749627579
30.740725698725296
30.818075072450114
30.895536542437952
30.973111045560106
31.05079953079379
31.128602959449836
31.206522305406043
31.28455855534617
31.362712709004917
31.440985779418984
31.519378793184405
31.597892790720373
31.67652882653975
31.755287969526456
31.83417130321997
31.913179926107183
31.99231495192179
32.071577509951524
32.15096874535342
32.230489819477434
32.31014191019864
32.38992621225831
32.46984393761419
32.549896315800204
32.63008459429602
32.71041003890667
32.790873934152714
32.871477583671165
32.95222231062767
33.033109458140224
33.11414038971493
33.195316489694115
33.27663916371733
33.35810983919562
33.43972996579964
33.521501015961945
33.60342448539416
33.68550189361941
33.76773478452073
33.850124726905854
33.93267331508917
34.015382169491396
34.09825293725762
34.18128729289451
34.264486938927284
34.34785360657739
34.43138905646142
34.51509507931244
34.59897349672431
34.6830261619201
34.767254960545436
34.85166181148796
34.93624866772369
35.02101751719168
35.10597038369796
35.191109327849944
35.27643644802282
35.36195388135895
35.44766380480192
35.533568436166675
35.6196700352472
35.70597090496355
35.79247339254973
35.87917989078458
35.966092839267134
36.05321472573894
36.14054808745502
36.228095512606075
36.31585964179408
36.4038431695638
36.492048845992954
36.58047947834364
36.66913793277814
36.75802713614208
36.84715007781826
36.93650981165471
37.02610945797051
37.115952205643445
37.20604131428345
37.29638011649644
37.38697202024293
37.47782051129668
37.56892915580834
37.66030160297985
37.751941587855505
37.843852934235954
37.93603955772191
38.028505468894735
38.12125477664156
38.214291691633036
38.307620529962584
38.40124571695625
38.49517179116329
38.589403408538075
38.683945346824736
38.77880251015669
38.873979933884385
38.969482789645014
39.065316390689595
39.161486197483526
39.257997823598046
39.3548570419116
39.452069791141184
39.54964218272569
39.64758050808485
39.745891246279214
39.84458107209892
39.94365686461102
40.04312571619789
40.1429949421218
40.24327209065383
40.34396495380879
40.44508157873116
40.5466302797815
40.648619651376954
40.75105858164464
40.85395626695219
40.957322227385674
41.06116632325226
41.1654987726921
41.27033017049285
41.37567150820929
41.48153419570125
41.58793008421497
41.694871491146074
41.8023712266376
41.91044262218312
42.0190995614244
42.12835651335419
42.23822856815972
42.348731475969856
42.45988168880094
42.57169640603244
42.68419362378502
42.797392188621416
42.91131185604511
43.02597335433545
43.141398454330776
43.25761004585658
43.37463222159441
43.49249036930337
43.611211273441626
43.7308232273951
43.85135615770902
43.97284176194181
44.09531366202652
44.218807575343554
44.343361506089934
44.46901595999131
44.59581418596135
44.72380244899374
44.85303033940602
44.9835511245823
45.1154221506365
45.24870530300879
45.38346753700746
45.51978149184075
45.6577262049145
45.7973879473311
45.93886120692699
46.08224985227091
46.22766852043421
46.37524428393024
46.52511866929852
46.67745012329699
46.832417055444544
46.99022163213951
47.15109456467747
47.31530123226086
47.48314962969985
47.65500085864827
47.83128324448544
48.01251175535436
48.19931540852815
48.392477135090914
48.592993898120355
48.80217143124481
49.021781951648386
49.25434587567811
49.5036847704497
49.77616178745155
50.08410632395412
50.45973206347705