0.03227285295086159
0.09681861560808812
0.16136454853312218
0.2259107652421608
0.2904573792578891
0.3550045041120764
0.4195522533481725
0.48410074052390506
0.5486500792138779
0.6132003830121702
0.6777517655349371
0.7423043404230122
0.806858221344511
0.8714135219974364
0.9359703561122863
1.0005288374546641
1.0650890798278898
1.129651197075615
1.1942153030844402
1.2587815117865355
1.3233499371622632
1.387920693242804
1.4524938941127883
1.5170696539129278
1.5816480868426541
1.6462293071627594
1.7108134291980417
1.7754005673399544
1.8399908360492603
1.9045843498586905
1.9691812233756079
2.0337815712846754
2.0983855083505305
2.1629931494204633
2.2276046094271025
2.2922200033911047
2.356839446423852
2.4214630537301534
2.486090940610955
2.5507232224660537
2.6153600147968215
2.6800014332089317
2.7446475934150985
2.809298611237816
2.873954602612113
2.9386156835883095
3.003281970334783
3.067953579140743
3.1326306264190142
3.197313228708826
3.262001502678615
3.32669556512883
3.391395532994752
3.456101523349321
3.52081365340597
3.5855320405214752
3.650256802198806
3.714988056089996
3.7797259199990174
3.8444705118846665
3.909221949863462
3.9739803522125547
4.038745837372644
4.103518523950911
4.16829853072396
4.233085976640774
4.297880980825678
4.362683662581319
4.4274941413916595
4.4923125369249775
4.557138969036882
4.621973557773348
4.686816423373757
4.751667686273948
4.8165274671092995
4.881395886717805
4.946273066143176
5.011159126637952
5.076054189666635
5.14095837690883
5.205871810262398
5.270794611846641
5.335726904005487
5.400668809310694
5.465620450565075
5.530581950805741
5.5955534333073516
5.660535021585389
5.7255268393994525
5.790529010756563
5.8555416599144925
5.920564911385106
5.985598889937727
6.050643720602516
6.1156995286738765
6.18076643971387
6.245844579555661
6.310934074306973
6.37603505035357
6.441147634362759
6.506271953286906
6.5714081343669895
6.636556305136151
6.701716593423293
6.76688912735668
6.832074035367571
6.897271446193871
6.962481488883812
7.027704292799649
7.0929399876213814
7.158188703350507
7.223450570313784
7.288725719167042
7.354014280898985
7.419316386835057
7.484632168641301
7.549961758328267
7.615305288254933
7.680662891132658
7.7460347000291625
7.811420848372538
7.876821469955275
7.9422366989383395
8.007666669855254
8.073111517616224
8.138571377512289
8.204046385219508
8.269536676803162
8.335042388722007
8.40056365783254
8.466100621393315
8.531653417069263
8.597222182936084
8.662807057484638
8.728408179625378
8.794025688692832
8.8596597244501
8.925310427093402
8.990977937256638
9.05666239601602
9.122363944894698
9.188082725867464
9.253818881365456
9.319572554280928
9.385343887972043
9.451133026267712
9.516940113472463
9.582765294371365
9.648608714234975
9.714470518824342
9.78035085439604
9.846249867707249
9.912167706020877
9.97810451711073
10.044060449266713
10.110035651300093
10.176030272548791
10.242044462882731
10.308078372709225
10.374132152978417
10.440205955188759
10.506299931392553
10.572414234201526
10.63854901679246
10.70470443291288
10.770880636886776
10.837077783620392
10.90329602860806
10.969535527938087
11.035796438298691
11.102078916984011
11.168383121900142
11.234709211571245
11.301057345145715
11.3674276824024
11.433820383756872
11.500235610267772
11.5666735236432
11.633134286247174
11.699618061106156
11.76612501191562
11.832655303046696
11.899209099552895
11.965786567176854
12.032387872357198
12.099013182235428
12.1656626646629
12.232336488207862
12.299034822162566
12.365757836550447
12.432505702133371
12.499278590418962
12.566076673667999
12.632900124901878
12.699749117910173
12.766623827258249
12.83352442829496
12.900451097160438
12.96740401079394
13.0343833469418
13.101389284165432
13.168422001849459
13.235481680209876
13.302568500302346
13.369682644030547
13.436824294154626
13.503993634299738
13.571190848964672
13.638416123530579
13.705669644269772
13.772951598354645
13.84026217386668
13.907601559805533
13.974969946098254
14.042367523608565
14.109794484146283
14.177251020476811
14.244737326330752
14.312253596413617
14.379800026415664
14.447376813021812
14.514984153921697
14.582622247819813
14.650291294445804
14.717991494564822
14.785723049988052
14.853486163583321
14.921281039285846
14.9891078821091
15.056966898155798
15.124858294629027
15.192782279843474
15.260739063236816
15.328728855381224
15.396751867995
15.464808313954375
15.532898407305405
15.60102236327604
15.669180398288336
15.73737272997078
15.8055995771708
15.873861159967412
15.942157699683996
16.01048941890127
16.078856541470373
16.147259292526154
16.215697898500586
16.284172587136347
16.352683587500607
16.42123112999893
16.489815446389382
16.55843676979681
16.62709533472728
16.69579137708273
16.764525134175763
16.833296844744666
16.902106748968592
16.970955088482942
17.039842106394946
17.10876804729944
17.177733157294846
17.24673768399935
17.315781876567296
17.384865985705797
17.453990263691537
17.523154964387828
17.59236034326185
17.661606657402157
17.73089416553638
17.80022312804918
17.869593807000435
17.939006466143663
18.008461370944715
18.077958788600675
18.147498988059052
18.21708224003722
18.286708817042104
18.356378993390155
18.42609304522759
18.495851250550892
18.565653889227637
18.635501243017536
18.70539359559384
18.775331232564987
18.84531444149659
18.915343511933703
18.985418735423405
19.055540405537723
19.125708817896843
19.195924270192673
19.26618706221275
19.33649749586445
19.406855875199568
19.47726250643928
19.547717697999396
19.61822176051604
19.688775006871676
19.759377752221503
19.83003031402027
19.900733012049447
19.971486168444812
20.04229010772446
20.113145156817204
20.184051645091397
20.255009904384213
20.326020269031346
20.39708307589715
20.46819866440525
20.53936737656961
20.610589557026074
20.681865553064384
20.753195714660706
20.824580394510626
20.896019948062687
20.967514733552434
21.039065112036972
21.1106714474301
21.182334106537947
21.254053459095235
21.325829877802033
21.397663738361167
21.469555419516194
21.54150530308997
21.613513774023854
21.685581220417554
21.75770803356959
21.82989460801843
21.902141341584297
21.97444863541165
22.046816894012373
22.11924652530967
22.191737940682685
22.26429155501187
22.336907786725096
22.40958705784456
22.48232979403446
22.55513642464947
22.628007382784055
22.70094310532263
22.773944032990542
22.847010610405963
22.920143286132653
22.99334251273364
23.066608746825853
23.13994244913567
23.21334408455547
23.28681412220117
23.360353035470773
23.433961302103942
23.50763940424268
23.58138782849303
23.65520706598794
23.72909761245122
23.803059968262694
23.87709463852449
23.951202133128593
24.025382966825596
24.099637659294718
24.17396673521517
24.248370724338766
24.322850161563945
24.39740558701117
24.472037546099738
24.546746589626025
24.621533273843266
24.696398160542806
24.771341817136936
24.846364816743304
24.921467738270977
24.996651166508162
25.07191569221165
25.147261912197976
25.222690429436433
25.298201853143865
25.373796798881397
25.449475888653037
25.525239751006318
25.601089021134904
25.67702434098334
25.753046359353856
25.829155732015426
25.905353121815015
25.98163919879114
26.05801464028978
26.134480131082707
26.211036363488287
26.287684037494817
26.364423860886472
26.44125654937193
26.518182826715734
26.59520342487248
26.672319084123888
26.749530553218843
26.826838589516488
26.904243959132458
26.98174743708829
27.059349807464187
27.13705186355515
27.21485440803057
27.292758253097468
27.370764220667347
27.448873142526878
27.527085860512454
27.605403226688743
27.68382610353138
27.762355364113848
27.840991892298764
27.91973658293359
27.998590342050996
28.07755408707394
28.156628747025636
28.235815262744545
28.315114587104542
28.394527685240416
28.47405553477885
28.55369912607504
28.633459462455168
28.713337560464858
28.79333445012382
28.873451175186844
28.953688793411434
29.034048376832136
29.114531012041915
29.195137800480722
29.275869858731497
29.35672831882386
29.437714328545695
29.518829051762967
29.60007366874793
29.68144937651607
29.762957389172083
29.84459893826511
29.926375273153635
30.008287661380272
30.090337389056874
30.17252576126021
30.254854102438678
30.337323756830326
30.419936088892662
30.502692483744617
30.58559434762109
30.668643108340518
30.751840215785975
30.835187142400198
30.91868538369513
31.002336458776462
31.086141910883697
31.17010330794638
31.25422224315702
31.33850033556134
31.42293923066655
31.507540601068275
31.592306147096842
31.67723759748373
31.762336710048885
31.84760527240974
31.933045102712835
32.018658050388844
32.104445996931965
32.19041085670477
32.27655457776928
32.362879142745605
32.44938656969908
32.53607891305723
32.62295826455766
32.71002675422821
32.79728655140085
32.884739865760544
32.97238894843078
33.06023609309723
33.148283637171225
33.23653396299486
33.32498949908946
33.413652721449466
33.50252615488367
33.59161237440607
33.68091400667853
33.77043373150764
33.8601742833984
33.9501384531673
34.040329089617586
34.1307491012799
34.221401458221166
34.31228919392525
34.403415407248886
34.49478326445653
34.58639600133819
34.6782569254144
34.770369418232775
34.862736937760864
34.95536302088036
35.04825128598799
35.14140543570863
35.23482925972692
35.32852663774356
35.42250154256319
35.51675804332119
35.61130030885712
35.70613261124304
35.80125932947567
35.89668495334168
35.992414087466365
36.08845145555644
36.18480190484852
36.28147041077576
36.37846208186588
36.47578216488486
36.573436050241796
36.67142927767108
36.76976754221003
36.868456700490775
36.96750277736703
37.066911972898176
37.166690669714285
37.26684544078826
37.367383057643
37.468310499023936
37.56963496006985
37.67136386201766
37.773504862479925
37.87606586633724
37.97905503729134
38.08248081012897
38.18635190375109
38.29067733502693
38.39546643353824
38.50072885728494
38.60647460943068
38.71271405617408
38.81945794584052
38.92671742929823
39.03450408181398
39.14282992647488
39.25170745931698
39.361149676316096
39.47117010241361
39.58178282276937
39.69300251645567
39.80484449283108
39.91732473086134
40.030459921686514
40.14426751477069
40.25876576801218
40.3739738022411
40.48991166058644
40.60660037325918
40.724062028372344
40.84231984950547
40.961398280821015
41.08132308065842
41.20212142466892
41.32382201971625
41.44645522996032
41.570053216767164
41.69465009435925
41.82028210344267
41.946987805435725
42.0748083003907
42.20378747226812
42.333972265913054
42.46541300093013
42.598163728696996
42.73228264004998
42.8678325327907
43.00488135019249
43.14350280425571
43.28377710074186
43.42579178723855
43.56964275099173
43.715435400433286
43.863286073864515
44.01332373153247
44.16569200467421
44.320551698949245
44.478083882957115
44.638493739728744
44.802015427198334
44.96891829393685
45.13951494729912
45.3141719037742
45.493323920136966
45.67749370746909
45.86731975418002
46.06359679725461
46.26733685596646
46.47986541448881
46.702981541081876
46.93924390593243
47.1925321858124
47.469306480946656
47.78208444788014
48.16357286476266