0.029204223845260446
0.08761270597467687
0.1460212914213078
0.20443004906505613
0.2628390477884646
0.32124835647777217
0.3796580440239698
0.4380681793238576
0.49647883128110104
0.5548900688072883
0.6133019608229878
0.6717145762588056
0.7301279840564441
0.7885422531697607
0.846957452565827
0.9053736512259889
0.9637909181469267
1.0222093223417172
1.0806289328408947
1.1390498186935143
1.1974720489682156
1.2558956927542866
1.3143208191627296
1.3727474973273273
1.4311757964057101
1.4896057855804254
1.5480375340600057
1.6064711110800405
1.6649065859042478
1.7233440278255474
1.7817835061671352
1.8402250902835597
1.8986688495617992
1.9571148534223395
2.0155631713202555
2.074013872746292
2.132467027227949
2.1909227043305632
2.249380973658399
2.307841904855735
2.366305567607953
2.424772031642634
2.4832413667306477
2.541713642687253
2.6001889293731923
2.6586672966957954
2.7171488146100784
2.7756335531198504
2.834121582278819
2.8926129721916998
2.9511077930153276
3.00960611495977
3.068108008289443
3.12661354332423
3.185122790440603
3.2436358200727455
3.3021527027136806
3.3606735089163973
3.419198309294983
3.477727174525761
3.536260175348424
3.594797382567175
3.653338867051873
3.7118846997391763
3.770434951633694
3.828989693809137
3.8875489974094743
3.946112933650092
4.004681573818956
4.063254989277775
4.121833251463172
4.180416431887857
4.239004602141801
4.297597833893415
4.356196198890738
4.4147997689626175
4.473408616019903
4.532022812056642
4.590642429151276
4.649267539467844
4.707898215257188
4.766534528858164
4.8251765526988555
4.883824359297794
4.942478021265178
5.001137611304108
5.059803202211807
5.118474866880867
5.177152678300483
5.2358367095577
5.294527033838664
5.353223724429873
5.411926854719443
5.470636498198362
5.529352728461769
5.58807561921022
5.64680524425097
5.70554167749926
5.764284992979602
5.823035264827071
5.881792567288616
5.94055697472435
5.9993285616088725
6.058107402532579
6.116893572202985
6.1756871454460525
6.234488197207526
6.293296802554263
6.352113036675592
6.410936974884649
6.469768692619745
6.528608265445722
6.587455769055326
6.6463112792705825
6.705174872044172
6.764046623460826
6.822926609738716
6.881814907230858
6.940711592426518
6.999616741952625
7.058530432575199
7.117452741200771
7.176383744877823
7.235323520798228
7.294272146298701
7.353229698862254
7.412196256119663
7.471171895850935
7.530156695986789
7.589150734610144
7.648154089957611
7.707166840420993
7.766189064548801
7.825220841047763
7.884262248784358
7.943313366786345
8.002374274244305
8.061445050513196
8.1205257751139
8.179616527734812
8.238717388233388
8.297828436637754
8.356949753148285
8.416081418139214
8.475223512160236
8.53437611593814
8.59353931037843
8.652713176566964
8.711897795771604
8.771093249443878
8.83029961922064
8.889516986925752
8.948745434571773
9.00798504436165
9.06723589869043
9.126498080146977
9.185771671515694
9.24505675577827
9.304353416115424
9.363661735908664
9.422981798742056
9.482313688404009
9.54165748888906
9.601013284399688
9.660381159348118
9.719761198358151
9.779153486267
9.838558108127145
9.897975149208179
9.957404694998699
10.016846831208175
10.076301643768858
10.13576921883768
10.195249642798183
10.254743002262448
10.314249384073044
10.373768875304982
10.433301563267703
10.492847535507043
10.552406879807247
10.611979684192976
10.67156603693133
10.731166026533895
10.790779741758792
10.850407271612744
10.910048705353157
10.969704132490223
11.02937364278902
11.089057326271645
11.148755273219352
11.208467574174707
11.268194319943756
11.327935601598215
11.387691510477664
11.447462138191772
11.507247576622525
11.567047917926473
11.626863254536994
11.686693679166583
11.746539284809138
11.806400164742286
11.866276412529698
11.926168122023459
11.986075387366412
12.045998302994558
12.105936963639445
12.165891464330592
12.225861900397922
12.285848367474221
12.34585096149761
12.405869778714038
12.465904915679785
12.525956469264
12.586024536651259
12.646109215344103
12.706210603165664
12.766328798262249
12.826463899105974
12.88661600449742
12.946785213568294
13.006971625784121
13.067175340946964
13.127396459198145
13.187635081021009
13.247891307243691
13.308165239041932
13.368456977941875
13.42876662582293
13.489094284920633
13.549440057829528
13.60980404750609
13.670186357271657
13.730587090815392
13.791006352197268
13.851444245851068
13.911900876587437
13.972376349596916
14.032870770453052
14.093384245115487
14.153916879933108
14.214468781647195
14.275040057394623
14.335630814711061
14.396241161534233
14.45687120620717
14.517521057481519
14.57819082452086
14.638880616904066
14.69959054462868
14.76032071811433
14.821071248206168
14.881842246178342
14.942633823737491
15.003446093026286
15.064279166626982
15.125133157565015
15.186008179312626
15.246904345792519
15.307821771381546
15.36876057091443
15.429720859687523
15.490702753462582
15.551706368470606
15.61273182141568
15.673779229478871
15.734848710322153
15.795940382092363
15.857054363425203
15.918190773449274
15.979349731790139
16.04053135857444
16.101735774434037
16.162963100510186
16.22421345845777
16.28548697044955
16.346783759180486
16.408103947872043
16.4694476602766
16.53081502068186
16.592206153915317
16.653621185348758
16.71506024090281
16.776523447051535
16.838010930827064
16.899522819824266
16.96105924220549
17.022620326705315
17.084206202635368
17.1458169998892
17.207452848947167
17.26911388088141
17.330800227360843
17.392512020656216
17.454249393645203
17.51601247981756
17.57780141328034
17.63961632876312
17.701457361623323
17.763324647851576
17.825218324077117
17.887138527573256
17.94908539626291
18.011059068724155
18.073059684195876
18.135087382583446
18.19714230446447
18.2592245910946
18.321334384413376
18.38347182705017
18.445637062330157
18.507830234280366
18.570051487635777
18.632300967845495
18.694578821078984
18.756885194232375
18.819220234934797
18.88158409155485
18.94397691320706
19.00639884975848
19.068850051835298
19.131330670829552
19.193840858905908
19.256380769008494
19.318950554867836
19.381550371007837
19.44418037275285
19.506840716234834
19.569531558400552
19.632253057018886
19.695005370688218
19.757788658843868
19.82060308176565
19.8834488005855
19.946325977295157
20.009234774753963
20.072175356696754
20.135147887741798
20.19815253339885
20.261189460077315
20.324258835094444
20.387360826683672
20.450495604003038
20.513663337143694
20.576864197138494
20.64009835597072
20.703365986582867
20.766667262885544
20.8300023597665
20.89337145309969
20.956774719754524
21.02021233760515
21.083684485539916
21.14719134347085
21.210733092343357
21.274309914145928
21.337921991920044
21.401569509770138
21.465252652873705
21.52897160749151
21.592726560977955
21.656517701791515
21.72034521950533
21.784209304817935
21.848110149564075
21.912047946725703
21.976022890443062
22.040035176025928
22.10408499996498
22.168172559943315
22.232298054848098
22.296461684782347
22.360663651076866
22.424904156302343
22.489183404281565
22.553501600101807
22.617858950127367
22.682255662012253
22.74669194471303
22.81116800850185
22.875684064979584
22.94024032708919
23.00483700912922
23.06947432676747
23.13415249705486
23.19887173843944
23.2636322707806
23.328434315363456
23.39327809491343
23.458163833610993
23.523091757106616
23.58806209253594
23.653075068535074
23.71813091525617
23.78322986438315
23.848372149147647
23.91355800434519
23.978787666351565
24.04406137313938
24.109379364294924
24.17474188103516
24.240149166225013
24.30560146439484
24.371099021758184
24.436642086229728
24.502230907443504
24.567865736771367
24.63354682734169
24.699274434058342
24.76504881361991
24.830870224539193
24.89673892716296
24.96265518369199
25.028619258201378
25.094631416661137
25.160691926957085
25.226801058912017
25.29295908430718
25.359166276904073
25.425422912466498
25.491729268783004
25.558085625689582
25.62449226509272
25.6909494709928
25.757457529507775
25.824016728897288
25.89062735958702
25.9572897141935
26.024004087549205
26.090770776728075
26.157590081071373
26.224462302213936
26.291387744110832
26.35836671306438
26.42539951775161
26.492486469252107
26.55962788107628
26.62682406919407
26.69407535206408
26.761382050663137
26.828744488516357
26.896162991727575
26.963637889010354
27.031169511719376
27.09875819388239
27.16640427223259
27.23410808624158
27.30186997815275
27.36969029301529
27.437569378718635
27.505507586027534
27.573505268617627
27.64156278311161
27.709680489115968
27.777858749258318
27.84609792922532
27.91439839780122
27.98276052690704
28.051184691640344
28.11967127031573
28.188220644505936
28.256833199083626
28.3255093222639
28.39424940564747
28.46305384426459
28.531923036619677
28.60085738473674
28.66985729420554
28.7389231742285
28.8080554376685
28.877254501097386
28.946520784845397
29.01585471305138
29.085256713713896
29.154727218743236
29.224266664014287
29.29387548942037
29.363554138927995
29.433303060632607
29.503122706815287
29.57301353400048
29.64297600301475
29.71301057904657
29.783117731707243
29.853297935092826
29.92355166784727
29.993879413226672
30.064281659164692
30.134758898339175
30.205311628240036
30.275940351238347
30.34664557465676
30.417427810841204
30.488287577233965
30.559225396448106
30.630241796343327
30.70133731010325
30.772512476314184
30.843767839045405
30.915103947930962
30.9865213582531
31.058020631027276
31.129602333088847
31.20126703718146
31.273015322047165
31.34484777251834
31.41676497961142
31.48876754062251
31.56085605922493
31.63303114556866
31.70529341638191
31.777643495074653
31.850082011844332
31.92260960378372
31.995226914991015
32.06793459668219
32.140733307305744
32.213623712659775
32.286606486011564
32.35968230821973
32.43285186785886
32.5061158613469
32.57947499307528
32.652929975541745
32.72648152948619
32.80013038402938
32.873877276814696
32.94772295415304
33.02166817117095
33.09571369196193
33.16986028974127
33.24410874700423
33.3184598556879
33.392914417336605
33.46747324327127
33.54213715476244
33.616906983207464
33.69178357031169
33.76676776827395
33.8418604399763
33.917062459178304
33.9923747107159
34.06779809070497
34.14333350674979
34.21898187815654
34.29474413615193
34.370621224107154
34.446614097767366
34.522723725486735
34.59895108846937
34.67529718101624
34.75176301077825
34.82834959901569
34.90505798086428
34.981889205608
35.058844336958835
35.13592445334384
35.213130648199574
35.290464030274215
35.367925723937674
35.44551686949978
35.52323862353705
35.60109215922808
35.67907866669803
35.757199353372386
35.83545544434037
35.913848182728316
35.99237883008334
36.07104866676764
36.14985899236382
36.2288111260916
36.30790640723636
36.38714619558979
36.46653187190327
36.54606483835428
36.62574651902638
36.70557836040318
36.78556183187696
36.8656984262722
36.945989660384924
37.02643707553807
37.10704223815381
37.18780674034324
37.268732200514144
37.34982026399762
37.43107260369413
37.512490920739836
37.594076945194
37.675832436748195
37.75775918545832
37.83985901250013
37.92213377094946
38.00458534658794
38.087215658735325
38.170026661109524
38.253020342715445
38.336198728763904
38.41956388162177
38.50311790179476
38.586862928944235
38.67080114293938
38.75493476494647
38.83926605855664
38.92379733095401
39.00853093412588
39.09346926611686
39.178614772328935
39.263969946869615
39.34953733395023
39.43531952933684
39.52131918185611
39.607538994958766
39.693981728343424
39.78065019964352
39.8675472861806
39.95467592678708
40.04203912370184
40.12963994454244
40.217481524357645
40.3055670677644
40.393899851173536
40.48248322510881
40.57132061662408
40.660415531823894
40.749771558492846
40.83939236883961
40.92928172236186
41.019443468838695
41.1098815514576
41.20060001008344
41.29160298467763
41.382894718875846
41.474479563733645
41.56636198164961
41.658546550476565
41.75103796783215
41.843841055620565
41.936960764778604
42.03040218025963
42.12417052627042
42.21827117177689
42.31270963629575
42.407491595990734
42.50262289009322
42.598109527668804
42.69395769475303
42.79017376188139
42.88676429204067
42.98373604907107
43.081096006550986
43.17885135719892
43.277009522830134
43.37557816490882
43.474565195740254
43.573978790351255
43.67382739911198
43.7741197611565
43.874864918665544
43.97607223208036
44.077751396323656
44.179912458110785
44.28256583444277
44.3857223323821
44.48939317022238
44.59359000017479
44.69832493270733
44.803610562687375
44.909459997494885
45.01588688729223
45.12290545765773
45.23053054481429
45.33877763371163
45.44766289925195
45.55720325098443
45.66741638163471
45.77832081988246
45.88993598785378
46.002282263857715
46.115381050967855
46.22925485213382
46.343927352604716
46.45942351056036
46.575769656979624
46.692993605931846
46.811124776663036
46.93019432906774
47.05023531439932
47.171282843383686
47.2933742742768
47.41654942385906
47.54085080490818
47.666323894361135
47.79301743719487
47.92098379206561
48.050279325998524
48.180964866982954
48.31310622529293
48.446774796840224
48.58204826504255
48.71901142177534
48.85775713328326
48.998387483887655
49.14101513955071
49.285764985721364
49.432776110666715
49.582204228567335
49.73422466885684
49.88903610395194
50.04686525343523
50.20797289978257
50.372661696715184
50.541286476361215
50.714268118271555
50.89211262724552
51.07543805777631
51.265013677197665
51.46181902506907
51.667136981826744
51.88270869948463
52.11101034289457
52.35579626852641
52.623317512867864
52.92568580100166
53.29454479511779