0.03576463375356165
0.10729399612231323
0.1788236430792207
0.25035376436062473
0.3218845497192227
0.39341618893061314
0.46494887179984323
0.5364827881679588
0.6080181279185582
0.6795550809843505
0.7510938373537179
0.8226345870772852
0.8941775202744942
0.9657228271401852
1.0372706979511872
1.1088213230729154
1.180374892965977
1.2519315981927883
1.3234916294242014
1.3950551774461406
1.4666224331662527
1.5381935876205675
1.609768831980173
1.681348357557903
1.7529323558150394
1.8245210183680305
1.8961145369952235
1.9677131036436144
2.0393169104356157
2.11092614967584
2.182541013857903
2.2541616956712485
2.3257883880079886
2.397421283969767
2.4690605768746448
2.5407064602640075
2.612359127909493
2.6840187738199472
2.7556855922484003
2.8273597776990695
2.8990415249343884
2.970731028982063
3.0424284851421524
3.1141340889941818
3.1858480364042805
3.257570523532353
3.329301746839278
3.4010419030941406
3.472791189381494
3.5445498031086586
3.6163179420130493
3.6880958041695413
3.7598835879978703
3.8316814922700675
3.9034897161179347
3.9753084590405527
4.047137920911834
4.118978301988109
4.190829802915759
4.262692624738886
4.3345669689070245
4.406453037282904
4.478351032150241
4.550261156221595
4.622183612646251
4.694118605018163
4.766066337383942
4.838027014250885
4.910000840595068
4.981988021869475
5.053988764012191
5.126003273454636
5.198031757129866
5.270074422480916
5.34213147746921
5.414203130583019
5.4862895908459794
5.558391067825678
5.630507771642283
5.702639912977251
5.774787703082081
5.846951353787151
5.919131077510602
5.991327087267291
6.063539596677826
6.135768819977645
6.208014972026185
6.280278268316113
6.352558924982626
6.42485715881283
6.497173187255192
6.5695072284290665
6.6418595011343
6.714230224860908
6.786619619798849
6.859027906847855
6.931455307627364
7.003902044486531
7.0763683405143185
7.148854419549679
7.22136050619183
7.293886825810607
7.366433604556921
7.439001069373296
7.511589448004515
7.584198969008346
7.656829861766381
7.729482356494963
7.802156684256219
7.874853076969196
7.947571767421098
8.020312989278631
8.093076977099457
8.165863966343759
8.238674193385902
8.311507895526239
8.384365311002998
8.457246679004308
8.530152239680335
8.603082234155544
8.676036904541073
8.749016493947252
8.822021246496229
8.89505140733473
8.968107222646967
9.041188939667656
9.114296806695178
9.187431073104893
9.26059198936257
9.333779807037981
9.406994778818625
9.480237158523606
9.553507201117663
9.626805162725349
9.700131300645358
9.773485873365027
9.846869140574984
9.920281363183957
9.99372280333376
10.067193724414444
10.140694391079608
10.214225069261895
10.287786026188664
10.361377530397846
10.434999851753958
10.508653261464342
10.582338032095564
10.656054437590008
10.729802753282687
10.80358325591822
10.877396223668041
10.951241936147799
11.02512067443496
11.099032721086648
11.17297836015767
11.246957877218783
11.320971559375183
11.395019695285205
11.469102575179283
11.543220490879113
11.617373735817084
11.691562605055937
11.76578739530867
11.840048404958717
11.914345934080348
11.988680284459369
12.063051759614057
12.137460664816386
12.211907307113512
12.286391995349556
12.36091504018765
12.435476754132306
12.510077451552032
12.584717448702307
12.659397063748802
12.734116616790963
12.808876429885888
12.883676827072513
12.958518134396156
13.033400679933383
13.108324793817202
13.183290808262624
13.258299057592561
13.3333498782641
13.408443608895116
13.483580590291295
13.5587611654735
13.633985679705557
13.709254480522398
13.784567917758642
13.859926343577555
13.935330112500456
14.010779581436505
14.086275109712975
14.161817059105918
14.237405793871304
14.313041680776617
14.388725089132906
14.464456390827317
14.540235960356103
14.616064174858144
14.691941414148939
14.767868060755148
14.843844499949622
14.91987111978698
14.995948311139738
15.07207646773497
15.148255986191552
15.224487266057967
15.300770709850713
15.377106723093288
15.453495714355805
15.529938095295218
15.606434280696185
15.682984688512578
15.759589739909664
15.836249859306937
15.912965474421664
15.989737016313114
16.06656491942751
16.143449621643715
16.22039156431966
16.297391192339532
16.374448954161732
16.45156530186766
16.528740691211258
16.605975581669426
16.68327043649325
16.760625722760114
16.838041911426686
16.915519477382798
16.993058899506245
17.070660660718527
17.14832524804156
17.22605315265533
17.30384486995659
17.38170089961856
17.459621745651667
17.537607916465358
17.615659924931006
17.693778288445934
17.771963528998565
17.850216173234767
17.92853675252534
18.006925803034775
18.085383865791247
18.163911486757836
18.242509216905116
18.321177612285034
18.399917234106184
18.47872864881044
18.557612428151046
18.636569149272166
18.715599394789905
18.79470375287489
18.873882817336405
18.953137187708098
19.032467469335412
19.1118742734646
19.19135821733352
19.270919924264188
19.350560023757115
19.4302791515875
19.51007794990334
19.589957067325447
19.66991715904947
19.74995888694996
19.830082919686507
19.910289932812045
19.990580608883317
20.070955637573608
20.15141571578779
20.231961547779715
20.31259384527206
20.39331332757863
20.47412072172922
20.555016762597127
20.6360021930293
20.717077763979276
20.79824423464295
20.87950237259723
20.960852953941682
21.042296763443243
21.123834594684062
21.205467250212592
21.28719554169796
21.369020290087793
21.450942325769493
21.532962488735144
21.615081628750087
21.697300605525314
21.779620288893756
21.86204155899058
21.944565306437614
22.027192432532022
22.109923849439337
22.192760480390987
22.275703259886445
22.358753133900112
22.441911060093116
22.525178008030135
22.6085549594014
22.69204290825005
22.775642861204954
22.85935583771924
22.94318287031459
23.02712500483162
23.111183300686385
23.195358831133298
23.279652683534632
23.364065959636765
23.448599775853477
23.533255263556406
23.61803356937296
23.70293585549193
23.78796329997698
23.87311709708835
23.95839845761298
24.043808609203342
24.12934879672529
24.21502028261519
24.30082434724665
24.386762289307185
24.472835426185135
24.55904509436715
24.6453926498467
24.731879468543852
24.818506946736818
24.905276501505618
24.992189571188266
25.079247615850015
25.166452117765985
25.253804581917752
25.34130653650437
25.4289595334683
25.51676514903689
25.604724984279823
25.692840665683285
25.781113845741352
25.869546203565264
25.9581394455113
26.046895305827903
26.135815547322835
26.224901962051057
26.31415637202424
26.403580629942642
26.493176619950283
26.582946258414353
26.67289149472975
26.76301431214982
26.85331672864431
26.94380079778567
27.03446860966486
27.12532229183785
27.216364010304122
27.307595970518513
27.39902041843778
27.490639641603384
27.58245597026208
27.674471778525866
27.76668948557309
27.859111556892454
27.95174050557192
28.04457889363437
28.13762933342229
28.230894489033588
28.324377077810954
28.418079871887215
28.512005699789285
28.606157448103527
28.700538063205318
28.795150553056086
28.889997989070842
28.985083508059876
29.08041031424809
29.175981681375944
29.271800954886025
29.36787155419962
29.464196975087894
29.56078079214253
29.657626661351006
29.754738322782067
29.85211960338717
29.949774419924214
30.04770678201008
30.145920795309145
30.244420664865206
30.34321069858487
30.442295310880983
30.541679026485184
30.641366484439413
30.74136244227675
30.841671780402795
30.942299506689547
31.043250761294583
31.144530821719282
31.246145108120885
31.34809918889416
31.450398786539818
31.553049783837885
31.656058230345867
31.759430349242887
31.863172544542817
31.967291408701136
32.07179373064226
32.17668650423637
32.28197693725698
32.387672460853416
32.49378073957484
32.60030968198612
32.707267451918895
32.8146624804054
32.92250347834661
33.030799449971184
33.1395597071467
33.24879388461068
33.35851195619504
33.46872425212509
33.57944147748176
33.69067473192488
33.80243553078525
33.914735827644
34.02758803853057
34.14100506788441
34.25500033644109
34.36958781122152
34.484782037822626
34.60059817523085
34.71705203340521
34.83416011390608
34.9519396538791
35.07040867374154
35.18958602896225
35.309491466376016
35.43014568553093
35.55157040563378
35.67378843873527
35.79682376988624
35.920701645100095
36.045448668078116
36.171092906796744
36.29766401122359
36.425193343626965
36.55371412317808
36.68326158682472
36.813873168748735
36.94558870112081
37.078450639349306
37.21250431560642
37.34779822512917
37.484384350668186
37.6223185315362
37.76166088504611
37.90247628979864
38.0448349423789
38.18881300167908
38.334493338457555
38.481966412110715
38.63133130230586
38.7826969305611
38.93618351671653
39.091924328454695
39.25006779996035
39.41078012047122
39.574248427889145
39.740684791430375
39.910331237749894
40.08346617869035
40.26041275485954
40.44154984987261
40.62732691158482
40.81828434087278
41.01508226783749
41.218542410850624
41.429711205202246
41.64995929041258
41.88114713661481
42.125920910470626
42.38829323198834
42.674946057287464
42.99882797360881
43.39377483014587