0.02786835130464012
0.08360508116458797
0.13934189277688502
0.19507884064425218
0.25081597927114235
0.30655336316443355
0.36229104683412183
0.4180290847940144
0.47376753156242307
0.5295064416628574
0.5852458696247188
0.6409858699839937
0.6967264972839483
0.7524678060758226
0.8082098509195254
0.8639526863843286
0.9196963670495635
0.9754409475053156
1.0311864823531214
1.086933026206664
1.142680633692472
1.1984293594506146
1.2541792581354008
1.309930384416078
1.3656827929775308
1.4214365385209808
1.4771916757646864
1.532948259444644
1.5887063443152896
1.644465985150201
1.7002272367428004
1.7559901539070586
1.811754791478199
1.867521204313403
1.9232894472925166
1.9790595753187559
2.034831643319416
2.09060570624658
2.1463818190778277
2.202160036816946
2.257940414494642
2.313723007169252
2.3695078699274608
2.425295057885011
2.481084626187421
2.5368766300107026
2.5926711245620764
2.6484681650806934
2.704267806838355
2.7600701051402337
2.8158751153255954
2.8716828927685265
2.927493492878655
2.9833069711018814
3.0391233829211033
3.094942783856949
3.150765229468504
3.2065907753540452
3.2624194771517776
3.318251390540565
3.3740865712406696
3.4299250750144905
3.485766957667303
3.5416122750480006
3.597461083049839
3.65331343761118
3.709169394716239
3.7650290103958337
3.8208923407281343
3.876759441839415
3.932630369904809
3.988505181149063
4.044383931847296
4.1002666783257595
4.156153476962595
4.212044384188607
4.267939456488014
4.32383875039923
4.379742322515629
4.435650229486313
4.491562528016893
4.547479274870259
4.603400526867363
4.659326340887995
4.715256773871573
4.771191882817919
4.827131724788054
4.883076356904984
4.939025836354494
4.994980220385942
5.0509395663130565
5.106903931514735
5.16287337343585
5.218847949588047
5.2748277175505605
5.330812734971016
5.386803059566251
5.44279874912312
5.4987998614993225
5.554806454624219
5.610818586499657
5.666836315200794
5.722859698876932
5.778888795752347
5.834923664127124
5.890964362377996
5.94701094895919
6.003063482403261
6.0591220213219525
6.115186624407035
6.171257350431171
6.227334258248763
6.283417406796821
6.339506855095822
6.395602662250579
6.451704887451109
6.5078135899735114
6.563928829180842
6.620050664523994
6.676179155542584
6.732314361865837
6.788456343213484
6.84460515939665
6.900760870318757
6.9569235359764265
7.013093216460387
7.069269971956379
7.1254538627460775
7.181644949208004
7.237843291818449
7.294048951152403
7.350261987884478
7.406482462789852
7.4627104367452
7.518945970729638
7.575189125825673
7.631439963220149
7.687698544205207
7.743964930179242
7.800239182647869
7.856521363224889
7.912811533633265
7.9691097557061
8.025416091387614
8.081730602734138
8.138053351915103
8.194384401214034
8.250723813029552
8.307071649876383
8.36342797438637
8.419792849309482
8.476166337514844
8.53254850199175
8.588939405850711
8.645339112324478
8.701747684769092
8.758165186664923
8.814591681617731
8.871027233359712
8.927471905750576
8.9839257627786
9.040388868561717
9.096861287348581
9.153343083519664
9.20983432158834
9.266335066201988
9.322845382143084
9.379365334330325
9.435894987819731
9.492434407805769
9.548983659622483
9.605542808744621
9.662111920788782
9.718691061514553
9.775280296825668
9.831879692771158
9.888489315546526
9.945109231494905
10.001739507108251
10.058380209028513
10.115031404048832
10.171693159114739
10.228365541325354
10.28504861793461
10.341742456352453
10.398447124146086
10.455162689041192
10.511889218923175
10.56862678183841
10.625375445995497
10.682135279766523
10.738906351688334
10.795688730463805
10.852482484963135
10.909287684225134
10.966104397458526
11.022932694043256
11.079772643531804
11.136624315650517
11.193487780300936
11.250363107561139
11.307250367687086
11.364149631113987
11.42106096845766
11.477984450515901
11.534920148269881
11.59186813288553
11.648828475714938
11.705801248297764
11.762786522362658
11.81978436982869
11.876794862806781
11.933818073601156
11.990854074710795
12.047902938830902
12.104964738854378
12.162039547873304
12.219127439180442
12.276228486270723
12.333342762842785
12.390470342800475
12.447611300254396
12.504765709523445
12.561933645136376
12.619115181833353
12.676310394567539
12.73351935850667
12.790742149034667
12.84797884175323
12.90522951248346
12.962494237267503
13.019773092370173
13.077066154280612
13.134373499713961
13.191695205613028
13.249031349149977
13.30638200772803
13.363747258983178
13.421127180785899
13.478521851242899
13.535931348698863
13.593355751738208
13.650795139186862
13.708249590114042
13.76571918383406
13.823203999908129
13.880704118146197
13.93821961860877
13.995750581608773
14.053297087713414
14.110859217746057
14.16843705278812
14.226030674180976
14.283640163527874
14.341265602695877
14.398907073817805
14.4565646592942
14.514238441795303
14.571928504263049
14.62963492991307
14.68735780223672
14.745097205003116
14.80285322226118
14.860625938341725
14.91841543785952
14.976221805715403
15.034045127098398
15.091885487487843
15.149742972655535
15.207617668667906
15.2655096618882
15.32341903897867
15.381345886902801
15.439290292927543
15.497252344625553
15.555232129877473
15.613229736874219
15.67124525411928
15.729278770431042
15.787330374945133
15.845400157116783
15.903488206723198
15.961594613865964
16.019719468973467
16.077862862803318
16.136024886444826
16.194205631321463
16.252405189193365
16.31062365215984
16.368861112661932
16.427117663484943
16.48539339776104
16.54368840897185
16.602002790951065
16.660336637887116
16.718690044325808
16.77706310517303
16.83545591569746
16.89386857153328
16.952301168682965
17.010753803520032
17.069226572791862
17.127719573622517
17.18623290351559
17.244766660357087
17.30332094241831
17.3618958483588
17.42049147722927
17.47910792847459
17.53774530193678
17.596403697858044
17.655083216883803
17.71378396006579
17.77250602886516
17.83124952515559
17.890014551226486
17.948801209786126
18.007609603964898
18.066439837318544
18.125292013831423
18.18416623791982
18.243062614435257
18.30198124866789
18.360922246349865
18.419885713658754
18.478871757221004
18.537880484115412
18.596912001876653
18.65596641849881
18.715043842438963
18.77414438262079
18.833268148438222
18.8924152497591
18.95158579692891
19.010779900774498
19.069997672607876
19.129239224230012
19.188504667934705
19.24779411651244
19.30710768325433
19.366445481956056
19.425807626921884
19.48519423296867
19.54460541542995
19.60404129016004
19.663501973538178
19.722987582472722
19.78249823440536
19.842034047315384
19.901595139724
19.96118163069868
20.020793639857526
20.080431287373735
20.14009469398005
20.199783980973287
20.259499270218896
20.31924068415557
20.379008345799885
20.438802378751003
20.49862290719543
20.558470055911766
20.61834395027558
20.678244716264278
20.738172480462026
20.798127370064744
20.85810951288514
20.918119037357776
20.97815607254421
21.03822074813817
21.098313194470805
21.158433542515958
21.21858192389551
21.27875847088479
21.338963316418
21.399196594093734
21.459458438180555
21.519748983622584
21.5800683660452
21.64041672176077
21.700794187774424
21.76120090178995
21.821637002215667
21.882102628170422
21.942597919489632
22.00312301673138
22.06367806118257
22.124263194865186
22.184878560542558
22.24552430172574
22.30620056267995
22.366907488431046
22.42764522477211
22.48841391827008
22.54921371627247
22.610044766914122
22.670907219124107
22.73180122263261
22.792726927977952
22.853684486513675
22.914674050415687
22.975695772689498
23.036749807177543
23.09783630856656
23.158955432395086
23.220107335060995
23.281292173829147
23.34251010683912
23.403761293113018
23.46504589256336
23.526364066001083
23.587715975143613
23.649101782623024
23.71052165199432
23.77197574774376
23.833464235297328
23.89498728102927
23.956545052270737
24.018137717318517
24.079765445443883
24.141428406901543
24.203126772938667
24.264860715804048
24.326630408757357
24.388436026078505
24.450277743077123
24.512155736102127
24.574070182551427
24.636021260881748
24.698009150618528
24.76003403236598
24.82209608781725
24.8841954997647
24.946332452110305
25.0085071298762
25.07071971921532
25.132970407422185
25.195259382943828
25.257586835390832
25.319952955548505
25.38235793538821
25.444801968078803
25.507285247998244
25.569807970745327
25.632370333151556
25.694972533293182
25.75761477050338
25.82029724538457
25.883020159820898
25.945783716990896
26.008588121380246
26.07143357879476
26.13432029637349
26.19724848260203
26.26021834732594
26.323230101764402
26.386283958524007
26.449380131612735
26.512518836454106
26.575700289901523
26.638924710252798
26.702192317264846
26.765503332168617
26.828857977684166
26.892256478035957
26.955699058968367
27.019185947761365
27.08271737324643
27.14629356582268
27.209914757473165
27.273581181781452
27.337293073948377
27.40105067080903
27.464854210850003
27.52870393422681
27.59260008278162
27.656542900061133
27.7205326313348
27.784569523613236
27.84865382566688
27.912785788044932
27.97696566309456
28.04119370498034
28.105470169704002
28.169795315124414
28.234169400977887
28.29859268889872
28.36306544244007
28.427587927095107
28.492160410318448
28.55678316154792
28.62145645222663
28.68618055582534
28.75095574786517
28.81578230594062
28.88066050974293
28.945590641083804
29.010572983919413
29.07560782437482
29.14069545076872
29.205836153638558
29.271030225766005
29.336277962202843
29.401579660297184
29.466935619720118
29.532346142492756
29.597811533013658
29.663332098086688
29.728908146949294
29.794539991301203
29.860227945333566
29.925972325758533
29.9917734518393
30.0576316454206
30.123547230959662
30.189520535557687
30.255551888991747
30.32164162374725
30.38779007505087
30.453997580903998
30.520264482116747
30.586591122342455
30.65297784811277
30.71942500887328
30.785932957019714
30.852502047934724
30.91913264002525
30.98582509476052
31.052579776710623
31.119397053585754
31.18627729627606
31.253220878892193
31.320228178806463
31.38729957669473
31.454435456578967
31.521636205870532
31.588902215414176
31.65623387953277
31.723631596072817
31.791095766450688
31.858626795699713
31.926225092518003
31.993891069317126
32.061625142271645
32.12942773136946
32.19729926046304
32.26524015732159
32.333250853684085
32.40133178531318
32.469483392050265
32.53770611787122
32.6060004109434
32.67436672368353
32.742805512816595
32.8113172394359
32.87990236906413
32.94856137171556
33.01729472195935
33.08610289898408
33.15498638666336
33.22394567362278
33.29298125330797
33.36209362405404
33.43128328915621
33.50055075694188
33.569896540843935
33.63932115947557
33.70882513670641
33.778409001740165
33.848073289193785
33.917818539178036
33.987645297379764
34.057554115145685
34.12754554956781
34.19762016357058
34.2677785259997
34.33802121171271
34.408348801671394
34.478761883036015
34.549261049261446
34.61984690019522
34.69052004217761
34.76128108814368
34.83213065772752
34.90306937736848
34.97409788041975
35.045216807259074
35.116426805401844
35.18772852961652
35.259122642042506
35.33060981231047
35.4021907176653
35.47386604309158
35.54563648144191
35.617502733567775
35.68946550845348
35.76152552335283
35.833683503928896
35.90594018439681
35.97829630766974
36.05075262550808
36.12330989867202
36.19596889707749
36.26873039995565
36.34159519601601
36.41456408361321
36.487637870917716
36.560817376090355
36.63410342746098
36.70749686371119
36.780998534061474
36.8546092984626
36.92833002779165
37.002161604052695
37.07610492058222
37.15016088225956
37.22433040572242
37.29861441958755
37.37301386467697
37.44752969424963
37.52216287423886
37.59691438349573
37.67178521403851
37.746776371308364
37.82188887443159
37.897123756488476
37.97248206478905
38.047964861156004
38.12357322221488
38.19930823969185
38.275171020719334
38.35116268814962
38.427284380876905
38.50353725416785
38.57992248000112
38.65644124741602
38.73309476287065
38.80988425060994
38.886810953043714
38.96387613113535
39.04108106480124
39.11842705332145
39.19591541576209
39.27354749140962
39.35132464021765
39.429248243266585
39.50731970323671
39.58554044489499
39.66391191559631
39.74243558579947
39.821112949598685
39.89994552527093
39.97893485583997
40.058082509657474
40.137390081002046
40.216859190696674
40.296491486745474
40.37628864499035
40.45625236978841
40.53638439471088
40.61668648326451
40.69716042963613
40.777808059461535
40.85863123061949
40.93963183405197
41.0208117946117
41.102173071938054
41.1837176613626
41.26544759484545
41.34736494194371
41.42947181081349
41.51177034924679
41.594262745744835
41.6769512306295
41.759838077194324
41.84292560289711
41.926216170595744
42.0097121898293
42.09341611814653
42.1773304624837
42.2614577805944
42.345800682533294
42.43036183219689
42.51514394892345
42.60014980915544
42.68538224816705
42.77084416186032
42.856538508633
42.942468311321896
43.02863665922531
43.11504671020876
43.20170169289797
43.28860490896403
43.37575973550505
43.46316962752979
43.55083812054841
43.63876883327628
43.72696547045677
43.81543182580972
43.90417178511248
43.993189329420865
44.08248853843795
44.17207359403927
44.26194878396323
44.352118505676515
44.44258727042484
44.533359707479875
44.62444056859451
44.71583473267877
44.80754721071042
44.89958315089445
44.99194784408761
45.08464672950451
45.177685400723846
45.271069612014095
45.36480528500015
45.458898515693505
45.553355581910836
45.648182951107735
45.74338728865644
45.83897546659901
45.934954572909994
46.03133192130549
46.12811506163886
46.2253117909269
46.32293016505403
46.420978511206684
46.519465441094624
46.6183998650215
46.7177910068726
46.81764842009462
46.917982004749355
47.018802025731574
47.12011913225041
47.22194437868373
47.32428924692665
47.42716567036794
47.530586059642836
47.63456333032682
47.73911093275373
47.8442428841621
47.94997380339753
48.05631894842596
48.16329425694291
48.27091639039962
48.379202781806335
48.48817168771986
48.597842244874954
48.70823453198083
48.81936963727479
48.93126973250726
49.04395815412867
49.15745949256022
49.27179969056248
49.38700615186976
49.50310786144116
49.62013551889509
49.73812168695202
49.8571009570175
49.977110134407454
50.09818844616325
50.220377774944566
50.3437229231466
50.46827191219503
50.594076322966615
50.72119168451661
50.84967791983338
50.979599859275396
51.11102783479545
51.24403837118364
51.37871499458453
51.51514918377022
51.65344149650525
51.793702912422546
51.93605644600565
52.08063909979402
52.22760425065064
52.37712459364064
52.52939581303646
52.684641214872734
52.84311765101782
53.00512320848094
53.171007359329025
53.3411846179768
53.51615332756817
53.69652217281804
53.88304874402428
54.07669769226242
54.27873237206994
54.49086739644878
54.715541131042905
54.95645052955591
55.21975088839511
55.517368082912924
55.880459178830414