0.02488317068384324
0.07464952751650265
0.12441593074420587
0.1741824112973986
0.22394900010715127
0.27371572810540906
0.32348262622524177
0.37324972540109386
0.42301705656903427
0.47278465066700676
0.5225525386350798
0.5723207514156967
0.6220893199539259
0.6718582751977112
0.7216276480981222
0.7713974696096042
0.8211677706902294
0.8709385823019469
0.9207099354108338
0.9704818609873455
1.0202543900065668
1.0700275534484631
1.1198013822981308
1.169575907546049
1.2193511601883311
1.2691271712269758
1.3189039716701185
1.368681592532284
1.4184600648346366
1.4682394196052346
1.5180196878792804
1.5678009006993743
1.6175830891157656
1.6673662841866073
1.7171505169782069
1.7669358185652817
1.8167222200312099
1.8665097524682854
1.9162984469779722
1.9660883346711566
2.0158794466684027
2.0656718141002064
2.1154654681072493
2.1652604398406554
2.2150567604622444
2.2648544611447883
2.3146535730722664
2.364454127440121
2.414256155455514
2.4640596883375845
2.513864757317703
2.5636713936397304
2.6134796285602744
2.663289493348948
2.713101019288627
2.762914237675708
2.8127291798203657
2.8625458770468164
2.9123643606935716
2.9621846621137013
3.0120068126750925
3.0618308437607094
3.111656786768856
3.1614846731134327
3.2113145342242033
3.261146401547053
3.310980306544251
3.360816280694715
3.4106543554942714
3.460494562455921
3.510336933110101
3.5601814990049507
3.610028291706575
3.65987734279931
3.7097286838859893
3.7595823465882066
3.8094383625465866
3.8592967634210487
3.9091575808910757
3.959020846655981
4.008886592435177
4.058754849968444
4.108625651016198
4.158499027359764
4.208375010801643
4.258253633165783
4.308134926297851
4.358018922065506
4.407905652358669
4.4577951490897965
4.507687444194156
4.557582569630097
4.607480557379327
4.657381439447188
4.707285247862927
4.757192014679981
4.807101771976243
4.857014551854351
4.906930386441956
4.956849307892005
5.006771348383023
5.056696540119389
5.106624915331616
5.156556506276635
5.206491345238075
5.256429464526549
5.306370896479928
5.356315673463637
5.406263827870932
5.456215392123185
5.506170398670173
5.556128879990363
5.6060908685912
5.656056397009392
5.706025497811204
5.755998203592745
5.805974546980255
5.8559545606304
5.905938277230565
5.955925729499138
6.005916950185815
6.055911972071886
6.105910827970532
6.15591355072712
6.205920173219501
6.2559307283583045
6.305945249087241
6.355963768383396
6.405986319257532
6.456012934754389
6.5060436479529855
6.556078491966922
6.6061174999446814
6.656160705069936
6.70620814056185
6.756259839675388
6.806315835701619
6.856376161968024
6.906440851838807
6.956509938715204
7.00658345603579
7.056661437276793
7.106743915952408
7.1568309256151075
7.206922499855956
7.257018672304927
7.3071194766312155
7.357224946543562
7.407335115790563
7.457450018160993
7.50756968748413
7.55769415763007
7.607823462510048
7.657957636076772
7.708096712324736
7.758240725290553
7.808389709053276
7.858543697734731
7.908702725499844
7.958866826556968
8.00903603515822
8.059210385599807
8.109389912222364
8.159574649411285
8.209764631597068
8.259959893255632
8.310160468908679
8.360366393124018
8.410577700515905
8.460794425745398
8.511016603520684
8.561244268597434
8.611477455779145
8.661716199917482
8.711960535912636
8.762210498713666
8.812466123318849
8.86272744477604
8.91299449818301
8.963267318687821
9.013545941489161
9.063830401836718
9.114120735031527
9.164416976426338
9.21471916142597
9.26502732548768
9.315341504121523
9.365661732890722
9.41598804741203
9.4663204833561
9.516659076447857
9.567003862466866
9.617354877247708
9.667712156680352
9.718075736710535
9.768445653340132
9.818821942627538
9.869204640688055
9.919593783694262
9.969989407876412
10.020391549522802
10.070800244980175
10.121215530654094
10.171637443009347
10.22206601857032
10.272501293921414
10.322943305707415
10.373392090633908
10.423847685467667
10.474310127037059
10.524779452232444
10.575255698006579
10.625738901375017
10.67622909941653
10.726726329273495
10.777230628152324
10.827742033323869
10.878260582123833
10.928786311953186
10.979319260278594
11.02985946463282
11.080406962615163
11.13096179189187
11.181523990196569
11.232093595330683
11.282670645163881
11.333255177634484
11.383847230749922
11.434446842587146
11.485054051293085
11.535668895085074
11.586291412251297
11.636921641151227
11.687559620216081
11.738205387949257
11.788858982926788
11.839520443797793
11.890189809284932
11.940867118184855
11.99155240936867
12.042245721782395
12.092947094447425
12.143656566460994
12.19437417699664
12.24509996530468
12.295833970712676
12.34657623262591
12.39732679052786
12.448085683980677
12.49885295262567
12.54962863618378
12.600412774456077
12.651205407324232
12.702006574751028
12.752816316780834
12.803634673540104
12.854461685237885
12.905297392166306
12.956141834701077
13.006995053302012
13.057857088513513
13.108727980965105
13.159607771371926
13.210496500535255
13.26139420934303
13.31230093877036
13.36321672988006
13.41414162382317
13.465075661839482
13.516018885258076
13.566971335497854
13.617933054068073
13.668904082568892
13.719884462691907
13.770874236220697
13.821873445031382
13.872882131093165
13.923900336468886
13.974928103315587
14.025965473885066
14.077012490524435
14.128069195676707
14.179135631881337
14.230211841774818
14.281297868091242
14.332393753662885
14.383499541420788
14.434615274395343
14.485740995716874
14.53687674861624
14.588022576425418
14.639178522578112
14.69034463061034
14.741520944161056
14.792707506972745
14.843904362892035
14.895111555870317
14.946329129964365
14.997557129336945
15.048795598257456
15.100044581102548
15.151304122356754
15.202574266613135
15.25385505857391
15.3051465430511
15.356448764967183
15.407761769355732
15.45908560136208
15.51042030624397
15.561765929372223
15.613122516231398
15.664490112420463
15.715868763653473
15.76725851576024
15.818659414687016
15.870071506497183
15.921494837371938
15.972929453610982
16.024375401633225
16.075832727977488
16.127301479303195
16.178781702391102
16.230273444144
16.28177675158743
16.333291671870406
16.38481825226616
16.43635654017285
16.487906583114295
16.53946842874075
16.5910421248296
16.642627719286146
16.69422526014434
16.74583479556756
16.797456373849354
16.849090043414215
16.900735852818357
16.952393850750493
17.004064086032603
17.055746607620733
17.10744146460579
17.159148706214324
17.210868381809338
17.262600540891093
17.31434523309792
17.366102508207035
17.417872416135356
17.469655006940346
17.52145033082082
17.5732584381178
17.625079379315352
17.676913205041437
17.728759966068754
17.780619713315613
17.832492497846786
17.88437837087438
17.93627738375872
17.988189588009224
18.040115035285275
18.09205377739714
18.144005866306856
18.19597135412912
18.24795029313222
18.299942735738938
18.351948734527472
18.403968342232368
18.456001611745453
18.50804859611677
18.56010934855552
18.612183922431036
18.664272371273707
18.716374748775976
18.768491108793288
18.82062150534508
18.872765992615754
18.92492462495568
18.977097456882184
19.02928454308056
19.081485938405066
19.13370169787996
19.18593187670051
19.238176530234036
19.290435714020933
19.34270948377573
19.394997895388144
19.44730100492412
19.49961886862693
19.551951542918204
19.604299084399056
19.656661549851147
19.709038996237776
19.761431480705006
19.813839060582758
19.86626179338594
19.918699736815565
19.971152948759897
20.023621487295586
20.076105410688807
20.128604777396454
20.181119646067266
20.233650075543036
20.286196124859764
20.338757853248882
20.391335320138417
20.44392858515423
20.49653770812122
20.549162749064557
20.6018037682109
20.654460825989663
20.707133983034254
20.75982330018333
20.812528838482095
20.865250659183538
20.917988823749763
20.970743393853265
21.02351443137824
21.076301998421894
21.129106157295798
21.181926970527194
21.234764500860358
21.287618811257943
21.340489964902364
21.39337802519716
21.446283055768372
21.499205120465966
21.552144283365216
21.605100608768133
21.658074161204883
21.71106500543524
21.76407320645002
21.81709882947255
21.870141939960135
21.923202603605542
21.976280886338497
22.02937685432717
22.082490573979726
22.13562211194581
22.188771535118125
22.24193891063395
22.29512430587673
22.348327788477622
22.40154942631711
22.45478928752658
22.508047440489946
22.561323953845264
22.614618896486366
22.667932337564523
22.721264346490084
22.774614992934175
22.82798434683036
22.881372478376356
22.93477945803575
22.988205356539712
23.04165024488875
23.095114194354444
23.14859727648124
23.20209956308821
23.255621126270857
23.30916203840292
23.362722372138208
23.416302200412424
23.469901596445037
23.523520633741132
23.577159386093303
23.630817927583557
23.684496332585205
23.738194675764824
23.79191303208417
23.84565147680216
23.89941008547684
23.953188933967372
24.006988098436047
24.060807655350324
24.114647681484847
24.168508253923513
24.222389450061552
24.276291347607625
24.330214024585903
24.384157559338227
24.43812203052624
24.492107517133547
24.546114098467896
24.600141854163372
24.65419086418263
24.70826120881911
24.7623529686993
24.81646622478501
24.870601058375655
24.92475755111059
24.97893578497141
25.03313584228431
25.087357805722473
25.141601758308443
25.195867783416535
25.250155964775274
25.30446638646985
25.358799132944583
25.413154289005416
25.467531939822443
25.521932170932445
25.57635506824143
25.630800718027245
25.685269206942152
25.739760622015485
25.794275050656267
25.848812580655906
25.903373300190893
25.957957297825505
26.012564662514563
26.067195483606195
26.121849850844633
26.17652785437303
26.231229584736298
26.285955132883974
26.340704590173132
26.395478048371277
26.45027559965931
26.50509733663449
26.559943352313432
26.614813740135148
26.669708593964074
26.72462800809318
26.779572077247046
26.83454089658504
26.889534561704444
26.94455316864367
26.99959681388548
27.054665594360234
27.10975960744919
27.1648789509878
27.22002372326905
27.27519402304686
27.330389949539462
27.385611602432864
27.440859081884298
27.496132488525735
27.55143192346742
27.60675748830144
27.662109285105316
27.71748741644566
27.772891985381822
27.828323095469614
27.883780850765035
27.939265355828066
27.994776715726452
28.050315036039596
28.105880422862388
28.16147298280918
28.217092823017712
28.272740051153118
28.328414775411982
28.384117104526382
28.439847147768035
28.495605014952428
28.551390816443046
28.607204663155574
28.6630466665622
28.718916938695926
28.77481559215494
28.83074274010701
28.886698496293945
28.942682975036085
28.998696291236843
29.054738560387285
29.110809898570764
29.166910422467595
29.223040249359777
29.279199497135764
29.33538828429529
29.39160672995423
29.447854953849518
29.504133076344115
29.56044121843202
29.61677950174337
29.673148048549507
29.729546981768195
29.785976424968833
29.842436502377723
29.898927338883425
29.955449060042138
30.01200179208314
30.068585661914295
30.125200797127622
30.181847326004895
30.238525377523338
30.295235081361344
30.3519765679043
30.408749968250397
30.465555414216613
30.52239303834464
30.579262973906957
30.636165354912954
30.69310031611508
30.75006799301509
30.807068521870388
30.86410203970036
30.92116868429285
30.978268594210665
31.035401908798168
31.092568768187938
31.14976931330748
31.20700368588608
31.26427202846162
31.321574484387586
31.37891119784008
31.436282313824925
31.49368797818487
31.551128337606833
31.608603539629282
31.666113732649645
31.723659065931827
31.78123968961382
31.838855754715375
31.896507413145784
31.954194817711734
32.01191812212525
32.06967748101176
32.12747304991819
32.18530498532119
32.2431734446355
32.3010785862223
32.359020569397785
32.416999554441695
32.4750157026061
32.533069176124165
32.59116013821909
32.649288753113076
32.707455186036526
32.76565960323722
32.82390217198964
32.88218306060447
32.94050243843813
32.99886047590245
33.05725734447443
33.11569321670622
33.17416826623507
33.232682667793526
33.291236597219665
33.349830231467486
33.40846374861747
33.467137327887166
33.52585114964202
33.584605395406236
33.643400247873835
33.702235890919845
33.76111250961159
33.82003029022017
33.87898942023199
33.9379900883606
33.9970324845585
34.056116800029216
34.11524322723945
34.174411959931454
34.23362319313549
34.29287712318251
34.35217394771694
34.41151386570968
34.47089707747123
34.53032378466499
34.58979419032077
34.649308498848384
34.708866916051555
34.768469649141856
34.828116906752946
34.887808898954894
34.9475458372688
35.00732793468149
35.06715540566053
35.12702846616928
35.18694733368232
35.24691222720096
35.306923367268986
35.36698097598865
35.42708527703684
35.487236495681444
35.54743485879801
35.607680594886574
35.667973934088714
35.72831510820485
35.78870435071182
35.849141896780594
35.90962798329435
35.970162848866714
36.03074673386029
36.09137988040543
36.152062532419286
36.21279493562512
36.27357733757183
36.33440998765386
36.39529313713131
36.45622703915033
36.51721194876383
36.578248122952495
36.63933582064606
36.70047530274492
36.76166683214205
36.82291067374521
36.88420709449952
36.94555636341031
37.00695875156635
37.068414532163374
37.129923980528005
37.19148737414198
37.25310499266672
37.31477711796837
37.37650403414306
37.438286027542674
37.50012338680091
37.56201640285979
37.62396536899655
37.68597058085092
37.74803233645286
37.81015093625066
37.872326683139505
37.93455988249052
37.99685084218014
38.05919987262006
38.1216072867876
38.18407340025648
38.24659853122821
38.30918300056384
38.37182713181631
38.434531251263216
38.49729568794017
38.56012077367467
38.62300684312047
38.685954233792586
38.74896328610275
38.81203434339554
38.875167751985046
38.93836386119211
39.00162302338222
39.06494559400403
39.128331931628416
39.19178239798833
39.25529735801915
39.31887717989985
39.38252223509474
39.44623289839598
39.51000954796676
39.57385256538524
39.63776233568921
39.70173924742156
39.765783692676436
39.829896067146265
39.89407677016958
39.95832620477964
40.022644777753875
40.08703289966429
40.15149098492863
40.216019451862536
40.28061872273254
40.3452892238101
40.410031385426464
40.47484564202864
40.53973243223629
40.60469219889968
40.669725389158636
40.73483245450264
40.80001385083195
40.86527003851991
40.9306014824763
40.99600865221197
41.0614920219046
41.1270520704657
41.192689281608864
41.25840414391931
41.324197150924725
41.39006880116744
41.456019598278004
41.522050051050144
41.588160673517145
41.654351985029756
41.720624510335526
41.78697877965977
41.85341532878804
41.91993469915026
41.986537437906485
42.0532240980344
42.1199952384185
42.1868514239411
42.25379322557518
42.32082122047901
42.387935992092835
42.45513813023738
42.522428231214484
42.58980689790974
42.65727473989723
42.724832373546555
42.792480422131895
42.86021951594355
42.928050292401714
42.99597339617266
43.06398947928745
43.132099201263095
43.200303229226414
43.268602238040465
43.33699691043376
43.40548793713232
43.47407601699458
43.54276185714924
43.61154617313621
43.68042968905071
43.74941313769048
43.818497260706394
43.88768280875642
43.95697054166314
44.026361228574714
44.095855648129735
44.16545458862569
44.23515884819146
44.30496923496376
44.37488656726771
44.44491167380175
44.51504539382678
44.58528857735994
44.65564208537291
44.72610678999509
44.79668357472161
44.86737333462642
44.93817697658064
45.00909541947622
45.08012959445514
45.15128044514438
45.22254892789669
45.29393601203743
45.365442680117724
45.43706992817399
45.508818765994164
45.580690217390725
45.652685320480884
45.72480512797398
45.79705070746652
45.8694231417449
45.94192352909626
46.01455298362755
46.087312635593264
46.16020363173197
46.23322713561204
46.30638432798682
46.379676407159614
46.453104589358794
46.52667010912333
46.60037421969923
46.67421819344713
46.74820332226152
46.82233091800195
46.89660231293674
46.97101886019944
47.04558193425881
47.12029293140249
47.19515327023502
47.27016439219081
47.3453277620624
47.42064486854478
47.49611722479623
47.57174636901642
47.64753386504233
47.72348130296269
47.799590299751756
47.875862499923
47.95229957620363
48.02890323023069
48.10567519326968
48.18261722695644
48.25973112406341
48.33701870929115
48.414481840086175
48.49212240748622
48.569942336994
48.64794358948077
48.72612816212083
48.804498089358376
48.883055443908006
48.961802337790466
49.04074092340494
49.119873394639775
49.19920198802313
49.278728983915386
49.35845670774529
49.43838753129169
49.51852387401294
49.59886820442645
49.67942304154025
49.760190956339436
49.84117457332995
49.92237657214231
50.003799689198395
50.085446719444256
50.16732051815217
50.249424002795436
50.33176015499956
50.41433202257361
50.49714272162596
50.580195438768655
50.66349343341506
50.74704004017575
50.83083867135777
50.91489281957281
50.99920606046031
51.083782055531636
51.16862455514208
51.25373740159793
51.33912453240598
51.424789983673925
51.510737893670075
51.59697250655183
51.68349817627283
51.77031937067937
51.85744067580762
51.94486680039372
52.03260258061007
52.12065298504172
52.20902311991821
52.29771823461705
52.38674372745647
52.47610515179633
52.56580822246764
52.655858822552695
52.746263010539764
52.83702702787791
52.92815730696
53.01966047956416
53.111543385786355
53.20381308349984
53.29647685838024
53.3895422345384
53.48301698580701
53.5769091477311
53.67122703031739
53.76597923160216
53.861174652103536
53.95682251023005
54.05293235872452
54.14951410223033
54.2465780160756
54.34413476638117
54.44219543160869
54.54077152567822
54.639875022798044
54.73951838416571
54.83971458671669
54.94047715411739
55.04182019022206
55.14375841523905
55.24630720488152
55.34948263281147
55.45330151672473
55.557781468468875
55.66294094863729
55.76879932614164
55.87537694333317
55.982695187322975
56.09077656824321
56.19964480529988
56.30932492159382
56.41984334883567
56.53122804325654
56.6435086142243
56.756716467323834
56.8708849639558
56.986049599864884
57.10224820543776
57.219521171131824
57.33791170203025
57.45746610629627
57.57823412325804
57.70026929804318
57.82362941116569
57.948376973331584
58.074579798090035
58.202311667968935
58.33165311361083
58.46269233046006
58.59552626415554
58.730261904534274
58.867017839880994
59.005926138975795
59.14713465038146
59.29080983895943
59.43714032292181
59.58634133725334
59.73866044137591
59.89438492740402
60.05385159885554
60.21745992816515
60.38569015517494
60.559128828561875
60.7385059559787
60.92475102569298
61.11908128484526
61.32314868979926
61.53930238183538
61.77110384352456
62.02448247229227
62.31092573405356
62.6604431488433