0.03637311360853594
0.1091194440361739
0.18186608409931737
0.25461324023432813
0.32736111889660635
0.4001099265682092
0.47285986976547173
0.5456111550466317
0.6183639890194591
0.6911185783488908
0.7638751297646712
0.8366338500690004
0.9093949461441894
0.9821586249603246
1.054925093582942
1.1276945591807104
1.2004672290331269
1.2732433105382241
1.3460230112202907
1.4188065387376039
1.4915941008901779
1.564385905627528
1.63718216105645
1.7099830754488163
1.7827888572493908
1.855599715083663
1.9284158577656998
2.0012374943060203
2.0740648339194903
2.146898086033238
2.2197374602945974
2.2925831665790697
2.3654354149983154
2.438294415908166
2.5111603799166704
2.5840335178921596
2.656914040971349
2.7298021605674636
2.8026980883783974
2.8756020363949015
2.948514216908807
3.021434842521281
3.094364126151113
3.167302281043041
3.2402495207761137
3.3132060592720856
3.3861721108038547
3.459147890003937
3.532133611872981
3.605129491788326
3.6781357455125994
3.7511525892023583
3.8241802394167768
3.897218913126377
3.9702688277218066
4.0433302010226635
4.116403251286373
4.189488197217108
4.262585257974765
4.335694653183988
4.408816602943254
4.4819513278339995
4.555099048929815
4.628259987805686
4.701434366547299
4.774622407760403
4.847824334580232
4.921040370680988
4.994270740285387
5.06751566817427
5.140775379696278
5.214050100777591
5.287340057931742
5.360645478269494
5.433966589508784
5.507303619984751
5.580656798659821
5.654026355133886
5.727412519654537
5.800815523127392
5.874235597126494
5.947672973904791
6.021127886404701
6.094600568268752
6.168091253850316
6.2416001782244255
6.315127577198674
6.388673687324215
6.462238745906844
6.535822991018172
6.609426661506906
6.68304999701021
6.756693237965172
6.830356625620373
6.904040402047549
6.977744810153362
7.051470093691272
7.1252164972735255
7.198984266383236
7.2727736473865905
7.346584887545159
7.420418235028321
7.4942739389258115
7.568152249260381
7.642053417000576
7.715977694073646
7.789925333378572
7.86389658879922
7.93789171521763
8.01191096852743
8.08595460564738
8.160022884535072
8.234116064200736
8.308234404721215
8.382378167254066
8.456547614051816
8.530743008476358
8.604964615013504
8.679212699287685
8.75348752807681
8.827789369327286
8.90211849216919
8.97647516693162
9.050859665158185
9.125272259622701
9.199713224345032
9.274182834607112
9.348681366969151
9.423209099286023
9.497766310723824
9.57235328177664
9.646970294283486
9.72161763144545
9.796295577843031
9.871004419453678
9.94574444366954
10.020515939315404
10.095319196666873
10.17015450746874
10.24502216495358
10.319922463860578
10.39485570045457
10.46982217254533
10.54482217950707
10.6198560222982
10.694924003481322
10.770026427243465
10.845163599416589
10.920335827498322
10.99554342067298
11.070786689832838
11.146065947599672
11.221381508346587
11.296733688220108
11.37212280516257
11.44754917893479
11.52301313113903
11.598514985242277
11.674055066599813
11.749633702479095
11.825251222083967
11.900907956579179
11.97660423911524
12.052340404853615
12.128116790992237
12.203933736791404
12.279791583599982
12.355690674882016
12.431631356243669
12.507613975460556
12.58363888250545
12.659706429576373
12.735816971125086
12.811970863885985
12.888168466905386
12.964410141571253
13.040696251643332
13.11702716328373
13.193403245087918
13.269824868116206
13.346292405925656
13.42280623460247
13.499366732794861
13.575974281746388
13.652629265329805
13.729332070081409
13.806083085235887
13.882882702761712
13.959731317397049
14.036629326686217
14.113577131016703
14.19057513365674
14.267623740793466
14.344723361571669
14.421874408133128
14.499077295656573
14.576332442398263
14.653640269733211
14.731001202197039
14.808415667528514
14.885884096712763
14.963406924025152
15.040984587075899
15.118617526855386
15.196306187780218
15.274051017740017
15.35185246814499
15.429710993974272
15.507627053825068
15.585601109962607
15.663633628370922
15.741725078804487
15.819875934840711
15.898086673933317
15.976357777466626
16.054689730810765
16.13308302337781
16.2115381486789
16.290055604382328
16.368635892372637
16.44727951881075
16.525986994195122
16.604758833424025
16.68359555585884
16.762497685388556
16.841465750495356
16.9205002843214
16.99960182473679
17.078770914408782
17.15800810087222
17.23731393660127
17.31668897908246
17.39613379088905
17.47564893975678
17.55523499866103
17.634892545895386
17.714622165151702
17.79442444560164
17.874299981979775
17.954249374668244
18.034273229783025
18.11437215926186
18.194546780953857
18.27479771871085
18.355125602480484
18.43553106840116
18.516014758898798
18.596577322785542
18.677219415360373
18.75794169851176
18.838744840822333
18.91962951767565
19.000596411365137
19.08164621120523
19.162779613644737
19.243997322382583
19.325300048485875
19.406688510510445
19.488163434623846
19.569725554730972
19.65137561260226
19.73311435800461
19.814942548835084
19.896860951257434
19.97887033984154
20.060971497705882
20.143165216663046
20.22545229736841
20.30783354947207
20.390309791774097
20.472881852383217
20.555550568878996
20.63831678847767
20.72118136820165
20.804145175052852
20.887209086189987
20.97037398910982
21.053640781832634
21.137010373091915
21.220483682528464
21.30406164088898
21.387745190229317
21.471535284122503
21.555432887871678
21.63943897872809
21.723554546114308
21.80778059185279
21.892118130399975
21.97656818908608
22.061131808360738
22.145810042044676
22.230603957587633
22.315514636332676
22.400543173787124
22.485690679900305
22.570958279348318
22.65634711182607
22.741858332346766
22.827493111549124
22.913252636012576
22.999138108580617
23.085150748692726
23.171291792724972
23.257562494339695
23.34396412484455
23.430497973561142
23.5171653482037
23.60396757526802
23.690906000431056
23.777981988961574
23.86519692614214
23.95255221770293
24.040049290267724
24.127689591812516
24.215474592137166
24.30340578335062
24.391484680370056
24.479712821434607
24.568091768634055
24.656623108453108
24.745308452331823
24.83414943724272
24.9231477262853
25.012305009298498
25.101623003491834
25.191103454095934
25.280748135033143
25.370558849609044
25.46053743122563
25.550685744117036
25.64100568410865
25.731499179400565
25.822168191376367
25.91301471543817
26.00404078186907
26.095248456724068
26.18663984275065
26.278217080340244
26.36998234851182
26.461937865929006
26.554085891952138
26.646428727726693
26.738968717309703
26.831708248835795
26.92464975572455
27.017795717931016
27.11114866324133
27.204711168615383
27.2984858615787
27.3924754216658
27.486682581917314
27.581110130433427
27.67576091198622
27.770637829693726
27.86574384675857
27.96108198827436
28.056655343103046
28.152467065826748
28.24852037877768
28.344818574150064
28.441365016198198
28.538163143524933
28.635216471465302
28.73252859457007
28.83010318919458
28.927944016198264
29.026054923760825
29.12443985032128
29.223102827646592
29.322047984036875
29.42127954767486
29.520801850127608
29.620619330009085
29.720736536812783
29.821158134924243
29.921888907823913
30.022933762491604
30.124297734024577
30.22598599048214
30.328003837970556
30.430356725983113
30.5330502530113
30.63609017244417
30.739482398774356
30.843233014130597
30.947348275158056
31.051834620269627
31.15669867729307
31.26194727154083
31.367587434331803
31.473626411996424
31.580071675399303
31.68693093001654
31.79421212660788
31.9019234725276
32.01007344372171
32.118670797463515
32.2277245858841
32.33724417035979
32.44723923682427
32.55771981207951
32.668696281186975
32.78017940602831
32.892180345133966
33.0047106748878
33.11778241222715
33.2314080389702
33.345600527916474
33.460373370882266
33.5757406088504
33.69171686443399
33.808317376876545
33.925558039836645
34.043455442234844
34.16202691247376
34.28129056638077
34.40126535926631
34.52197114254133
34.643428725394905
34.76565994210027
34.888687725594565
35.01253618806741
35.137230709398104
35.262798034403325
35.38926638000042
35.516665553560046
35.645027083920795
35.774384366774406
35.904772826411154
36.03623009615034
36.168796220184326
36.302513880050356
36.437428649534155
36.57358928252755
36.71104803924249
36.849861057268896
36.99008877530891
37.13179641909974
37.275054561147726
37.41993976856944
37.56653535674676
37.71493227089355
37.86523012333457
38.01753842177616
38.171978033760965
38.32868294578599
38.48780239359431
38.64950346494925
38.81397431080823
38.98142814989349
39.152108322503885
39.32629475370344
39.50431234294261
39.68654203913754
39.87343574384416
40.06553681286908
40.26350899187329
40.46817850752226
40.680597546537406
40.90214429581631
41.13468949015308
41.38089392588915
41.644792456020824
41.93310414721204
42.258849687234864
42.65605388635619