0.039757443847905735
0.1192724925766448
0.198788024412646
0.27830436145568327
0.35782182584793354
0.4373407397909477
0.5168614255626294
0.596384205534227
0.6759094021873387
0.7554373381309355
0.8349683361184028
0.9145027190646057
0.9940408100629772
1.0735829324026358
1.153129409585532
1.2326805653436286
1.312236723656115
1.3917982087666614
1.4713653452007127
1.550938457782827
1.630517871654059
1.7101039122893935
1.789696905515231
1.8692971775269267
1.9489050549063875
2.0285208646397295
2.108144934134997
2.1877775912399504
2.2674191642599184
2.347069981975726
2.4267303736616945
2.5064006691037184
2.5860811986174257
2.665772293066418
2.7454742838805988
2.8251875030745914
2.904912283266248
2.984648957695257
3.0643978602418422
3.1441593254455737
3.2239336885242764
3.3037212853930487
3.3835224526833922
3.4633375277624596
3.5431668487524135
3.6230107545499166
3.7028695848457356
3.7827436801444816
3.8626333817844807
3.9425390319577756
4.022460973730273
4.102399551062026
4.182355108827672
4.2623279928370055
4.342318549855726
4.422327127626321
4.502354074889129
4.582399741403553
4.662464477969452
4.742548636448708
4.8226525697869596
4.902776632035526
4.982921178373518
5.063086565130128
5.143273149807131
5.223481291101567
5.303711348928644
5.38396368444483
5.464238660071177
5.5445366395168465
5.6248579878028675
5.705203071286116
5.785572257683525
5.865965916096542
5.946384417035811
6.02682813244612
6.107297435731584
6.187792701781103
6.26831430699407
6.348862629306354
6.429438048216554
6.510040944812538
6.590671701798268
6.671330703520913
6.752018335998263
6.832734986946447
6.9134810458079645
6.994256903780033
7.075062953843255
7.155899590790623
7.236767211256859
7.317666213748096
7.398596998671915
7.479559968367741
7.560555527137598
7.6415840812772515
7.722646039107715
7.803741811007163
7.884871809443229
7.966036449005715
8.04723614643971
8.128471320679143
8.209742392880742
8.291049786458467
8.372393927118358
8.453775242893867
8.535194164181641
8.616651123777793
8.698146556914645
8.779680901297997
8.861254597144864
8.942868087221765
9.024521816883517
9.106216234112587
9.187951789558982
9.269728936580698
9.351548131284765
9.433409832568845
9.515314502163454
9.597262604674789
9.679254607628167
9.761290981512108
9.843372199823076
9.925498739110868
10.00767107902469
10.089889702359919
10.17215509510558
10.254467746492539
10.336828149042423
10.419236798617318
10.501694194470204
10.584200839296205
10.666757239284616
10.74936390417177
10.832021347294722
10.914730085645813
10.997490639928078
11.080303534611577
11.163169297990612
11.246088462241895
11.329061563483661
11.412089141835759
11.495171741480732
11.578309910725915
11.66150420206659
11.74475517225018
11.828063382341549
11.9114293977894
11.994853788493826
12.078337128875004
12.161879997943105
12.245482979369388
12.329146661558564
12.412871637722422
12.496658505954759
12.58050786930764
12.664420335869025
12.748396518841785
12.832437036624157
12.916542512891645
13.000713576680427
13.084950862472294
13.169255010281145
13.253626665741095
13.338066480196233
13.422575110792044
13.507153220568568
13.591801478555322
13.676520559868028
13.76131114580719
13.84617392395857
13.931109588295618
14.016118839283875
14.10120238398743
14.186360936177472
14.271595216442982
14.356905952303617
14.442293878324863
14.527759736235488
14.613304275047378
14.69892825117778
14.78463242857407
14.870417578841062
14.956284481370934
15.042233923475866
15.128266700523431
15.214383616074826
15.300585482026003
15.386873118751806
15.473247355253166
15.559709029307452
15.646258987622046
15.73289808599126
15.81962718945665
15.906447172470843
15.993358919064972
16.080363323019807
16.16746128804069
16.2546537279364
16.341941566802006
16.429325739205883
16.51680719038098
16.604386876420435
16.692065764477714
16.77984483297137
16.86772507179455
16.955707482529423
17.04379307866664
17.13198288582998
17.22027794200635
17.308679297781282
17.39718801658009
17.485805174914887
17.5745318626376
17.66336918319917
17.752318253915167
17.841380206237957
17.930556186035677
18.019847353878184
18.109254885330238
18.198779971252115
18.288423818107894
18.378187648281667
18.46807270040192
18.558080229674356
18.64821150822341
18.738467825442786
18.828850488355233
18.919360821981968
19.010000169721962
19.1007698937415
19.1916713753743
19.282706015532586
19.37387523512949
19.4651804755131
19.556623198912693
19.6482048888974
19.739927050847903
19.8317912124415
19.923798924151082
20.01595175975845
20.1082513168826
20.20069921752335
20.293297108621026
20.386046662632694
20.478949578125565
20.572007580388252
20.665222422060484
20.75859588378199
20.852129774861325
20.945825933965303
21.039686229829936
21.133712561993597
21.22790686155337
21.322271091945446
21.41680724975048
21.511517365525016
21.606403504659873
21.701467768266717
21.796712294093858
21.892139257472543
21.98775087229498
22.08354939202538
22.17953711074545
22.275716364235787
22.372089531094655
22.468659033895804
22.565427340386993
22.662396964731006
22.759570468791004
22.856950463462233
22.95453961005208
23.052340621710737
23.150356264914752
23.248589361005823
23.347042787787522
23.445719481182532
23.54462243695332
23.643754712489187
23.743119428663004
23.84271977176083
23.942558995488127
24.042640423056227
24.14296744935311
24.243543543202726
24.344372249717242
24.445457192747124
24.546802077433966
24.648410692871497
24.750286914880434
24.852434708903207
24.954858133025088
25.0575613411284
25.160548586187335
25.2638242237109
25.367392715342508
25.47125863262493
25.575426660940078
25.679901603633745
25.784688386336057
25.88979206148924
25.995217813094975
26.10097096169473
26.207056969597147
26.313481446367817
26.420250154597813
26.527369015968592
26.63484411763221
26.742681718927248
26.850888258452493
26.959470361522026
27.06843484802738
27.17778874073443
27.287539274044992
27.397693903255508
27.50826031434799
27.6192464343514
27.73066044231479
27.84251078093736
27.954806168904383
28.067555613982492
28.18076842693261
28.29445423630424
28.408623004180818
28.52328504295241
28.638451033199498
28.754132042779762
28.87033954721895
28.987085451517167
29.10438211349342
29.222242368804032
29.340679557785098
29.459707554285238
29.579340796673417
29.699594321227135
29.820483798129853
29.942025570332994
30.064236695568177
30.18713499182973
30.31073908668692
30.435068470830398
30.56014355630904
30.685985739972974
30.81261747270738
30.94006233512104
31.068345120446246
31.19749192551411
31.32753025079515
31.45848911064243
31.59039915504792
31.723292804427725
31.85720439919448
31.992170366164334
32.1282294041915
32.26542269183809
32.40379412038746
32.54339055611611
32.68426213647832
32.826462605764114
32.97004969690735
33.1150855675061
33.26163729984559
33.40977747688733
33.55958484893885
33.71114510923063
33.864551801146376
34.019907385723556
34.17732450574055
34.33692749291149
34.498854178388534
34.663258085334554
34.83031110785963
35.000206816245026
35.17316457890952
35.34943476451421
35.52930539497993
35.71311078175755
35.901242926829696
36.094166864906406
36.29244176960414
36.496750743233456
36.70794415184479
36.92710498235297
37.155651845861414
37.39551046451347
37.649420019318654
37.92153450900586
38.21877191632764
38.55453948552721
38.963875387469656