0.03808620883607427
0.11425875642367082
0.19043169376337257
0.26660528070912065
0.3427797771436652
0.4189554429900945
0.49513253822336895
0.5713113228818615
0.6474920570789072
0.7236750010143618
0.7998604149861712
0.8760485594019546
0.9522396947906012
1.0284340818138828
1.1046319812780834
1.180833654145648
1.257039361546851
1.3332493647914878
1.4094639253805876
1.4856833050181537
1.561907765622927
1.638137569340181
1.7143729785535438
1.7906142558968519
1.8668616642660376
1.943115466831049
2.019375927047808
2.095643308670203
2.171917875762124
2.2481998927095344
2.3244896242325903
2.4007873353977986
2.4770932916302244
2.553407758725744
2.6297310028633456
2.7060632906174864
2.782404888970494
2.8587560653250277
2.9351170875165953
3.011488223826124
3.0878697429925928
3.1642619142257296
3.2406650072187633
3.317079292161248
3.393505039751952
3.4699425212118107
3.546392008296956
3.6228537733118156
3.6993280891222855
3.7758152291689795
3.852315467480556
3.928829078687127
4.005356338033746
4.081897521393982
4.158452905283578
4.235022766874202
4.31160738400728
4.388207035207928
4.464821999698979
4.541452557415102
4.618098989017021
4.694761575905839
4.771440600237461
4.848136344937123
4.924849093714031
5.001579131076112
5.078326742344869
5.155092213670361
5.231875832046296
5.308677885325244
5.38549866223397
5.4623384523889
5.539197546311704
5.616076235445018
5.692974812168296
5.769893569813791
5.846832802682691
5.923792806061371
6.000773876237819
6.077776310518179
6.15480040724347
6.231846465806432
6.308914786668553
6.386005671377238
6.463119422583144
6.54025634405768
6.617416740710676
6.694600918608226
6.771809184990698
6.84904184829093
6.926299218152602
7.0035816054488
7.080889322300757
7.158222682096799
7.235581999511475
7.3129675905249
7.390379772442284
7.467818863913684
7.545285184953961
7.622779056962949
7.700300802745845
7.777850746533828
7.855429214004894
7.9330365323049366
8.01067303006905
8.088339037443085
8.166034886105438
8.243760909289103
8.321517441803964
8.399304820059358
8.4771233820869
8.554973467563563
8.632855417835064
8.710769575939487
8.788716286631232
8.86669589640522
8.944708753521418
9.022755208029652
9.100835611794729
9.17895031852187
9.257099683782476
9.335284065040188
9.413503821677308
9.491759315021547
9.5700509083731
9.648378967032103
9.726743858326417
9.805145951639783
9.883585618440367
9.962063232309653
10.040579168971735
10.119133806323005
10.197727524462238
10.27636070572107
10.355033734694915
10.43374699827429
10.51250088567657
10.591295788478194
10.67013210064731
10.749010218576876
10.827930541118237
10.906893469615172
10.985899407938415
11.064948762520695
11.144041942392247
11.223179359216871
11.30236142732849
11.381588563768249
11.460861188322164
11.540179723559332
11.619544594870687
11.698956230508355
11.778415061625589
11.857921522317318
11.937476049661289
12.017079083759857
12.096731067782406
12.176432448008418
12.256183673871218
12.335985198002396
12.41583747627691
12.49574096785892
12.575696135248329
12.655703444328063
12.735763364412112
12.815876368294331
12.89604293229804
12.9762635363264
13.056538663913646
13.136868802277117
13.217254442370171
13.29769607893595
13.378194210562052
13.458749339736105
13.539361972902276
13.620032620518716
13.700761797116003
13.781550021356551
13.86239781609504
13.94330570843989
14.02427422981579
14.105303916027296
14.186395307323563
14.267548948464182
14.348765388786179
14.430045182272213
14.51138888761996
14.59279706831275
14.674270292691462
14.75580913402771
14.837414170598358
14.919085985761386
15.000825168033138
15.082632311166991
15.164508014233476
15.246452881701874
15.328467523523338
15.410552555215569
15.492708597949083
15.5749362786351
15.657236230015119
15.739609090752175
15.82205550552387
15.904576125117185
15.987171606525118
16.06984261304522
16.152589814380054
16.2354138867396
16.31831551294572
16.40129538253867
16.484354191885764
16.567492644292155
16.650711450113935
16.734011326873446
16.81739299937697
16.90085719983484
16.984404667983977
17.068036151213022
17.15175240468998
17.235554191492604
17.319442282741484
17.403417457735927
17.487480504092737
17.571632217887963
17.65587340380163
17.740204875265643
17.824627454614873
17.9091419732415
17.993749271752776
18.07845020013222
18.163245617904398
18.248136394303344
18.33312340844477
18.418207549502114
18.50338971688657
18.58867082043123
18.674051780579383
18.75953352857718
18.845117006670712
18.930803168307683
19.016592978343766
19.102487413253815
19.18848746134807
19.274594122993456
19.360808410840193
19.44713135005384
19.53356397855292
19.62010734725232
19.70676252031264
19.793530575395668
19.880412603926118
19.967409711359938
20.05452301745926
20.141753656574295
20.229102777932326
20.316571545934085
20.404161140457667
20.49187275717031
20.579707607848203
20.66766692070465
20.755751940726853
20.843963930021513
20.93230416816966
21.02077395259093
21.10937459891763
21.198107441378905
21.28697383319539
21.375975146984604
21.46511277517759
21.554388130447037
21.643802646147396
21.733357776767342
21.82305499839504
21.91289580919662
22.002881729908413
22.093014304343345
22.18329509991205
22.27372570815921
22.364307745315674
22.455042852866974
22.54593269813876
22.63697897489985
22.728183403983515
22.819547733927713
22.911073741634937
23.00276323305249
23.09461804387391
23.186640040262407
23.27883111959711
23.371193211243117
23.46372827734615
23.556438313652922
23.649325350358172
23.742391452979454
23.835638723260832
23.929069300106633
24.022685360546514
24.11648912073317
24.210482836973988
24.304668806798155
24.39904937006067
24.493626910084878
24.58840385484517
24.68338267819164
24.778565901118498
24.873956093078178
24.969555873343264
25.06536791241826
25.16139493350361
25.257639714014218
25.35410508715515
25.450793943557045
25.5477092329741
25.644853966047638
25.742231216138357
25.839844121230556
25.93769588591192
26.03578978343253
26.134129157847056
26.23271742624428
26.331558081068437
26.430654692536947
26.530010911159668
26.629630470364813
26.729517189237225
26.829674975374996
26.93010782787069
27.030819840424044
27.13181520459325
27.233098213192527
27.334673263844213
27.43654486269399
27.538717628298656
27.641196295696396
27.743985720670157
27.84709088421555
27.950516897225466
28.054269005404517
28.15835259442728
28.262773195355408
28.367536490329773
28.472648318555056
28.578114682595384
28.683941755001264
28.790135885289413
28.89670360729894
29.003651646949148
29.11098693042624
29.218716592828493
29.326847987301868
29.435388694700773
29.544346533811524
29.653729572179454
29.763546137584044
29.87380483021046
29.984514535570256
30.09568443822868
30.207324036401523
30.31944315749019
30.43205197463029
30.545161024336323
30.65878122533314
30.772923898673906
30.887600789254336
31.002824088844438
31.118606460771485
31.234961066402334
31.35190159358915
31.469442287260716
31.587597982361878
31.706384139366843
31.825816882618213
31.945913041773487
32.06669019667474
32.18816672599599
32.31036186006717
32.433295738324745
32.55698947189772
32.6814652119054
32.8067462241221
32.93285697075486
33.05982320018636
33.18767204565939
33.31643213402457
33.4461337058439
33.57680874834504
33.70849114296036
33.84121682947025
33.97502398911037
34.10995324941226
34.24604791403979
34.383354221482485
34.521921637195945
34.66180318467286
34.80305582202971
34.94574087205946
35.08992451540559
35.23567835865531
35.38308009186306
35.532214253478166
35.68317312510799
35.836057784336425
35.99097935141057
36.1480604756707
36.307437121087126
36.46926072857239
36.633700857911236
36.800948447285265
36.97121987819406
37.1447621054986
37.3218592181901
37.502840955795115
37.68809395098128
37.87807685838347
38.073341166944196
38.27456057452516
38.48257371833231
38.69844861912614
38.923584244095814
39.159879592628165
39.41003574933089
39.678148800942836
39.97104003600918
40.301928772072614
40.70536047004258