0.025518643176368577
0.07655594707229317
0.12759330359793689
0.1786307478403017
0.22966831488717365
0.2807060398274362
0.3317439577513841
0.3827821037510369
0.43382051292045276
0.4848592203560421
0.5358982611568817
0.5869376704250282
0.6379774832658324
0.6890177347882532
0.7400584601051718
0.7910996943337061
0.8421414725955246
0.8931838300171614
0.9442268017303305
0.9952704228722408
1.0463147285859107
1.0973597540204836
1.1484055343315425
1.1994521046814262
1.2504995002395434
1.3015477561826903
1.3525969076953652
1.4036469899700854
1.4546980382077028
1.505750087617721
1.5568031734186119
1.6078573308381328
1.6589125951136434
1.709969001492424
1.7610265852319926
1.8120853816004228
1.8631454258766629
1.9142067533508538
1.9652693993246484
2.0163333991115304
2.067398788037134
2.118465601439564
2.1695338746697153
2.2206036430915934
2.2716749420826363
2.322747807034035
2.3738222733510543
2.424898376453356
2.4759761517753205
2.52705563476637
2.57813686089129
2.6292198656305557
2.6803046844806526
2.731391352954404
2.782479906581293
2.833570380907789
2.884662811497673
2.9357572339323657
2.98685368381125
3.0379521967520007
3.089052808390913
3.140155554383228
3.1912604704034626
3.2423675921457384
3.293476955324111
3.3445885956729007
3.3957025489470216
3.4468188509223148
3.4979375373958788
3.5490586441864016
3.600182207134495
3.651308262103026
3.702436844977453
3.753567991666159
3.804701738100786
3.8558381202365735
3.906977174052693
3.9581189355525863
4.009263440764302
4.060410725740834
4.111560826560463
4.162713779327093
4.213869620170592
4.265028385247139
4.316190110739557
4.367354832857661
4.418522587838601
4.469693411947205
4.520867341476323
4.572044412747175
4.6232246621096955
4.67440812594288
4.725594840655136
4.776784842684626
4.827978168499625
4.879174854598863
4.93037493751188
4.9815784537993775
5.032785440053573
5.083995932898548
5.135209968990609
5.186427585018641
5.237648817704459
5.288873703803174
5.340102280103542
5.391334583428329
5.4425706506346705
5.493810518614429
5.545054224294557
5.596301804637463
5.647553296641371
5.698808737340689
5.75006816380637
5.801331613146283
5.8525991225055805
5.903870729067062
5.955146470051553
6.006426382718268
6.057710504365183
6.108998872329413
6.160291523987585
6.2115884967562085
6.262889828092057
6.314195555492543
6.365505716496097
6.416820348682547
6.468139489673501
6.519463177132723
6.570791448766524
6.6221243423241445
6.673461895598135
6.724804146424747
6.776151132684321
6.827502892301673
6.878859463246491
6.9302208835337185
6.981587191223952
7.032958424423837
7.08433462128646
7.135715820011746
7.187102058846859
7.2384933760866
7.289889810073808
7.34129139919976
7.392698181904582
7.444110196677643
7.495527482057972
7.5469500766346584
7.598378019047266
7.649811347986242
7.7012501021933275
7.7526943204619725
7.8041440416377545
7.8555993046187895
7.907060148356151
7.958526611854295
8.009998734171475
8.06147655442017
8.112960111767501
8.164449445435668
8.215944594702366
8.267445598901224
8.318952497422229
8.370465329712165
8.421984135275034
8.47350895367251
8.525039824524363
8.576576787508902
8.628119882363416
8.679669148884619
8.731224626929087
8.782786356413716
8.834354377316156
8.885928729675273
8.937509453591588
8.989096589227746
9.040690176808955
9.092290256623453
9.143896869022969
9.195510054423169
9.247129853304138
9.298756306210828
9.350389453753538
9.402029336608372
9.453675995517717
9.505329471290707
9.55698980480371
9.60865703700079
9.660331208894197
9.712012361564843
9.763700536162782
9.815395773907703
9.867098116089407
9.9188076040683
9.970524279275892
10.022248183215275
10.073979357461633
10.125717843662729
10.177463683539415
10.22921691888612
10.280977591571375
10.332745743538299
10.38452141680512
10.436304653465685
10.488095495689974
10.539893985724607
10.591700165893378
10.643514078597768
10.695335766317463
10.747165271610887
10.799002637115732
10.850847905549482
10.902701119709949
10.954562322475812
11.00643155680715
11.05830886574599
11.11019429241684
11.162087880027247
11.213989671868333
11.265899711315361
11.317818041828279
11.369744706952277
11.421679750318349
11.47362321564386
11.525575146733104
11.57753558747787
11.629504581858022
11.681482173942069
11.733468407887734
11.785463327942542
11.837466978444402
11.889479403822188
11.941500648596326
11.993530757379391
12.045569774876698
12.0976177458869
12.149674715302584
12.201740728110885
12.253815829394075
12.305900064330194
12.357993478193645
12.41009611635582
12.462208024285715
12.514329247550556
12.566459831816418
12.618599822848864
12.670749266513567
12.722908208776955
12.775076695706842
12.82725477347308
12.879442488348191
12.931639886708037
12.983847015032453
13.036063919905912
13.088290648018189
13.140527246165018
13.192773761248763
13.245030240279089
13.297296730373633
13.34957327875869
13.401859932769888
13.454156739852875
13.506463747564016
13.558781003571076
13.611108555653923
13.663446451705232
13.715794739731187
13.76815346785219
13.820522684303574
13.872902437436327
13.925292775717802
13.977693747732452
14.03010540218256
14.082527787888965
14.13496095379181
14.18740494895127
14.239859822548324
14.292325623885477
14.344802402387536
14.39729020760236
14.44978908920163
14.502299096981613
14.554820280863938
14.607352690896374
14.659896377253611
14.71245139023805
14.76501778028059
14.817595597941432
14.87018489391087
14.92278571901011
14.975398124192065
15.028022160542188
15.08065787927928
15.13330533175632
15.1859645694613
15.238635644018053
15.291318607187097
15.344013510866484
15.39672040709265
15.449439348041263
15.502170386028103
15.55491357350991
15.607668963085269
15.660436607495475
15.713216559625439
15.766008872504548
15.818813599307582
15.871630793355603
15.924460508116864
15.97730279720772
16.030157714393543
16.08302531358965
16.135905648862224
16.18879877442926
16.241704744661483
16.29462361408333
16.347555437373874
16.400500269367782
16.45345816505631
16.50642917958824
16.559413368270867
16.612410786571
16.66542149011594
16.718445534694453
16.77148297625783
16.824533870920835
16.877598274962764
16.930676244828447
16.98376783712929
17.036873108644293
17.089992116321127
17.14312491727714
17.19627156880046
17.249432128351017
17.30260665356165
17.355795202239165
17.40899783236542
17.462214602098438
17.51544556977348
17.56869079390418
17.621950333183644
17.67522424648557
17.728512592865393
17.78181543156142
17.83513282199596
17.8884648237765
17.941811496696857
17.995172900738353
18.04854909607098
18.1019401430546
18.155346102240134
18.20876703437077
18.262203000383163
18.31565406140867
18.369120278774556
18.422601714005264
18.476098428823626
18.529610485152137
18.583137945114213
18.63668087103547
18.69023932544498
18.7438133710766
18.797403070870246
18.851008487973193
18.904629685741423
18.958266727740924
19.01191967774905
19.065588599755845
19.119273557965414
19.172974616797294
19.226691840887806
19.28042529509147
19.334175044482375
19.387941154355612
19.441723690228663
19.495522717842846
19.549338303164753
19.60317051238768
19.65701941193311
19.710885068452157
19.76476754882707
19.81866692017271
19.872583249838055
19.926516605407716
19.980467054703457
20.034434665785735
20.088419506955248
20.142421646754496
20.196441153969342
20.250478097630612
20.304532547015672
20.358604571650048
20.41269424130904
20.466801626019354
20.520926796060742
20.575069821967674
20.629230774530985
20.68340972479957
20.73760674408209
20.791821903948648
20.846055276232548
20.900306933032
20.95457694671188
21.008865389905505
21.06317233551638
21.117497856720007
21.17184202696569
21.226204919978347
21.280586609760327
21.334987170593287
21.389406677040032
21.443845203946392
21.49830282644312
21.552779619947792
21.607275660166728
21.661791023096935
21.716325785028044
21.770880022544294
21.8254538125265
21.88004723215407
21.934660358906996
21.989293270567913
22.043946045224118
22.098618761269663
22.153311497407415
22.20802433265116
22.262757346327724
22.31751061807911
22.372284227864625
22.427078255963078
22.481892782974942
22.536727889824572
22.591583657762428
22.646460168367298
22.70135750354859
22.756275745548567
22.811214976944687
22.866175280651888
22.921156739924946
22.976159438360817
23.031183459901012
23.086228888834004
23.141295809797626
23.196384307781535
23.251494468129636
23.30662637654259
23.361780119080283
23.416955782164376
23.47215345258083
23.527373217482474
23.582615164391587
23.63787938120252
23.69316595618431
23.748474977983342
23.803806535626027
23.859160718521505
23.914537616464354
23.969937319637356
24.025359918614264
24.080805504362583
24.136274168246413
24.191766002029286
24.247281097877025
24.30281954836066
24.358381446459333
24.413966885563262
24.4695759594767
24.525208762420952
24.58086538903738
24.63654593439049
24.69225049397098
24.747979163698883
24.80373203992667
24.859509219442458
24.915310799473176
24.971136877687794
25.02698755220059
25.082862921574428
25.138763084824063
25.1946881414195
25.25063819128936
25.306613334824295
25.362613672880414
25.418639306782772
25.47469033832885
25.53076686979211
25.586869003925546
25.642996843965303
25.699150493634303
25.75533005714591
25.81153563920764
25.8677673450249
25.924025280304768
25.980309551259793
26.03662026461184
26.092957527595992
26.149321447964446
26.205712133990488
26.26212969447249
26.31857423873792
26.375045876647455
26.431544718599056
26.488070875532152
26.544624458931803
26.601205580832957
26.65781435382472
26.71445089105466
26.771115306233185
26.82780771363793
26.884528228118217
26.941276965099526
26.99805404058805
27.054859571175257
27.11169367404252
27.16855646696579
27.225448068320315
27.282368597085398
27.33931817284921
27.396296915813657
27.453304946799282
27.510342387250237
27.567409359239274
27.624505985472823
27.6816323892961
27.738788694698265
27.79597502631764
27.853191509446997
27.910438270038853
27.967715434710883
28.025023130751332
28.08236148612452
28.13973062947638
28.197130690140074
28.25456179814167
28.312024084205834
28.369517679761646
28.42704271694843
28.484599328621673
28.542187648358983
28.599807810466125
28.657459949983128
28.715144202690443
28.772860705115153
28.830609594537304
28.888391008996237
28.946205087297027
29.004051969017002
29.06193179451228
29.119844704924436
29.17779084218721
29.2357703490333
29.293783369001204
29.35183004644218
29.40991052652725
29.46802495525428
29.52617347945517
29.584356246803086
29.642573405819792
29.700825105883066
29.759111497234173
29.817432730985473
29.875788959128055
29.934180334539498
29.992607010991705
30.051069143158823
30.10956688662526
30.16810039789378
30.22666983439373
30.285275354489272
30.34391711748784
30.40259528364857
30.461310014190897
30.520061471303237
30.57884981815176
30.637675218889274
30.696537838664213
30.755437843629718
30.814375400952844
30.873350678823854
30.932363846465638
30.991415074143234
31.050504533173473
31.109632395934725
31.168798835876757
31.228004027530744
31.287248146519353
31.346531369566975
31.405853874510075
31.46521584030768
31.52461744705194
31.584058875978922
31.643540309479413
31.703061931109932
31.762623925603872
31.82222647888275
31.881869778067617
31.94155401149059
32.00127936870656
32.06104604050501
32.120854218921984
32.180704097252246
32.24059587006155
32.30052973319903
32.360505883809886
32.42052452034804
32.48058584258913
32.5406900516435
32.60083734996954
32.66102794138702
32.72126203109072
32.78153982566417
32.8418615330936
32.90222736278206
32.96263752556369
33.02309223371828
33.083591700985835
33.14413614258156
33.20472577521085
33.26536081708457
33.326041487934546
33.386768009029204
33.44754060318944
33.50835949480476
33.569224909849524
33.630137075899526
33.6910962221487
33.75210257942611
33.81315638021315
33.874257858661
33.935407250608236
33.996604793598856
34.057850726900334
34.11914529152208
34.180488730234146
34.241881287586054
34.30332320992608
34.364814745420645
34.4263561440741
34.48794765774866
34.54958954018476
34.6112820470216
34.67302543581797
34.734819966073495
34.79666589925002
34.85856349879344
34.92051303015573
34.98251476081739
35.044568960310144
35.10667590024001
35.16883585431069
35.231049098347285
35.293315910320366
35.355636570370464
35.41801136083281
35.48044056626251
35.542924473460076
35.60546337149736
35.668057551743836
35.73070730789331
35.793412935991
35.856174734461085
35.91899300413458
35.981868048277725
36.044800172620754
36.10778968538711
36.17083689732314
36.233942121728234
36.29710567448538
36.360327874092285
36.4236090416929
36.486949501109514
36.550349578875256
36.613809604267225
36.677329909340024
36.740910828959954
36.80455270083962
36.8682558655732
36.93202066667221
36.995847450601914
37.05973656681822
37.123688367805315
37.18770320911374
37.25178144939928
37.315923450462336
37.380129577288024
37.44440019808691
37.50873568433646
37.573136410823125
37.63760275568518
37.702135100456225
37.766733830109516
37.83139933310292
37.89613200142478
37.960932230640395
38.02580041993946
38.09073697218421
38.15574229395847
38.22081679561745
38.285960891338576
38.35117499917302
38.41645954109827
38.48181494307159
38.54724163508439
38.6127400512176
38.67831062969804
38.743953812955745
38.80967004768239
38.87545978489072
38.9413234799751
39.00726159277309
39.073274587628276
39.13936293345412
39.20552710379907
39.27176757691285
39.338084835813994
39.4044793683586
39.47095166731048
39.537502230412485
39.60413156045929
39.67084016537154
39.73762855827137
39.804497257559426
39.87144678699335
39.93847767576776
40.00559045859581
40.07278567579237
40.14006387335875
40.20742560306919
40.274871422559016
40.342401895414525
40.41001759126472
40.477719085874845
40.54550696124182
40.6133818056916
40.68134421397855
40.74939478738677
40.8175341338336
40.88576286797519
40.954081611314315
41.02249099231034
41.090991646491624
41.15958421657016
41.228269352558726
41.29704771189047
41.36591995954108
41.43488676815356
41.503948818165696
41.5731067979403
41.642361403898235
41.71171334065444
41.78116332115687
41.850712066828514
41.92036030771265
41.99010878262119
42.05995823928655
42.12990943451674
42.19996313435415
42.27012011423783
42.340381159169546
42.4107470638837
42.48121863302105
42.551796681306655
42.622482033731835
42.693275525740475
42.764178003419794
42.83519032369551
42.90631335453181
42.97754797513611
43.048895076168655
43.120355559957375
43.191930340717896
43.26362034477898
43.335426510813576
43.4073497900756
43.47939114664261
43.551551557664666
43.623832013619385
43.696233518573614
43.768757090451686
43.84140376131067
43.91417457762275
43.9870706005649
44.06009290631624
44.13324258636322
44.20652074781283
44.27992851371434
44.353467023389484
44.427137432771765
44.50094091475489
44.574878659550755
44.64895187505733
44.72316178723673
44.797509640503854
44.87199669812592
44.94662424263334
45.02139357624223
45.096306021289095
45.17136292067799
45.246565638340726
45.321915559710476
45.397414092209324
45.47306266575033
45.54886273325445
45.62481577118311
45.7009232800868
45.77718678517039
45.853607836875895
45.93018801148305
46.00692891172873
46.08383216744571
46.160899436221655
46.23813240407894
46.31553278617634
46.3931023275334
46.47084280377822
46.54875602191984
46.62684382114612
46.70510807364802
46.78355068547174
46.862173597399355
46.940978785859706
47.01996826387028
47.09914408201189
47.17850832943712
47.258063134914394
47.33781066790886
47.41775313970199
47.49789280455148
47.578231960893206
47.65877295258725
47.73951817020995
47.82047005239399
47.901631087218945
47.9830038136544
48.06459082305835
48.14639476073328
48.22841832754289
48.31066428159221
48.39313543997435
48.47583468058706
48.55876494402261
48.64192923553465
48.72533062708592
48.80897225948103
48.892857344588585
48.97698916765735
49.061371089731416
49.14600655016961
49.23089906927473
49.31605225103858
49.40146978600907
49.48715545428631
49.5731131286546
49.6593467778583
49.745860470029655
49.83265837627726
49.91974477444468
50.00712405304919
50.094800715411324
50.18277938398683
50.27106480491334
50.35966185278487
50.44857553566864
50.53781100037922
50.62737353802663
50.71726858985603
50.80750175339809
50.8980787889507
50.98900562641407
51.08028837250349
51.17193331836551
51.26394694762579
51.356335944899094
51.44910720479449
51.542267841451704
51.63582519864774
51.729786860516185
51.82416066292572
51.91895470556823
52.01417736481194
52.10983730737987
52.205943504919816
52.302505249538584
52.39953217037996
52.49703425133426
52.595021849975815
52.69350571783506
52.79249702212267
52.892007369035944
52.992048828791575
53.092633962544966
53.19377585137398
53.29548812752553
53.39778500814636
53.50068133174528
53.60419259766464
53.708335008872105
53.81312551842331
53.91858187999083
54.024722702906
54.13156751222022
54.239136814360926
54.347452169037446
54.4565362681453
54.56641302252617
54.67710765756851
54.788646818783874
54.90105868867136
55.01437311639272
55.12862176203089
55.24383825750376
55.36005838656386
55.47732028674798
55.59566467666556
55.71513511265453
55.83577827961729
55.9576443218155
56.0807872206006
56.20526522755229
56.331141363376794
56.458483995296675
56.58736750870122
56.717873092735644
56.85008966458447
56.984114963862744
57.12005685735275
57.25803490615174
57.39818226334575
57.54064799239702
57.68559992723474
57.833228238719634
57.98374993520137
58.13741461769623
58.29451194984612
58.455381518122316
58.62042609905282
58.790129908715826
58.96508435739809
59.14602551007346
59.33389057632345
59.52990692699578
59.73574027455819
59.95375934733853
60.187555364193656
60.44310730240265
60.7319988372006
61.08449128298715