0.024983683778529314
0.07495106711544079
0.12491849779204038
0.17488600736855203
0.22485362740584758
0.27482138946570583
0.3247893251110718
0.3747574659063159
0.4247258434174933
0.47469448921260293
0.5246634348618471
0.5746327119378907
0.6246023520161209
0.6745723866749063
0.7245428474958566
0.7745137660640826
0.8244851739684557
0.8744571028018674
0.9244295841614898
0.9744026496490354
1.0243763308710172
1.0743506594390089
1.1243256669699053
1.1743013850861832
1.2242778454161611
1.2742550795942613
1.3242331192612697
1.374211996064597
1.4241917416585412
1.4741723877045467
1.5241539658714685
1.5741365078358316
1.6241200452820943
1.6741046099029107
1.7240902333993913
1.7740769474813671
1.824064783867652
1.874053774286305
1.9240439504748945
1.974035344180761
2.0240279871612805
2.0740219111841287
2.1240171480275465
2.1740137294806012
2.2240116873434546
2.274011053427625
2.3240118595562556
2.3740141375643757
2.4240179192991707
2.4740232366202455
2.524030121399892
2.5740386055233553
2.624048720889101
2.6740604994090815
2.7240739730090056
2.774089173628604
2.8241061332218993
2.8741248837574753
2.9241454572187426
2.974167885604212
3.0241922009277626
3.0742184352189095
3.1242466205230794
3.174276788901876
3.224308972433356
3.274343203212296
3.3243795133504697
3.3744179349769157
3.424458500238214
3.474501241298757
3.524546190341024
3.574593379565855
3.6246428411927263
3.6746946074600255
3.724748710625326
3.7748051829656637
3.824864056777813
3.8749253643785657
3.924989138105005
3.975055410314787
4.025124213386416
4.075195579719529
4.125269541735166
4.17534613187606
4.225425382606909
4.275507326414665
4.32559199580881
4.375679423321638
4.425769641508543
4.475862682948298
4.52595858024334
4.576057366020052
4.626159072929055
4.676263733645487
4.726371380869292
4.776482047325505
4.826595765764544
4.8767125689624935
4.926832489721395
4.976955560869538
5.027081815261746
5.077211285779673
5.127344005332089
5.177480006855179
5.227619323312826
5.277761987696916
5.327908033027623
5.37805749235371
5.428210398752817
5.47836678533177
5.528526685226862
5.578690131604166
5.628857157659823
5.679027796620348
5.729202081742923
5.779380046315705
5.8295617236581245
5.879747147121188
5.929936350087781
5.980129365972971
6.030326228224316
6.0805269703221665
6.1307316257799735
6.180940228144594
6.231152810996606
6.2813694079506055
6.331590052655528
6.381814778794953
6.432043620087418
6.4822766102867275
6.5325137831822735
6.582755172599343
6.633000812399435
6.68325073648058
6.733504978777653
6.783763573262694
6.834026553945225
6.884293954872576
6.934565810130194
6.984842153841979
7.035123020170596
7.085408443317806
7.135698457524786
7.185993097072459
7.236292396281819
7.286596389514258
7.336905111171898
7.387218595697919
7.437536877576892
7.487859991335108
7.538187971540915
7.5885208528050505
7.638858669780979
7.689201457165227
7.7395492496977205
7.7899020821621265
7.8402599893861895
7.890623006242076
7.940991167646717
7.991364508562149
8.04174306399586
8.092126869001138
8.142515958677414
8.192910368170615
8.243310132673512
8.293715287426066
8.344125867715787
8.394541908878091
8.444963446296638
8.495390515403711
8.545823151680551
8.596261390657734
8.646705267915518
8.697154819084213
8.74761007984454
8.79807108592799
8.848537873117204
8.899010477246321
8.949488934201364
8.999973279920596
9.050463550394898
9.10095978166814
9.151462009837553
9.20197027105411
9.252484601522895
9.303005037503484
9.353531615310333
9.404064371313144
9.454603341937263
9.50514856366405
9.555700073031279
9.606257906633513
9.656822101122502
9.707392693207572
9.757969719656009
9.808553217293463
9.859143223004342
9.909739773732202
9.960342906480152
10.01095265831125
10.061569066348914
10.112192167777312
10.162821999841778
10.213458599849215
10.264102005168505
10.31475225323092
10.36540938153053
10.416073427624621
10.466744429134117
10.517422423743984
10.568107449203657
10.618799543327464
10.669498743995048
10.720205089151783
10.770918616809215
10.821639365045483
10.872367372005746
10.923102675902626
10.973845315016636
11.024595327696613
11.075352752360168
11.126117627494114
11.17688999165492
11.227669883469142
11.278457341633883
11.329252404917236
11.38005511215873
11.430865502269793
11.481683614234196
11.53250948710852
11.583343160022606
11.634184672180025
11.685034062858533
11.735891371410544
11.78675663726359
11.837629899920803
11.888511198961375
11.939400574041036
11.990298064892537
12.041203711326123
12.092117553230013
12.143039630570893
12.193969983394389
12.244908651825567
12.29585567606942
12.346811096411358
12.39777495321771
12.44874728693621
12.49972813809652
12.550717547310711
12.601715555273776
12.652722202764144
12.703737530644185
12.754761579860721
12.805794391445554
12.856836006515964
12.907886466275253
12.95894581201325
13.010014085106851
13.061091327020542
13.112177579306925
13.163272883607267
13.214377281652023
13.26549081526139
13.316613526345838
13.367745456906661
13.418886649036523
13.470037144920017
13.521196986834209
13.572366217149204
13.623544878328701
13.67473301293056
13.725930663607363
13.77713787310699
13.828354684273185
13.87958114004614
13.930817283463064
13.982063157658766
14.033318805866246
14.08458427141728
14.135859597743009
14.187144828374533
14.238440006943513
14.289745177182768
14.341060382926882
14.392385668112805
14.443721076780477
14.495066653073426
14.546422441239395
14.597788485630968
14.649164830706177
14.700551521029153
14.751948601270739
14.80335611620913
14.854774110730519
14.90620262982973
14.957641718610871
15.009091422287975
15.060551786185663
15.112022855739795
15.163504676498132
15.214997294121
15.266500754381964
15.31801510316849
15.369540386482626
15.421076650441691
15.472623941278938
15.524182305344265
15.575751789104892
15.627332439146063
15.678924302171742
15.730527425005324
15.782141854590337
15.833767637991157
15.885404822393722
15.937053455106259
15.988713583560008
16.040385255309943
16.092068518035518
16.143763419541397
16.1954700077582
16.24718833074325
16.29891843668133
16.35066037388543
16.402414190797504
16.454179935989263
16.505957658162902
16.557747406151925
16.609549228921875
16.66136317557116
16.71318929533181
16.765027637570295
16.81687825178831
16.868741187623588
16.920616494850698
16.97250422338187
17.024404423267807
17.07631714469851
17.12824243800412
17.18018035365572
17.232130942266224
17.28409425459117
17.336070341529606
17.38805925412494
17.440061043565777
17.49207576118683
17.544103458469742
17.596144187044004
17.648197998687824
17.700264945329003
17.752345079045853
17.804438452068077
17.856545116777696
17.90866512570994
17.96079853155419
18.01294538715486
18.065105745512394
18.117279659784135
18.169467183285303
18.22166836948994
18.27388327203186
18.326111944705612
18.378354441467447
18.43061081643629
18.482881123894717
18.53516541828996
18.587463754234875
18.639776186508954
18.69210277005934
18.74444356000182
18.796798611621867
18.849167980375654
18.901551721891085
18.953949891968854
19.006362546583468
19.05878974188432
19.111231534196747
19.1636879800231
19.216159136043814
19.268645059118505
19.32114580628705
19.373661434770685
19.426192001973128
19.478737565481676
19.531298183068333
19.58387391269094
19.63646481249432
19.689070940811405
19.741692356164407
19.794329117265974
19.846981283020362
19.8996489125246
19.952332065069697
20.005030800141817
20.057745177423502
20.110475256794867
20.16322109833482
20.215982762322305
20.26876030923753
20.321553799763205
20.374363294785823
20.427188855396896
20.48003054289424
20.532888418783266
20.585762544778262
20.638652982803688
20.691559794995502
20.74448304370247
20.7974227914875
20.850379101128972
20.90335203562211
20.956341658180303
21.009348032236517
21.062371221444646
21.115411289680907
21.168468301045237
21.221542319862714
21.27463341068497
21.327741638291613
21.380867067691685
21.434009764125104
21.48716979306413
21.54034722021483
21.59354211151858
21.646754533153548
21.699984551536204
21.753232233322844
21.80649764541111
21.85978085494154
21.913081929299125
21.966400936114862
22.019737943267337
22.07309301888432
22.126466231344367
22.179857649278414
22.233267341571427
22.28669537736403
22.340141826054158
22.39360675729872
22.44709024101528
22.500592347383744
22.554113146848056
22.60765271011793
22.661211108170562
22.7147884122524
22.768384693880865
22.822000024846155
22.87563447721301
22.929288123322515
22.982961035793927
23.036653287526473
23.090364951701225
23.14409610178294
23.197846811521924
23.251617154955937
23.305407206412085
23.35921704050874
23.41304673215746
23.466896356564963
23.520765989235063
23.574655705970663
23.628565582875755
23.682495696357428
23.736446123127884
23.790416940206505
23.8444082249219
23.89842005491398
23.95245250813607
24.006505662857005
24.060579597663278
24.114674391461165
24.16879012347891
24.222926873268904
24.27708472070988
24.331263746009142
24.385464029704792
24.43968565266801
24.493928696105304
24.54819324156082
24.602479370918658
24.6567871664052
24.711116710591465
24.765468086395497
24.819841377084735
24.874236666278446
24.928654037950157
24.983093576430104
25.037555366407727
25.09203949293414
25.146546041424685
25.201075097661445
25.255626747795823
25.310201078351124
25.364798176225168
25.419418128692907
25.47406102340911
25.528726948410995
25.583415992120973
25.638128243349346
25.692863791297068
25.74762272555851
25.80240513612427
25.857211113383972
25.91204074812914
25.96689413155605
26.02177135526863
26.076672511281412
26.131597692022428
26.18654699033625
26.24152049948693
26.296518313161094
26.351540525470934
26.406587230957356
26.46165852459305
26.51675450178564
26.571875258380878
26.62702089066581
26.682191495372024
26.737387169678907
26.792608011216934
26.84785411807097
26.90312558878365
26.958422522358724
27.01374501826449
27.069093176437242
27.124467097284725
27.17986688168966
27.23529263101327
27.290744447098874
27.346222432275468
27.401726689361393
27.457257321667985
27.512814433003314
27.5683981276759
27.62400851049852
27.679645686792004
27.735309762389104
27.79100084363838
27.84671903740813
27.902464451090342
27.958237192604724
28.014037370402722
28.06986509347162
28.12572047133865
28.181603614075158
28.237514632300805
28.29345363718781
28.349420740465245
28.40541605442334
28.46143969191788
28.517491766374594
28.573572391793622
28.629681682754022
28.685819754418297
28.74198672253701
28.798182703453396
28.85440781410806
28.910662172043708
28.966945895409914
29.02325910296795
29.079601914095665
29.135974448792403
29.192376827683983
29.248809172027716
29.305271603717483
29.36176424528886
29.418287219924313
29.47484065145841
29.531424664383124
29.58803938385316
29.644684935691377
29.701361446394202
29.75806904313719
29.814807853780547
29.871578006874778
29.928379631666367
29.985212858103516
30.042077816841964
30.09897463925084
30.155903457418596
30.212864404158985
30.269857613017148
30.3268832182757
30.38394135496093
30.44103215884905
30.498155766472514
30.55531231512641
30.612501942874896
30.669724788557744
30.72698099179693
30.784270693003304
30.841594033383323
30.898951154945877
30.956342200509166
31.013767313707667
31.071226638999185
31.128720321671967
31.18624850785189
31.24381134450975
31.301408979468636
31.359041561411324
31.416709239887858
31.47441216532312
31.532150489024545
31.58992436318989
31.64773394091511
31.705579376202316
31.76346082396783
31.82137844005031
31.879332381219005
31.937322805182067
31.995349870594985
32.0534137370691
32.11151456518024
32.169652516477406
32.22782775349163
32.286040439744895
32.34429073975914
32.40257881906539
32.46090484421305
32.519268982779195
32.57767140337806
32.63611227567062
32.69459177037423
32.75311005927251
32.81166731522517
32.87026371217812
32.92889942517359
32.98757463036042
33.04628950500447
33.10504422749913
33.16383897737601
33.22267393531572
33.28154928315875
33.3404652039166
33.39942188178289
33.45841950214474
33.51745825159422
33.57653831793994
33.63565989021886
33.694823158708125
33.75402831493715
33.8132755516998
33.87256506306679
33.93189704439812
33.991271692355795
34.05068920491665
34.11014978138532
34.16965362240739
34.22920092998276
34.288791907479094
34.34842675964553
34.40810569262649
34.467828913975744
34.527596632670566
34.587409059126166
34.64726640521027
34.70716888425786
34.767116711086175
34.827110102009854
34.88714927485629
34.94723444898123
35.0073658452845
35.06754368622604
35.12776819584207
35.188039599761524
35.24835812522266
35.30872400108995
35.36913745787116
35.42959872773468
35.49010804452705
35.55066564379081
35.61127176278249
35.67192664049096
35.73263051765592
35.793383636786736
35.85418624218147
35.915038579946255
35.97594089801486
36.03689344616857
36.09789647605633
36.158950241215216
36.22005499709113
36.281211001059845
36.34241851244831
36.403677792556294
36.4649891046783
36.52635271412587
36.58776888825009
36.64923789646457
36.710760010268615
36.77233550327085
36.83396465121312
36.895647731994764
36.95738502569725
37.01917681460917
37.08102338325161
37.142925018403915
37.204882009129776
37.26689464680378
37.32896322513835
37.39108804021104
37.45326939049229
37.515507576873595
37.57780290269613
37.64015567377972
37.70256619845237
37.76503478758019
37.827561754597795
37.89014741553917
37.952792089069014
38.01549609651462
38.07825976189819
38.14108341196968
38.20396737624023
38.266911987015995
38.329917579432646
38.39298449149034
38.45611306408928
38.519303641065875
38.58255656922942
38.645872198399424
38.70925088144352
38.77269297431605
38.83619883609718
38.89976882903276
38.96340331857478
39.02710267342255
39.090867265564505
39.15469747032079
39.21859366638646
39.282556235875504
39.34658556436555
39.41068204094336
39.47484605825111
39.539078012533444
39.603378303685304
39.667747335300696
39.73218551472216
39.79669325309122
39.86127096539963
39.9259190705416
39.99063799136687
40.055428154734734
40.12028999156911
40.18522393691443
40.25023042999273
40.31530991426158
40.380462837473175
40.445689651734476
40.51099081356843
40.57636678397628
40.641818028501135
40.70734501729256
40.77294822517247
40.8386281317022
40.90438522125088
40.97021998306498
41.036132911339344
41.10212450528939
41.16819526922478
41.2343457126245
41.300576350213326
41.366887702039804
41.43328029355573
41.499754655697174
41.56631132496707
41.63295084351946
41.699673759245364
41.766480625860375
41.83337200299396
41.90034845628059
41.96741055745267
42.03455888443535
42.10179402144321
42.16911655907906
42.236527094434514
42.3040262311929
42.37161457973408
42.43929275724156
42.507061387811795
42.57492110256578
42.64287253976299
42.710916344917734
42.779053170917976
42.8472836781467
42.915608534605866
42.98402841604303
43.05254400608073
43.121155996348676
43.189865086618845
43.25867198494351
43.32757740779637
43.39658208021676
43.46568673595715
43.53489211763389
43.604198976881364
43.673608074509694
43.74312018066599
43.81273607499928
43.882456546829296
43.95228239531913
44.02221442965191
44.09225346921164
44.16240034376826
44.2326558936671
44.303020970022864
44.37349643491821
44.44408316160715
44.51478203472336
44.585593950493504
44.65651981695588
44.72756055418435
44.798717094517855
44.869990382795635
44.941381376598336
45.01289104649517
45.08452037629736
45.15627036331802
45.22814201863867
45.3001363673827
45.37225444899579
45.44449731753378
45.51686604195802
45.58936170643848
45.66198541066501
45.73473827016682
45.8076214166406
45.880635998287495
45.953783180159256
46.027064144513886
46.10048009118108
46.17403223793776
46.247721820894164
46.32155009489077
46.39551833390635
46.4696278314778
46.54387990113186
46.61827587682935
46.692817113422294
46.76750498712441
46.842340895995434
46.91732626043981
46.99246252372021
47.06775115248656
47.14319363732102
47.218791493299506
47.294546260570584
47.37045950495207
47.44653281854635
47.52276782037485
47.59916615703266
47.67572950336384
47.752459563158446
47.82935806987204
47.90642678736855
47.983667510687454
48.06108206683637
48.13867231560989
48.216440150435915
48.29438749925059
48.37251632540295
48.45082862859064
48.52932644582802
48.60801185244792
48.68688696313871
48.765953933017975
48.845214958744656
48.92467227967116
49.004328179037294
49.08418498520801
49.16424507295672
49.24451086479652
49.32498483236134
49.40566949783948
49.48656743546193
49.567681273048045
49.64901369361142
49.73056743702881
49.81234530177506
49.894350146727604
49.976584893043565
50.059052526113504
50.14175609759535
50.22469872753285
50.307883606562775
50.39131399821558
50.47499324131426
50.55892475247689
50.64311202872817
50.727558650225966
50.8122682831092
50.897244682473655
50.98249169548301
51.06801326462263
51.153813431104204
51.23989633843016
51.32626623612687
51.41292748365689
51.49988455452063
51.58714204055909
51.67470465646984
51.76257724454934
51.85076477967583
51.93927237454786
52.028105285194954
52.11726891677775
52.20676882969689
52.29661074603079
52.38680055632457
52.47734432675398
52.568248306690016
52.65951893669228
52.751162856961315
52.8431869162828
52.93559818149925
53.02840394754809
53.121611748108286
53.215229366901596
53.30926484969869
53.403726517084955
53.49862297804605
53.59396314443895
53.68975624642051
53.78601184891274
53.88273986919191
53.97995059569716
54.07765470816464
54.17586329920367
54.274587897444405
54.37384049240003
54.47363356120255
54.57398009738896
54.67489364193467
54.776388316754016
54.87847886091374
54.9811806698348
55.08450983779183
55.18848320405832
55.293118403090055
55.39843391919052
55.50444914616129
55.61118445250856
55.71866125285668
55.826902086311925
55.93593070262798
56.045772157151106
56.15645291567248
56.26800097049077
56.38044596919723
56.493819357943714
56.60815454125097
56.72348706077142
56.839854795850314
56.95729818925084
57.075860502043916
57.19558810244207
57.31653079431609
57.43874219232294
57.562280152058676
57.68720726551621
57.81359143449154
57.94150653759818
58.071033210431324
58.202259763465506
58.33528326888117
58.47021085627852
58.60716126898237
58.746266748579615
58.887675337250116
59.031553718038886
59.17809075659475
59.32750197050921
59.480035244551594
59.635978248755734
59.79566823011527
59.959505187577676
60.12796999459388
60.30164997451903
60.48127610019778
60.66777909021127
60.86237780477791
61.06672639206651
61.28317711415558
61.515296191375754
61.76902092030286
62.055854094659786
62.4058453483887