0.0438879559971912
0.1316641319589456
0.21944109984345608
0.30721938766803136
0.39499952355320395
0.48278203576405226
0.5705674527515562
0.658356303193995
0.7461491160383966
0.8339464205420498
0.9217487463140851
1.0095566233571378
1.097370582109101
1.1851911534849773
1.2730188689188409
1.3608542604059182
1.448697860544797
1.536550202579777
1.6244118204433637
1.7122832487989266
1.8001650230835227
1.8880576795508992
1.9759617553146867
2.0638777883917894
2.1518063177459865
2.2397478833317557
2.32770302613832
2.415672288233948
2.503656212810494
2.5916553442282098
2.6796702280608278
2.7677014111409277
2.8557494416056057
2.9438148689424444
3.0318982440358084
3.120000119213469
3.208121048293572
3.296261586631965
3.384422291169885
3.472603720482034
3.5608064348250434
3.6490309961863465
3.7372779683334656
3.8255479168637363
3.9138414092544753
4.002159014913603
4.090501305230748
4.178868853628829
4.2672622356161485
4.355682028838989
4.444128813134753
4.532603170585647
4.621105685572916
4.7096369448316695
4.798197537506294
4.886788055206474
4.975409092063843
5.064061244789273
5.152745112730832
5.241461297932411
5.3302104051930534
5.4189930421269965
5.507809819224446
5.596661349913107
5.685548250620481
5.77447114083696
5.863430643179733
5.952427383457518
6.041461990736168
6.1305350974051285
6.219647339244815
6.308799355494901
6.397991788923557
6.4872252858976545
6.576500496453965
6.665818074371384
6.755178677244186
6.844582966556363
6.9340316077570545
7.023525270337106
7.113064627906772
7.202650358274617
7.292283143527613
7.381963670112488
7.471692628918344
7.561470715360586
7.651298629466181
7.741177075960297
7.8311067643543435
7.921088409035452
8.011122729357442
8.101210449733298
8.191352299729191
8.281549014160115
8.371801333187134
8.462110002416319
8.55247577299939
8.642899401736134
8.733381651178613
8.823923289737237
8.914525091788736
9.005187837786059
9.09591231437031
9.1866993144847
9.277549637490628
9.368464089285894
9.459443482425149
9.550488636242617
9.641600376977124
9.732779537899551
9.82402695944273
9.915343489333852
10.006729982729485
10.098187302353226
10.189716318636107
10.28131790985977
10.372992962302554
10.464742370388517
10.556567036839493
10.64846787283027
10.740445798146984
10.832501741348775
10.924636639932856
11.016851440503043
11.109147098941847
11.201524580586266
11.29398486040732
11.386528923193495
11.479157763738158
11.571872387031084
11.664673808454218
11.757563053981746
11.85054116038468
11.943609175439992
12.036768158144518
12.130019178933718
12.223363319905427
12.316801675048815
12.410335350478602
12.503965464674797
12.597693148728034
12.691519546590738
12.785445815334258
12.879473125412174
12.973602660929943
13.067835619921098
13.162173214630204
13.256616671802758
13.351167232982279
13.445826154814783
13.540594709360917
13.635474184415953
13.730465883837908
13.825571127884082
13.920791253556226
14.016127614954675
14.111581583641708
14.207154549014449
14.302847918687629
14.39866311888652
14.494601594850401
14.590664811246903
14.686854252597604
14.78317142371523
14.879617850152925
14.976195078665938
15.07290467768618
15.169748237810147
15.266727372300585
15.36384371760248
15.46109893387383
15.558494705531725
15.656032741814323
15.753714777359273
15.851542572799183
15.949517915374791
16.047642619566457
16.145918527744687
16.244347510840406
16.342931469035683
16.44167233247578
16.540572062003214
16.639632649914834
16.738856120742657
16.83824453205951
16.93779997531042
17.037524576670737
17.13742049793215
17.237489937417617
17.337735130926465
17.438158352710886
17.538761916485083
17.63954817646847
17.740519528464343
17.841678410975497
17.943027306358417
18.044568742017642
18.146305291642076
18.24823957648508
18.35037426669026
18.452712082664956
18.555255796503637
18.658008233463374
18.76097227349381
18.864150852824103
18.967546965609525
19.071163665640423
19.175004068116557
19.279071351489886
19.383368759379064
19.487899602559185
19.592667261030357
19.697675186169068
19.802926902966412
19.908426012357566
20.014176193647113
20.12018120703512
20.226444896249216
20.332971191288102
20.439764111282475
20.546827767479513
20.654166366357625
20.761784212878464
20.869685713883815
20.97787538164529
21.08635783757544
21.195137816109373
21.30422016876665
21.413609868403853
21.523312013668953
21.633331833669416
21.743674692866772
21.854346096211334
21.965351694531734
22.07669729019498
22.18838884305398
22.300432476700667
22.41283448504428
22.525601339235852
22.638739694961615
22.75225640012974
22.866158502976905
22.98045326062319
23.095148148106215
23.21025086792799
23.325769360150698
23.4417118130808
23.558086674584136
23.67490266407858
23.79216878525474
23.909894339579935
24.02808894064552
24.146762529423384
24.265925390503416
24.385588169390793
24.505761890949362
24.626457979086023
24.747688277780405
24.86946507357472
24.991801119650503
25.114709661632258
25.238204465272844
25.362299846192336
25.487010701860843
25.612352546037304
25.738341545900315
25.864994562134587
25.992329192267796
26.120363817588096
26.249117654013308
26.378610807329135
26.508864333267386
26.639900302956374
26.771741874346933
26.904413370299395
27.03794036411233
27.17234977338503
27.307669963235337
27.443930860046798
27.581164077098016
27.719403053638672
27.85868320922726
27.999042115444087
28.140519687449707
28.283158398287274
28.42700351934409
28.57210339101391
28.718509728365092
28.86627796755503
29.01546765988449
29.166142921815176
29.318372951058898
29.472232621090296
29.627803169276085
29.78517299744004
29.944438608350257
30.105705707677767
30.269090508926435
30.43472128937257
30.60274025917896
30.773305825019037
30.9465953559135
31.122808595780654
31.302171919389924
31.48494370374448
31.67142119782424
31.861949440497867
32.05693303374757
32.25685198633813
32.462283510684045
32.673932788670776
32.89267772829654
33.11963646756856
33.35627376563631
33.604578137647664
33.86737830676377
34.14896442736188
34.456481888890146
34.803780057908845
35.227056736470296