0.041265367543176536
0.12379629660702864
0.20632780761523195
0.2888602885702032
0.37139412753364004
0.4539297126502489
0.5364674321714865
0.6190076744793214
0.7015508281100177
0.784097281777948
0.8666474243994364
0.9492016451166384
1.0317603333214616
1.1143238786795295
1.196892671154197
1.2794671010306158
1.3620475589398604
1.4446344358831151
1.5272281232559264
1.6098290128725279
1.6924374969902398
1.7750539683339486
1.8576788201206698
1.9403124460842014
2.02295524049987
2.105607598209372
2.188269914645724
2.2709425858583154
2.353626008538072
2.4363205800427408
2.5190266984222944
2.6017447624444605
2.684475171620385
2.7672183262304277
2.849974627350105
2.932744476876174
3.0155282775528685
3.0983264329982934
3.1811393477309804
3.263967427196609
3.346811077794902
3.4296707069066965
3.5125467229212015
3.595439535263438
3.678349554421881
3.761277191976297
3.844222860625785
3.9271869742170376
4.010169947772808
4.0931721975206115
4.176194140921648
4.259236196699967
4.342298784871867
4.425382326775553
4.50848724510104
4.591613963920322
4.674762908717808
4.757934506421035
4.841129185431662
4.924347375656743
5.007589508540317
5.090856017095279
5.174147335935575
5.25746390130871
5.340806151128581
5.424174525008645
5.50756946429543
5.590991412102385
5.674440813344104
5.7579181147708995
5.8414237650037615
5.924958214569692
6.008521915937433
6.092115323553597
6.175738893879207
6.259393085426651
6.343078358797069
6.426795176718178
6.5105440040825435
6.594325307986307
6.6781395577683895
6.76198722505016
6.845868783775612
6.929784710252021
7.013735483191129
7.097721583750844
7.181743495577472
7.2658017048485055
7.349896700315956
7.434028973350274
7.518199017984835
7.602407330961039
7.686654411774006
7.770940762718899
7.855266888937892
7.93963329846777
8.024040502288221
8.10848901437078
8.192979351728493
8.27751203446627
8.362087585831983
8.446706532268294
8.53136940346525
8.616076732413651
8.700829055459208
8.785626912357513
8.870470846329852
8.955361404119843
9.04029913605096
9.125284596084924
9.210318341881031
9.295400934856367
9.380532940247011
9.46571492717017
9.550947468687335
9.636231141868432
9.721566527857021
9.806954211936546
9.89239478359768
9.97788883660677
10.063436969075427
10.149039783531263
10.234697886989842
10.32041189102781
10.406182411857312
10.492010070401642
10.57789549237223
10.663839308346935
10.749842153849729
10.835904669431752
10.922027500753826
11.008211298670405
11.094456719315053
11.180764424187432
11.267135080241879
11.353569359977591
11.440067941530454
11.526631508766565
11.613260751377489
11.699956364977275
11.78671905120131
11.873549517807014
11.960448478776453
12.047416654420905
12.134454771487437
12.221563563267516
12.308743769707739
12.395996137522731
12.483321420310233
12.57072037866848
12.658193780315893
12.74574240021316
12.833367020687781
12.9210684315611
13.008847430277928
13.096704822038822
13.184641419935044
13.272658045086349
13.360755526781592
13.448934702622294
13.537196418669216
13.625541529592017
13.713970898822106
13.802485398708747
13.891085910678505
13.97977332539817
14.068548542941175
14.15741247295768
14.246366034848382
14.335410157942169
14.424545781677715
14.513773855789132
14.603095340495814
14.692511206696544
14.782022436168038
14.871630021768024
14.961334967642985
15.05113828944072
15.141041014527842
15.231044182212377
15.321148843971601
15.411356063685275
15.50166691787443
15.592082495945897
15.682603900442707
15.77323224730058
15.86396866611068
15.954814300388797
16.045770307851207
16.136837860697366
16.22801814589967
16.319312365500537
16.41072173691694
16.502247493252785
16.59389088361921
16.685653173463184
16.777535644904642
16.869539597082372
16.961666346509045
17.05391722743559
17.146293592225287
17.23879681173786
17.33142827572393
17.42418939323017
17.5170815930155
17.610106323978748
17.703265055598113
17.79655927838286
17.889990504337696
17.983560267440247
18.077270124132035
18.171121653823587
18.265116459414013
18.359256167825656
18.453542430554364
18.547976924235908
18.642561351229162
18.737297440216675
18.832186946823224
18.927231654253088
19.0224333739467
19.11779394625742
19.213315241149218
19.308999158916002
19.40484763092353
19.500862620374697
19.597046123099137
19.693400168368132
19.789926819735786
19.88662817590755
19.9835063716372
20.080563578653386
20.177802006617032
20.275223904110785
20.372831559661915
20.470627302800022
20.568613505151035
20.666792581569055
20.765166991307666
20.86373923923242
20.962511877076267
21.06148750473989
21.160668771638854
21.260058378099703
21.35965907680723
21.45947367430522
21.559505032553098
21.65975607054115
21.76022976596696
21.86092915697599
21.961857343969342
22.063017491481954
22.164412830134548
22.266046658663047
22.367922346029168
22.470043333616307
22.57241313751494
22.675035350902107
22.777913646519767
22.88105177925716
22.984453588842545
23.08812300265011
23.192064038628196
23.29628080835527
23.400777520230665
23.50555848280741
23.610628108275044
23.71599091610078
23.821651536838008
23.927614716111652
24.03388531879062
24.140468333358246
24.24736887649247
24.354592197868143
24.46214368519504
24.570028869505794
24.678253430709272
24.786823203426
24.89574418312336
25.005022532569814
25.114664588628788
25.224676869414413
25.335066081833236
25.445839129537685
25.557003121319415
25.66856537997276
25.78053345166114
25.892915115821957
26.0057183956486
26.11895156919146
26.23262318112349
26.346742055220037
26.46131730760687
26.576358360835552
26.691874958850526
26.807877182918467
26.92437546859709
27.041380623828196
27.15890384824786
27.276956753816155
27.395551386879013
27.514700251786532
27.63441633620497
27.754713138274354
27.875604695780005
27.997105617524877
28.119231117110555
28.24199704935838
28.365419949629246
28.489517076331023
28.61430645693753
28.73980693788281
28.86603823873999
28.99302101114644
29.1207769029972
29.24932862849817
29.378700044751174
29.50891623563644
29.640003603867033
29.7719899722169
29.904904695073604
30.038778781642105
30.173645032333493
30.30953819011819
30.44649510891568
30.584554941442647
30.723759349361078
30.864152739074548
31.005782527134997
31.148699439970514
31.29295785356183
31.43861617982541
31.585737307862594
31.734389109984107
31.884645024618262
32.03658473099616
32.190294934061576
32.3458702826281
32.50341444974848
32.663041412054284
32.82487697515326
32.98906060601774
33.155747652087115
33.32511205265026
33.497349684139834
33.67268253212014
33.851363956585104
34.03368542587722
34.219985258085984
34.41066016098098
34.60618076137039
34.80711296904713
35.014148130813176
35.22814689600352
35.450205374640845
35.681759404775875
35.92475814650261
36.18197419919109
36.457612370243616
36.75867549097373
37.098735741671895
37.51326382122893