0.030179732360712783
0.09053923767015983
0.15089886474438088
0.21125869476225742
0.2716188089062192
0.33197928836366375
0.39234021432837646
0.4527016680019503
0.5130637305952067
0.5734264833296165
0.6337900074387217
0.6941543841695569
0.754519694784073
0.8148860205605606
0.875253442795074
0.9356220428028574
0.9959919019197704
1.0563631015037158
1.1167357229360686
1.1771098476231043
1.2374855569974317
1.2978629325194242
1.3582420556786532
1.4186230079953244
1.4790058710217142
1.539390726343608
1.59977765558174
1.6601667403932368
1.720558062473059
1.7809517035554487
1.8413477454153768
1.9017462698699923
1.9621473587800755
2.0225510940514915
2.0829575576366466
2.1433668315359484
2.2037789977992666
2.264194138527396
2.324612335873526
2.385033672044707
2.445458229303324
2.505886089968571
2.566317336417931
2.6267520510886526
2.687190316479239
2.747632215150932
2.8080778297292035
2.8685272429052495
2.9289805374374867
2.989437796153053
3.0498991019493142
3.1103645377953684
3.1708341867335594
3.2313081318809935
3.291786456431056
3.352269243654937
3.412756576903157
3.473248539607101
3.5337452152805517
3.5942466875212307
3.6547530400123422
3.7152643565241252
3.7757807209154017
3.8363022171351413
3.896828929224018
3.9573609413159825
4.017898337639833
4.078441202520794
4.138989620382096
4.199543675746572
4.260103453238237
4.320669037583902
4.381240513614766
4.441817966268033
4.5024014805885235
4.5629911417303
4.623587034958287
4.684189245649909
4.744797859296732
4.805412961506099
4.866034638002793
4.926662974630682
4.987298057354396
5.047939972260986
5.108588805561609
5.169244643593207
5.2299075728202
5.290577679836183
5.351255051365629
5.411939774265604
5.47263193552748
5.533331622278669
5.59403892178435
5.654753921449211
5.715476708819201
5.776207371583285
5.836945997575206
5.897692674775258
5.958447491312071
6.019210535464392
6.079981895662889
6.1407616604919495
6.201549918691501
6.262346759158826
6.323152270950402
6.383966543283732
6.444789665539201
6.505621727261929
6.566462818163644
6.627313028124552
6.688172447195225
6.749041165598502
6.809919273731389
6.870806862166975
6.93170402165636
6.992610843130586
7.053527417702584
7.114453836669138
7.175390191512835
7.236336573904058
7.2972930757029655
7.358259788961492
7.419236805925356
7.480224219036087
7.541222120933049
7.602230604455491
7.663249762644598
7.724279688745563
7.785320476209658
7.8463722186963345
7.907435010075317
7.968508944428726
8.029594116053202
8.090690619462045
8.15179854938737
8.212918000782278
8.274049068823018
8.335191848911203
8.396346436676
8.457512927976348
8.518691418903208
8.579882005781787
8.64108478517382
8.702299853879833
8.763527308941436
8.824767247643626
8.886019767517112
8.94728496634064
9.00856294214335
9.069853793207134
9.131157618069022
9.192474515523573
9.25380458462529
9.315147924691042
9.37650463530251
9.437874816308655
9.49925856782818
9.560655990252034
9.622067184245916
9.683492250752812
9.744931290995526
9.806384406479255
9.867851698994164
9.929333270617983
9.99082922371863
10.052339660956832
10.113864685288801
10.175404399968883
10.236958908552268
10.298528314897688
10.36011272317016
10.42171223784372
10.48332696370421
10.544957005852062
10.606602469705106
10.668263461001404
10.72994008580211
10.791632450494326
10.853340661794023
10.915064826748935
10.97680505274151
11.03856144749187
11.100334119060799
11.162123175852738
11.223928726618828
11.285750880459956
11.34758974682983
11.409445435538089
11.471318056753418
11.5332077210067
11.595114539194201
11.657038622580744
11.718980082802963
11.78093903187253
11.842915582179442
11.904909846495322
11.966921937976748
12.028951970168603
12.091000057007463
12.15306631282501
12.215150852351464
12.277253790719051
12.339375243465499
12.401515326537563
12.463674156294575
12.525851849512025
12.58804852338518
12.65026429553272
12.712499284000417
12.77475360726483
12.837027384237052
12.89932073426647
12.961633777144565
13.023966633108746
13.086319422846216
13.14869226749787
13.211085288662218
13.273498608399366
13.335932349235009
13.39838663416446
13.460861586656735
13.52335733065865
13.585873990598968
13.648411691392578
13.710970558444709
13.77355071765519
13.83615229542274
13.8987754186493
13.961420214744402
14.024086811629578
14.086775337742816
14.149485922043043
14.212218694014657
14.27497378367211
14.337751321564507
14.400551438780278
14.463374266951869
14.52621993826049
14.589088585440908
14.651980341786269
14.714895341152983
14.77783371796566
14.84079560722205
14.9037811444981
14.966790465952984
15.029823708334243
15.092881008982935
15.155962505838847
15.21906833744576
15.282198642956766
15.345353562139627
15.40853323538219
15.471737803697863
15.534967408731132
15.598222192763144
15.66150229871733
15.724807870165101
15.788139051331585
15.851495987101433
15.914878823024674
15.978287705322629
16.041722780893895
16.105184197320376
16.168672102873373
16.23218664651976
16.29572797792819
16.35929624747538
16.422891606252474
16.48651420607143
16.55016419947153
16.613841739725903
16.67754698084815
16.74128007759901
16.80504118549314
16.86883046080591
16.932648060580306
16.9964941426339
17.060368865565884
17.124272388764176
17.188204872412623
17.25216647749825
17.316157365818615
17.380177699989222
17.44422764345102
17.50830736047798
17.572417016184776
17.6365567765345
17.700726808346516
17.76492727930436
17.829158357963745
17.893420213760646
17.957713017019476
18.02203693896136
18.086392151712484
18.15077882831254
18.215197142723287
18.279647269837184
18.344129385486106
18.408643666450207
18.47319029046684
18.537769436239582
18.602381283447386
18.66702601275381
18.731703805816355
18.796414845295935
18.86115931486643
18.92593739922434
18.990749284098577
19.05559515626037
19.12047520353325
19.18538961480319
19.250338580028835
19.31532229025189
19.380340937607563
19.445394715335212
19.510483817789055
19.575608440449027
19.640768779931786
19.705965034001817
19.771197401582683
19.836466082768425
19.90177127883507
19.96711319225231
20.032492026695287
20.097907987056555
20.163361279458165
20.2288521112639
20.294380691091682
20.359947228826094
20.425551935631088
20.491195023962828
20.55687670758272
20.622597201570567
20.688356722337925
20.754155487641587
20.819993716597278
20.885871629693504
20.95178944880555
21.017747397209703
21.083745699597625
21.14978458209092
21.21586427225587
21.281984999118404
21.348146993179192
21.414350486429
21.480595712364213
21.546882906002544
21.613212303898987
21.67958414416195
21.74599866646961
21.812456112086476
21.87895672388018
21.945500746338485
22.012088425586526
22.078720009404265
22.145395747244198
22.212115890249294
22.278880691271155
22.34569040488847
22.41254528742566
22.47944559697183
22.54639159339992
22.613383538386206
22.680421695429953
22.74750632987346
22.814637708922287
22.88181610166581
22.94904177909805
23.01631501413881
23.08363608165507
23.15100525848271
23.218422823448556
23.285889057392687
23.353404243191108
23.42096866577873
23.488582612172657
23.556246371495853
23.623960235001082
23.691724496095286
23.75953945036422
23.82740539559752
23.89532263181409
23.963291461287884
24.031312188574063
24.09938512053554
24.1675105663699
24.23568883763674
24.30392024828543
24.37220511468323
24.44054375564391
24.508936492456726
24.5773836489159
24.645885551350496
24.71444252865476
24.783054912318974
24.851723036460687
24.92044723785654
24.98922785597449
25.058065233006587
25.126959713902227
25.195911646401967
25.26492138107182
25.33398927133812
25.403115673522947
25.47230094688008
25.54154545363155
25.610849559004766
25.680213631270234
25.7496380417799
25.819123165006076
25.888669378581035
25.958277063337242
26.02794660334822
26.097678385970106
26.1674728018839
26.237330245138384
26.30725111319377
26.377235806966095
26.447284730872294
26.517398292876116
26.587576904534746
26.65782098104625
26.728130941297803
26.798507207914763
26.86895020731058
26.93946036973754
27.010038129338405
27.080683924198965
27.151398196401455
27.222181392078948
27.293033961470698
27.363956358978424
27.434949043223625
27.50601247710591
27.577147127862332
27.64835346712784
27.71963197099677
27.790983120085457
27.86240739959602
27.933905299381248
28.0054773140107
28.077123942838057
28.14884569006963
28.220643064834224
28.29251658125424
28.36446675851814
28.43649412095425
28.508599198105976
28.58078252480841
28.653044641266426
28.725386093134258
28.797807431596578
28.870309213451176
28.9428920011932
29.015556363101076
29.088302873324054
29.161132111971522
29.234044665204042
29.307041125326197
29.380122090881304
29.453288166747985
29.526539964238697
29.599878101200247
29.67330320211633
29.746815898212173
29.82041682756129
29.89410663519446
29.96788597321094
30.041755500891966
30.11571588481666
30.18976779898031
30.263911924915202
30.338148951813945
30.41247957665545
30.48690450433359
30.561424447788628
30.636040128141452
30.710752274830757
30.785561625753182
30.86046892740652
30.9354749350361
31.01058041278438
31.08578613384386
31.16109288061344
31.23650144485827
31.312012627873187
31.387627240649906
31.46334610404798
31.539170048969698
31.61509991653903
31.69113655828467
31.767280836327394
31.84353362357178
31.91989580390244
31.9963682723849
32.07295193547127
32.14964771121086
32.22645652946576
32.30337933213177
32.380417073364654
32.457570719811905
32.53484125085022
32.6122296588289
32.689736949319254
32.76736414137027
32.84511226777074
32.922982375318
33.0009755250935
33.079092792745506
33.157335268778986
33.23570405885314
33.314200284086546
33.392825081370454
33.471579603690245
33.550465020455505
33.62948251783887
33.708633299124024
33.78791858506306
33.86733961424365
33.946897643466194
34.02659394813144
34.106429822638816
34.18640658079588
34.26652555623935
34.34678810286796
34.42719559528767
34.50774942926971
34.58845102222169
34.6693018136726
34.750303265771755
34.831456863802664
34.91276411671197
34.994226557654216
35.07584574455305
35.157623260679316
35.23956071524682
35.32165974402637
35.4039220099788
35.48634920390766
35.56894304513241
35.65170528218288
35.7346376935158
35.817742088254256
35.901020306951104
35.984474222377145
36.068105740335156
36.15191680050079
36.23590937729145
36.32008548076432
36.404447157544695
36.488996491785954
36.573735606162494
36.65866666289696
36.74379186482335
36.829113456487455
36.91463372528632
37.00035500264842
37.08627966525631
37.17241013631379
37.25874888685934
37.34529843712823
37.43206135796529
37.51904027229082
37.606237856622045
37.69365684265275
37.78130001889394
37.86917023237823
37.95727039043134
38.045603462513675
38.13417248213565
38.22298054885032
38.312030830327245
38.40132656451159
38.49087106187299
38.58066770774864
38.67071996478564
38.76103137548774
38.85160556487204
38.94244624324159
39.03355720908012
39.1249423520756
39.21660565627977
39.308551203411206
39.400783176310085
39.49330586255324
39.58612365823882
39.679241071950344
39.77266272891089
39.866393375338596
39.96043788301571
40.05480125408414
40.14948862608159
40.24450527723316
40.33985663201461
40.43554826700472
40.53158591704525
40.62797548172887
40.72472303223662
40.821834818548425
40.919317277052066
41.01717703857793
41.115420936889336
41.21405601766056
41.31308954797753
41.412529026399085
41.51238219362008
41.61265704378122
41.713361836474576
41.814505109498135
41.9160956924178
42.01814272100048
42.1206556525884
42.223644282490994
42.3271187614787
42.43108961447118
42.53556776052185
42.6405645342111
42.74609170857259
42.852161519689645
42.95878669311439
43.06598047227843
43.17375664908303
43.28212959687835
43.391114306065276
43.50072642258138
43.61098228956377
43.72189899251783
43.83349440836183
43.94578725876504
44.05879716825099
44.172544727600915
44.28705156316476
44.402340412771935
44.518435209032226
44.63536117093242
44.75314490476883
44.87181451561474
44.991399730708864
45.111932036373155
45.23344483033239
45.35597359162399
45.47955607066584
45.604232502507216
45.730045846842835
45.85704205904591
45.98527039730417
46.11478377196374
46.24563914445156
46.377897984727085
46.511626798199686
46.646897735563236
46.78378930220826
46.92238718800291
47.062785243598796
47.205086636453395
47.34940522908532
47.49586723457742
47.64461322130314
47.79580056217735
47.94960645628412
48.106231696896884
48.26590542653857
48.428891217815185
48.59549496633318
48.76607530956705
48.94105764629147
49.12095342146733
49.306387343130716
49.49813697124479
49.69719241957556
49.904850437646154
50.12287102972121
50.35375721441854
50.601304133378235
50.87183085518587
51.177581185092095
51.55054465147319