0.04532610722948741
0.13597863183435172
0.22663208690447367
0.31728709284199647
0.4079442701870453
0.49860423967297063
0.589267622281641
0.6799350392988011
0.7706071123695081
0.861284463553662
0.9519677153816433
1.042657490910074
1.1333544137777147
1.224059108261514
1.3147721993328247
1.4054943127138013
1.4962260749339926
1.586968113387149
1.6777210563882512
1.7684855332307874
1.8592621742442814
1.950051610852098
2.040854475629535
2.131671402362219
2.2225030261048246
2.3133499832401276
2.4042129115384094
2.4950924502172374
2.5859892400016227
2.676903923184591
2.767837143688164
2.8587895471247875
2.949761780859207
3.0407544940708227
3.1317683378165326
3.2228039650940867
3.31386203090597
3.404943192323833
3.4960481085534867
3.5871774410004873
3.6783318533363265
3.7695120115652476
3.86071858409171
3.9519522417885193
4.043213658065651
4.134503508939784
4.225822473104567
4.31717123200164
4.4085504698924405
4.499960873930806
4.591403134236407
4.682877943969029
4.774385999403734
4.865928000006921
4.957504648513315
5.049116651003908
5.140764716984886
5.232449559467558
5.324171895049337
5.415932443995764
5.507731930323653
5.599571081885347
5.69145063045413
5.783371311810849
5.875333865831726
5.967339036577453
6.059387572383564
6.151480225952128
6.243617754444814
6.335800919577339
6.428030487715359
6.520307229971836
6.612631922305905
6.705005345623304
6.797428285878402
6.8899015341778505
6.982425886885929
7.075002145731614
7.167631117917416
7.26031361623004
7.353050459152917
7.445842470980647
7.538690481935422
7.631595328285467
7.724557852465552
7.817578903199654
7.910659335625793
8.00380001142313
8.097001798941365
8.190265573332525
8.283592216685173
8.376982618161126
8.470437674134754
8.56395828833491
8.657545371989585
8.75119984397334
8.844922630957626
8.938714667564021
9.032576896520519
9.126510268820919
9.220515743887407
9.314594289736444
9.408746883148007
9.502974509838326
9.597278164636185
9.691658851662899
9.786117584516063
9.880655386457198
9.975273290603385
10.069972340123014
10.164753588435774
10.259618099416977
10.35456694760638
10.449601218421611
10.544722008376349
10.639930425303376
10.735227588582683
10.83061462937474
10.926092690859113
11.021662928478564
11.11732651018884
11.213084616714273
11.30893844180939
11.404889192526753
11.50093808949114
11.597086367180353
11.69333527421278
11.78968607364199
11.886140043258525
11.982698475899154
12.079362679763813
12.176133978740465
12.273013712738162
12.370003238028552
12.467103927596089
12.564317171497288
12.661644377229253
12.759086970107832
12.856646393655694
12.954324110000675
13.052121600284712
13.150040365083772
13.248081924839079
13.346247820300093
13.444539612979607
13.542958885621381
13.641507242680778
13.740186310818807
13.83899773941012
13.937943201065364
14.037024392168497
14.136243033429524
14.235600870453268
14.335099674324724
14.434741242211622
14.534527397984842
14.634459992857295
14.734540906042042
14.834772045430292
14.935155348290083
15.035692781986432
15.13638634472375
15.237238066311415
15.33825000895339
15.439424268062837
15.5407629731027
15.642268288453318
15.743942414308128
15.84578758759861
15.947806082949652
16.050000213666593
16.152372332755245
16.254924833976293
16.357660152935463
16.460580768211045
16.563689202520287
16.6669880239264
16.770479847087884
16.874167334552055
16.978053198094685
17.08214020010786
17.186431155038147
17.290928930877392
17.395636450708515
17.50055669430886
17.60569269981371
17.711047565442847
17.816624451293077
17.92242658119987
18.028457244671422
18.134719798898686
18.24121767084501
18.347954359419365
18.454933437737296
18.562158555473992
18.669633441314176
18.77736190550372
18.885347842508274
18.99359523378449
19.10210815066974
19.210890757396676
19.31994731423928
19.429282180797596
19.538899819428725
19.648804798832128
19.759001797798003
19.869495609127792
19.980291143736803
20.091393434949353
20.20280764299777
20.3145390597372
20.42659311358918
20.538975374727727
20.651691560522774
20.764747541256874
20.878149346132183
20.991903169586127
21.106015377935485
21.220492516370122
21.33534131631935
21.450568703215563
21.56618180468189
21.68218795917272
21.798594725098237
21.915409890466858
22.032641483082084
22.15029778133364
22.268387325625948
22.386918930490953
22.50590169743641
22.625345028585276
22.745258641167027
22.865652582927297
22.986537248528446
23.107923397020645
23.22982217047067
23.3522451138443
23.475204196247617
23.59871183364334
23.722780913170126
23.84742481920636
23.972657461334816
24.09849330438167
24.22494740072236
24.352035425068433
24.479773711973866
24.608179296327243
24.737269957127424
24.86706426487656
24.99758163296515
25.12884237347088
25.260867757846967
25.393680083037843
25.52730274363165
25.66176031074212
25.797078618408644
25.933284858415718
26.070407684564017
26.20847732757912
26.347525722024905
26.487586646802168
26.62869588106648
26.770891377700657
26.914213456837707
27.05870502236295
27.204411804845968
27.35138263498613
27.499669752426797
27.649329155738435
27.800421000536243
27.953010054142418
28.107166217007055
28.26296512336878
28.420488836506905
28.579826657601433
28.74107607193341
28.904343862284488
29.06974742742913
29.237416354262145
29.40749430637959
29.580141311303954
29.75553655518955
29.933881831031297
30.11540583913982
30.300369614778763
30.489073469938965
30.68186600486895
30.879156005043196
31.081428451564634
31.28926654770704
31.503382809341705
31.724664294433882
31.954240821105685
32.193592485959236
32.44472867842298
32.71050789568398
32.99526557834057
33.306222775877096
33.65737600292057
34.08530916575858