0.027014522641775077
0.08104359124954855
0.13507272983025373
0.18910198503338452
0.24313140350974363
0.2971610319119667
0.35119091689504567
0.4052211051168526
0.45925164323866385
0.5132825779256839
0.5673139558475693
0.6213458236789534
0.6753782280999704
0.7294112157967803
0.7834448334620931
0.8374791277956951
0.8915141455049728
0.9455499333054388
0.9995865379212584
1.053624006085775
1.1076623845420355
1.1617017200433197
1.2157420593536643
1.2697834492483921
1.3238259365146394
1.3778695679518838
1.431914390372473
1.4859604506021538
1.5400077954806015
1.5940564718619497
1.64810652661532
1.702158006625355
1.7562109587927464
1.8102654300347696
1.8643214672858146
1.91837911749792
1.9724384276413056
2.0264994447049074
2.0805622156969115
2.1346267876452907
2.1886932075983387
2.2427615226252096
2.2968317798164524
2.3509040262845513
2.404978309164463
2.459054675614158
2.513133172815159
2.5672138479730835
2.6212967483181853
2.6753819211058967
2.729469413617374
2.783559273160039
2.837651547068127
2.8917462827032305
2.9458435274548496
2.9999433287409363
3.0540457340084473
3.1081507907338897
3.162258546423876
3.2163690486156735
3.2704823448777582
3.3245984828103685
3.378717510046061
3.432839474250265
3.4869644231218406
3.5410924043936394
3.59522346583306
3.64935765524261
3.70349502046047
3.757635609361054
3.8117794698555745
3.8659266498926086
3.9200771974586637
3.9742311605787464
4.028388587316931
4.082549525776931
4.13671402410267
4.190882130478856
4.245053893131557
4.2992293603287735
4.35340858038102
4.407591601641901
4.461778472508694
4.51596924142293
4.570163956870974
4.624362667384619
4.678565421541661
4.732772267966493
4.786983255330696
4.841198432353629
4.895417847803017
4.949641550495554
5.003869589297492
5.058102013125242
5.112338870945974
5.166580211778219
5.220826084692467
5.275076538811779
5.329331623312387
5.38359138742431
5.437855880431958
5.492125151674745
5.546399250547708
5.600678226502115
5.654962129046093
5.709251007745239
5.763544912223248
5.817843892162532
5.872147997304852
5.926457277451942
5.980771782466138
6.035091562271015
6.089416666852018
6.143747146257099
6.198083050597359
6.2524244300476814
6.306771334847386
6.361123815300864
6.415481921778236
6.46984570471599
6.524215214617646
6.578590502054405
6.632971617665805
6.687358612160383
6.741751536316338
6.796150440982192
6.850555377077461
6.9049663955933225
6.959383547593288
7.013806884213877
7.068236456665296
7.122672316232121
7.17711451427397
7.2315631022261995
7.286018131600589
7.340479653986031
7.394947721049221
7.449422384535364
7.503903696268861
7.558391708154023
7.612886472175768
7.667388040400333
7.721896464975981
7.776411798133721
7.830934092188019
7.885463399537522
7.939999772665777
7.994543264141963
8.049093926621612
8.103651812847355
8.15821697564964
8.212789467947482
8.26736934274921
8.321956653153197
8.376551452348624
8.43115379361622
8.485763730329028
8.540381315953157
8.595006604048551
8.649639648269746
8.704280502366647
8.758929220185296
8.81358585566866
8.868250462857391
8.92292309589063
8.977603809006785
9.032292656544323
9.08698969294257
9.141694972742503
9.19640855058756
9.25113048122444
9.30586081950392
9.36059962038167
9.415346938919066
9.470102830284018
9.524867349751796
9.579640552705856
9.634422494638688
9.689213231152639
9.744012817960769
9.798821310887698
9.853638765870452
9.908465238959321
9.963300786318731
10.018145464228093
10.072999329082688
10.127862437394528
10.18273484579325
10.237616611026988
10.292507789963269
10.347408439589898
10.402318617015869
10.457238379472257
10.512167784313126
10.567106889016449
10.622055751185021
10.677014428547382
10.731982978958746
10.786961460401926
10.841949930988287
10.896948448958675
10.951957072684374
11.006975860668055
11.062004871544735
11.117044164082746
11.172093797184697
11.227153829888458
11.282224321368135
11.337305330935056
11.392396918038765
11.447499142268022
11.502612063351805
11.557735741160313
11.612870235705989
11.668015607144541
11.723171915775962
11.778339222045572
11.83351758654505
11.888707070013481
11.943907733338412
11.999119637556902
12.054342843856595
12.109577413576782
12.16482340820948
12.220080889400522
12.275349918950639
12.330630558816559
12.38592287111211
12.441226918109333
12.496542762239594
12.551870466094712
12.607210092428089
12.662561704155838
12.717925364357948
12.773301136279413
12.82868908333141
12.88408926909245
12.939501757309564
12.99492661189948
13.050363896949802
13.105813676720224
13.161276015643718
13.216750978327758
13.272238629555522
13.327739034287143
13.383252257660923
13.438778364994583
13.49431742178652
13.54986949371706
13.605434646649721
13.661012946632503
13.716604459899159
13.772209252870493
13.827827392155656
13.883458944553468
13.939103977053723
13.994762556838522
14.050434751283614
14.10612062795973
14.161820254633946
14.217533699271048
14.273261030034892
14.3290023152898
14.384757623601947
14.440527023740756
14.496310584680314
14.552108375600794
14.607920465889878
14.663746925144203
14.719587823170807
14.775443229988593
14.831313215829791
14.88719785114145
14.943097206586915
14.999011353047338
15.054940361623194
15.110884303635782
15.166843250628782
15.222817274369788
15.278806446851862
15.3348108402951
15.390830527148218
15.44686558009013
15.50291607203155
15.55898207611661
15.61506366572448
15.671160914470995
15.727273896210319
15.783402685036581
15.839547355285573
15.89570798153641
15.951884638613237
16.008077401586934
16.064286345776846
16.1205115467525
16.17675308033536
16.23301102260059
16.28928544987882
16.345576438757945
16.401884066084904
16.458208408967497
16.514549544776234
16.57090755114615
16.627282505978666
16.68367448744347
16.74008357398037
16.796509844301234
16.852953377391852
16.909414252513915
16.965892549206906
17.02238834729009
17.078901726864476
17.13543276831479
17.1919815523115
17.24854815981282
17.30513267206674
17.361735170613084
17.41835573728557
17.474994454213896
17.531651403825833
17.588326668849348
17.645020332314715
17.701732477556693
17.75846318821667
17.815212548244855
17.871980641902468
17.928767553763972
17.985573368719304
18.042398171976117
18.099242049062077
18.15610508582713
18.212987368445816
18.26988898341961
18.326810017579252
18.383750558087133
18.44071069243966
18.49769050846967
18.554690094348864
18.611709538590233
18.668748930050544
18.725808357932817
18.782887911788823
18.839987681521624
18.897107757388127
18.95424823000163
19.011409190334447
19.06859072972049
19.125792939857927
19.18301591281183
19.240259741016857
19.297524517279957
19.354810334783107
19.41211728708604
19.46944546812903
19.526794972235706
19.584165894115838
19.641558328868214
19.698972371983505
19.756408119347142
19.813865667242265
19.871345112352643
19.92884655176567
19.986370082975334
20.04391580388528
20.10148381281183
20.159074208487066
20.21668709006195
20.274322557109446
20.331980709627683
20.38966164804314
20.447365473213875
20.50509228643276
20.56284218943076
20.620615284380243
20.678411673898307
20.73623146105015
20.794074749352465
20.851941642776872
20.90983224575336
20.967746663173795
21.025685000395434
21.083647363244467
21.141633858019627
21.19964459149579
21.257679670927633
21.315739204053333
21.373823299098262
21.431932064778774
21.490065610305972
21.548224045389546
21.60640748024163
21.6646160255807
21.72284979263552
21.78110889314911
21.839393439382736
21.897703544119995
21.956039320670868
22.01440088287587
22.0727883451102
22.13120182228796
22.189641429866388
22.248107283850146
22.306599500795667
22.365118197815494
22.42366349258272
22.48223550333543
22.54083434888121
22.599460148601665
22.658113022457044
22.71679309099085
22.775500475334518
22.83423529721215
22.892997678945267
22.951787743457665
23.01060561428024
23.069451415555935
23.128325272044684
23.187227309128435
23.246157652816223
23.30511642974927
23.364103767206167
23.423119793108086
23.482164636024056
23.541238425176285
23.600341290445556
23.65947336237664
23.71863477218382
23.777825651756395
23.83704613366434
23.896296351163922
23.955576438203455
24.014886529429063
24.074226760190538
24.133597266547227
24.192998185274007
24.252429653867313
24.31189181055123
24.371384794283646
24.43090874476247
24.490463802431925
24.550050108488904
24.60966780488938
24.669317034354904
24.728997940379166
24.78871066723463
24.848455359979212
24.908232164463087
24.968041227335522
25.027882696051783
25.08775671888016
25.14766344490902
25.207603024053967
25.267575607065073
25.327581345534185
25.387620391902303
25.447692899467086
25.507799022390362
25.567938915705803
25.628112735326628
25.688320638053423
25.748562781582034
25.80883932451156
25.869150426352423
25.929496247534537
25.989876949415574
26.050292694289315
26.110743645394095
26.171229966921363
26.231751824024307
26.29230938282662
26.35290281043132
26.413532274929725
26.474197945410474
26.534899991968697
26.59563858571529
26.65641389878626
26.717226104352214
26.778075376627967
26.838961890882217
26.8998858234474
26.960847351729576
27.021846654218546
27.082883910497962
27.143959301255673
27.20507300829411
27.266225214540846
27.327416104059253
27.388645862059317
27.449914674908566
27.51122273014311
27.57257021647888
27.633957323822926
27.695384243284902
27.756851167188692
27.818358289084156
27.879905803759033
27.941493907251008
28.003122796859888
28.064792671159974
28.126503730012562
28.18825617457861
28.250050207331554
28.311886032070312
28.373763853932417
28.435683879407335
28.497646316349964
28.559651373994285
28.621699262967194
28.68379019530252
28.745924384455222
28.80810204531574
28.870323394224588
28.932588648987096
28.99489802888834
29.057251754708304
29.1196500487372
29.182093134791025
29.244581238227283
29.307114585960974
29.369693406480728
29.4323179298652
29.49498838779968
29.557705013592894
29.62046804219408
29.683277710210245
29.746134255923696
29.809037919309787
29.871988942054905
29.934987567574723
29.99803404103267
30.06112860935871
30.124271521268312
30.18746302728172
30.250703379743506
30.31399283284236
30.37733164263118
30.440720067047433
30.504158365933804
30.567646801059144
30.63118563613971
30.69477513686069
30.758415570898087
30.822107207940835
30.885850319713313
30.94964517999813
31.01349206465926
31.077391251665514
31.141343021114345
31.205347655256006
31.269405438518053
31.333516657530225
31.397681601149685
31.461900560486608
31.526173828930194
31.590501702175036
31.654884478247894
31.719322457534872
31.783815942808985
31.848365239258186
31.91297065451376
31.977632498679203
32.04235108435951
32.10712672669091
32.17195974337109
32.236850454689844
32.30179918356024
32.36680625555022
32.431871998914744
32.49699674462838
32.5621808264185
32.627424580798866
32.69272834710389
32.758092467523305
32.82351728713751
32.88900315395338
32.95455041894072
33.02015943606925
33.08583056234626
33.151564157854814
33.217360585792576
33.283220212511345
33.349143407557136
33.415130543711
33.48118199703049
33.54729814689182
33.61347937603271
33.67972607059598
33.74603862017388
33.81241741785308
33.87886286026056
33.94537534761019
34.01195528375011
34.07860307621095
34.14531913625488
34.21210387892545
34.27895772309839
34.345881091533215
34.412874410925774
34.479938111961694
34.54707262937078
34.6142784019824
34.681555872781814
34.7489054889675
34.8163277020096
34.88382296770927
34.95139174625925
35.01903450230541
35.08675170500951
35.15454382811307
35.22241135000236
35.29035475377472
35.35837452730596
35.42647116331914
35.494645159454535
35.56289701834098
35.63122724766855
35.69963636026255
35.76812487415904
35.83669331268167
35.90534220452005
35.974072083809666
36.042883490213256
36.11177696900382
36.180753071149276
36.24981235339872
36.3189553783704
36.38818271464145
36.457494936839446
36.526892625735634
36.59637636834025
36.6659467579996
36.73560439449515
36.80534988414463
36.87518383990528
36.945106881479056
37.01511963542016
37.08522273524473
37.1554168215428
37.22570254209267
37.29608055197762
37.36655151370509
37.43711609732846
37.507774980571355
37.57852884895463
37.64937839592615
37.7203243229933
37.791367339858425
37.86250816455726
37.93374752360034
38.005086152117556
38.07652479400598
38.148064202080896
38.21970513823032
38.29144837357292
38.36329468861957
38.43524487343856
38.50729972782465
38.579460061471906
38.65172669415066
38.72410045588852
38.79658218715564
38.86917273905437
38.94187297351333
39.01468376348617
39.08760599315509
39.16064055813917
39.233788365707866
39.307050334999566
39.38042739724564
39.45392049599984
39.527530587373526
39.60125864027666
39.67510563666485
39.749072571792624
39.82316045447309
39.897370307344275
39.971703167142195
40.04616008498104
40.120742126640586
40.195450372861096
40.270285919646
40.34524987857251
40.420343377110534
40.49556755895008
40.570923584337464
40.64641263042066
40.722035891603966
40.79779457991246
40.873689925366484
40.9497231763665
41.025895600088695
41.102208482891754
41.17866313073504
41.25526086960878
41.33200304597653
41.40889102723038
41.48592620215946
41.56310998143205
41.64044379809195
41.71792910806953
41.795567390708
41.87336014930558
41.95130891167397
42.02941523071388
42.107680685008255
42.186106879433744
42.264695445791276
42.343448043456355
42.42236636004989
42.501452112130394
42.58070704590827
42.660132937983306
42.73973159610595
42.819504859963686
42.89945460199331
42.9795827282202
43.059891179125735
43.140381930544024
43.221056994589155
43.301918420614236
43.38296829620365
43.464208748199844
43.54564194376626
43.62727009148786
43.709095442511014
43.791120291724425
43.87334697898294
43.95577789037614
44.03841545954389
44.12126216904077
44.20432055175182
44.28759319236199
44.37108272888168
44.454791854231196
44.5387233178868
44.62287992759148
44.70726455113344
44.791880118195735
44.87672962228061
44.96181612271211
45.04714274672122
45.132712691617435
45.21852922705142
45.30459569737345
45.390915524092634
45.47749220844229
45.56432933405723
45.65143056976884
45.73879967252471
45.826440490439296
45.91435696598332
46.0025531393195
46.091033151793035
46.17980124958579
46.26886178754373
46.3582192331877
46.44787817091873
46.537843306429295
46.62811947133331
46.71871162802825
46.809624874803916
46.9008644512134
46.99243574372298
47.08434429165906
47.1765957934715
47.269196113334395
47.362151288106844
47.45546753467829
47.549151257724795
47.64320905790496
47.73764774052657
47.832474324717545
47.927696053138035
48.02332040227314
48.11935509334991
48.215808103925546
48.31268768019857
48.410002350099106
48.50776093721975
48.605972575654704
48.70464672582089
48.80379319134231
48.903422137086885
49.00354410845431
49.10417005202302
49.20531133767652
49.306979782341116
49.40918767548244
49.5119478065235
49.61527349436565
49.7191786192146
49.82367765693687
49.92878571619874
50.03451857867041
50.140892742612586
50.24792547020241
50.355634839001524
50.464039798021496
50.57316022890234
50.68301701279037
50.79363210358281
50.90502860830168
51.01723087547046
51.13026459249681
51.24415689321781
51.35893647694482
51.47463374055902
51.59128092546379
51.70891228150464
51.82756425033312
51.94727567113267
52.06808801215883
52.19004563219863
52.31319607685221
52.43759041552435
52.563283626234394
52.69033503687631
52.818808833476126
52.948774648418635
53.08030824470999
53.21349231632598
53.348417429868924
53.4851831395402
53.623899316426865
53.76468774515213
53.90768405729319
54.05304009346054
54.200926817319015
54.351537949339225
54.50509455231287
54.66185089523452
54.822102064435995
54.986194010250344
55.15453706528062
55.32762453942467
55.506058962478164
55.69059025480232
55.88217328892785
56.08205859615435
56.29194336209136
56.51424113310577
56.75261117557367
57.01314593536195
57.30764929753517
57.66695897330641