0.030450711850058494
0.0913521779933868
0.15225377146711805
0.21315557716075123
0.27405767996763075
0.3349601647864852
0.39586311652296585
0.4567666200911861
0.5176707604152609
0.5785756224308468
0.6394812910866831
0.7003878513461327
0.7612953881887246
0.8222039866116972
0.8831137316315419
0.9440247082855484
1.0049370016333505
1.0658506967584738
1.1267658787698838
1.1876826328035364
1.2486010440239286
1.3095211976256518
1.3704431788349467
1.4313670729112578
1.492292965148793
1.5532209408780833
1.6141510854675423
1.675083484325033
1.7360182228994314
1.7969553866821952
1.8578950612089338
1.918837332060981
1.9797822848669708
2.040730005304413
2.101680579101275
2.162634092037565
2.2235906299469153
2.2845502787181733
2.3455131242969913
2.4064792526874217
2.467448749953515
2.5284217022209194
2.589398195678485
2.6503783165798733
2.7113621512451656
2.772349786062479
2.833341307489584
2.8943368020555273
2.955336356362256
3.0163400570862495
3.077347990980151
3.1383602448744057
3.199376905678906
3.260398060384633
3.32142379606531
3.382454199879058
3.4434893590700537
3.5045293609701957
3.5655742930007728
3.6266242426741377
3.687679297595387
3.7487395454640446
3.809805074075752
3.87087597132396
3.931952325201632
3.9930342238029484
4.054121755325014
4.11521500806958
4.17631407044476
4.237419030966765
4.298529978261632
4.359647001066965
4.420770188233683
4.481899628727771
4.543035411632039
4.604177626147889
4.665326361597082
4.726481707423523
4.787643753195041
4.848812588605184
4.909988303475018
4.971170987754932
5.0323607315264525
5.093557625004064
5.154761758537039
5.21597322261127
5.277192107851117
5.338418505021257
5.399652505028544
5.460894198923874
5.522143677904066
5.583401033313739
5.644666356647208
5.705939739550382
5.7672212738226785
5.828511051418933
5.889809164451335
5.9511157051913575
6.012430766071702
6.0737544396882575
6.135086818802058
6.196427996341262
6.257778065403127
6.319137119256011
6.380505251341367
6.441882555275761
6.503269124852891
6.56466505404562
6.626070437008023
6.687485368077437
6.748909941776525
6.810344252815354
6.871788396093482
6.933242466702051
6.994706559925902
7.056180771245687
7.117665196340012
7.179159931087571
7.240665071569302
7.302180714070564
7.3637069550833045
7.425243891308259
7.4867916196571525
7.548350237254918
7.609919841441927
7.67150052977623
7.733092400035813
7.7946955502208715
7.856310078556086
7.917936083492924
7.979573663711948
8.041222918125142
8.102883945878244
8.164556846353106
8.226241719170059
8.287938664190293
8.349647781518254
8.411369171504056
8.473102934745913
8.534849172092574
8.596607984645784
8.65837947376276
8.72016374105868
8.781960888409184
8.843771017952905
8.905594232094002
8.967430633504716
9.029280325127948
9.091143410179841
9.153019992152394
9.214910174816085
9.276814062222511
9.338731758707054
9.400663368891554
9.46260899768701
9.5245687502963
9.586542732216907
9.648531049243681
9.71053380747161
9.772551113298611
9.83458307342835
9.896629794873064
9.95869138495643
10.020767951316417
10.08285960190821
10.144966445007094
10.207088589211423
10.269226143445549
10.331379216962826
10.3935479193486
10.45573236052324
10.51793265074518
10.580148900613995
10.642381221073494
10.704629723414833
10.766894519279662
10.829175720663287
10.891473439917858
10.953787789755586
11.016118883251977
11.078466833849106
11.14083175535889
11.203213761966424
11.265612968233302
11.328029489101
11.390463439894262
11.452914936324524
11.515384094493367
11.577871030895988
11.640375862424706
11.7028987063725
11.765439680436563
11.827998902721898
11.890576491744943
11.95317256643721
12.015787246148976
12.078420650652989
12.141072900148204
12.203744115263575
12.266434417061838
12.329143927043363
12.391872767150016
12.45462105976906
12.5173889277371
12.580176494344041
12.642983883337099
12.705811218924831
12.768658625781217
12.83152622904976
12.894414154347633
12.957322527769858
13.020251475893522
13.083201125782033
13.146171604989409
13.209163041564606
13.272175564055887
13.335209301515235
13.398264383502784
13.461340940091324
13.524439101870806
13.587558999952934
13.650700765975756
13.713864532108316
13.77705043105536
13.840258596062059
13.9034891609188
13.966742259966002
14.030018028098992
14.09331660077291
14.156638114007682
14.219982704393017
14.283350509093466
14.34674166585352
14.410156313002759
14.473594589461058
14.537056634743827
14.60054258896731
14.664052592853938
14.72758678773773
14.791145315569736
14.854728318923556
14.918335941000885
14.981968325637137
15.045625617307108
15.109307961130694
15.173015502878684
15.236748388978581
15.300506766520504
15.364290783263147
15.428100587639776
15.491936328764314
15.555798156437467
15.619686221152925
15.683600674103612
15.74754166718801
15.811509353016547
15.875503884918036
15.939525416946205
16.00357410388627
16.067650101261584
16.131753565340365
16.19588465314247
16.260043522446267
16.32423033179556
16.388445240506588
16.452688408675105
16.516959997183516
16.581260167708134
16.645589082726456
16.709946905524536
16.77433380020447
16.83874993169191
16.903195465743696
16.96767056895554
17.032175408769827
17.09671015348347
17.161274972255868
17.22587003511693
17.290495512975227
17.35515157762618
17.41983840176039
17.48455615897201
17.549305023767246
17.61408517157295
17.678896778745276
17.74374002257848
17.808615081313768
17.873522134148285
17.938461361244194
18.003432943737828
18.068437063749
18.13347390439035
18.198543649776884
18.263646485035537
18.328782596314888
18.39395217079501
18.459155396697366
18.52439246329488
18.589663560922112
18.654968880985518
18.720308615973874
18.78568295946879
18.85109210615538
18.916536251833005
18.982015593426205
19.047530328995716
19.11308065774964
19.17866678005474
19.24428889744786
19.309947212647508
19.375641929565553
19.441373253319092
19.507141390242413
19.57294654789916
19.638788935094606
19.704668761888087
19.770586239605596
19.836541580852533
19.90253499952659
19.968566710830828
20.03463693128688
20.100745878748363
20.166893772414408
20.233080832843402
20.29930728196688
20.36557334310359
20.431879240973768
20.498225201713524
20.564611452889512
20.631038223513684
20.69750574405832
20.76401424647118
20.830563964190908
20.89715513216261
20.96378798685361
21.03046276626947
21.09717970997017
21.163939059086513
21.230741056336765
21.297585946043476
21.364473974150567
21.431405388240613
21.498380437552367
21.565399372998524
21.632462447183705
21.69956991442271
21.76672203075899
21.83391905398339
21.90116124365313
21.968448861111064
22.03578216950518
22.10316143380839
22.170586920838566
22.23805889927889
22.305577639698452
22.373143414573143
22.440756498306854
22.50841716725295
22.576125699736075
22.643882376074224
22.711687478601164
22.77954129168917
22.84744410177204
22.915396197368516
22.98339786910595
23.051449409744407
23.11955111420103
23.187703279574812
23.25590620517172
23.324160192530147
23.392465545446807
23.460822570002932
23.529231574590927
23.597692869941355
23.66620676915038
23.734773587707576
23.80339364352417
23.872067256961728
23.940794750861212
24.009576450572556
24.07841268398463
24.147303781555685
24.216250076344263
24.285251904040567
24.354309602998345
24.42342351426722
24.492593981625568
24.56182135161387
24.63110597356861
24.700448199656698
24.76984838491042
24.839306887262968
24.908824067584497
24.978400289718795
25.0480359205205
25.117731329892962
25.187486890826634
25.257302979438194
25.32717997501019
25.397118260031412
25.46711822023787
25.537180244654497
25.607304725637462
25.67749205891727
25.747742643642514
25.818056882424376
25.888435181381872
25.95887795018787
26.029385602115845
26.099958554087472
26.17059722672099
26.24130204438041
26.312073435225567
26.38291183126301
26.45381766839779
26.524791386486164
26.59583342938915
26.666944245027096
26.73812428543516
26.809374006819752
26.880693869616046
26.952084338546417
27.02354588268
27.095078975493266
27.166684094931718
27.23836172347267
27.3101123481892
27.381936460815226
27.453834557811813
27.52580714043466
27.597854714802867
27.66997779196894
27.74217688799013
27.814452524001066
27.886805226287805
27.95923552636322
28.031743961043844
28.10433107252818
28.176997408476485
28.2497435220921
28.322569972204334
28.395477323352974
28.468466145874395
28.5415370159894
28.61469051589275
28.68792723384446
28.76124776426291
28.834652707819828
28.908142671537103
28.98171826888562
29.05538011988602
29.129128851211572
29.20296509629305
29.276889495425824
29.350902695879128
29.425005352007574
29.49919812536498
29.573481684820592
29.647856706677697
29.72232387479477
29.79688388070917
29.871537423763446
29.946285211234365
30.02112795846469
30.096066388997805
30.17110123471526
30.246233235977304
30.32146314176649
30.396791709834464
30.472219706851956
30.54774790856214
30.62337709993741
30.699108075339673
30.774941638684236
30.850878603607466
30.926919793638213
31.003066042373206
31.079318193656462
31.155677101762883
31.232143631586084
31.308718658830667
31.385403070208994
31.46219776364262
31.539103648468533
31.61612164565031
31.69325268799439
31.770497720371537
31.847857699943717
31.925333596396523
32.00292639217734
32.08063708273936
32.1584666767917
32.23641619655579
32.31448667802821
32.39267917125016
32.47099474058383
32.54943446499584
32.62799943834798
32.70669076969546
32.78550958359306
32.86445702040914
32.94353423664808
33.0227424052812
33.10208271608663
33.18155637599816
33.26116460946372
33.34090865881343
33.42078978463792
33.50080926617691
33.580968401718714
33.66126850901084
33.74171092568211
33.822297009676795
33.903028139701014
33.98390571568204
34.06493115924079
34.14610591417804
34.22743144697488
34.308909247307966
34.390540828579866
34.47232772846545
34.55427150947457
34.63637375953177
34.718636092573746
34.80106014916506
34.8836475971329
34.96640013222165
35.049319478767906
35.13240739039688
35.215665650740895
35.29909607418099
35.38270050661234
35.46648082623471
35.55043894436871
35.634576806299066
35.71889639214591
35.80339971776527
35.88808883568006
35.97296583604268
36.05803284763074
36.143292038877156
36.228745618936195
36.31439583878704
36.40024499237639
36.48629541780195
36.57254949853851
36.659009664708584
36.74567839439967
36.83255821502999
36.919651704765336
37.00696149398904
37.09449026682768
37.18224076273519
37.27021577813803
37.358418168144475
37.446850848320935
37.53551679653882
37.62441905489519
37.71356073171097
37.80294500361065
37.89257511768746
37.982454393758516
38.07258622671458
38.16297408896915
38.25362153301249
38.344532194075725
38.43570979291127
38.52715813869571
38.618881132061915
38.710882768267396
38.80316714050676
38.895738443376175
38.988600976498624
39.081759148319264
39.17521748008067
39.26898060998875
39.36305329758056
39.45744042830624
39.552147018338204
39.64717821962141
39.74253932518001
39.8382357746964
39.93427316038003
40.030657233144936
40.127393909116016
40.22448927648587
40.32194960274579
40.41978134231631
40.51799114460479
40.616585862519834
40.71557256147483
40.81495852891568
40.914751284410656
41.01495859034383
41.115588463257126
41.216649185890006
41.31814931997037
41.420097719815175
41.522503546804764
41.625376284800936
41.72872575658566
41.83256214140484
41.93689599370988
42.041738263199335
42.14710031627333
42.252993959025375
42.359431461909175
42.466425586233434
42.573989612653826
42.68213737185093
42.79088327760394
42.90024236249468
43.010230316503936
43.12086352879397
43.232159133006974
43.34413505645068
43.45681007358974
43.57020386431621
43.684337077535424
43.79923140067659
43.914909635822234
44.03139578324923
44.14871513328953
44.26689436755397
44.385961670721414
44.505946854283685
44.62688149385894
44.74879908195171
44.87173519835426
44.995727700764455
45.12081693865434
45.24704599397958
45.3744609529983
45.50311121429798
45.6330498391533
45.76433395160702
45.89702519725085
46.031190271674774
46.16690153207572
46.30423770873457
46.44328473721389
46.58413673750898
46.726897173441245
46.87168023493504
47.01861249835431
47.16783493708583
47.31950537795023
47.473801531669196
47.630924771915694
47.79110490430316
47.954606265043935
48.12173563701969
48.29285269923363
48.468384087426905
48.64884273565981
48.83485517327671
49.02720123032625
49.22687391537164
49.435173774927776
49.65386597477892
49.88546088618646
50.133764818551995
50.405115470135804
50.71179281708787
51.085881112736644