0.02916392823988292
0.08749181892160707
0.14581981220972756
0.20414797651024683
0.2624763802317745
0.3208050917865707
0.379134179591589
0.4374637120695203
0.4957937576498361
0.5541243847698327
0.6124556618756757
0.6707876574234445
0.7291204398801776
0.7874540777249183
0.8457886394497608
0.9041241935608972
0.9624608085796651
1.020798553043595
1.0791374955074593
1.1374777045443232
1.1958192487465928
1.2541621967270684
1.3125066171199955
1.3708525785821186
1.429200149793735
1.4875493994597497
1.5459003963107327
1.604253209103975
1.662607906624548
1.7209645576863646
1.7793232311332376
1.837683995839945
1.896046920713291
1.9544120746931746
2.012779526753654
2.071149345904016
2.129521601189844
2.187896361694094
2.2462736965381622
2.3046536748829647
2.3630363659300104
2.421421838922483
2.4798101631463187
2.53820140793129
2.59659564265209
2.654992936729417
2.713393359631066
2.7717969808730167
2.830203870020527
2.888614096689229
2.9470277305462234
3.0054448413111827
3.0638654987574503
3.1222897727131462
3.1807177330622736
3.239149449745828
3.2975849927629106
3.3560244321718398
3.4144678380912716
3.4729152807013195
3.531366830244674
3.5898225570277327
3.648282531421726
3.706746823863851
3.7652155048584017
3.8236886449779126
3.882166314864296
3.940648585229986
3.999135526859087
4.057627210608522
4.11612370740919
4.1746250882671205
4.233131424264634
4.2916427865615105
4.350159246396149
4.408680875086748
4.467207744032476
4.52573992471465
4.584277488697921
4.642820507631456
4.701369053250136
4.759923197375742
4.818483011918159
4.877048568876579
4.935619940340701
4.994197198491952
5.052780415604698
5.111369664047457
5.169965016284135
5.228566544875249
5.2871743224791565
5.3457884218533
5.404408915855445
5.463035877444929
5.521669379683912
5.580309495738637
5.638956298880687
5.697609862488255
5.756270260047414
5.814937565153396
5.873611851511874
5.932293192940245
5.990981663368931
6.049677336842671
6.108380287521825
6.1670905896836885
6.225808317723799
6.284533546157265
6.343266349620088
6.402006802870495
6.460754980790277
6.519510958386134
6.578274810791024
6.63704661326552
6.6958264411991735
6.75461437011188
6.8134104756552585
6.872214833614032
6.931027519907412
6.9898486105904984
7.048678181855679
7.107516310034037
7.166363071596768
7.2252185431566
7.284082801469222
7.342955923434726
7.401837986099039
7.460729066655389
7.519629242445748
7.578538590962305
7.637457189848941
7.696385116902704
7.755322450075299
7.814269267474588
7.8732256473660875
7.932191668174485
7.991167408485158
8.0501529470457
8.109148362767462
8.168153734727088
8.227169142168082
8.286194664502354
8.345230381311803
8.404276372349887
8.463332717543222
8.522399496993167
8.581476790977431
8.6405646799517
8.699663244551248
8.758772565592576
8.817892724075058
8.877023801182586
8.93616587828524
8.995319036940952
9.054483358897198
9.113658926092683
9.172845820659042
9.232044124922554
9.291253921405872
9.35047529282974
9.409708322114753
9.4689530923831
9.528209686960334
9.587478189377144
9.646758683371154
9.706051252888699
9.765355982086657
9.824672955334256
9.88400225721491
9.943343972528066
10.002698186291054
10.062064983740962
10.121444450336508
10.180836671759936
10.24024173391892
10.299659722948478
10.35909072521291
10.418534827307727
10.477992116061616
10.537462678538402
10.596946602039031
10.656443974103567
10.715954882513197
10.77547941529225
10.835017660710234
10.89456970728389
10.954135643779248
11.013715559213706
11.073309542858121
11.13291768423892
11.192540073140215
11.25217679960594
11.311827953941998
11.37149362671844
11.431173908771632
11.490868891206452
11.550578665398511
11.610303322996378
11.670042955923817
11.729797656382056
11.78956751685206
11.849352630096822
11.90915308916368
11.968968987386635
12.028800418388698
12.088647476084255
12.148510254681442
12.208388848684539
12.268283352896393
12.32819386242084
12.388120472665157
12.448063279342545
12.508022378474596
12.567997866393812
12.627989839746132
12.687998395493468
12.748023630916279
12.80806564361615
12.868124531518395
12.928200392874691
12.988293326265707
13.048403430603784
13.108530805135617
13.16867554944496
13.228837763455353
13.289017547432882
13.349215001988943
13.409430228083039
13.469663327025598
13.529914400480811
13.590183550469492
13.650470879371968
13.710776489930986
13.771100485254642
13.831442968819346
13.89180404447279
13.952183816436966
14.012582389311184
14.072999868075133
14.133436358091963
14.193891965111382
14.254366795272798
14.314860955108468
14.375374551546685
14.435907691914993
14.496460483943421
14.557033035767743
14.617625455932782
14.678237853395727
14.738870337529479
14.799523018126033
14.860196005399885
14.920889409991466
14.98160334297061
15.042337915840058
15.10309324053897
15.163869429446494
15.224666595385353
15.285484851625464
15.346324311887587
15.407185090347017
15.468067301637294
15.528971060853964
15.589896483558345
15.650843685781364
15.711812784027392
15.772803895278146
15.833817136996595
15.894852627130932
15.955910484118553
16.016990826890094
16.0780937748735
16.139219447998123
16.200367966698856
16.261539451920328
16.32273402512111
16.383951808277974
16.44519292389019
16.50645749498387
16.567745645116318
16.62905749838049
16.690393179409412
16.7517528133807
16.81313652602112
16.874544443611132
16.935976692989566
16.997433401558265
17.05891469728682
17.120420708717326
17.1819515649692
17.243507395744032
17.305088331330488
17.36669450260926
17.42832604105808
17.489983078756747
17.55166574839223
17.613374183263833
17.675108517288358
17.736868885005393
17.798655421582584
17.860468262821
17.922307545160553
17.98417340568542
18.04606598212961
18.10798541288248
18.16993183699442
18.23190539418248
18.293906224836157
18.355934470023158
18.417990271495285
18.480073771694343
18.54218511375811
18.604324441526394
18.666491899547122
18.728687633082505
18.790911788115277
18.853164511354983
18.915445950244326
18.977756252965616
19.04009556844724
19.102464046370233
19.164861837174914
19.227289092067565
19.28974596302723
19.35223260281252
19.414749164968576
19.477295803834007
19.53987267454799
19.602479933057396
19.665117736124007
19.727786241331813
19.790485607094382
19.853215992662307
19.91597755813076
19.978770464447088
20.041594873418518
20.104450947719958
20.167338850901835
20.230258747398093
20.293210802534194
20.356195182535288
20.419212054534423
20.482261586580865
20.5453439476485
20.60845930764436
20.671607837417188
20.734789708766176
20.79800509444973
20.861254168194396
20.92453710470382
20.987854079667873
21.051205269771863
21.114590852705817
21.17801100717393
21.241465912904065
21.304955750657413
21.368480702238227
21.43204095050369
21.49563667937389
21.559268073841928
21.622935319984112
21.68663860497031
21.750378117074394
21.814154045684838
21.877966581315402
21.941815915615987
22.005702241383588
22.0696257525734
22.133586644310043
22.19758511289892
22.261621355837736
22.32569557182814
22.38980796078749
22.453958723860808
22.518148063432843
22.5823761831403
22.646643287884213
22.710949583842467
22.7752952784825
22.839680580574125
22.904105700202546
22.968570848781518
23.033076239066673
23.097622085169032
23.162208602568658
23.226836008128515
23.291504520108468
23.356214358179503
23.420965743438085
23.485758898420737
23.550594047118786
23.615471414993298
23.68039122899023
23.745353717555748
23.810359110651767
23.87540763977168
23.94049953795631
24.00563503981005
24.070814381517234
24.136037800858727
24.20130553722871
24.26661783165172
24.331974926799894
24.397377067010474
24.4628244983035
24.528317468399788
24.593856226739124
24.659441024498726
24.725072114611937
24.79074975178719
24.856474192527212
24.922245695148522
24.988064519801185
25.053930928488814
25.1198451850889
25.18580755537339
25.251818307029556
25.317877709681166
25.383986034909967
25.450143556277425
25.51635054934683
25.582607291705663
25.648914062988347
25.71527114489925
25.781678821236063
25.84813737791352
25.914647102987423
25.981208286679063
26.047821221399968
26.114486201777005
26.181203524677887
26.24797348923702
26.314796396881732
26.381672551358932
26.448602258762115
26.5155858275588
26.582623568618377
26.649715795240343
26.716862823183025
26.78406497069266
26.851322558532996
26.918635910015272
26.986005351028716
27.053431210071466
27.120913818282006
27.188453509471046
27.256050620153953
27.323705489583613
27.391418459783896
27.459189875583558
27.527020084650733
27.59490943752796
27.662858287667756
27.73086699146876
27.79893590831245
27.86706540060047
27.93525583379252
28.003507576444903
28.071821000249653
28.14019648007434
28.208634394002505
28.277135123374755
28.345699052830547
28.41432657035066
28.48301806730036
28.55177393847331
28.62059458213619
28.689480400074064
28.75843179763655
28.82744918378473
28.896532971138864
28.965683576026937
29.034901418534034
29.104186922552532
29.17354051583321
29.242962630037205
29.312453700788886
29.382014167729654
29.451644474572685
29.521345069158627
29.59111640351231
29.660958933900424
29.73087312089026
29.800859429409474
29.87091832880697
29.941050292914817
30.01125580011136
30.08153533338541
30.151889380401677
30.222318433567356
30.292822990099946
30.363403552096358
30.434060626603266
30.504794725688804
30.57560636651559
30.646496071415143
30.71746436796367
30.788511789059374
30.85963887300112
30.930846163568727
31.002134210104735
31.07350356759777
31.144954796767536
31.216488464151478
31.28810514219311
31.359805409332115
31.431589850096206
31.50345905519484
31.575413621614768
31.64745415271754
31.71958125833894
31.79179555489047
31.864097665462857
31.936488219931725
32.008967855065386
32.081537214634906
32.15419694952641
32.22694771785576
32.299790185085605
32.37272502414493
32.44575291555106
32.51887454753438
32.59209061616558
32.66540182548571
32.73880888763905
32.81231252300879
32.885913460355724
32.95961243695995
33.033410198765715
33.10730750052943
33.181305105970985
33.255403787928444
33.32960432851624
33.403907519286875
33.47831416139637
33.5528250657734
33.62744105329239
33.70216295495054
33.77699161204899
33.85192787637816
33.926972610407496
34.0021266874796
34.07739099200904
34.152766419685825
34.2282538776838
34.30385428487399
34.37956857204322
34.45539768211792
34.531342570393505
34.607404204769345
34.68358356598959
34.75988164788998
34.836299457650796
34.91283801605623
34.989498357760276
35.066281531559476
35.14318860067256
35.220220643027325
35.297378751555
35.37466403449223
35.452077615691
35.52962063493679
35.607294248275075
35.685099628346684
35.76303796473206
35.841110464304926
35.91931835159551
35.99766286916376
36.07614527798288
36.15476685783341
36.23352890770841
36.312432746230016
36.39147971207773
36.47067116442895
36.55000848341212
36.62949307057294
36.70912634935416
36.788909765589324
36.86884478801115
36.948932908774914
37.02917564399744
37.10957453431235
37.19013114544207
37.27084706878728
37.35172392203443
37.43276334978208
37.51396702418668
37.59533664562862
37.67687394339934
37.75858067641024
37.84045863392433
37.92250963631151
38.00473553582842
38.087138217423785
38.169719599570435
38.25248163512494
38.33542631221606
38.41855565516326
38.5018717254265
38.58537662258851
38.669072485371224
38.75296149268747
38.83704586472977
38.92132786409764
39.00580979696521
39.090494014290854
39.17538291307082
39.26047893763872
39.345784581013106
39.43130238629514
39.517034948118884
39.602984914156536
39.6891549866812
39.77554792418998
39.86216654309025
39.94901371945212
40.036092390830404
40.12340555815946
40.21095628772448
40.298747713213146
40.38678303785167
40.47506553662957
40.56359855861764
40.652385529384134
40.74142995351422
40.830735417238195
40.92030559117433
41.010144233192584
41.10025519140563
41.19064240729455
41.28130991897635
41.37226186462164
41.46350248603083
41.55503613237806
41.64686726413264
41.73900045716851
41.8314404070729
41.924191933666094
42.017259985745405
42.11064964606695
42.20436613658025
42.29841482393146
42.39280122525259
42.487531014254984
42.58261002764717
42.67804427189844
42.77383993037148
42.87000337084904
42.966541153481806
43.063460039186815
43.16076699852836
43.25846922111573
43.35657412555554
43.4550893699992
43.55402286333018
43.65338277703926
43.75317755784071
43.85341594108698
43.954106965045185
44.05525998610421
44.15688469498851
44.25899113406167
44.36158971581124
44.464691242615835
44.568306927905375
44.6724484188376
44.77712782062646
44.88235772267316
44.98815122666693
45.0945219768414
45.20148419259374
45.30905270369764
45.41724298836867
45.52607121447167
45.635554284195386
45.74570988256045
45.85655653017342
45.96811364069374
46.08040158354228
46.19344175245245
46.30725664054827
46.421869922731126
46.53730654627061
46.65359283062832
46.770756577700205
46.88882719384818
47.007835825311574
47.127815508850134
47.248801339782595
47.370830659960156
47.49394326866649
47.618181659984344
47.74359129083744
47.870220884735076
47.99812277725647
48.1273533105635
48.257973285792836
48.39004848414242
48.52365026995354
48.658856292263586
48.795751305388634
48.93442813440044
49.07498881831897
49.2175459730623
49.36222442855438
49.5091632111619
49.65851796569619
49.810463943402894
49.96519972800774
50.12295193777236
50.283981238500026
50.4485901483527
50.617133340342995
50.79003150506248
50.9677904198521
51.151027861023756
51.34051274921305
51.537224181909934
51.74244445975717
51.95791394668856
52.18610768503851
52.43077832649215
52.69817406400004
53.000401102401426
53.36908864946057