0.0630339116290797
0.18910334815072927
0.31517762499966934
0.4412599708506817
0.5673536170652554
0.6934617987699239
0.8195877559382643
0.9457347344776179
1.0719059873216001
1.1981047755294787
1.3243343693935108
1.450598049555352
1.5768991081326587
1.7032408498570315
1.8296265932244704
1.9560596716595333
2.0825434346944194
2.20908124916423
2.335676500419692
2.4623325935586595
2.5890529546777574
2.715841032145565
2.842700297898785
2.9696342487628904
3.0966464077987976
3.223740325677166
3.350919582081982
3.4781877871451568
3.605548582913929
3.733005644852936
3.8605626833829016
3.988223445457965
4.115991716183763
4.243871320478489
4.371866124779216
4.499980038795933
4.628217017315801
4.756581062060301
4.88507622359806
5.013706603316275
5.14247635545381
5.2713896891992125
5.4004508708570365
5.5296642260860684
5.659034142213225
5.788565070627119
5.918261529255486
6.048128105130917
6.1781694570495995
6.308390318328019
6.438795499662884
6.569389892099832
6.700178470116824
6.8311662948284635
6.962358517317905
7.093760382103367
7.225377230746763
7.357214505612405
7.489277753784263
7.621572631150795
7.754104906666978
7.886880466803793
8.019905320196106
8.15318560250066
8.28672758147663
8.420537662302172
8.554622393141202
8.688988470975803
8.82364274772063
8.958592236637006
9.093844119065603
9.229405751498073
9.365284673009542
9.501488613075514
9.638025499798609
9.774903468572512
9.91213087121275
10.049716285586223
10.187668525774109
10.325996652805546
10.464709986002713
10.603818114981312
10.743330912354297
10.883258547190875
11.02361149928735
11.164400574311582
11.305636919888347
11.44733204269919
11.589497826677238
11.732146552385121
11.875290917672656
12.018944059720495
12.163119578586507
12.307831562383464
12.453094614229977
12.59892388113134
12.745335084963768
12.892344555754237
13.039969267469303
13.188226876550319
13.337135763459436
13.486715077531652
13.636984785463067
13.787965723805385
13.939679655882253
14.09214933359514
14.24539856464638
14.399452285775903
14.554336642687762
14.710079077434694
14.866708424135924
15.02425501402805
15.18275079099439
15.342229438889008
15.502726522172424
15.664279641613366
15.826928607092212
15.990715629876583
16.155685537140002
16.321886011975174
16.489367862733545
16.658185326225944
16.828396410176275
17.000063281370643
17.17325270723888
17.348036560211476
17.524492396199502
17.702704121065196
17.8827627621425
18.06476736594053
18.24882604840724
18.435057230942547
18.623591104285538
18.8145713742442
19.008157359114506
19.204526530185912
19.403877616373105
19.60643443538873
19.812450672556785
20.0222159130897
20.236063358390837
20.45437984465706
20.67761907155459
20.9063194077763
21.141128391534195
21.38283731911537
21.63243157258248
21.891166541644658
22.160687307392973
22.44322795227436
22.74196770972267
23.061730286164536
23.41055329391744
23.80402316519911
24.282901263120667