0.026220028130914796
0.07866010448304411
0.13110024110627275
0.18354047818200067
0.23598085589262838
0.2884214144219574
0.34086219395559036
0.3933032346813316
0.44574457678958745
0.49818626047376685
0.5506283259306819
0.6030708133609486
0.6555137629693876
0.7079572149654253
0.7604012095634947
0.8128457869834367
0.8652909874509017
0.9177368511977508
0.9701834184624577
1.0226307294905106
1.0750788245348142
1.1275277438560924
1.1799775277232905
1.232428216413978
1.284879850214752
1.33733246942164
1.389786114340504
1.4422408252874441
1.4946966425892028
1.5471536065835694
1.599611757619785
1.652071136058947
1.7045317822744157
1.7569937366522193
1.80945703959146
1.8619217315047214
1.9143878528184748
1.966855443973487
2.019324545425228
2.071795197644279
2.1242674411167415
2.176741316344646
2.229216863846361
2.281694124157007
2.3341731378288606
2.3866539454317706
2.4391365875535675
2.491621104800477
2.544107537797531
2.596595927188982
2.649086313638715
2.7015787378306664
2.754073240469233
2.806569862279692
2.859068644008616
2.911569626424287
2.9640728503171196
3.016578356500073
3.0690861858090734
3.1215963791034333
3.17410897726627
3.2266240212049273
3.2791415518513967
3.3316616101627408
3.384184237121515
3.4367094737361916
3.4892373610415843
3.5417679400992745
3.5943012519980355
3.646837337854261
3.699376238812393
3.7519179960453477
3.80446265075495
3.857010244172357
3.9095608175584955
3.9621144122044907
4.014671069432099
4.067230830594145
4.11979373707495
4.172359830290774
4.224929151690252
4.277501742754826
4.330077644999188
4.382656899971721
4.435239549254935
4.487825634465914
4.5404151972567535
4.593008279315009
4.645604922364134
4.698205168163935
4.750809058511013
4.803416635239211
4.856027940220065
4.908643015363254
4.9612619026170535
5.013884643968785
5.066511281445269
5.119141857113286
5.1717764130800274
5.224414991493553
5.277057634543255
5.329704384460312
5.382355283518152
5.435010374032918
5.487669698363927
5.54033329891414
5.593001218130627
5.64567349850503
5.698350182574041
5.751031312919865
5.803716932170699
5.856407083001197
5.909101808132952
5.96180115033497
6.014505152424146
6.067213857265747
6.119927307773888
6.17264554691202
6.225368617693409
6.278096563181622
6.330829426491017
6.3835672507872285
6.43631007928766
6.489057955261971
6.541810922032576
6.594569022975139
6.6473323015190635
6.700100801147998
6.752874565400335
6.805653637869709
6.858438062205503
6.911227882113352
6.964023141355655
7.0168238837520756
7.069630153180057
7.122441993575337
7.175259448932458
7.228082563305284
7.28091138080752
7.333745945613232
7.386586301957366
7.439432494136276
7.492284566508246
7.54514256349402
7.598006529577331
7.650876509305433
7.703752547289633
7.75663468820583
7.809522976795051
7.862417457863992
7.915318176285557
7.968225176999406
8.0211385050125
8.07405820539965
8.126984323304066
8.179916903937917
8.23285599258287
8.285801634590667
8.338753875383677
8.391712760455448
8.444678335371291
8.49765064576883
8.550629737358582
8.603615655924518
8.656608447324649
8.709608157491594
8.762614832433162
8.815628518232934
8.868649261050843
8.921677107123767
8.97471210276611
9.027754294370403
9.080803728407886
9.133860451429118
9.186924510064568
9.239995951025216
9.293074821103168
9.34616116717225
9.39925503618863
9.45235647519142
9.505465531303305
9.55858225173115
9.611706683766627
9.66483887478684
9.71797887225495
9.771126723720805
9.824282476821578
9.877446179282394
9.930617878916982
9.983797623628305
10.03698546140921
10.090181440343084
10.14338560860449
10.196598014459832
10.249818706268018
10.303047732481105
10.356285141644978
10.409530982400009
10.462785303481734
10.516048153721524
10.569319582047259
10.622599637484017
10.67588836915475
10.729185826280979
10.78249205818348
10.835807114282986
10.889131044100871
10.942463897259868
10.995805723484766
11.04915657260312
11.102516494545966
11.155885539348535
11.209263757150971
11.262651198199064
11.316047912844969
11.369453951547936
11.422869364875059
11.476294203502
11.52972851821374
11.583172359905326
11.636625779582621
11.690088828363058
11.743561557476399
11.797044018265506
11.8505362621871
11.904038340812535
11.957550305828576
12.011072209038177
12.06460410236127
12.118146037835547
12.171698067617257
12.225260243982008
12.27883261932556
12.33241524616464
12.386008177137748
12.439611465005978
12.49322516265383
12.546849323090042
12.600483999448421
12.65412924498867
12.707785113097236
12.761451657288141
12.815128931203853
12.868816988616112
12.922515883426815
12.976225669668862
13.029946401507033
13.083678133238855
13.137420919295494
13.191174814242626
13.24493987278133
13.298716149748989
13.352503700120183
13.406302579007594
13.460112841662925
13.513934543477806
13.567767739984722
13.621612486857941
13.675468839914442
13.729336855114857
13.783216588564418
13.837108096513896
13.891011435360575
13.944926661649196
13.998853832072935
14.052793003474372
14.106744232846475
14.160707577333582
14.214683094232393
14.268670840992971
14.322670875219744
14.376683254672516
14.430708037267483
14.484745281078258
14.538795044336903
14.592857385434957
14.64693236292449
14.701020035519148
14.755120462095205
14.80923370169263
14.86335981351616
14.917498856936373
14.971650891490768
15.025815976884868
15.079994172993304
15.134185539860933
15.188390137703935
15.242608026910952
15.296839268044197
15.351083921840598
15.405342049212937
15.459613711251004
15.513898969222746
15.568197884575435
15.622510518936847
15.676836934116436
15.731177192106516
15.785531355083476
15.839899485408964
15.894281645631112
15.948677898485753
16.003088306897652
16.057512933981737
16.11195184304435
16.166405097584505
16.220872761295148
16.275354898064418
16.329851571976945
16.384362847315128
16.438888788560437
16.493429460394715
16.547984927701503
16.60255525556736
16.657140509283202
16.711740754345637
16.766356056458328
16.820986481533353
16.875632095692573
16.930292965269025
16.984969156808305
17.039660737069966
17.094367773028956
17.149090331877
17.203828481024075
17.258582288099817
17.313351820954992
17.368137147662956
17.42293833652114
17.47775545605251
17.53258857500709
17.587437762363454
17.64230308733024
17.697184619347688
17.75208242808918
17.80699658346279
17.861927155612833
17.91687421492146
17.97183783201024
18.026818077741744
18.081815023221168
18.13682873979795
18.191859299067403
18.246906772872364
18.301971233304855
18.357052752707737
18.412151403676415
18.46726725906053
18.522400391965657
18.577550875755037
18.632718784051303
18.68790419073824
18.74310716996255
18.7983277961356
18.853566143935243
18.908822288307604
18.96409630446891
19.019388267907303
19.074698254384685
19.13002633993861
19.185372600884115
19.240737113815637
19.296119955608905
19.35152120342286
19.406940934701588
19.462379227176278
19.51783615886717
19.57331180808555
19.628806253435723
19.684319573817064
19.739851848426003
19.79540315675809
19.850973578610056
19.906563194081883
19.962172083578896
20.01780032781388
20.07344800780921
20.129115204898973
20.18480200073116
20.240508477269827
20.2962347167973
20.35198080191638
20.40774681555259
20.463532840956415
20.519338961705582
20.575165261707347
20.631011825200794
20.686878736759176
20.74276608129225
20.798673944048645
20.85460241061826
20.91055156693465
20.96652149927747
21.022512294274904
21.07852403890616
21.134556820503917
21.190610726756873
21.246685845712253
21.302782265778365
21.35890007572718
21.415039364696916
21.471200222194668
21.52738273809904
21.583587002662806
21.63981310651561
21.69606114066666
21.752331196507463
21.808623365814583
21.86493774075243
21.921274413876056
21.977633478133978
22.03401502687104
22.0904191538313
22.146845953160906
22.203295519411068
22.259767947540976
22.316263332920794
22.37278177133468
22.429323358983805
22.485888192489426
22.54247636889597
22.599087985674156
22.655723140724135
22.71238193237867
22.769064459406327
22.82577082101473
22.88250111685378
22.939255447019004
22.99603391205482
23.05283661295792
23.109663651180632
23.166515128634355
23.22339114769298
23.280291811196385
23.337217222453923
23.394167485247976
23.45114270383753
23.50814298296176
23.565168427843712
23.622219144193917
23.67929523821416
23.73639681660118
23.79352398655046
23.850676855760074
23.90785553243447
23.965060125288424
24.022290743550922
24.07954749696913
24.136830495812404
24.19413985087631
24.25147567348673
24.308838075503935
24.366227169326766
24.42364306789683
24.481085884702722
24.53855573378431
24.596052729737064
24.653576987716388
24.71112862344205
24.768707753202616
24.82631449385994
24.883948962853697
24.941611278205972
24.99930155852588
25.057019923014217
25.11476649146821
25.17254138428626
25.230344722472747
25.288176627642912
25.346037222027743
25.40392662847895
25.461844970473962
25.51979237212099
25.577768958164132
25.635774853988536
25.69381018562563
25.75187507975836
25.809969663726537
25.8680940655322
25.92624841384506
25.984432838007958
26.04264746804246
26.10089243465441
26.159167869239614
26.217473903889555
26.275810671397178
26.334178305262714
26.392576939699598
26.451006709640428
26.50946775074297
26.56796019939629
26.626484192726863
26.685039868604832
26.743627365650255
26.802246823239503
26.86089838151164
26.91958218137493
26.97829836451342
27.037047073393534
27.09582845127079
27.15464264219659
27.21348979102504
27.27237004341992
27.331283545861634
27.390230445654318
27.44921089093299
27.508225030670772
27.567273014686226
27.626354993650722
27.685471119095936
27.744621543421406
27.803806419902166
27.86302590269649
27.9222801468537
27.981569308322083
28.040893543956876
28.100253011528352
28.159647869729998
28.21907827818679
28.27854439746355
28.33804638907342
28.397584415486396
28.457158640138015
28.51676922743808
28.576416342779538
28.63610015254743
28.69582082412797
28.75557852591769
28.815373427332744
28.875205698818267
28.9350755118579
28.994983038983378
29.054928453784257
29.114911930917764
29.174933646118735
29.23499377620969
29.295092499111043
29.3552299938514
29.415406440578003
29.475622020567315
29.535876916235676
29.59617131115017
29.65650539003955
29.716879338805334
29.777293344533046
29.837747595503554
29.898242281204585
29.958777592342376
30.01935372085345
30.079970859916553
30.140629203964743
30.201328948697622
30.262070291093725
30.322853429423056
30.3836785632598
30.444545893495174
30.505455622350457
30.56640795339018
30.62740309153548
30.688441243077644
30.749522615691784
30.810647418450735
30.871815861839114
30.933028157767545
30.994284519587104
31.055585162103903
31.11693030159392
31.178320155817982
31.239754944036953
31.301234887027142
31.36276020709589
31.424331128097375
31.48594787544863
31.547610676145762
31.609319758780416
31.671075353556407
31.732877692306644
31.79472700851023
31.856623537309805
31.918567515529155
31.98055918169101
32.04259877603514
32.10468654053664
32.166822718924536
32.22900755670058
32.29124130115834
32.353524201402564
32.41585650836881
32.4782384748433
32.54067035548315
32.60315240683676
32.665684887364655
32.728268057460426
32.79090217947213
32.85358751772394
32.916324338538054
32.97911291025702
33.041953503266285
33.10484639001712
33.167791845049905
33.23079014501765
33.29384156870999
33.35694639707745
33.420104913256054
33.48331740259238
33.54658415266888
33.60990545332967
33.673281596706644
33.73671287724602
33.80019959173522
33.86374203933025
33.927340521583396
33.99099534247141
34.05470680842409
34.11847522835333
34.182300913682546
34.246184178376645
34.31012533897238
34.37412471460921
34.43818262706067
34.50229940076615
34.56647536286324
34.63071084322057
34.69500617447114
34.759361692046205
34.82377773420969
34.88825464209316
34.95279275973132
35.01739243409812
35.08205401514345
35.146777855830386
35.21156431217307
35.27641374327518
35.3413265113691
35.40630298185562
35.471343523344416
35.536448507695106
35.60161831005902
35.66685330892165
35.73215388614589
35.79752042701586
35.862953320281626
35.92845295820453
35.99401973660341
36.05965405490156
36.125356316174454
36.191126927198376
36.25696629849984
36.32287484440585
36.388852983095084
36.45490113664993
36.52101973110947
36.587209196523354
36.65346996700671
36.719802480795884
36.78620718030537
36.85268451218556
36.9192349273817
36.98585888119378
37.05255683333761
37.11932924800694
37.186176593936786
37.2530993444678
37.320097977611994
37.38717297611951
37.45432482754678
37.52155402432585
37.58886106383506
37.65624644847107
37.723710685722175
37.79125428824309
37.858877773931155
37.92658166600394
37.994366493078424
38.06223278925164
38.13018109418294
38.198211953177825
38.26632591727346
38.33452354332583
38.402805394098635
38.471172038353984
38.53962405094486
38.608162012909446
38.6767865115674
38.745498140618
38.81429750024033
38.883185197195544
38.95216184493117
39.021228063687595
39.090384480606765
39.15963172984315
39.228970452677004
39.29840129763002
39.36792492058349
39.437541984898836
39.50725316154088
39.57705912920362
39.6469605744388
39.71695819178724
39.78705268391301
39.85724476174057
39.92753514459489
39.997924560344714
40.06841374554896
40.139003445606406
40.20969441490876
40.28048741699716
40.35138322472218
40.4223826204076
40.49348639601782
40.56469535332917
40.63601030410519
40.70743207027601
40.77896148412188
40.85059938846106
40.922346636842185
40.99420409374109
41.0661726347625
41.138253146846466
41.21044652847981
41.28275368991274
41.355175553380775
41.4277130533321
41.50036713666052
41.5731387629443
41.64602890469092
41.71903854758795
41.79216869076039
41.86542034703448
41.93879454320828
42.01229232032925
42.08591473397901
42.159662854565504
42.23353776762286
42.30754057411919
42.38167239077246
42.45593435037493
42.53032760212625
42.60485331197553
42.67951266297281
42.75430685563009
42.82923710829233
42.90430465751878
42.97951075847488
43.054856685335224
43.13034373169796
43.20597321101088
43.281746457009795
43.35766482416959
43.43372968816824
43.509942446364576
43.58630451828992
43.66281734615447
43.73948239536863
43.816301155080154
43.893275138727375
43.97040588460947
44.04769495647403
44.12514394412296
44.20275446403709
44.280528160020445
44.35846670386482
44.43657179603551
44.51484516637897
44.59328857485336
44.6719038122828
44.75069270113634
44.829657096332646
44.908798886071494
44.98811999269302
45.06762237356612
45.14730802200697
45.227178968229154
45.3072372803266
45.387485065290804
45.46792447006374
45.548557682628164
45.629386933136765
45.71041449508206
45.79164268650874
45.87307387127033
45.95471046033246
46.03655491312442
46.11860973894175
46.20087749840176
46.28336080495484
46.366062326453985
46.44898478678544
46.53213096756334
46.61550370989152
46.69910591619576
46.782940552129965
46.867010648560054
46.95131930362936
47.03586968490982
47.120665031643334
47.20570865707794
47.29100395090393
47.37655438179499
47.46236350006028
47.54843494041315
47.634772424863186
47.72137976573815
47.8082608688432
47.89541973676515
47.98286047233001
48.07058728222259
48.158604480777775
48.2469164939534
48.335527863495734
48.42444325130902
48.51366744404167
48.603205357902326
48.69306204372019
48.78324269226518
48.87375263984424
48.96459737419187
49.05578254067407
49.147313948826515
49.2391975792492
49.33143959088208
49.42404632868766
49.51702433176906
49.61038034195424
49.704121312879835
49.798254419610764
49.89278706883511
49.98772690967714
50.08308184517523
50.17886004447571
50.275069955798415
50.37172032023481
50.46882018644557
50.566378926330806
50.66440625175324
50.76291223240296
50.86190731490095
50.961402343248906
51.061408580744
51.161937733489765
51.26300197564865
51.36461397659777
51.46678693016729
51.569534586161694
51.67287128438706
51.77681199143414
51.881372340497066
51.98656867454184
52.092418093178246
52.198938503633805
52.30614867628084
52.414068305227325
52.52271807455186
52.63211973084417
52.74229616280582
52.853271488776464
52.965071153179046
53.07772203302927
53.19125255583341
53.30569283041051
53.42107479242762
53.53743236673819
53.65480164897611
53.773221109294894
53.89273182167103
54.01337772283614
54.135205905693645
54.25826695305004
54.38261531870018
54.50830976441438
54.63541386327163
54.76399658218462
54.894132959526424
55.02590489771334
55.15940209572047
55.29472315322525
55.43197688697654
55.57128391192152
55.71277855581567
55.85661119831188
56.002951156603736
56.1519902837704
56.30394750958649
56.45907464720215
56.6176639299878
56.78005796007749
56.946663094530614
57.11796785852311
57.29456893116923
57.47720894244604
57.66683347080615
57.864680860403496
58.07243173504782
58.292476056239025
58.52843728014403
58.78634813738093
59.07789661852626
59.433617069117595