0.030269253462144596
0.09080780158001217
0.1513464732793437
0.2118853509502111
0.2724245169863306
0.3329640537865202
0.3935040437561585
0.4540445693086426
0.5145857128668475
0.5751275568645853
0.635670183748065
0.6962136759773537
0.7567581160278375
0.8173035863916837
0.8778501695793037
0.9383979481208174
0.9989470045675178
1.059497421493337
1.1200492814963137
1.1806026672000616
1.2411576612552386
1.3017143463410197
1.3622728051665671
1.422833120472507
1.483395375032404
1.5439596516542387
1.6045260331818876
1.6650946024966045
1.7256654425185023
1.7862386362080396
1.8468142665675078
1.9073924166425198
1.967973169523502
2.028556608347189
2.089142816298119
2.1497318766101343
2.210323872567879
2.270918887508309
2.3315170048221945
2.3921183079556303
2.45272288041155
2.5133308057512393
2.573942167595858
2.634557049627957
2.695175535593008
2.755797709300928
2.8164236546276142
2.877053455516475
2.9376871959799735
2.998324960101166
3.0589668320352494
3.1196128960111107
3.1802632363328813
3.2409179373814947
3.301577083616246
3.3622407595763604
3.4229090498825627
3.4835820392386507
3.544259812433074
3.604942454340519
3.6656300499234935
3.726322684233924
3.787020442414748
3.8477234097015187
3.9084316714240126
3.9691453130078393
4.029864419976062
4.090589077950814
4.151319372654936
4.212055389913599
4.272797215655949
4.333544935916751
4.394298636838035
4.455058404670756
4.515824325776453
4.576596486628918
4.637374973815868
4.698159874040626
4.758951274123806
4.819749261005006
4.880553921744507
4.9413653435249785
5.002183613653187
5.063008819561724
5.12384104881072
5.184680389089583
5.245526928218743
5.306380754151389
5.367241954975231
5.428110618914258
5.488986834330507
5.549870689725841
5.6107622737437355
5.671661675171066
5.732568982939912
5.793484286129366
5.8544076739673425
5.915339235832415
5.976279061255639
6.037227239922397
6.098183861674253
6.1591490165108045
6.220122794591554
6.281105286237788
6.34209658193446
6.403096772332085
6.464105948248649
6.525124200671519
6.5861516207593676
6.647188299844108
6.708234329432834
6.769289801209779
6.830354807038273
6.891429438962724
6.952513789210594
7.013607950194399
7.074712014513713
7.1358260749571825
7.196950224504558
7.258084556328727
7.319229163797766
7.380384140477001
7.44154958013108
7.502725576726056
7.563912224431482
7.62510961762252
7.686317850882062
7.747537019002857
7.8087672169896605
7.870008540061388
7.9312610836532835
7.992524943419109
8.053800215233329
8.115086995193328
8.176385379621626
8.237695465068121
8.299017348312331
8.360351126365657
8.421696896473664
8.483054756118372
8.544424803020556
8.60580713514207
8.667201850688182
8.728609048109917
8.790028826106429
8.851461283627376
8.912906519875317
8.97436463430812
9.035835726641391
9.097319896850912
9.158817245175106
9.220327872117503
9.281851878449242
9.343389365211564
9.404940433718354
9.466505185558667
9.528083722599302
9.589676146987365
9.651282561152874
9.712903067811363
9.774537769966521
9.836186770912839
9.89785017423827
9.959528083826923
10.021220603861769
10.082927838827363
10.144649893512588
10.20638687301342
10.268138882735713
10.329906028397998
10.391688416034318
10.453486151997064
10.515299342959844
10.57712809592037
10.63897251820337
10.700832717463518
10.76270880168838
10.824600879201393
10.886509058664869
10.948433449083002
11.010374159804922
11.072331300527752
11.13430498129971
11.196295312523207
11.258302404957995
11.320326369724327
11.382367318306144
11.44442536255429
11.506500614689733
11.568593187306853
11.630703193376712
11.692830746250372
11.754975959662243
11.817138947733442
11.879319824975193
11.941518706292253
12.003735706986355
12.06597094275969
12.12822452971842
12.190496584376199
12.252787223657757
12.315096564902479
12.377424725868035
12.439771824734045
12.50213798010574
12.564523311017702
12.626927936937603
12.68935197776998
12.751795553860054
12.814258785997566
12.876741795420662
12.939244703819798
13.001767633341684
13.064310706593266
13.126874046645735
13.189457777038571
13.25206202178364
13.31468690536929
13.37733255276453
13.4399990894232
13.50268664128822
13.565395334795838
13.628125296879949
13.69087665497643
13.753649537027519
13.816444071486249
13.879260387320896
13.942098614019491
14.004958881594359
14.067841320586698
14.130746062071218
14.1936732376608
14.25662297951121
14.31959542032586
14.382590693360603
14.445608932428577
14.5086502719051
14.571714846732604
14.634802792425612
14.697914245075776
14.761049341356951
14.824208218530318
14.887391014449562
14.95059786756609
15.013828916934314
15.077084302216962
15.140364163690473
15.203668642250406
15.266997879416936
15.330352017340376
15.393731198806774
15.457135567243556
15.52056526672522
15.584020441979092
15.647501238391143
15.711007802011856
15.774540279562151
15.838098818439379
15.901683566723365
15.96529467318252
16.028932287280004
16.09259655917997
16.156287639753856
16.220005680586734
16.28375083398375
16.347523252976607
16.411323091330132
16.475150503548882
16.53900564488386
16.60288867133926
16.66679973967932
16.7307390074352
16.794706632911993
16.858702775195738
16.922727594160584
16.98678125047596
17.05086390561386
17.114975721856208
17.179116862302276
17.2432874908762
17.30748777233458
17.371717872274136
17.43597795713949
17.500268194230987
17.564588751712627
17.62893979862008
17.69332150486879
17.757734041262147
17.82217757949979
17.88665229218595
17.951158352837936
18.015695935894687
18.08026521672541
18.144866371638347
18.209499577889606
18.274165013692116
18.338862858224672
18.40359329164108
18.468356495079416
18.533152650671383
18.597981941551758
18.662844551867998
18.72774066678989
18.79267047251937
18.857634156300406
18.92263190642904
18.98766391226351
19.05273036423453
19.11783145385564
19.182967373733707
19.24813831757957
19.313344480218753
19.37858605760237
19.443863246818093
19.50917624610133
19.57452525484644
19.639910473618176
19.7053321041632
19.77079034942178
19.836285413539578
19.90181750187964
19.96738682103449
20.032993578838397
20.09863798437975
20.164320248013652
20.230040581374613
20.295799197389417
20.361596310290157
20.427432135627416
20.49330689028364
20.55922079248664
20.625174061823294
20.691166919253398
20.75719958712373
20.82327228918224
20.88938525059246
20.95553869794809
21.02173285928775
21.087967964109943
21.154244243388213
21.22056192958648
21.286921256674585
21.353322460144035
21.419765777023954
21.48625144589725
21.552779706916965
21.619350801822893
21.685964973958352
21.752622468287235
21.81932353141126
21.88606841158745
21.952857358745852
22.019690624507493
22.08656846220259
22.153491126888966
22.220458875370774
22.287471966217428
22.354530659782817
22.42163521822476
22.488785905524765
22.55598298750801
22.62322673186366
22.6905174081654
22.757855287892323
22.825240644450037
22.892673753192128
22.960154891441896
23.027684338514412
23.095262375738855
23.162889286481217
23.230565356167276
23.298290872305945
23.36606612451294
23.433891404534766
23.50176700627308
23.5696932258094
23.63767036143015
23.705698713652115
23.773778585248234
23.841910281273762
23.91009410909287
23.978330378405584
24.046619401275155
24.11496149215582
24.183356967920997
24.251806147891894
24.320309353866527
24.388866910149225
24.457479143580535
24.52614638356761
24.59486896211506
24.66364721385626
24.73248147608515
24.80137208878853
24.87031939467886
24.939323739227543
25.008385470698766
25.077504940183843
25.14668250163611
25.21591851190637
25.285213330778898
25.354567321008023
25.423980848355285
25.493454281627205
25.56298799271363
25.63258235662675
25.70223775154069
25.771954558831784
25.84173316311949
25.911573952308
25.981477317628485
26.051443653682096
26.121473358483648
26.191566833506023
26.261724483725338
26.331946717666863
26.402233947451702
26.472586588844287
26.543005061300647
26.613489788017528
26.684041195982342
26.754659716023966
26.82534578286445
26.896099835171572
26.966922315612354
27.037813670907468
27.108774351886648
27.179804813545037
27.250905515100534
27.32207692005219
27.3933194962396
27.464633715903393
27.53602005574681
27.607478996998363
27.679011025475646
27.750616631650338
27.822296310714332
27.894050562647134
27.965879892284487
28.037784809388235
28.109765828717542
28.181823470101403
28.253958258512515
28.32617072414256
28.3984614024789
28.470830834382728
28.543279566168707
28.61580814968616
28.68841714240179
28.76110710748403
28.83387861388901
28.90673223644821
28.979668555957833
29.052688159269948
29.12579163938541
29.198979595548657
29.272252633344376
29.34561136479612
29.419056408466922
29.492588389561924
29.5662079400331
29.639915698686146
29.713712311289527
29.787598430685794
29.861574716905206
29.93564183728173
30.009800466571434
30.084051287073432
30.15839498875331
30.232832269369244
30.30736383460075
30.38199039818025
30.456712682027426
30.531531416386528
30.606447339966635
30.681461200085007
30.756573752813583
30.831785763128728
30.90709800506428
30.98251126186805
31.058026326161805
31.133644000104894
31.20936509556154
31.285190434272
31.3611208480276
31.437157178849844
31.513300279173635
31.589551012034796
31.66591025126197
31.742378881673027
31.81895779927613
31.89564791147561
31.97245013728271
32.04936540753147
32.12639466509977
32.20353886513581
32.28079897529012
32.35817597595321
32.43567086049922
32.51328463553555
32.59101832115875
32.6688729512169
32.74684957357859
32.82494925040873
32.90317305845153
32.98152208932066
33.05999744979702
33.13860026213417
33.21733166437195
33.2961928106582
33.37518487157912
33.45430903449848
33.53356650390588
33.61295850177448
33.69248626792849
33.77215106042063
33.851954155920204
33.93189685011167
34.011980458104574
34.0922063148549
34.17257577559834
34.25309021629593
34.3337510340925
34.414559647788224
34.49551749832403
34.576626049281074
34.65788678739501
34.73930122308545
34.820870891001235
34.90259735058215
34.98448218663753
35.066527009942604
35.148733457853076
35.23110319493873
35.31363791363675
35.3963393349255
35.47920920901966
35.56224931608734
35.645461466990334
35.72884750404815
35.81240930182691
35.89614876795421
35.980067843960704
36.064168506149834
36.14845276649666
36.232922673577086
36.317580313528694
36.40242781104457
36.487467330401536
36.572701076524204
36.658131296086445
36.74376027865189
36.82959035785522
36.91562391262593
37.00186336845667
37.088311198717896
37.17496992602126
37.26184212363367
37.34893041694454
37.436237484988695
37.52376606202748
37.61151893919086
37.699498966183505
37.78770905305784
37.87615217205737
37.9648313595338
38.053749717941486
38.14291041791326
38.232316700421485
38.32197187902909
38.41187934223479
38.5020425559177
38.59246506588645
38.68315050053842
38.77410257363485
38.86532508719831
38.956821934539065
39.048597103417556
39.14065467935057
39.23299884906918
39.325633904137256
39.41856424473956
39.511794383649594
39.605328950387644
39.699172695580344
39.793330495534
39.887807357034674
39.982608422388964
40.07773897472064
40.17320444353907
40.26901041059707
40.36516261605669
40.46166696498319
40.55852953418891
40.6557565794506
40.753354543125525
40.851330062193746
40.94968997675646
41.04844133902245
41.147591422817754
41.247147733656355
41.34711801941337
41.44751028164551
41.54833278760796
41.64959408302091
41.75130300564436
41.85346869972489
41.956100631384444
42.05920860502769
42.16280278085242
42.266893693555375
42.371492272335736
42.47660986230859
42.582258247452884
42.68844967523118
42.79519688303384
42.902513126616576
43.01041221071974
43.11890852207881
43.22801706506005
43.33775350018301
43.44813418582304
43.55917622342288
43.67089750658409
43.783316774455756
43.89645366989323
44.01032880292194
44.124963820114445
44.240381480573625
44.35660573931308
44.473661838941204
44.59157641069013
44.7103775859897
44.830095119973926
44.95076052852976
45.07240724076254
45.19507076906848
45.31878889938464
45.443601904644346
45.56955278502142
45.69668753922343
45.825055471922624
45.9547095434355
46.08570676902876
46.21810867681104
46.351981835157524
46.48739846313177
46.624437140581534
46.763183638719845
46.903731897372694
47.04618518211752
47.190657463869805
47.33727507598635
47.48617872093062
47.63752592189395
47.7914940473497
47.9482840827249
48.10812539007163
48.27128179480152
48.43805948626797
48.60881744675866
48.783981484561615
48.96406353761997
49.14968891692959
49.34163593398008
49.540895660872195
49.74876610413015
49.96700897673614
50.19812973137617
50.445927206709
50.71672663850236
51.022783805928356
51.396119594504206