0.028635765077819064
0.08590732644856063
0.1431789814650549
0.2004507925592781
0.2577228221654185
0.3149951327207608
0.37226778666657173
0.42954084644898455
0.48681437451988496
0.5440884333377964
0.6013630853687659
0.6586383930872507
0.7159144189770039
0.7731912255319624
0.8304688752571335
0.8877474306694829
0.9450269542988233
1.0023075086887028
1.0595891563972941
1.1168719599982853
1.1741559820817702
1.2314412852551389
1.288727932143971
1.3460159853929274
1.4033055076666445
1.4605965616506287
1.5178892100521508
1.5751835156011431
1.632479541051096
1.6897773491799564
1.747077002791027
1.8043785647138657
1.8616820978051871
1.9189876649497664
1.9762953290613399
2.0336051530835126
2.0909171999906637
2.1482315327888517
2.205548214516726
2.2628673082464346
2.320188877084538
2.3775129841729177
2.434839692689696
2.492169065850147
2.549501166907617
2.606836059154442
2.664173805922869
2.721514470585977
2.778858116558603
2.8362048072982655
2.893554606306094
2.9509075771277575
3.0082637833543955
3.0656232886235495
3.1229861566201027
3.1803524510772125
3.237722235777252
3.29509557455275
3.3524725312873356
3.4098531699166816
3.4672375544294547
3.5246257488682637
3.582017817330612
3.639413823969853
3.696813832996145
3.7542179086774126
3.8116261153403075
3.8690385173711723
3.9264551792170095
3.9838761653864467
4.041301540450713
4.098731369044612
4.156165715867497
4.213604645684256
4.271048223326289
4.3284965136924995
4.385949581750277
4.443407492536495
4.500870311158502
4.558338102795117
4.615810932697638
4.673288866190838
4.730771968673973
4.788260305621798
4.845753942585576
4.903252945194095
4.960757379154688
5.018267310254258
5.075782804360306
5.133303927421957
5.1908307454710005
5.2483633246229235
5.305901731077954
5.363446031122104
5.420996291128221
5.47855257755704
5.536114956958238
5.593683495971499
5.651258261327571
5.708839319849341
5.766426738452907
5.824020584148649
5.881620924042318
5.939227825336113
5.996841355329775
6.0544615814216804
6.112088571109935
6.169722391993485
6.227363111773211
6.285010798253053
6.342665519341117
6.400327343050801
6.457996337501917
6.515672570921823
6.573356111646559
6.6310470281219835
6.688745388904924
6.746451262664322
6.804164718182389
6.861885824355769
6.919614650196704
6.977351264834198
7.035095737515201
7.09284813760579
7.150608534592348
7.208376998082766
7.266153597807634
7.323938403621445
7.381731485503809
7.439532913560665
7.497342758025501
7.55516108926058
7.612987977758178
7.670823494141815
7.728667709167506
7.786520693725009
7.844382518839084
7.902253255670754
7.960132975518579
8.018021749819926
8.07591965015226
8.133826748234425
8.191743115927949
8.249668825238341
8.307603948316398
8.365548557459535
8.423502725113087
8.481466523871664
8.539440026480472
8.597423305836658
8.655416434990677
8.713419487147632
8.771432535668662
8.829455654072294
8.887488916035844
8.945532395396798
9.003586166154209
9.061650302470106
9.119724878670912
9.17780996924885
9.235905648863387
9.29401199234267
9.352129074684962
9.410256971060113
9.468395756811004
9.526545507455037
9.584706298685598
9.642878206373558
9.701061306568768
9.759255675501564
9.817461389584277
9.875678525412773
9.933907159767973
9.992147369617397
10.05039923211673
10.108662824611367
10.166938224637995
10.225225509926174
10.283524758399928
10.341836048179339
10.400159457582168
10.458495065125476
10.516842949527247
10.575203189708036
10.633575864792626
10.69196105411168
10.750358837203425
10.808769293815333
10.867192503905812
10.925628547645921
10.984077505421078
11.0425394578328
11.101014485700436
11.159502670062913
11.218004092180518
11.276518833536654
11.335046975839639
11.393588601024495
11.452143791254777
11.51071262892437
11.56929519665935
11.627891577319822
11.686501854001772
11.745126110038957
11.803764429004781
11.862416894714203
11.921083591225639
11.979764602842897
12.038460014117115
12.097169909848713
12.15589437508936
12.214633495143957
12.273387355572629
12.332156042192738
12.390939641080905
12.449738238575048
12.508551921276437
12.567380776051756
12.626224890035193
12.685084350630534
12.74395924551328
12.802849662632763
12.86175569021431
12.920677416761391
12.979614931057792
13.038568322169821
13.097537679448502
13.156523092531806
13.215524651346898
13.274542446112388
13.333576567340609
13.39262710583991
13.451694152716971
13.510777799379124
13.569878137536701
13.628995259205402
13.68812925670867
13.747280222680098
13.806448250065845
13.865633432127071
13.924835862442398
13.984055634910387
14.043292843752027
14.102547583513257
14.161819949067496
14.221110035618201
14.280417938701442
14.339743754188495
14.399087578288462
14.458449507550904
14.517829638868507
14.577228069479755
14.636644896971632
14.696080219282353
14.7555341347041
14.815006741885801
14.87449813983591
14.93400842792523
14.99353770588974
15.053086073833466
15.11265363223136
15.17224048193221
15.231846724161567
15.291472460524705
15.35111779300961
15.410782823989972
15.47046765622823
15.530172392878622
15.589897137490272
15.649641994010299
15.70940706678695
15.769192460572768
15.828998280527784
15.888824632222724
15.948671621642267
16.008539355188308
16.068427939683268
16.12833748237342
16.18826809093225
16.24821987346385
16.308192938506323
16.368187395035246
16.42820335246715
16.48824092066302
16.54830020993184
16.608381331034167
16.66848439518574
16.728609514061105
16.788756799797298
16.84892636499753
16.909118322734955
16.969332786556397
17.029569870486185
17.08982968902998
17.150112357178653
17.21041799041219
17.27074670470363
17.331098616523064
17.391473842841645
17.451872501135632
17.512294709390495
17.57274058610504
17.633210250295583
17.693703821500158
17.754221419782752
17.81476316573761
17.875329180493548
17.935919585718338
17.996534503623106
18.05717405696678
18.117838369060603
18.17852756377265
18.239241765532427
18.29998109933548
18.36074569074807
18.421535665911904
18.48235115154887
18.54319227496585
18.604059164059592
18.664951947321594
18.725870753843047
18.786815713319847
18.847786956057643
18.90878461297692
18.96980881561815
19.030859696147
19.09193738735958
19.153042022687725
19.214173736204373
19.27533266262897
19.336518937332933
19.397732696345148
19.45897407635759
19.520243214730897
19.581540249500115
19.642865319380398
19.704218563772844
19.765600122770344
19.827010137163505
19.888448748446656
19.94991609882387
20.011412331215094
20.072937589262324
20.134492017335816
20.19607576054043
20.25768896472197
20.31933177647364
20.381004343142532
20.44270681283621
20.50443933442936
20.566202057570482
20.6279951326887
20.6898187110006
20.751672944517185
20.81355798605085
20.875473989222485
20.93742110846864
20.999399499048735
21.06140931705239
21.12345071940683
21.185523863884328
21.247628909109793
21.309766014568396
21.371935340613295
21.43413704847344
21.496371300261472
21.558638258981723
21.620938088538256
21.683270953743055
21.745637020324267
21.80803645493454
21.8704694251595
21.93293609952623
21.995436647511966
22.05797123955277
22.120540047052412
22.183143242391264
22.24578099893535
22.308453491045476
22.37116089408649
22.433903384436608
22.4966811394969
22.55949433770083
22.62234315852395
22.685227782493694
22.74814839119929
22.811105167301772
22.874098294544122
22.937127957761554
23.00019434289187
23.063297636985993
23.12643802821858
23.1896157058988
23.2528308604812
23.316083683576757
23.379374367964008
23.442703107600348
23.506070097633444
23.569475534412827
23.63291961550157
23.696402539688155
23.75992450699845
23.823485718707875
23.887086377353686
23.950726686747412
24.014406851987466
24.0781270794719
24.141887576911316
24.205688553341954
24.269530219138932
24.333412786029655
24.397336467107397
24.461301476845055
24.52530803110908
24.589356347173577
24.653446643734593
24.7175791409246
24.781754060327128
24.845971624991638
24.91023205944855
24.97453558972447
25.038882443357643
25.10327284941357
25.16770703850087
25.232185242787303
25.29670769601607
25.361274633522253
25.425886292249537
25.49054291076713
25.555244729286887
25.619991989680727
25.6847849354982
25.749623811984367
25.81450886609788
25.87944034652933
25.94441850371981
26.009443589879776
26.074515859008162
26.139635566911707
26.204802971224613
26.270018331428446
26.335281908872307
26.40059396679331
26.465954770337316
26.531364586579976
26.59682368454808
26.66233233524119
26.727890811653573
26.793499388796494
26.859158343720743
26.924867955539582
26.990628505451955
27.056440276766047
27.1223035549232
27.18821862752216
27.254185784343708
27.32020531737558
27.38627752083785
27.4524026912086
27.518581127250034
27.584813130034938
27.65109900297354
27.71743905184081
27.783833584804093
27.85028291245124
27.916787347819117
27.983347206422543
28.04996280628369
28.116634467961923
28.18336251458409
28.25014727187528
28.316989068190072
28.38388823454423
28.450845104646938
28.517860014933497
28.584933304598554
28.652065315629844
28.71925639284248
28.786506883913756
28.85381713941853
28.92118751286516
28.988618360731998
29.056110042504525
29.123662920712995
29.19127736097078
29.258953732013264
29.32669240573744
29.39449375724207
29.462358164868586
29.530286010242623
29.598277678316236
29.666333557410834
29.734454039260825
29.80263951905799
29.870890395496602
29.9392070708193
30.007589950863768
30.076039445110144
30.144555966729328
30.21313993263204
30.28179176351875
30.350511883930483
30.41930072230049
30.48815871100682
30.557086286425815
30.62608388898652
30.695151963226117
30.76429095784625
30.833501325770424
30.902783524202384
30.972138014685573
31.04156526316362
31.111065740041962
31.180639920250552
31.25028828330773
31.32001131338524
31.389809499374472
31.45968333495389
31.52963331865774
31.599659953946023
31.669763749275763
31.73994521817364
31.81020487930997
31.880543256574096
31.950960879151197
32.02145828160059
32.09203600393551
32.16269459170444
32.23343459607399
32.30425657391346
32.37516108788094
32.44614870651119
32.517220004305216
32.58837556182163
32.65961596576981
32.73094180910494
32.80235369112495
32.873852217569386
32.94543800072034
33.017111659505346
33.08887381960251
33.16072511354764
33.23266618084373
33.304697668072585
33.37682022900893
33.44903452473671
33.521341223768054
33.59374100216455
33.66623454366124
33.738822539793205
33.81150569002484
33.88428470188201
33.957160291086936
34.03013318169614
34.103204106241336
34.17637380587345
34.249643030509816
34.32301253898462
34.396483099202776
34.47005548829713
34.543730492789386
34.617508908754495
34.69139154198894
34.765379208182786
34.839472733095754
34.91367295273733
34.98798071355111
35.062396872603415
35.13692229777639
35.21155786796565
35.286304473282634
35.36116301526181
35.43613440707285
35.51121957373795
35.58641945235445
35.661734992322884
35.73716715558062
35.812716916841374
35.88838526384053
35.96417319758679
36.04008173261997
36.11611189727549
36.19226473395549
36.268541299406955
36.344942665006954
36.42146991705533
36.498124157075026
36.57490650212019
36.65181808509258
36.728860055066235
36.80603357762087
36.883339835184294
36.96078002738396
37.03835537140823
37.11606710237744
37.19391647372526
37.27190475759056
37.35003324522034
37.42830324738382
37.50671609479842
37.585273138567736
37.66397575063213
37.742825324232335
37.82182327438647
37.90097103838104
37.9802700762764
38.05972187142719
38.13932793101827
38.21908978661682
38.299008994741065
38.37908713744644
38.45932582292961
38.53972668615127
38.62029138947827
38.701021623345866
38.781919106940904
38.86298558890675
38.94422284807075
39.02563269419521
39.107216968752816
39.18897754572741
39.27091633244126
39.35303527040977
39.43533633622495
39.517821542468624
39.600492938656814
39.68335261221648
39.76640268949606
39.849645336811264
39.93308276152757
40.01671721318117
40.100550984639824
40.184586413305695
40.26882588236175
40.353271822063846
40.437926711080564
40.52279307788295
40.607873502186465
40.69317061644762
40.778687107417795
40.864425717757065
40.950389247710774
41.036580556851995
41.12300256589304
41.209658258569405
41.29655068359983
41.383682956726126
41.47105826283697
41.5586798581799
41.646551072666014
41.73467531227221
41.82305606154622
41.91169688621968
42.00060143593522
42.089773447093684
42.179216745827965
42.26893525111068
42.35893297800292
42.44921404105218
42.539782657847965
42.63064315274413
42.72179996075775
42.813257631654835
42.90502083423407
42.99709436082061
43.089483131982526
43.18219220148387
43.275226761489016
43.36859214803405
43.46229384678249
43.556337499083526
43.650728908352725
43.745474046796446
43.84057906250311
43.93605028692629
44.031894242786464
44.128117652420784
44.22472744661238
44.32173077393359
44.41913501064047
44.516947771159025
44.61517691920746
44.71383057960231
44.812917150801354
44.91244531824019
45.0124240685256
45.11286270455412
45.2137708616314
45.31515852467488
45.41703604659087
45.51941416792632
45.62230403790562
45.72571723697467
45.82966580098722
45.93416224718321
46.03921960212529
46.14485143177822
46.2510718739372
46.357895673234694
46.465338218982936
46.573415586139845
46.682144579721864
46.79154278302746
46.90162861008173
47.01242136276603
47.12394129315831
47.23620967168156
47.34924886174055
47.463082401624206
47.57773509456348
47.69323310796765
47.80960408301744
47.92687725597776
48.045083592811
48.16425593893163
48.28442918625338
48.405640460053064
48.527929328625035
48.65133803924518
48.775911784628164
48.90169900487528
49.028751730914266
49.15712597667588
49.28688218880593
49.41808576466288
49.550807651823085
49.68512504547042
49.82112220410666
49.9588914092927
50.09853410204567
50.24016223768248
50.383899913184806
50.52988533783116
50.678273240767695
50.82923784118361
50.982976552128505
51.13971465449946
51.29971127412912
51.463267139951476
51.63073482487187
51.802532525521826
51.979163017213295
52.16124040485146
52.34952903348103
52.545002166450516
52.74893445284253
52.96305585650678
53.18982660658438
53.432976858329894
53.69871728230069
53.99908124228755
54.3655072230021