0.06935239452955744
0.20805978463283795
0.3467749791369948
0.48550318520568203
0.6242496163534804
0.7630194949989307
0.9018180550302727
1.0406505443875826
1.1795222276650477
1.3184383887371758
1.4574043334128042
1.5964253921208589
1.7355069226318953
1.874654312819574
2.0138729834663254
2.1531683911175987
2.2925460309892323
2.4320114399326447
2.571570199462717
2.711227938853433
2.850990338306554
2.9908631321988293
3.130852112413497
3.2709631317620946
3.4112021075028927
3.5515750249625864
3.692087941268212
3.8327469891966373
3.9735583811493655
4.114528413260838
4.255663469648875
4.3969700268164145
4.538454658214253
4.680124038975066
4.821984950829679
4.964044287217173
5.106309058601251
5.2487863980060245
5.391483566785314
5.5344079606405
5.6775671159029795
5.820968716098429
5.9646205988113055
6.10853076286931
6.252707375869042
6.397158782065587
6.541893510650553
6.6869202844449065
6.832248029035027
6.977885882382635
7.12384320494168
7.270129590317976
7.416754876510298
7.563729157774898
7.711062797158908
7.85876643975204
8.006851026710276
8.155327810109956
8.304208368695948
8.453504624593341
8.60322886105853
8.753393741352639
8.904012328828173
9.05509810832851
9.206665009009665
9.358727428704647
9.511300259962916
9.664398917911122
9.818039370096557
9.972238168492021
10.127012483860064
10.282380142696445
10.438359666997291
10.594970317122325
10.752232138058238
10.910166009422285
11.06879369958721
11.228137924355558
11.388222410665097
11.549071965868768
11.710712553203596
11.873171374144942
12.036476958437419
12.200659262703928
12.365749778662744
12.531781652132477
12.698789814180744
12.86681112597928
13.03588453917277
13.206051273858435
13.37735501661859
13.54984214146078
13.7235619570156
13.898566983939935
14.074913267198113
14.2526607287767
14.431873567471234
14.612620713717567
14.794976349095514
14.979020502198832
15.16483973516298
15.352527938431834
15.542187255543862
15.73392916512399
15.927875754289824
16.12416122689225
16.322933702220794
16.52435737617412
16.728615139114826
16.93591177519067
17.146477910565636
17.360574938515768
17.578501236708828
17.80060012061808
18.02727017059947
18.258978868718696
18.49628095483317
18.739843686252428
18.990482500442575
19.24921290925105
19.517328789572172
19.796525810449094
20.0891069928241
20.39835005676927
20.729228792330677
21.090032122187225
21.49683653764692
21.99169337968173