0.02633770627375119
0.07901313936645517
0.13168863409497225
0.18436423155053908
0.23703997282543393
0.28971589901339373
0.34239205121003063
0.39506847051324895
0.4477451980236621
0.5004222748450096
0.553099742084574
0.6057776408535984
0.6584560122677033
0.7111348974473047
0.763814337518031
0.8164943736111409
0.8691750468639416
0.9218563984202071
0.9745384694305953
1.0272213010530677
1.079904934453308
1.13258941080514
1.1852747712909477
1.2379610571020947
1.2906483094393435
1.3433365695132755
1.3960258785447115
1.448716277765132
1.5014078084170983
1.5541005117546738
1.6067944290438447
1.6594896015629435
1.7121860706030696
1.764883877468513
1.8175830634771764
1.8702836699610002
1.9229857382663849
1.9756893097546155
2.0283944258022877
2.081101127801731
2.133809457161435
2.186519455306478
2.2392311636789493
2.29194462373838
2.3446598769621683
2.397376964846009
2.4500959289043225
2.5028168106706823
2.5555396516982474
2.60826449356019
2.66099137785013
2.713720346182562
2.766451440193292
2.8191847015398683
2.8719201719020155
2.924657892982068
2.977397906505406
3.030140254220891
3.0828849779013003
3.1356321193437675
3.188381720370217
3.241133822827804
3.2938884685893544
3.346645699553803
3.3994055576466353
3.4521680848203307
3.5049333230548023
3.5577013143578418
3.6104721007655627
3.6632457243428465
3.7160222271837875
3.7688016514121396
3.821584039181765
3.8743694326770814
3.927157874113512
3.9799494057379357
4.03274406982914
4.085541908698271
4.138342964689287
4.191147280179417
4.243954897579608
4.2967658593349904
4.349580207925327
4.40239798586548
4.455219235705861
4.508044000032901
4.560872321469505
4.613704242675521
4.666539806348196
4.71937905522265
4.772222032072336
4.825068779709509
4.877919340985698
4.93077375879217
4.983632076060405
5.036494335762568
5.0893605809119835
5.142230854563607
5.195105199814503
5.247983659804324
5.300866277715787
5.353753096775155
5.406644160252718
5.459539511463275
5.512439193766619
5.565343250568025
5.618251725318732
5.671164661516436
5.724082102705776
5.777004092478829
5.8299306744756025
5.8828618923845255
5.9357977899429475
5.988738410937636
6.041683799205272
6.094633998632957
6.1475890531587085
6.2005490067719675
6.253513903514103
6.3064837874789195
6.359458702813162
6.412438693717036
6.465423804444705
6.51841407930482
6.571409562661022
6.624410298932465
6.67741633259434
6.730427708178381
6.783444470273409
6.836466663525833
6.889494332640195
6.942527522379689
6.995566277566692
7.048610643083298
7.10166066387185
7.154716384935477
7.207777851338633
7.260845108207632
7.313918200731195
7.366997174160991
7.420082073812183
7.473172945063977
7.52626983336017
7.579372784209707
7.632481843187227
7.685597055933625
7.738718468156612
7.7918461256312685
7.844980074200618
7.898120359776179
7.951267028338545
8.004420125937948
8.057579698694827
8.110745792800412
8.163918454517288
8.21709773017999
8.270283666195569
8.323476309044182
8.37667570527968
8.429881901530196
8.483094944498735
8.536314880963763
8.589541757779816
8.642775621878087
8.696016520267028
8.74926450003296
8.802519608340674
8.85578189243405
8.909051399636652
8.96232817735236
9.01561227306597
9.068903734343834
9.122202608834465
9.175508944269172
9.228822788462686
9.282144189313792
9.335473194805962
9.38880985300799
9.442154212074641
9.49550632024728
9.548866225854534
9.602233977312924
9.655609623127532
9.708993211892645
9.76238479229242
9.815784413101541
9.869192123185892
9.922607971503206
9.97603200710376
10.029464279131028
10.082904836822374
10.13635372950972
10.18981100662024
10.243276717677041
10.296750912299856
10.350233640205742
10.403724951209767
10.457224895225723
10.510733522266824
10.56425088244641
10.617777025978675
10.671312003179363
10.724855864466496
10.778408660361103
10.83197044148793
10.885541258576188
10.939121162460271
10.992710204080508
11.046308434483892
11.099915904824835
11.153532666365912
11.207158770478616
11.260794268644114
11.314439212454012
11.368093653611112
11.421757643930194
11.475431235338778
11.529114479877908
11.58280742970293
11.636510137084281
11.690222654408284
11.743945034177933
11.797677329013695
11.85141959165432
11.905171874957638
11.958934231901386
12.012706715584011
12.066489379225496
12.120282276168192
12.17408545987764
12.227898983943412
12.281722902079949
12.335557268127406
12.389402136052505
12.443257559949384
12.497123594040456
12.551000292677285
12.604887710341437
12.658785901645372
12.712694921333311
12.766614824282128
12.820545665502234
12.87448750013848
12.928440383471047
12.982404370916358
13.036379518027989
13.09036588049758
13.14436351415577
13.198372474973102
13.252392819060976
13.306424602672577
13.360467882203825
13.414522714194316
13.468589155328289
13.522667262435576
13.576757092492576
13.630858702623227
13.68497215009998
13.739097492344797
13.793234786930123
13.8473840915799
13.901545464170557
13.955718962732034
14.009904645448787
14.064102570660808
14.118312796864666
14.172535382714532
14.226770387023224
14.281017868763254
14.335277887067884
14.389550501232184
14.443835770714111
14.498133755135568
14.552444514283502
14.60676810811098
14.661104596738292
14.715454040454055
14.769816499716319
14.824192035153684
14.878580707566432
14.932982577927651
14.987397707384378
15.041826157258745
15.096267989049135
15.150723264431344
15.205192045259746
15.259674393568481
15.314170371572633
15.368680041669416
15.423203466439395
15.477740708647676
15.53229183124514
15.586856897369652
15.641435970347304
15.696029113693665
15.750636391115018
15.805257866509622
15.85989360396899
15.914543667779153
15.969208122421954
16.023887032576337
16.078580463119653
16.133288479128975
16.188011145882406
16.242748528860435
16.29750069374725
16.352267706432094
16.40704963301064
16.46184653978634
16.51665849327181
16.571485560190208
16.62632780747666
16.681185302279633
16.736058111962368
16.790946304104306
16.84584994650253
16.900769107173197
16.955703854353022
17.010654256500718
17.065620382298494
17.12060230065354
17.17560008069953
17.23061379179813
17.285643503540513
17.340689285748912
17.395751208478153
17.450829342017204
17.505923756890763
17.56103452386082
17.61616171392825
17.671305398334425
17.726465648562826
17.781642536340655
17.8368361336405
17.89204651268196
17.947273745933327
18.002517906113248
18.05777906619243
18.11305729939533
18.16835267920186
18.223665279349134
18.278995173833206
18.33434243691081
18.389707143101123
18.445089367187578
18.50048918421962
18.555906669514545
18.61134189865929
18.666794947512305
18.722265892205368
18.777754809145478
18.83326177501672
18.888786866782155
18.944330161685745
18.999891737254256
19.055471671299212
19.11107004191884
19.166686927500052
19.22232240672041
19.277976558550137
19.333649462254144
19.389341197394046
19.445051843830214
19.500781481723852
19.556530191539057
19.612298054044942
19.66808515031774
19.723891561742924
19.779717370017384
19.835562657151566
19.891427505471682
19.94731199762189
20.00321621656653
20.059140245592356
20.115084168310798
20.171048068660234
20.227032030908283
20.28303613965412
20.33906047983081
20.395105136707656
20.451170195892587
20.507255743334515
20.56336186532578
20.61948864850457
20.675636179857367
20.73180454672142
20.78799383678725
20.84420413810115
20.90043553906774
20.956688128452495
21.01296199538435
21.069257229358296
21.125573920237994
21.181912158258424
21.23827203402856
21.29465363853406
21.351057063139976
21.40748239959349
21.463929740026686
21.520399176959327
21.576890803301676
21.633404712357315
21.68994099782602
21.746499753806635
21.803081074799994
21.859685055711836
21.916311791855794
21.97296137895636
22.029633913151912
22.08632949099775
22.14304820946916
22.199790165964536
22.256555458308462
22.313344184754893
22.370156443990325
22.42699233513701
22.483851957756187
22.540735411851347
22.597642797871536
22.65457421671469
22.711529769730962
22.768509558726144
22.825513685965063
22.88254225417505
22.939595366549398
22.996673126750895
23.053775638915372
23.110903007655264
23.168055338063237
23.225232735715842
23.282435306677176
23.33966315750261
23.396916395242535
23.454195127446148
23.511499462165276
23.568829507958224
23.62618537389368
23.683567169554642
23.740975005042372
23.798408990980434
23.855869238518697
23.913355859337457
23.970868965651537
24.028408670214443
24.085975086322588
24.143568327819523
24.201188509100216
24.258835745115395
24.316510151375887
24.37421184395706
24.43194093950326
24.489697555232304
24.54748180894004
24.605293819004917
24.663133704392624
24.721001584660765
24.778897579963587
24.83682181105676
24.89477439930216
24.952755466672798
25.010765135757673
25.068803529766782
25.12687077253612
25.184966988532732
25.24309230285987
25.301246841262124
25.35943073013066
25.417644096508504
25.475887068095865
25.53415977325551
25.592462341018226
25.650794901088307
25.709157583849084
25.767550520368587
25.82597384240516
25.884427682413225
25.94291217354906
26.00142744967665
26.05997364537358
26.11855089593704
26.17715933738983
26.235799106486475
26.294470340719386
26.35317317832509
26.41190775829053
26.470674220359413
26.529472705038664
26.588303353604907
26.64716630811105
26.706061711392913
26.76498970707596
26.82395043958206
26.882944054136374
26.941970696774277
27.001030514348358
27.060123654535534
27.119250265844194
27.178410497621453
27.237604500060478
27.296832424207892
27.356094421971253
27.41539064612665
27.474721250326333
27.53408638910647
27.593486217894977
27.65292089301943
27.712390571715076
27.77189541213292
27.831435573347928
27.89101121536731
27.95062249913888
28.010269586559552
28.06995264048389
28.129671824732792
28.18942730410225
28.24921924437222
28.30904781231561
28.368913175707334
28.428815503333514
28.488754965000762
28.548731731545594
28.60874597484391
28.668797867820658
28.72888758445953
28.78901529981285
28.849181190011514
28.909385432275098
28.969628204922056
29.02990968738005
29.09023006019643
29.150589505048764
29.210988204755612
29.271426343287306
29.33190410577697
29.392421678531587
29.45297924904327
29.513577006000617
29.574215139300243
29.634893840058446
29.695613300623002
29.756373714585113
29.817175276791524
29.878018183356765
29.938902631675557
29.99982882043537
30.06079694962915
30.121807220568193
30.182859835895194
30.24395499959744
30.305092917020218
30.366273794880325
30.42749784127982
30.488765265719906
30.550076279115018
30.611431093807067
30.672829923579908
30.734272983673954
30.795760490800998
30.85729266315925
30.91886972044853
30.9804918838857
31.042159376220273
31.103872421750243
31.16563124633812
31.22743607742718
31.289287144057937
31.35118467688483
31.413128908193134
31.4751200719161
31.53715840365233
31.599244140683403
31.6613775219917
31.723558788278506
31.78578818198237
31.848065947297677
31.91039233019351
31.972767578432762
32.03519194159152
32.0976656710787
32.16018902015598
32.22276224395801
32.28538559951287
32.34805934576289
32.41078374358568
32.47355905581553
32.53638554726506
32.59926348474725
32.66219313709765
32.72517477519713
32.78820867199473
32.851295102530955
32.914434343961446
32.9776266755809
33.0408723788474
33.1041717374071
33.16752503711923
33.23093256608155
33.294394614656106
33.357911475495406
33.421483443568974
33.485110816190335
33.54879389304436
33.612532976215036
33.676328370213696
33.74018038200762
33.804089321049126
33.86805549930506
33.93207923128678
33.99616083408057
34.06030062737854
34.124498933510026
34.188756077473435
34.25307238696862
34.317448192429765
34.381883827058765
34.44637962685917
34.51093593067061
34.575553080203875
34.6402314200764
34.704971297848466
34.769773064059926
34.83463707226748
34.899563679082675
34.964553244210364
35.029606130487934
35.094722703925115
35.15990333374446
35.22514839242247
35.29045825573144
35.35583330278197
35.42127391606623
35.48678048150188
35.552353388476824
35.61799302989464
35.683699802220836
35.749474105529856
35.81531634355292
35.8812269237267
35.947206257242776
36.01325475909801
36.07937284814579
36.14556094714813
36.2118194828287
36.27814888592687
36.34454959125255
36.411022037742164
36.477566668515514
36.54418393093373
36.6108742766582
36.67763816171067
36.74447604653427
36.81138839605582
36.87837567974917
36.945438371699744
37.01257695067025
37.07979190016766
37.147083708511346
37.21445286890259
37.28189987949532
37.34942524346823
37.41702946909823
37.48471306983532
37.55247656437887
37.620320476755374
37.68824533639772
37.756251678225944
37.824340042729624
37.89251097605182
37.960765030074676
38.02910276250674
38.09752473697198
38.16603152310057
38.23462369662151
38.30330183945709
38.37206653981926
38.440918392307935
38.50985799801134
38.57888596460839
38.64800290647312
38.71720944478138
38.78650620761962
38.855893830096036
38.925372954454005
38.99494423018788
39.06460831416129
39.1343658707279
39.20421757185479
39.27416409724845
39.34420613448351
39.414344379134235
39.48457953490893
39.55491231378722
39.625343436160406
39.6958736309749
39.76650363587884
39.837234197372
39.90806607095902
39.97900002130619
40.05003682240165
40.12117725771937
40.1924221203868
40.26377221335646
40.33522834958142
40.406791352194944
40.478462054694276
40.550241301128814
40.62212994629267
40.69412885592186
40.76623890689623
40.838460987446155
40.91079599736434
40.9832448482227
41.05580846359459
41.12848777928247
41.20128374355124
41.27419731736734
41.347229474643875
41.420381202491875
41.49365350147794
41.56704738588844
41.64056388400051
41.71420403835993
41.78796890606637
41.86185955906591
41.93587708445137
42.01002258477045
42.08429717834215
42.158701999581595
42.233238199333606
42.30790694521526
42.38270942196786
42.45764683181845
42.53272039485136
42.60793134939002
42.683280952389474
42.75877047983988
42.83440122718146
42.91017450973123
42.98609166312201
43.062154043754006
43.13836302925963
43.21472001898177
43.291226434466296
43.36788371996898
43.44469334297767
43.521656794750164
43.59877559086821
43.67605127180854
43.75348540353135
43.83107957808696
43.90883541424136
43.98675455812137
44.064838683880154
44.1430894943839
44.221508721920515
44.30009812893115
44.37885950876553
44.45779468646207
44.53690551955365
44.61619389890025
44.695661749549515
44.77531103162628
44.855143741252505
44.93516191149866
45.01536761336811
45.095762956815705
45.17635009180226
45.25713120938633
45.338108542855004
45.41928436889544
45.500661008808876
45.5822408297692
45.6640262461279
45.74601972076767
45.828223766506895
45.91064094755728
45.99327388103731
46.07612523854394
46.15919774778562
46.2424941942793
46.32601742311477
46.40977034078945
46.49375591711734
46.5779771872157
46.66243725357336
46.747139288205005
46.83208653489571
46.91728231154043
47.00273001258356
47.088433111563745
47.17439516376968
47.2606198090128
47.34711077452344
47.43387187797706
47.52090703065799
47.60822024076841
47.695815616890776
47.78369737161263
47.871869825323266
47.960337410192274
48.049104674340995
48.13817628621827
48.2275570391932
48.317251856378086
48.40726579569604
48.497604055208676
48.58827197872045
48.67927506167767
48.770618957381274
48.86230948353435
48.95435262914673
49.046754561821004
49.139521635446116
49.23266039832712
49.32617760178168
49.42008020923696
49.514375405863014
49.60907060878238
49.70417347789856
49.79969192739046
49.895634137923814
49.9920085696353
50.0888239759506
50.18608941830309
50.28381428182662
50.38200829210281
50.48068153305152
50.57984446606194
50.67950795047189
50.77968326551415
50.88038213386136
50.981616746914945
51.08339979200014
51.1857444816466
51.28866458515521
51.39217446267459
51.49628910203732
51.601024158636385
51.706395998656006
51.81242174601151
51.91911933339715
52.02650755789362
52.13460614164671
52.243435798198455
52.353018305132814
52.463376583791984
52.57453478692974
52.686518395296794
52.79935432430506
52.913071042096895
53.02769870055767
53.14326928106277
53.259816757052356
53.377377275890005
53.49598936289874
53.61569415099874
53.73653564001721
53.85856099053319
53.98182085809616
54.106369774867886
54.23226658724821
54.359574959944126
54.488363959346906
54.61870873215054
54.750691299094996
54.88440148884803
55.01993804376684
55.15740993819773
55.296937961922666
55.438656637579896
55.5827165631886
55.72928730203267
55.87856098629649
56.03075686455507
56.186127117001604
56.34496440339297
56.50761182625463
56.67447633678188
56.84604717520065
57.02292189495674
57.2058442154833
57.39576110408122
57.59391272602698
57.80198217988876
58.02236295124977
58.25868384692331
58.5169865196932
58.80897627551811
59.165232782846566