0.029044034904110852
0.08713213821702287
0.14522034204450834
0.2033087133979577
0.26139731929127397
0.31948622674187743
0.3775755027717113
0.4356652144082471
0.4937554286854902
0.551846212644986
0.609937633336826
0.6680297578206549
0.7261226531666773
0.7842163864566656
0.842311024784968
0.9004066352595168
0.9585032850028381
1.0166010411530615
1.074699970864931
1.1328001413108149
1.19090161968172
1.2490044731883025
1.3071087690618832
1.3652145745554614
1.4233219569447302
1.4814309835290937
1.5395417216326852
1.5976542386053838
1.6557686018238367
1.7138848786924785
1.7720031366445543
1.8301234431431432
1.8882458656821826
1.9463704717874948
2.0044973290178145
2.062626504965818
2.1207580672591537
2.178892083561473
2.2370286215734674
2.2951677490338986
2.3533095337206404
2.4114540434517147
2.4696013460863324
2.527751509525937
2.585904601715246
2.644060690643301
2.7022198443445116
2.760382130899709
2.818547618437196
2.8767163751338014
2.9348884692159376
2.9930639689606586
3.051242942696721
3.109425458805646
3.1676115857227862
3.2258013919383948
3.2839949459986926
3.3421923165069436
3.4003935721245298
3.4585987815720287
3.516808013630295
3.5750213371415422
3.6332388210104316
3.6914605342051585
3.749686545758545
3.807916924769136
3.866151740402295
3.9243910618913054
3.9826349585384753
4.040883499716242
4.099136754868286
4.1573947935106395
4.215657685232808
4.2739254996988825
4.332198306648675
4.390476175898833
4.448759177343976
4.507047380957828
4.565340856794356
4.623639674988909
4.681943905759363
4.740253619407272
4.798568886319018
4.856889776966967
4.915216361910631
4.973548711797831
5.031886897365866
5.090230989442685
5.148581058948062
5.2069371768947805
5.265299414389816
5.323667842635524
5.38204253293084
5.440423556672469
5.498810985356096
5.557204890577591
5.615605344034218
5.67401241752586
5.73242618295623
5.7908467123341065
5.849274077774561
5.9077083515001965
5.966149605842384
6.024597913242517
6.0830533462532586
6.141515977539796
6.199985879881111
6.25846312617124
6.316947789420551
6.375439942757023
6.433939659427527
6.49244701279912
6.55096207636034
6.609484923722502
6.668015628621017
6.7265542649166905
6.785100906597057
6.843655627777696
6.902218502703564
6.960789605750336
7.019369011425751
7.077956794370958
7.136553029361874
7.1951577913105496
7.2537711552665405
7.31239319641828
7.371023990094468
7.429663611765455
7.488312137044648
7.546969641689909
7.605636201604968
7.664311892840843
7.722996791597265
7.781690974224115
7.840394517222857
7.899107497247996
7.95782999110853
8.016562075769409
8.075303828353015
8.134055326140636
8.192816646573956
8.25158786725655
8.310369065955385
8.369160320602337
8.427961709295706
8.486773310301748
8.545595202056209
8.604427463165877
8.663270172410128
8.722123408742496
8.780987251292244
8.83986177936594
8.898747072449055
8.957643210207557
9.016550272489523
9.075468339326754
9.13439749093641
9.193337807722633
9.252289370278213
9.311252259386226
9.37022655602172
9.429212341353374
9.488209696745196
9.54721870375822
9.606239444152207
9.665271999887374
9.724316453126109
9.783372886234725
9.842441381785198
9.901522022556943
9.960614891538569
10.019720071929676
10.078837647142645
10.137967700804449
10.197110316758462
10.2562655790663
10.315433572009653
10.374614380092147
10.433808088041204
10.49301478080992
10.552234543578965
10.611467461758469
10.670713620989954
10.729973107148252
10.78924600634345
10.848532404922844
10.90783238947291
10.967146046821274
11.026473464038721
11.085814728441191
11.145169927591809
11.204539149302915
11.263922481638113
11.323320012914348
11.38273183170396
11.442158026836806
11.501598687402343
11.561053902751762
11.620523762500133
11.680008356528537
11.739507774986256
11.79902210829294
11.858551447140817
11.918095882496907
11.977655505605243
12.03723040798914
12.096820681453432
12.156426418086774
12.21604771026393
12.275684650648088
12.335337332193197
12.395005848146303
12.454690292049929
12.514390757744454
12.574107339370512
12.633840131371414
12.693589228495588
12.753354725799037
12.813136718647808
12.872935302720494
12.93275057401074
12.992582628829783
13.052431563809003
13.112297475902494
13.172180462389653
13.232080620877797
13.291998049304798
13.35193284594173
13.41188510939555
13.47185493861179
13.53184243287727
13.59184769182285
13.651870815426175
13.711911904014471
13.771971058267338
13.83204837921959
13.892143968264088
13.952257927154642
14.012390358008874
14.072541363311167
14.13271104591559
14.19289950904888
14.25310685631343
14.313333191690303
14.373578619542284
14.433843244616941
14.494127172049723
14.554430507367078
14.614753356489597
14.675095825735195
14.735458021822298
14.79584005187308
14.85624202341671
14.916664044392641
14.977106223153912
15.03756866847049
15.098051489532633
15.158554795954295
15.219078697776542
15.279623305471011
15.340188729943394
15.400775082536954
15.461382475036073
15.522011019669828
15.582660829115593
15.643332016502697
15.704024695416079
15.764738979900006
15.825474984461806
15.886232824075641
15.947012614186315
16.007814470713114
16.068638510053674
16.12948484908791
16.190353605181937
16.251244896192066
16.312158840468822
16.373095556860992
16.43405516471972
16.49503778390264
16.556043534778034
16.61707253822905
16.678124915657936
16.739200788990328
16.800300280679586
16.86142351371114
16.922570611606904
16.983741698429732
17.0449368987879
17.106156337839625
17.16740014129767
17.22866843543394
17.289961347084144
17.351279003652525
17.41262153311658
17.47398906403189
17.53538172553694
17.596799647358022
17.658242959814174
17.719711793822174
17.781206280901557
17.84272655317972
17.904272743397037
17.965844984912074
18.0274434117068
18.08906815839188
18.150719360212026
18.21239715305139
18.274101673439013
18.335833058554314
18.397591446232664
18.459376974971
18.52118978393349
18.58303001295726
18.644897802558187
18.706793293936745
18.768716628983903
18.830667950287097
18.892647401136266
18.95465512552991
19.016691268181287
19.078755974524586
19.14084939072124
19.202971663666258
19.26512294099463
19.327303371087822
19.389513103080315
19.45175228686622
19.514021073105972
19.57631961323308
19.63864805946095
19.701006564789818
19.763395283013676
19.825814368727364
19.88826397733368
19.950744265050577
20.013255388918456
20.07579750680752
20.1383707774252
20.200975360323714
20.26361141590762
20.326279105441532
20.388978591057896
20.451710035764822
20.514473603454043
20.57726945890894
20.64009776781267
20.702958696756365
20.765852413247448
20.828779085718015
20.89173888353333
20.954731977000414
21.01775853737673
21.080818736878946
21.14391274869185
21.207040746977295
21.270202906883306
21.333399404553266
21.396630417135206
21.459896122791207
21.523196700706926
21.586532331101196
21.649903195235765
21.71330947542516
21.776751355046624
21.84022901855021
21.903742651468978
21.967292440429308
22.030878573161345
22.09450123850956
22.158160626443447
22.221856928068323
22.2855903356363
22.349361042557344
22.413169243410504
22.47701513395525
22.54089891114295
22.604820773128527
22.66878091928218
22.732779550201347
22.79681686772272
22.860893074934467
22.925008376188597
22.98916297711346
23.0533570846264
23.117590906946603
23.181864653608073
23.246178535472755
23.310532764743872
23.374927554979394
23.439363121105686
23.50383967943133
23.568357447661125
23.632916644910267
23.697517491718695
23.76216021006565
23.826845023384394
23.89157215657713
23.956341836030123
24.021154289629003
24.086009746774288
24.150908438397067
24.21585059697496
24.280836456548215
24.34586625273606
24.410940222753265
24.476058605426918
24.541221641213422
24.60642957221573
24.671682642200814
24.736981096617335
24.802325182613604
24.867715149055748
24.93315124654614
24.998633727442062
25.064162845874655
25.1297388577681
25.195362020859076
25.261032594716475
25.32675084076142
25.392517022287524
25.458331404481456
25.524194254443785
25.59010584121012
25.656066435772548
25.722076311101368
25.78813574216716
25.85424500596311
25.920404381527735
25.98661414996786
26.05287459448196
26.11918600038385
26.185548655126674
26.251962848327306
26.31842887179104
26.38494701953668
26.451517587822
26.518140875169568
26.584817182392932
26.65154681262324
26.718330071336226
26.785167266379588
26.8520587080008
26.919004708875352
26.986005584135363
27.05306165139869
27.12017323079845
27.187340645012977
27.254564219296267
27.321844281508877
27.389181162149296
27.45657519438581
27.52402671408886
27.591536059863888
27.65910357308474
27.726729597927534
27.7944144814051
27.862158573401967
27.929962226709886
27.99782579706393
28.06574964317915
28.13373412678787
28.201779612677534
28.269886468729165
28.338055065956485
28.406285778545655
28.474578983895633
28.54293506265925
28.611354398784922
28.67983737955907
28.74838439564924
28.81699584114792
28.88567211361715
28.95441361413382
29.02322074733573
29.092093921468507
29.161033548433224
29.230040043834883
29.29911382703174
29.368255321185423
29.437464953311974
29.506743154333744
29.576090359132202
29.645507006601658
29.714993539703936
29.784550405524012
29.85417805532663
29.923876944613927
29.99364753318408
30.063490285191026
30.133405669205207
30.20339415827548
30.27345622999209
30.343592366550812
30.413803054818285
30.48408878639851
30.5544500577006
30.624887370007777
30.695401229547652
30.765992147563825
30.836660640388807
30.907407229518352
30.97823244168715
31.049136808946017
31.120120868740482
31.191185163990983
31.26233024317449
31.333556660407805
31.404864975532437
31.47625575420113
31.54772956796611
31.61928699436905
31.69092861703284
31.762655025755127
31.83446681660382
31.906364592014395
31.978348960889264
32.05042053869909
32.12257994758619
32.19482781647005
32.26716478115499
32.33959148444009
32.41210857623137
32.48471671365626
32.557416561180595
32.63020879072791
32.703094081801396
32.77607312160837
32.84914660518739
32.922315235538186
32.99557972375428
33.06894078915858
33.14239915944182
33.21595557080415
33.28961076809972
33.3633655049846
33.437220544067806
33.51117665706589
33.58523462496084
33.65939523816167
33.73365929666958
33.80802761024692
33.88250099859007
33.9570802915062
34.03176632909425
34.10655996193001
34.181462051255615
34.25647346917345
34.33159509884472
34.40682783469261
34.48217258261048
34.55763026017491
34.633201796864
34.708888134280976
34.784690226383205
34.86060903971691
34.93664555365768
35.01280076065691
35.08907566649453
35.165471290537965
35.24198866600774
35.318628840249836
35.39539287501497
35.47228184674517
35.549296846867705
35.6264389820967
35.70370937474268
35.781109163030294
35.85863950142443
35.9363015609651
36.01409652961133
36.092025612594306
36.17009003278016
36.24829103104274
36.32662986664659
36.4051078176406
36.483726181262625
36.562486274355514
36.64138943379487
36.720437016929
36.79963040203149
36.87897098876684
36.9584601986696
37.03809947563753
37.1178902864393
37.19783412123719
37.27793249412545
37.35818694368478
37.43859903355362
37.51917035301685
37.59990251761252
37.68079716975741
37.76185597939195
37.84308064464545
37.92447289252227
38.00603447960989
38.08776719280957
38.16967285009071
38.25175330126964
38.33401042881396
38.4164461486735
38.49906241113883
38.58186120172857
38.66484454210676
38.748014491031356
38.83137314533531
38.914922640941654
38.99866515391386
39.08260290154322
39.1667381434747
39.25107318287306
39.335610367630906
39.42035209162072
39.505300795992696
39.5904589705205
39.67582915499723
39.76141394068377
39.84721597181209
39.933237947146026
40.01948262160225
40.10595280793436
40.19265137848308
40.2795812669959
40.366745470519405
40.454147051368054
40.54178913917318
40.62967493301627
40.717807703650784
40.80619079581722
40.89482763065612
40.9837217082242
41.07287661011929
41.16229600221947
41.25198363754313
41.34194335923615
41.43217910369344
41.52269490382231
41.61349489245561
41.70458330592333
41.79596448779159
41.88764289277911
41.97962309086119
42.07190977157275
42.1645077485223
42.257421964129655
42.35065749460123
42.4442195551578
42.53811350553058
42.632344855742815
42.72691927219537
42.82184258407612
42.91712079011477
43.012760065706104
43.108766770426776
43.20514745597282
43.301908874547095
43.39905798772846
43.496601975857295
43.59454824797469
43.69290445235618
43.79167848768423
43.890878514907946
43.99051296984267
44.09059057656708
44.19112036168084
44.292111669491746
44.39357417820822
44.495517917220035
44.59795328555888
44.70089107163934
44.804342474391355
44.908319125906715
45.01283311573547
45.11789701698242
45.22352391437083
45.32972743445884
45.436521778215464
45.5439217561871
45.651942826512474
45.76060113607554
45.869913565120996
45.97989777569798
46.090572264344296
46.2019564194771
46.31407058401837
46.426936123855
46.54057550281729
46.65501236495619
46.77027162501388
46.88637956811484
47.00336395986152
47.12125416820365
47.240081298669445
47.35987834480788
47.48068035600342
47.602524625198825
47.72545089951386
47.849501617295104
47.97472217579994
48.10116123453532
48.228871060280326
48.35790792107125
48.48833253798842
48.620210605544905
48.7536133939608
48.88861844977552
49.02531041533002
49.16378199294812
49.30413508659412
49.44648216299174
49.59094788653104
49.73767109903895
49.88680723852132
50.038531323128694
50.19304167218095
50.350564601882716
50.511360430215746
50.67573127121774
50.8440313235544
51.01668071450436
51.19418454332856
51.377159757052276
51.566374242774856
51.76280578014793
51.967734941422606
52.18289974124406
52.41077187571516
52.655098914584805
52.92212057433287
53.22392660431914
53.59210312506062