0.025640742650247874
0.07692224591766277
0.12820380308599877
0.17948545008974884
0.2307672228642243
0.2820491573458822
0.33333128947265267
0.3846136551842666
0.4358962904225827
0.48717923113191547
0.5384625132593626
0.5897461727551326
0.6410302455728728
0.6923147676699971
0.7435997750080137
0.7948853035528535
0.8461713892751982
0.8974580681508084
0.9487453761608525
1.0000333492922349
1.0513220235379248
1.102611434897285
1.1539016193764018
1.2051926129884127
1.2564844517538376
1.3077771717009068
1.3590708088658923
1.4103653992934366
1.4616609790368844
1.5129575841586111
1.5642552507303562
1.6155540148335514
1.6668539125596544
1.7181549800104787
1.7694572532985262
1.8207607685473197
1.8720655618917337
1.9233716694783292
1.9746791274656847
2.025987972024731
2.0772982393390844
2.1286099656053805
2.1799231870336078
2.231237939847445
2.2825542602845923
2.333872184597111
2.3851917490517542
2.4365129899303097
2.48783594352993
2.539160646163474
2.590487134159842
2.6418154438643136
2.693145611638888
2.7444776738626206
2.795811666931964
2.8471476272611063
2.898485591282311
2.9498255954462613
3.001167676222395
3.0525118700992517
3.103858213584813
3.1552067432068442
3.206557495513238
3.257910507072361
3.309265814473394
3.3606234543266784
3.4119834632640633
3.4633458779392496
3.514710735028138
3.5660780712291733
3.6174479232636974
3.668820327876293
3.720195321835136
3.7715729419323414
3.822953224984319
3.8743362078321204
3.925721927341791
3.977110420404726
4.028501723938017
4.079895874884814
4.131292910214672
4.1826928669239125
4.2340957820359755
4.285501692601777
4.336910635700068
4.388322648437793
4.439737767950445
4.491156031402428
4.542577475987422
4.594002138928735
4.645430057479671
4.696861268923896
4.748295810575794
4.799733719780836
4.851175033915948
4.902619790389872
4.954068026643538
5.005519780150429
5.056975088416953
5.108433988982809
5.159896519421361
5.211362717340011
5.262832620380567
5.3143062662196225
5.365783692568927
5.417264937175763
5.468750037823325
5.520239032331091
5.571731958555208
5.623228854388871
5.674729757762696
5.726234706645115
5.777743739042744
5.829256893000781
5.88077420660338
5.932295717974044
5.983821465276008
6.035351486712631
6.086885820527784
6.138424505006238
6.18996757847406
6.2415150792990035
6.293067045890903
6.344623516702071
6.39618453022769
6.447750125006215
6.499320339619773
6.550895212694558
6.6024747829012345
6.6540590889553455
6.705648169617708
6.757242063694826
6.808840810039291
6.860444447550192
6.912053015173528
6.963666551902616
7.015285096778499
7.066908688890369
7.118537367375972
7.170171171422028
7.221810140264653
7.2734543131897675
7.325103729533528
7.376758428682742
7.428418450075294
7.480083833200571
7.5317546175998835
7.5834308428669015
7.6351125486480775
7.686799774643081
7.738492560605229
7.790190946341919
7.84189497171507
7.893604676641553
7.9453201010936345
7.997041285099413
8.048768268743267
8.100501092166292
8.15223979556675
8.203984419200516
8.25573500338153
8.307491588482236
8.35925421493405
8.411022923227803
8.462797753914204
8.51457874760429
8.566365944969888
8.618159386744086
8.669959113721678
8.721765166759642
8.77357758677761
8.825396414758318
8.8772216917481
8.929053458857341
8.980891757260965
9.032736628198904
9.08458811297658
9.136446252965378
9.188311089603141
9.240182664394645
9.292061018912088
9.343946194795576
9.39583823375362
9.44773717756362
9.49964306807237
9.551555947196544
9.603475856923202
9.655402839310291
9.707336936487145
9.759278190654992
9.811226644087466
9.863182339131109
9.915145318205889
9.967115623805716
10.019093298498955
10.071078384928946
10.123070925814524
10.17507096395055
10.227078542208428
10.279093703536644
10.331116490961286
10.383146947586587
10.435185116595456
10.487231041250016
10.539284764892152
10.591346330944045
10.643415782908725
10.69549316437062
10.7475785189961
10.799671890534041
10.851773322816374
10.903882859758651
10.956000545360599
11.00812642370669
11.060260538966709
11.112402935396322
11.164553657337649
11.21671274921984
11.268880255559656
11.321056220962049
11.373240690120744
11.425433707818828
11.477635318929343
11.529845568415874
11.582064501333154
11.634292162827645
11.686528598138164
11.738773852596472
11.791027971627887
11.843291000751892
11.895562985582757
11.94784397183015
12.000134005299762
12.05243313189393
12.10474139761226
12.157058848552264
12.209385530909993
12.261721490980667
12.31406677515933
12.366421429941475
12.418785501923711
12.471159037804396
12.523542084384303
12.575934688567278
12.628336897360892
12.680748757877117
12.733170317332984
12.785601623051262
12.838042722461132
12.89049366309887
12.942954492608516
12.995425258742587
13.047906009362736
13.100396792440474
13.15289765605785
13.20540864840816
13.257929817796658
13.310461212641254
13.363002881473241
13.415554872938001
13.468117235795738
13.520690018922195
13.573273271309391
13.625867042066348
13.67847138041984
13.731086335715123
13.783711957416692
13.83634829510903
13.88899539849736
13.94165331740841
13.99432210179117
14.047001801717672
14.099692467383749
14.152394149109828
14.2051068973417
14.257830762651315
14.310565795737567
14.363312047427096
14.416069568675086
14.46883841056607
14.521618624314742
14.574410261266774
14.627213372899632
14.680028010823404
14.732854226781628
14.785692072652129
14.838541600447858
14.891402862317742
14.944275910547523
14.997160797560623
15.050057575919004
15.102966298324032
15.155887017617347
15.208819786781742
15.261764658942043
15.314721687366001
15.367690925465178
15.420672426795853
15.473666245059919
15.526672434105802
15.579691047929364
15.63272214067484
15.685765766635747
15.738821980255835
15.791890836130012
15.844972389005296
15.898066693781765
15.95117380551351
16.004293779409608
16.05742667083507
16.11057253531185
16.163731428519785
16.21690340629762
16.27008852464399
16.32328683971841
16.37649840784229
16.429723285499954
16.48296152933965
16.536213196174597
16.58947834298399
16.642757026914065
16.696049305279132
16.749355235562643
16.802674875418237
16.85600828267082
16.909355515317642
16.96271663152937
17.01609168965119
17.069480748203894
17.122883865884987
17.176301101569805
17.229732514312637
17.28317816334783
17.336638108090956
17.39011240813993
17.443601123276174
17.49710431346577
17.55062203886062
17.604154359799637
17.657701336809914
17.711263030607917
17.76483950210068
17.818430812387028
17.87203702275877
17.925658194701942
17.97929438989802
18.032945670225182
18.08661209775954
18.14029373477642
18.193990643751597
18.2477028873626
18.30143052848998
18.355173630218623
18.40893225583903
18.462706468848644
18.516496332953167
18.5703019120679
18.624123270319075
18.677960472045203
18.731813581798452
18.785682664345995
18.8395677846714
18.89346900797603
18.947386399680425
19.001320025425724
19.055269951075086
19.109236242715113
19.1632189666573
19.217218189439482
19.2712339778273
19.32526639881567
19.379315519630275
19.433381407729055
19.48746413080371
19.541563756781226
19.5956803538254
19.649813990338387
19.703964734962234
19.758132656580468
19.812317824319646
19.866520307550967
19.920740175891854
19.974977499207572
20.02923234761285
20.083504791473526
20.137794901408174
20.19210274828978
20.246428403247428
20.300771937667953
20.355133423197675
20.409512931744086
20.46391053547759
20.518326306833245
20.5727603185125
20.627212643484974
20.681683354990227
20.736172526539566
20.790680231917847
20.84520654518529
20.899751540679326
20.95431529301644
21.008897877094043
21.063499368092344
21.11811984147626
21.17275937299731
21.22741803869554
21.28209591490148
21.33679307823809
21.39150960562273
21.446245574269145
21.501001061689482
21.5557761456963
21.610570904404604
21.6653854162339
21.72021975991027
21.775074014468455
21.829948259253953
21.884842573925148
21.939757038455433
21.994691733135383
22.04964673857492
22.1046221357055
22.15961800578233
22.21463443038659
22.26967149142767
22.324729271145458
22.379807852112602
22.434907317236817
22.49002774976321
22.545169233276628
22.600331851703995
22.655515689316722
22.710720830733084
22.76594736092066
22.82119536519875
22.87646492924086
22.931756139077187
22.9870690810971
23.04240384205168
23.09776050905627
23.153139169593043
23.20853991151359
23.26396282304153
23.319407992775158
23.374875509690096
23.430365463141975
23.485877942869138
23.541413038995387
23.59697084203271
23.65255144288408
23.70815493284624
23.76378140361255
23.81943094727581
23.87510365633116
23.930799623678972
23.986518942627782
24.04226170689724
24.09802801062109
24.153817948350177
24.20963161505549
24.265469106131203
24.321330517397783
24.3772159451051
24.43312548593557
24.489059237007314
24.5450172958774
24.600999760545033
24.657006729454825
24.713038301500106
24.769094576026216
24.825175652833884
24.881281632182585
24.937412614793963
24.993568701855285
25.0497499950229
25.105956596425763
25.16218860866897
25.218446134837325
25.274729278498963
25.331038143708984
25.38737283501313
25.4437334574515
25.500120116562282
25.55653291838555
25.612971969467075
25.669437376862174
25.72592924813961
25.782447691385514
25.838992815207348
25.895564728737906
25.95216354163937
26.00878936410737
26.065442306875113
26.122122481217556
26.178829998955585
26.23556497246026
26.292327514657117
26.34911773903046
26.40593575962777
26.462781691064063
26.51965564852639
26.576557747778306
26.633488105164428
26.690446837615
26.74743406265056
26.804449898386576
26.861494463538207
26.918567877425062
26.975670259976006
27.032801731734065
27.089962413861297
27.14715242814381
27.204371896996737
27.261620943469328
27.31889969125007
27.376208264671856
27.43354678871721
27.49091538902356
27.548314191888597
27.605743324275632
27.66320291381907
27.720693088829883
27.778213978301196
27.83576571191388
27.89334842004224
27.95096223375975
28.00860728484484
28.066283705786752
28.12399162979147
28.181731190787684
28.239502523432833
28.29730576311923
28.35514104598022
28.413008508896414
28.47090828950201
28.528840526191154
28.58680535812438
28.64480292523513
28.702833368236334
28.760896828627054
28.818993448699214
28.877123371544393
28.93528674106072
28.993483701959793
29.05171439977371
29.109978980862188
29.168277592419717
29.226610382482843
29.284977499937497
29.343379094526405
29.401815316856624
29.460286318407096
29.51879225153634
29.577333269490214
29.635909526409748
29.694521177339098
29.753168378233553
29.811851285967666
29.870570058343464
29.929324854098738
29.988115832915458
30.046943155428252
30.105806983233016
30.1647074788956
30.223644805960582
30.282619128960196
30.341630613423305
30.400679425884523
30.4597657338934
30.51888970602377
30.57805151188316
30.63725132212233
30.69648930844494
30.755765643617295
30.815080501478246
30.87443405694918
30.93382648604415
30.99325796588011
31.05272867468728
31.11223879181964
31.171788497765547
31.231377974158487
31.29100740378794
31.350676970610394
31.4103868597605
31.47013725756234
31.529928351540857
31.589760330433418
31.649633384201497
31.70954770404256
31.769503482402037
31.82950091298548
31.889540190770855
31.94962151202101
32.00974507429627
32.06991107646722
32.13011971872763
32.19037120260755
32.250665730986604
32.31100350810736
32.371384739589004
32.43180963244107
32.49227839507745
32.55279123733046
32.613348370465246
32.67395000719422
32.73459636169182
32.795287649609364
32.85602408809013
32.91680589578467
32.9776332928663
33.03850650104676
33.099425743592136
33.160391245338985
33.22140323271064
33.28246193373378
33.343567578055186
33.404720396958766
33.465920623382736
33.527168491937125
33.58846423892148
33.64980810234276
33.71120032193358
33.772641139170624
33.834130797293334
33.89566954132288
33.95725761808137
34.01889527621133
34.080582766195484
34.14232034037673
34.20410825297854
34.2659467601255
34.32783611986423
34.389776592184575
34.451768439041096
34.51381192437488
34.57590731413564
34.638054876304174
34.700254880915104
34.76250760007997
34.82481330801067
34.887172281043185
34.94958479766174
35.01205113852327
35.07457158648221
35.13714642661572
35.19977594624929
35.262460434982614
35.32520018471602
35.387995489677124
35.45084664644805
35.513753953992904
35.5767177136858
35.63973822933923
35.70281580723286
35.765950756142864
35.82914338737159
35.892394014777736
35.95570295480704
36.01907052652335
36.08249705164027
36.14598285455322
36.20952826237206
36.273133604954246
36.33679921493841
36.40052542777857
36.46431258177884
36.52816101812875
36.59207108093903
36.65604311727807
36.72007747720892
36.78417451382691
36.848334583297884
36.91255804489701
36.97684526104833
37.04119659736486
37.105612422689404
37.17009310913604
37.23463903213231
37.29925057046206
37.36392810630908
37.42867202530145
37.493482716556585
37.55836057272711
37.62330599004751
37.68831936838157
37.75340111127059
37.81855162598253
37.88377132356188
37.949060618880544
38.01441993068946
38.07984968167126
38.14535029849378
38.21092221186454
38.27656585658617
38.34228167161287
38.40807010010785
38.47393158950182
38.53986659155249
38.605875562405224
38.67195896265474
38.73811725740796
38.80435091634801
38.87066041379941
38.93704622879449
39.003508845140956
39.07004875149082
39.136666441410604
39.20336241345278
39.27013717122869
39.336991223482755
39.403925084168165
39.47093927252395
39.53803431315362
39.605210736105256
39.672469076953206
39.739809876881345
39.807233682767965
39.87474104727239
39.94233252892321
40.01000869220839
40.07777010766704
40.1456173519832
40.213551008081296
40.28157166522374
40.34967991911037
40.417876371980036
40.48616163271413
40.55453631694242
40.623001047150915
40.69155645279213
40.760203170397524
40.8289418436924
40.897773123713186
40.96669766892721
41.03571614535505
41.10482922669551
41.17403759445321
41.24334193806912
41.31274295505374
41.382241351123284
41.45183784033887
41.52153314524878
41.591327997033844
41.6612231356561
41.7312193100108
41.8013172780818
41.87151780710054
41.941821673708596
42.01222966412398
42.08274257431124
42.15336121015557
42.2240863876409
42.29491893303219
42.365859683062006
42.43690948512152
42.508069197456045
42.579339689365284
42.6507218414083
42.72221654561358
42.793824705694085
42.865547237267656
42.937385068082776
43.00933913824995
43.08141040047885
43.15359982032137
43.22590837642079
43.2983370607673
43.37088687896001
43.44355885047561
43.516354008944056
43.58927340243132
43.66231809372956
43.73548916065489
43.808787696352994
43.88221480961287
43.955771625188945
44.029459284131896
44.103278944128334
44.17723177984981
44.251318983311364
44.3255417642399
44.39990135045288
44.4743989882475
44.549035942800856
44.623813498581406
44.69873295977214
44.773795650705885
44.849002916313175
44.92435612258312
44.999856657037704
45.075505929220135
45.151305371197566
45.22725643807888
45.303360608548005
45.37961938541334
45.456034296173996
45.532606893603266
45.609338756350276
45.686231489560264
45.763286725514305
45.84050612428924
45.917891374438625
45.99544419369541
46.07316632969737
46.15105956073611
46.2291256965305
46.30736657902584
46.385784083219384
46.46438011801367
46.543156627098604
46.62211558986362
46.70125902234108
46.780588978182294
46.86010754966765
46.93981686875211
47.01971910814781
47.099816482445334
47.18011124927534
47.260605710512365
47.341302213522724
47.4222031524585
47.50331096959968
47.58462815674678
47.66615725666618
47.74790086459075
47.82986162977832
47.91204225713084
47.99444550887706
48.07707420632187
48.15993123166568
48.24301952989713
48.32634211076292
48.409902050818694
48.49370249556497
48.57774666167266
48.66203783930281
48.74657939452537
48.831374771842455
48.91642749682158
49.00174117884485
49.08731951398047
49.1731662879833
49.2592853794317
49.34568076300838
49.43235651293339
49.51931680655807
49.60656592812945
49.69410827273491
49.781948350438086
49.87009079061741
49.9585403465197
50.047301900041965
50.13638046675591
50.22578120119006
50.31550940238641
50.405570519749
50.495970159203694
50.586714089689785
50.67780825000559
50.769258756032215
50.861071908361374
50.9532542003556
51.04581232667127
51.13875319227755
51.23208392200745
51.32581187067983
51.419944633835264
51.5144900591319
51.60945625845222
51.70485162077581
51.800684825878896
51.896964858926694
51.99370102603149
52.09090297085613
52.18858069235076
52.28674456371952
52.38540535272379
52.484574243439745
52.58426285960069
52.684483289668385
52.78524811379381
52.88657043284567
52.988463899705174
53.09094275304875
53.194021853866765
53.29771672499579
53.40204359397653
53.507019439588326
53.61266204245617
53.718990040177715
53.82602298747748
53.93378142196444
54.04228693614926
54.15156225647078
54.26163133019047
54.37251942114121
54.48425321546745
54.59686093867087
54.710372485486864
54.82481956436707
54.940235858643085
55.05665720680597
55.17412180476985
55.29267043351385
55.412346716137385
55.533197409148954
55.65527273377612
55.77862675428475
55.90331781179268
56.0294090239462
56.15696886321085
56.28607182957034
56.41679923734287
56.54924014090884
56.683492430813104
56.81966414054256
56.9578750161265
57.09825841678181
57.24096363693231
57.38615877078255
57.534034284375416
57.68480752321138
57.838728476461604
57.99608725866092
58.157223985409324
58.32254206146397
58.492526458949996
58.66776951257102
58.84900843910859
59.03718191640328
59.23351924044881
59.43968873968315
59.658062867382725
59.89223849766816
60.14820403728956
60.43756146003339
60.79061997257593