0.026161777507588083
0.07848535239088933
0.13080898687876197
0.18313272070824077
0.23545659361734134
0.2877806453454523
0.34010491563372797
0.39242944422548043
0.44475427086657254
0.4970794353058099
0.549404977295334
0.601730936591015
0.654057352952844
0.7063842661453266
0.758711715937876
0.8110397421052062
0.863368384427725
0.9156976826919281
0.9680276766907926
1.0203584062241708
1.0726899110991852
1.1250222311306213
1.1773554061413234
1.2296894759625894
1.282024480434565
1.3343604594066396
1.386697452737842
1.4390355002972353
1.4913746419643146
1.543714917629402
1.5960563671940444
1.6483990305714094
1.7007429476866835
1.7530881584774705
1.805434702894188
1.8577826209004673
1.9101319524735514
1.9624827376046947
2.0148350162995627
2.0671888285786313
2.1195442144775893
2.1719012140477365
2.224259867356387
2.276620214487272
2.3289822955409387
2.3813461506351574
2.433711819905321
2.4860793435048523
2.538448761605605
2.5908201143982708
2.643193442092785
2.695568784918732
2.7479461831257503
2.800325676983942
2.8527073067842807
2.9050911128390173
2.9574771354820917
3.0098654150695405
3.0622559919799093
3.1146489066146614
3.1670441993985907
3.2194419107802346
3.271842081232286
3.324244751252006
3.376649961361641
3.429057752108836
3.48146816406705
3.5338812378359754
3.5862970140419517
3.6387155333383863
3.6911368364061734
3.7435609639541125
3.7959879567193298
3.8484178554677007
3.900850700994269
3.953286534123675
4.005725395710574
4.058167326640065
4.110612367828118
4.163060560221994
4.21551194480068
4.267966562575313
4.320424454589613
4.37288566192031
4.425350225677579
4.47781818700547
4.530289587082342
4.582764467121297
4.6352428683706215
4.687724832114212
4.740210399672024
4.792699612400502
4.845192511693024
4.897689138980344
4.950189535731029
5.002693743451907
5.055201803688507
5.10771375802551
5.16022964808719
5.212749515537865
5.265273402082349
5.317801349466395
5.370333399477151
5.422869593943616
5.475409974737087
5.52795458377162
5.580503463004484
5.63305665443662
5.685614200113101
5.73817614212359
5.790742522602804
5.843313383730979
5.895888767734331
5.9484687168855235
6.001053273504138
6.0536424799571416
6.106236378659351
6.158835012073917
6.211438422712787
6.264046653137185
6.316659745958086
6.369277743836698
6.421900689484936
6.474528625665906
6.527161595194388
6.579799640937321
6.632442805814285
6.685091132797991
6.737744664914774
6.790403445245076
6.843067516923945
6.895736923141526
6.948411707143558
7.001091912231873
7.053777581764892
7.106468759158127
7.15916548788469
7.211867811475788
7.264575773521239
7.317289417669971
7.370008787630543
7.42273392717165
7.475464880122634
7.528201690374012
7.580944401877984
7.633693058648954
7.686447704764056
7.739208384363676
7.791975141651974
7.84474802089742
7.897527066433317
7.950312322658337
8.00310383403705
8.055901645100473
8.108705800446588
8.161516344740901
8.214333322716978
8.267156779176988
8.31998675899225
8.37282330710379
8.42566646852288
8.478516288331607
8.531372811683413
8.584236083803669
8.637106149990222
8.689983055613972
8.742866846119423
8.795757567025264
8.848655263924934
8.901559982487193
8.9544717684567
9.007390667654594
9.060316725979064
9.113249989405945
9.166190503989297
9.21913831586199
9.272093471236301
9.32505601640451
9.37802599773948
9.431003461695274
9.48398845480775
9.536981023695164
9.589981215058774
9.642989075683458
9.696004652438317
9.749027992277302
9.80205914223982
9.855098149451365
9.908145061124134
9.961199924557663
10.01426278713945
10.067333696345587
10.120412699741404
10.173499844982103
10.2265951798134
10.279698752072166
10.332810609687089
10.385930800679311
10.43905937316309
10.492196375346456
10.545341855531875
10.598495862116911
10.651658443594892
10.704829648555584
10.758009525685868
10.811198123770412
10.864395491692354
10.917601678433993
10.970816733077466
11.02404070480545
11.077273642901854
11.130515596752513
11.1837666158459
11.237026749773824
11.290296048232142
11.343574561021475
11.396862338047923
11.450159429323788
11.503465884968296
11.55678175520833
11.610107090379156
11.663441940925166
11.716786357400613
11.770140390470363
11.823504090910637
11.876877509609761
11.930260697568931
11.983653705902972
12.03705658584109
12.090469388727662
12.143892166022994
12.197324969304102
12.250767850265499
12.30422086071997
12.357684052599376
12.411157477955443
12.464641188960554
12.518135237908567
12.571639677215614
12.625154559420915
12.6786799371876
12.732215863303525
12.785762390682107
12.839319572363147
12.892887461513675
12.946466111428784
13.00005557553248
13.053655907378534
13.107267160651338
13.160889389166764
13.214522646873027
13.268166987851567
13.321822466317917
13.375489136622582
13.42916705325194
13.482856270829112
13.536556844114884
13.590268828008591
13.643992277549032
13.697727247915386
13.751473794428128
13.805231972549953
13.85900183788671
13.912783446188335
13.966576853349796
14.020382115412035
14.074199288562925
14.128028429138231
14.18186959362257
14.235722838650391
14.289588221006937
14.343465797629246
14.397355625607126
14.45125776218416
14.505172264758702
14.559099190884888
14.613038598273652
14.666990544793741
14.72095508847275
14.774932287498142
14.828922200218313
14.882924885143616
14.936940400947426
14.990968806467196
15.045010160705527
15.099064522831245
15.153131952180477
15.207212508257744
15.26130625073705
15.315413239462996
15.369533534451877
15.423667195892806
15.47781428414884
15.53197485975811
15.586148983434958
15.640336716071085
15.69453811873671
15.748753252681729
15.80298217933688
15.857224960314932
15.911481657411864
15.965752332608059
16.020037048069504
16.07433586614901
16.128648849387414
16.182976060514825
16.23731756245184
16.2916734183108
16.346043691397043
16.40042844521015
16.454827743445232
16.50924164999419
16.56367022894703
16.618113544593115
16.67257166142252
16.727044644127307
16.781532557602866
16.83603546694924
16.890553437472477
16.94508653468597
16.999634824311826
17.05419837228223
17.108777244740825
17.163371508044108
17.217981228762827
17.272606473683393
17.327247309809284
17.381903804362505
17.436576024785
17.49126403874012
17.545967914114076
17.600687719017415
17.6554235217865
17.710175390985004
17.764943395405414
17.81972760407055
17.874528086235085
17.92934491138709
17.984178149249573
18.03902786978205
18.093894143182112
18.148777039887005
18.20367663057523
18.258592986168157
18.313526177831623
18.36847627697759
18.423443355265764
18.478427484605277
18.533428737156328
18.58844718533188
18.643482901799363
18.698535959482353
18.753606431562314
18.80869439148033
18.86379991293884
18.918923069903403
18.974063936604473
19.029222587539188
19.084399097473153
19.139593541442284
19.194805994754613
19.250036532992134
19.305285232012668
19.360552167951735
19.415837417224424
19.47114105652732
19.52646316284039
19.581803813428944
19.637163085845557
19.692541057932047
19.747937807821437
19.80335341393996
19.85878795500907
19.914241510047457
19.96971415837309
20.02520597960528
20.080717053666746
20.136247460785718
20.19179728149803
20.247366596649258
20.302955487396847
20.358564035212286
20.414192321883277
20.469840429515923
20.52550844053696
20.581196437695972
20.636904504067633
20.692632723054004
20.74838117838679
20.804149954129656
20.859939134680562
20.915748804774086
20.971579049483807
21.02742995422468
21.083301604755427
21.13919408718099
21.195107487954942
21.251041893881983
21.30699739212039
21.362974070184553
21.418972015947492
21.474991317643404
21.53103206387023
21.58709434359226
21.643178246142735
21.699283861226498
21.75541127892264
21.81156058968719
21.867731884355823
21.92392525414659
21.980140790662663
22.03637858589512
22.09263873222575
22.148921322429874
22.20522644967919
22.261554207544656
22.317904689999395
22.374277991421618
22.430674206597573
22.487093430724528
22.54353575941378
22.600001288693672
22.656490115012677
22.713002335242464
22.76953804668102
22.826097347055796
22.882680334526867
22.93928710769014
22.995917765580597
23.052572407675502
23.109251133897757
23.165954044619163
23.222681240663793
23.279432823311378
23.336208894300693
23.39300955583301
23.44983491057557
23.506685061665095
23.563560112711308
23.620460167800513
23.677385331499195
23.734335708857667
23.79131140541372
23.84831252719635
23.905339180729477
23.962391473035744
24.019469511640303
24.076573404574674
24.13370326038063
24.19085918811412
24.248041297349214
24.305249698182106
24.362484501235144
24.419745817660914
24.477033759146334
24.534348437916822
24.591689966740468
24.649058458932295
24.70645402835849
24.763876789440765
24.821326857160678
24.878804347064047
24.9363093752654
24.993842058452444
25.0514025138906
25.108990859427596
25.16660721349806
25.224251695128203
25.281924423940534
25.33962552015861
25.397355104611844
25.45511329874037
25.512900224599928
25.570716004866853
25.628560762843037
25.686434622461014
25.74433770828905
25.8022701455363
25.860232060058035
25.91822357836088
25.976244827608163
26.034295935625245
26.09237703090499
26.15048824261323
26.208629700594283
26.2668015353766
26.325003878178375
26.383236860913286
26.44150061619625
26.499795277349282
26.55812097840737
26.616477854124447
26.674866039979406
26.733285672182177
26.791736887679903
26.850219824163123
26.90873462007207
26.967281414603026
27.025860347714723
27.084471560134837
27.143115193366544
27.201791389695142
27.260500292194752
27.31924204473509
27.378016791988312
27.436824679435922
27.495665853375787
27.554540460929193
27.613448650047996
27.672390569521863
27.731366368985555
27.79037619892635
27.849420210691488
27.908498556495733
27.96761138942902
28.02675886346417
28.085941133464704
28.145158355192752
28.204410685317026
28.263698281420904
28.32302130201062
28.382379906523497
28.441774255336327
28.50120450977382
28.56067083211716
28.620173385612638
28.679712334480424
28.739287843923396
28.798900080136118
28.85854921031387
28.918235402661832
28.97795882640435
29.037719651794312
29.09751805012263
29.15735419372787
29.217228256005924
29.27714041141989
29.33709083550997
29.397079704903575
29.457107197325495
29.517173491608204
29.5772787677023
29.637423206687068
29.69760699078115
29.757830303353376
29.81809332893371
29.87839625322432
29.938739263110815
29.999122546673572
30.059546293199258
30.12001069319245
30.180515938387412
30.24106222176004
30.301649737539915
30.362278681222538
30.42294924958172
30.483661640682087
30.544416053891812
30.60521268989543
30.666051750706874
30.72693343968265
30.787857961535185
30.84882552234635
30.909836329581143
30.97089059210158
31.031988520180708
31.093130325516864
31.15431622124808
31.215546421966682
31.27682114373408
31.338140604095756
31.39950502209645
31.460914618295547
31.522369614782644
31.58387023519337
31.645416704725356
31.707009250154492
31.768648099851315
31.830333483797702
31.892065633603718
31.95384478252474
32.015671165478786
32.077545019064104
32.13946658157695
32.201436093029685
32.26345379516904
32.325519931494725
32.38763474727817
32.44979848958165
32.51201140727763
32.57427375106832
32.63658577350561
32.69894772901118
32.76135987389701
32.82382246638605
32.88633576663328
32.948900036747034
33.011515540810606
33.07418254490424
33.13690131712731
33.199672127620985
33.262495248591044
33.32537095433116
33.38829952124647
33.45128122787749
33.514316354924325
33.5774051852714
33.64054800401234
33.70374509847538
33.76699675824911
33.830303275208536
33.893664943541644
33.95708205977626
34.02055492280739
34.08408383392493
34.14766909684179
34.211311017722494
34.27500990521218
34.33876607046602
34.402579827179174
34.466451491617114
34.530381382646475
34.59436982176637
34.6584171331402
34.722523643627916
34.7866896828189
34.85091558306523
34.91520167951555
34.97954831014944
35.043955815812424
35.1084245402514
35.172954830150715
35.237547035168845
35.302201507975624
35.36691860429009
35.43169868291894
35.49654210579565
35.56144923802017
35.626420447899356
35.691456106988014
35.756556590130636
35.821722275503845
35.88695354465953
35.95225078256875
36.017614377666305
36.083044721896144
36.14854221075749
36.21410724335176
36.27974022243031
36.34544155444298
36.4112116495875
36.47705092185972
36.54295978910475
36.60893867306898
36.67498799945297
36.7411081979654
36.8072997023778
36.87356295058037
36.93989838463879
37.00630645085199
37.072787599811015
37.13934228645894
37.205970970151824
37.27267411472085
37.33945218853555
37.40630566456822
37.473235020459484
37.54024073858512
37.607323306124115
37.67448321512795
37.741720962591266
37.80903705052377
37.876431986023576
37.94390628135191
38.01146045400923
38.07909502681283
38.14681052797593
38.214607491188275
38.28248645569836
38.35044796639717
38.41849257390365
38.486620834651816
38.554833310979575
38.62313057121936
38.691513189790534
38.75998174729365
38.82853683060663
38.8971790329829
38.96590895415147
39.03472720041913
39.103634384774686
39.17263112699538
39.241718053755505
39.31089579873729
39.3801650027441
39.449526313816
39.51898038734781
39.58852788620962
39.65816948086988
39.72790584952118
39.79773767820869
39.86766566096138
39.937690499926134
40.00781290550481
40.078033596494194
40.14835330022923
40.21877275272933
40.28929269884787
40.359913892425254
40.430637096445224
40.50146308319484
40.572392634428056
40.64342654153306
40.71456560570346
40.78581063811345
40.85716246009706
40.92862190333153
41.00018981002514
41.071867033109356
41.143654436435604
41.215552894976746
41.28756329503341
41.3596865344453
41.43192352280765
41.50427518169298
41.5767424448783
41.64932625857792
41.72202758168211
41.79484738600167
41.86778665651869
41.94084639164363
42.01402760347903
42.08733131808982
42.16075857578076
42.234310431381004
42.307987954536046
42.38179223000737
42.45572435798004
42.529785454378356
42.60397665119007
42.67829909679921
42.75275395632801
42.82734241198801
42.90206566344094
42.97692492816943
43.05192144185801
43.12705645878485
43.20233125222437
43.27774711486134
43.35330535921675
43.429007318085816
43.5048543449887
43.5808478146343
43.65698912339759
43.73327968981095
43.80972095507018
43.88631438355553
43.96306146336835
44.03996370688407
44.11702265132195
44.194239859332335
44.27161691960204
44.34915544747861
44.42685708561409
44.50472350462914
44.58275640379832
44.6609575117572
44.73932858723246
44.81787141979552
44.896587830641096
44.97547967339123
45.0545488349262
45.13379723624324
45.21322683334423
45.29283961815363
45.37263761946796
45.452622903937964
45.53279757708519
45.61316378435417
45.69372371220189
45.774479589226225
45.855433687334965
45.936588322957306
46.0179458582997
46.09950870264808
46.181279313718626
46.26326019905922
46.345453917504024
46.42786308068373
46.51049035459394
46.59333846122471
46.676410180253946
46.75970835080801
46.84323587329266
46.92699571129791
47.010990893580484
47.09522451612778
47.17969974430755
47.26441981510765
47.349388039470625
47.43460780472802
47.52008257713981
47.60581590454454
47.69181141912614
47.778072840303885
47.8646039777522
47.95140873455771
48.038491110521065
48.1258552056121
48.21350522358685
48.30144547577616
48.38968038505575
48.47821449000869
48.56705244929192
48.65619904621914
48.74565919357347
48.83543793866424
48.925540468643256
49.01597211609724
49.10673836493414
49.19784485658267
49.28929739652581
49.38110196119061
49.473264705218604
49.56579196914295
49.65869028750072
49.75196639741101
49.84562724765231
49.93968000827527
50.034132080790265
50.1289911089728
50.22426499033313
50.31996188830153
50.416090245184485
50.512658795953016
50.6096765829298
50.70715297144809
50.80509766656304
50.90352073090366
51.00243260376265
51.10184412153162
51.201766539600165
51.30221155584986
51.40319133588882
51.504718540187916
51.606806353298225
51.70946851534969
51.81271935605397
51.91657383146115
52.021047563749846
52.12615688436467
52.23191888085445
52.33835144780962
52.445473342349274
52.55330424466841
52.66186482422534
52.77117681222983
52.88126308118659
52.99214773235836
53.10385619214163
53.216415318499294
53.32985351877337
53.44420088041278
53.5594893164035
53.675752727489616
53.7930271836362
53.911351127621074
54.03076560417236
54.15131451871318
54.27304493056586
54.396007386441504
54.52025630124904
54.645850394765446
54.77285319460389
54.90133361831592
55.03136665052612
55.16303413493913
55.296425706177494
55.43163989312213
55.56878543432376
55.70798285797874
55.84936639514462
55.99308631712466
56.13931181900714
56.28823461538526
56.44007347785252
56.59508003744203
56.75354631596364
56.91581466727309
57.08229115363998
57.25346394545919
57.429929288036924
57.61242927080944
57.8019087831476
57.99960526565544
58.20719811430006
58.42707554213305
58.662858350658276
58.920574843899615
59.211904421756174
59.56735894395928