0.08221933700108217
0.24666410258345153
0.41112714877553325
0.5756206822306312
0.7401569390301536
0.9047481965709114
1.0694067855692595
1.234145102216592
1.3989756205215693
1.563910904875523
1.7289636228787717
1.8941465584671036
2.0594726253794455
2.2249548810097695
2.3906065406885992
2.556440992442097
2.7224718122796765
2.888712780064396
3.0551778960241207
3.2218813979656056
3.3888377792582984
3.5560618076598773
3.72356854506132
3.891373368235793
4.059491990682863
4.227940485667609
4.396735310563234
4.565893332615855
4.735431856261434
4.9053686521374775
5.075721987946308
5.246510661342683
5.4177540350364595
5.589472074321261
5.761685387262909
5.934415267807261
6.107683742096328
6.281513618314813
6.455928540427044
6.630953046207394
6.806612630016606
6.982933810832914
7.159944206111763
7.337672612122636
7.5161490914978035
7.695405068827703
7.875473435253736
8.05638866314448
8.238186932099302
8.420906267708718
8.604586694718925
8.789270406505551
8.97500195306712
9.161828450112491
9.349799812251257
9.538969013818424
9.729392381494762
9.921129923648346
10.114245702254147
10.308808254390055
10.50489107171499
10.702573148080202
10.901939607604298
11.103082428282363
11.306101279669832
11.511104497611852
11.718210224692307
11.927547752486015
12.139259111417608
12.353500966915787
12.570446897828043
12.790290156511404
13.013247042274847
13.239561064882505
13.46950813870843
13.703403140370929
13.941608298492064
14.184544088639218
14.432703621796808
14.686672014714096
14.947153048869007
15.2150068140221
15.491304492792262
15.777411024325023
16.075115445979726
16.386848004427836
16.71606821247675
17.0680270261737
17.451477824729118
17.883403744491027
18.40824599724618