0.029305698181984793
0.08791712958733779
0.1465286661173857
0.20514037785707415
0.2637523348940724
0.32236460731986294
0.38097726523083125
0.4395903787293559
0.49820401792489877
0.5568182529350957
0.6154331538868473
0.6740487909174107
0.732665234175491
0.7912825538223341
0.8499008200328193
0.908520102996553
0.9671404729189628
1.025762000022393
1.0843847545471994
1.143008806752847
1.2016342269190063
1.2602610853466525
1.3188894523591643
1.3775193983034242
1.4361509935509205
1.494784308498849
1.5534194135712174
1.6120563792199496
1.670695275925992
1.729336174200422
1.7879791445855553
1.846624257656057
1.9052715840200536
1.9639211943202457
2.0225731592350233
2.081227549479583
2.139884435807044
2.1985438890095708
2.2572059799194926
2.3158707794104285
2.3745383583984117
2.4332087878430184
2.4918821387484957
2.550558482164894
2.609237889189199
2.66792043096647
2.726606178690977
2.785295203607338
2.843987577011666
2.90268337025271
2.9613826547330055
3.0200855019100223
3.078791983297317
3.137502170465689
3.196216135044336
3.254933948722017
3.3136556832482125
3.372381410434293
3.431111202154687
3.4898451303480496
3.548583267018442
3.6073256842365065
3.6660724541406466
3.724823648938213
3.783579340906689
3.8423396023948824
3.901104505824118
3.959874123689435
4.018648528560788
4.077427793084252
4.136211989983226
4.195001192059654
4.2537954721952245
4.312594903352606
4.371399558576657
4.430209510995659
4.489024833822545
4.547845600356134
4.6066718839823695
4.6655037581755625
4.724341296499637
4.783184572609384
4.842033660251711
4.90088863326691
4.959749565589915
5.018616531251572
5.077489604379916
5.136368859201444
5.195254370042402
5.254146211330069
5.313044457594051
5.371949183467577
5.430860463688805
5.489778373102122
5.548702986659467
5.6076343794216355
5.666572626559615
5.725517803355905
5.784469985205854
5.843429247618998
5.902395666220403
5.9613693167520205
6.020350275074037
6.079338617166243
6.138334419129396
6.19733775718659
6.256348707684648
6.315367347095493
6.374393752017552
6.433427999177145
6.492470165429894
6.551520327762136
6.610578563292333
6.669644949272504
6.72871956308965
6.787802482267195
6.846893784466424
6.905993547487942
6.965101849273128
7.024218767905599
7.083344381612683
7.142478768766901
7.201622007887449
7.2607741776416965
7.319935356846684
7.379105624470638
7.438285059634481
7.497473741613363
7.556671749838189
7.61587916389716
7.675096063537327
7.73432252866614
7.793558639353018
7.8528044758309195
7.91206011849793
7.971325647918843
8.030601144826766
8.089886690124729
8.149182364887292
8.208488250362182
8.267804427971917
8.327130979315461
8.386467986169867
8.445815530491942
8.50517369441992
8.564542560275143
8.623922210563753
8.68331272797839
8.742714195399904
8.802126695899076
8.86155031273835
8.92098512937357
8.980431229455734
9.039888696832756
9.099357615551241
9.158838069858263
9.218330144203161
9.277833923239344
9.337349491826108
9.396876935030463
9.45641633812897
9.515967786609592
9.575531366173557
9.635107162737228
9.69469526243399
9.754295751616151
9.813908716856842
9.873534244951946
9.93317242292203
9.992823338014292
10.052487077704514
10.112163729699043
10.171853381936774
10.23155612259114
10.291272040072128
10.351001223028309
10.410743760348865
10.470499741165652
10.530269254855252
10.590052391041068
10.649849239595406
10.709659890641587
10.76948443455607
10.829322961970583
10.889175563774284
10.949042331115924
11.008923355406024
11.068818728319078
11.128728541795763
11.188652888045164
11.248591859547027
11.308545549054008
11.368514049593955
11.4284974544722
11.488495857273866
11.548509351866194
11.60853803240088
11.668581993316446
11.728641329340602
11.788716135492654
11.848806507085905
11.908912539730087
11.969034329333818
12.02917197210705
12.089325564563572
12.149495203523495
12.209680986115789
12.269883009780818
12.330101372272894
12.390336171662867
12.450587506340716
12.510855475018175
12.571140176731364
12.631441710843458
12.69176017704736
12.752095675368409
12.81244830616709
12.872818170141796
12.933205368331578
12.993610002118936
13.054032173232635
13.114471983750521
13.174929536102397
13.235404933072875
13.295898277804294
13.356409673799641
13.416939224925486
13.477487035414965
13.538053209870773
13.598637853268174
13.659241070958057
13.719862968669998
13.780503652515357
13.841163228990393
13.901841804979417
13.962539487757962
14.023256384995971
14.08399260476104
14.144748255521655
14.20552344615048
14.266318285927658
14.327132884544154
14.387967352105115
14.448821799133256
14.509696336572294
14.570591075790386
14.631506128583622
14.692441607179527
14.753397624240602
14.814374292867901
14.875371726604632
14.936390039439784
14.99742934581181
15.058489760612307
15.11957139918976
15.180674377353302
15.241798811376512
15.302944818001246
15.3641125144415
15.42530201838732
15.48651344800873
15.547746921959696
15.609002559382155
15.670280479910032
15.731580803673337
15.79290365130228
15.854249143931423
15.915617403203868
15.977008551275501
16.03842271081925
16.09986000502941
16.161320557625974
16.222804492859037
16.284311935513234
16.345843010912194
16.407397844923068
16.46897656396109
16.530579294994162
16.59220616554752
16.65385730370841
16.715532838130816
16.777232898040257
16.838957613238588
16.900707114108897
16.9624815316204
17.024280997333424
17.086105643404398
17.147955602590947
17.209831008256977
17.27173199437785
17.333658695545584
17.395611246974145
17.457589784504723
17.519594444611137
17.581625364405223
17.643682681642343
17.705766534726887
17.76787706271788
17.830014405334605
17.892178702962322
17.954370096658
18.016588728156147
18.07883473987469
18.14110827492088
18.20340947709732
18.265738490907996
18.328095461564402
18.390480534991724
18.452893857835075
18.51533557746581
18.577805841987907
18.64030480024439
18.70283260182385
18.765389397067025
18.827975337073426
18.890590573708074
18.95323525960828
19.01590954819049
19.07861359365723
19.14134755100411
19.204111576026904
19.266905825328692
19.32973045632712
19.392585627261674
19.455471497201106
19.518388226050877
19.58133597456073
19.644314904332298
19.707325177826846
19.770366958373053
19.83344041017491
19.896545698319695
19.95968298878603
20.02285244845203
20.08605424510356
20.14928854744255
20.21255552509544
20.275855348621686
20.339188189522407
20.402554220249055
20.465953614212278
20.5293865457908
20.592853190340453
20.65635372420329
20.71988832471681
20.783457170223283
20.8470604400792
20.910698314664806
20.97437097539375
21.03807860472288
21.101821386162094
21.16559950428436
21.229413144735815
21.293262494246026
21.357147740638304
21.42106907284022
21.485026680894176
21.54902075596816
21.61305149036658
21.677119077541256
21.74122371210255
21.805365589830593
21.86954490768669
21.933761863824852
21.998016657603426
22.06230948959695
22.126640561608063
22.191010076679632
22.25541823910698
22.319865254450296
22.384351329547176
22.448876672525337
22.513441492815485
22.578046001164328
22.64269040964778
22.707374931684306
22.77209978204844
22.83686517688449
22.9016713337204
22.966518471481802
23.031406810506212
23.09633657255747
23.1613079808403
23.2263212600151
23.291376636212917
23.356474337050596
23.421614591646136
23.48679763063427
23.55202368618221
23.617292992005613
23.68260578338477
23.747962297181
23.81336277185326
23.878807447474962
23.94429656575105
24.009830370035253
24.07540910534764
24.14103301839233
24.206702357575512
24.272417373023657
24.338178316602015
24.403985441933344
24.469839004416887
24.535739261247645
24.60168647143587
24.66768089582686
24.733722797121022
24.799812439894193
24.865950090618277
24.93213601768215
24.99837049141285
25.064653784097096
25.130986170003087
25.197367925402617
25.263799328593493
25.330280659922302
25.396812201807474
25.463394238762703
25.53002705742066
25.59671094655712
25.66344619711537
25.73023310223102
25.797071957257145
25.863963059789825
25.93090670969403
25.997903209129916
26.064952862579485
26.13205597687367
26.1992128612198
26.266423827229474
26.33368918894689
26.401009262877558
26.468384368017464
26.53581482588269
26.60330096053947
26.67084309863471
26.738441569426968
26.806096704817943
26.873808839384402
26.941578310410648
27.00940545792146
27.077290624715577
27.145234156399685
27.213236401422936
27.281297711112057
27.349418439706945
27.41759894439689
27.485839585357347
27.554140725787303
27.62250273194725
27.69092597319777
27.759410822038745
27.827957654149195
27.896566848427803
27.96523878703405
28.033973855430084
28.102772442423237
28.171634940209273
28.240561744416354
28.309553254149726
28.37860987203718
28.447732004275256
28.516920060676235
28.586174454715948
28.655495603582388
28.724883928225125
28.79433985340563
28.863863807748423
28.933456223793122
29.003117538047395
29.072848191040837
29.14264862737981
29.21251929580321
29.28246064923927
29.352473144863318
29.42255724415662
29.492713412966225
29.562942121565932
29.633243844718322
29.703619061737943
29.774068256555612
29.84459191778394
29.915190538784014
29.985864617733327
30.05661465769499
30.12744116668818
30.198344657759947
30.269325649058366
30.34038466390703
30.411522230880998
30.482738883884164
30.554035162228093
30.625411610712405
30.696868779706666
30.768407225233886
30.84002750905565
30.91173019875887
30.983515867844297
31.055385095816714
31.12733846827697
31.199376577015805
31.271500020109567
31.34370940201783
31.416005333683028
31.488388432632043
31.5608593230799
31.63341863603557
31.70606700940996
31.778805088126102
31.85163352423165
31.924552977013736
31.99756411311617
32.07066760665918
32.14386413936163
32.21715440066587
32.290539087865206
32.364018906234165
32.43759456916151
32.51126679828617
32.585036323636146
32.658903883770385
32.732870225923854
32.80693610615582
32.88110228950131
32.95536955012612
33.029738671485205
33.104210446484615
33.178785677647205
33.253465177282045
33.32824976765773
33.40314028117971
33.478137560571696
33.553242459061316
33.62845584057008
33.70377857990789
33.77921156297207
33.85475568695119
33.93041186053373
34.00618100412185
34.082064050050164
34.158061942810036
34.234175639279236
34.31040610895728
34.3867543342066
34.46322131049971
34.5398080466726
34.61651556518442
34.693344902383856
34.77029710878217
34.84737324933335
34.924574403721415
35.001901666655186
35.07935614817072
35.15693897394175
35.234651285598254
35.312494241053514
35.390469014839915
35.46857679845376
35.54681880070947
35.62519624810331
35.70371038518724
35.78236247495297
35.861153799226635
35.94008565907464
36.01915937522079
36.098376288475215
36.17773776017563
36.25724517264112
36.33689992963905
36.41670345686561
36.49665720244029
36.576762637414994
36.65702125629826
36.73743457759507
36.818004144362874
36.89873152478454
36.97961831275862
37.06066612850784
37.14187661920636
37.22325145962652
37.30479235280594
37.386501030735616
37.46837925506993
37.55042881785939
37.63265154230712
37.71504928354976
37.79762392946417
37.88037740150062
37.96331165554372
38.04642868280232
38.12973051072932
38.21321920397287
38.296896865360296
38.38076563691588
38.464827700914306
38.549085280971006
38.63354064317123
38.7181960972394
38.80305399775063
38.888116745386206
38.973386788235096
39.05886662314353
39.144558797114854
39.23046590876197
39.31659060981491
39.40293560668594
39.48950366209518
39.5762975967594
39.66332029114719
39.75057468730366
39.83806379074823
39.92579067244887
40.013758470876944
40.10197039414648
40.19042972224232
40.2791398093417
40.36810408623406
40.457326062844395
40.54680933086546
40.63655756650484
40.72657453335301
40.816864085379
40.90743017006081
40.99827683165799
41.089408214634524
41.18082856724051
41.272542245261846
41.36455371594771
41.456867562126284
41.549488486520055
41.642421316272525
41.735671007699466
41.82924265127837
41.923141476891075
42.01737285933551
42.11194232412377
42.20685555358501
42.30211839329318
42.39773685884102
42.49371714298372
42.59006562317714
42.68678886953796
42.783893653255134
42.88138695548439
42.97927597676057
43.077568146965305
43.17627113589082
43.27539286444447
43.37494151654238
43.47492555174514
43.575353718693314
43.67623506940597
43.77757897451142
43.87939513948613
43.981693621985094
44.084484850355445
44.18777964343412
44.291589231741085
44.39592528019099
44.50079991245943
44.60622573715463
44.71221587596192
44.818783993947186
44.925944332226884
45.03371174323579
45.14210172885176
45.25113048166734
45.36081492973409
45.47117278514633
45.58222259687753
45.69398380833701
45.80647682017656
45.91972305894872
46.03374505230231
46.1485665114981
46.26421242214163
46.38070914416331
46.49808452223358
46.61636800798595
46.735590795640896
46.85578597288537
46.97698868917527
47.099236344004375
47.22256879813585
47.34702861134236
47.47266131086974
47.59951569565998
47.72764418237994
47.8571032005559
47.987953645679376
48.12026140111588
48.25409794213933
48.38954103859315
48.52667557677013
48.6655945264165
48.806400085733735
48.94920504648686
49.09413443370624
49.24132749126762
49.390940107736455
49.543147809100965
49.69814949073659
49.85617212693583
50.01747679347793
50.1823664848682
50.3511964332389
50.52438799317222
50.7024477412854
50.88599443140778
51.075798202462074
51.272839705363424
51.478403278147674
51.69423205407245
51.92280502003022
52.16788081839654
52.43571763449087
52.738441071745264
53.10773113229852