0.028984640083090644
0.08695395341277605
0.14492336623346708
0.20289294487414505
0.26086275566625794
0.318832864944707
0.3768033390488336
0.43477424432340644
0.49274564711960905
0.550717613796027
0.6086902107196364
0.6666635042667913
0.7246375608242138
0.7826124467899819
0.8405882285745195
0.8985649726015873
0.9565427453092725
1.0145216131509813
1.0725016425964295
1.1304829001326375
1.1884654522649207
1.2464493655178874
1.304434706436431
1.3624215415867273
1.420409937557232
1.4783999609596774
1.5363916784300717
1.5943851566297003
1.6523804622461251
1.7103776619941875
1.768376822617012
1.8263780108870111
1.8843812936068904
1.9423867376106567
2.0003944097646262
2.058404376968435
2.11641670615605
2.174431464296782
2.232448718396302
2.290468535497654
2.348490982682276
2.4065161270710167
2.4645440358251607
2.522574776147447
2.5806084152830957
2.6386450205208365
2.696684659193934
2.754727398681221
2.812773306408128
2.870822449847723
2.9288748965217413
2.9869307140016303
3.0449899699095884
3.103052731919606
3.161119067758516
3.219189045207037
3.2772627321008265
3.335340196331533
3.3934215058478494
3.4515067286565753
3.5095959328236717
3.5676891864753277
3.6257865577990254
3.683888115044608
3.7419939265253515
3.800104060619037
3.85821858576903
3.916337570485359
3.974461083345797
4.0325891929969515
4.090721968155347
4.148859477608525
4.207001790216131
4.26514897491102
4.323301100700353
4.381458236666705
4.439620451969174
4.497787815844491
4.555960397608138
4.614138266655463
4.672321492462806
4.730510144588626
4.7887042926746295
4.846904006446902
4.905109355717052
4.963320410383346
5.02153724043186
5.079759915937621
5.137988507065771
5.196223084072716
5.254463717307294
5.312710477211938
5.370963434323844
5.429222659276154
5.487488222799127
5.545760195721326
5.60403864897081
5.662323653576317
5.720615280668475
5.778913601480991
5.83721868735187
5.895530609724615
5.953849440149455
6.0121752502845585
6.070508111897269
6.128848096865323
6.187195277178105
6.245549724937876
6.303911512361028
6.3622807117793325
6.420657395641203
6.479041636512959
6.537433507080094
6.595833080148549
6.654240428645997
6.712655625623128
6.771078744254941
6.829509857842045
6.887949039811961
6.9463963637204325
7.004851903252743
7.063315732225042
7.121787924585668
7.1802685544164895
7.238757695934243
7.297255423491885
7.355761811579947
7.414276934827891
7.472800868005488
7.531333686024186
7.589875463938496
7.648426276947379
7.706986200395643
7.765555309775348
7.824133680727213
7.8827213890420404
7.941318510662134
7.999925121682738
8.058541298353473
8.117167117079788
8.17580265442441
8.23444798710882
8.293103192014708
8.35176834618547
8.410443526827674
8.469128811312585
8.52782427717764
8.58653000212798
8.645246064037961
8.703972540952693
8.762709511089565
8.821457052839802
8.88021524477002
8.938984165623788
8.9977638943232
9.056554509970463
9.115356091849485
9.17416871942748
9.232992472356573
9.291827430475431
9.350673673810883
9.409531282579563
9.46840033718956
9.527280918242083
9.58617310653312
9.64507698305513
9.703992628998721
9.762920125754365
9.821859554914095
9.880810998273237
9.93977453783214
9.998750255797916
10.0577382345862
10.116738556822913
10.17575130534604
10.234776563207419
10.293814413674534
10.352864940232338
10.411928226585069
10.471004356658083
10.530093414599712
10.589195484783108
10.648310651808124
10.7074390005032
10.766580615927252
10.825735583371584
10.884903988361811
10.944085916659798
11.003281454265593
11.062490687419405
11.121713702603573
11.180950586544547
11.240201426214899
11.299466308835331
11.358745321876713
11.418038553062118
11.477346090368883
11.536668022030685
11.59600443653962
11.65535542264831
11.714721069372017
11.774101465990778
11.83349670205155
11.892906867370364
11.95233205203452
12.011772346404765
12.071227841117503
12.130698627087034
12.190184795507777
12.249686437856544
12.309203645894804
12.36873651167098
12.428285127522752
12.487849586079392
12.547429980264097
12.607026403296349
12.666638948694306
12.726267710277181
12.78591278216767
12.845574258794379
12.905252234894268
12.964946805515135
13.024658066018093
13.084386112080084
13.144131039696402
13.203892945183245
13.263671925180276
13.323468076653214
13.383281496896434
13.443112283535605
13.502960534530327
13.562826348176813
13.622709823110558
13.682611058309071
13.742530153094602
13.80246720713689
13.862422320455948
13.92239559342486
13.982387126772599
14.04239702158688
14.102425379317017
14.162472301776829
14.22253789114754
14.28262224998073
14.342725481201287
14.402847688110407
14.462988974388598
14.523149444098717
14.583329201689038
14.643528351996338
14.703747000249011
14.763985252070208
14.824243213481004
14.884520990903594
14.944818691164512
15.00513642149788
15.065474289548682
15.125832403376073
15.186210871456705
15.246609802688099
15.307029306392018
15.367469492317905
15.427930470646324
15.488412351992434
15.548915247409514
15.609439268392487
15.669984526881503
15.730551135265543
15.791139206386044
15.851748853540576
15.912380190486541
15.973033331444904
16.03370839110396
16.094405484623138
16.155124727636828
16.215866236258258
16.276630127083397
16.337416517194892
16.39822552416605
16.45905726606484
16.519911861457945
16.580789429414864
16.64169008951201
16.702613961836892
16.7635611669923
16.82453182610056
16.885526060807802
16.946543993288287
17.00758574624875
17.068651442932826
17.129741207125473
17.190855163157455
17.251993435909885
17.313156150818777
17.374343433879666
17.435555411652267
17.496792211265173
17.55805396042061
17.619340787399217
17.68065282106489
17.74199019086967
17.803353026858684
17.86474145967511
17.92615562056521
17.987595641383432
18.049061654597512
18.11055379329366
18.172072191181805
18.233616982600864
18.295188302524085
18.35678628656443
18.41841107098002
18.480062792679647
18.54174158922829
18.603447598852764
18.665180960447362
18.726941813579582
18.788730298495906
18.85054655612765
18.912390728096852
18.97426295672223
19.036163385025223
19.098092156736044
19.160049416299852
19.222035308882948
19.284049980379056
19.346093577415655
19.408166247360395
19.470268138327565
19.532399399184627
19.59456017955884
19.656750629843934
19.718970901206852
19.781221145594593
19.843501515741078
19.90581216517415
19.9681532482226
20.030524920023282
20.092927336528327
20.1553606545124
20.21782503158006
20.280320626173197
20.34284759757853
20.40540610593523
20.467996312242565
20.5306183783677
20.5932724670535
20.655958741926522
20.718677367504995
20.781428509206947
20.844212333358417
20.907029007201736
20.96987869890393
21.032761577565186
21.095677813227443
21.15862757688307
21.22161104048362
21.28462837694873
21.347679760175076
21.41076536504546
21.473885367437983
21.53703994423535
21.600229273334236
21.66345353365482
21.72671290515038
21.79000756881702
21.853337706703513
21.91670350192126
21.980105138654338
22.043542802169725
22.107016678827584
22.1705269560917
22.23407382254004
22.297657467875432
22.361278082936387
22.424935859708008
22.48863099133309
22.552363672123317
22.61613409757059
22.67994246435851
22.743788970374013
22.807673814719085
22.871597197722714
22.93555932095291
22.999560387228893
23.06360060063347
23.127680166525515
23.191799291552623
23.255958183663935
23.3201570521231
23.384396107521415
23.448675561791134
23.512995628218913
23.57735652145949
23.641758457549443
23.706201653921227
23.770686329417316
23.83521270430455
23.899781000288673
23.964391440529056
24.0290442496536
24.093739653773845
24.15847788050025
24.223259158957728
24.288083719801314
24.352951795232087
24.41786361901329
24.482819426486643
24.547819454588925
24.612863941868707
24.67795312850334
24.74308725631621
24.80826656879414
24.873491311105116
24.938761730116173
25.004078074411584
25.069440594311263
25.13484954188943
25.200305170993527
25.265807737263398
25.331357498150727
25.396954712938765
25.462599642762296
25.528292550627903
25.594033701434515
25.659823361994246
25.725661801053505
25.79154928931444
25.85748609945663
25.92347250615916
25.98950878612294
26.055595218093373
26.12173208288336
26.18791966339661
26.254158244651304
26.320448113804098
26.386789560174456
26.45318287526938
26.519628352808457
26.58612628874929
26.652676981313327
26.719280731012024
26.785937840673434
26.852648615469185
26.91941336294185
26.98623239303273
27.053106018110064
27.12003455299765
27.187018315003918
27.25405762395142
27.321152802206804
27.388304174711195
27.455512069011107
27.522776815289788
27.590098746399047
27.657478197891614
27.72491550805394
27.7924110179396
27.859965071403128
27.927578015134436
27.995250198693782
28.062981974547267
28.130773698102896
28.19862572774726
28.26653842488274
28.33451215396537
28.40254728254327
28.470644181295743
28.538803224072954
28.607024787936307
28.675309253199476
28.743657003470087
28.812068425692107
28.880543910188955
28.94908385070727
29.01768864446151
29.086358692179196
29.155094398146982
29.223896170257493
29.292764420056965
29.361699562793653
29.43070201746714
29.499772206878447
29.568910557680997
29.638117500432518
29.70739346964779
29.776738903852348
29.846154245637123
29.915639941714026
29.98519644297255
30.054824204537347
30.124523685826844
30.194295350612904
30.26413966708157
30.334057107894893
30.4040481502539
30.47411327596269
30.54425297149369
30.614467728054162
30.684758041653883
30.7551244131741
30.825567348437765
30.89608735828109
30.96668495862643
31.037360670556563
31.108115020390336
31.17894853975979
31.249861765688742
31.320855240672866
31.39192951276132
31.463085135639968
31.534322668716204
31.605642677205424
31.677045732219224
31.748532410855297
31.820103296289155
31.891758977867617
31.963500051204225
32.03532711827652
32.10724078752532
32.179241673956
32.2513303992418
32.3235075918293
32.395773887046005
32.468129927210185
32.540576361743014
32.61311384728295
32.68574304780267
32.75846463472826
32.83127928706113
32.90418769150238
32.97719054257986
33.050288542777984
33.12348240267029
33.19677284105494
33.27016058509309
33.34364637045035
33.41723094144136
33.49091505117748
33.564699461717865
33.63858494422386
33.71257227911685
33.78666225623971
33.860855675021895
33.935153344648306
34.00955608423199
34.08406472299088
34.15868010042858
34.233403066519415
34.3082344818977
34.383175218051626
34.45822615752163
34.53338819410348
34.608662233056265
34.684049191315395
34.759549997710735
34.83516559318999
34.910896931047716
34.98674497715976
35.06271071022367
35.13879512200502
35.21499921758989
35.29132401564374
35.367770548676795
35.44433986331626
35.521033020585406
35.59785109618999
35.67479518081195
35.751866380410874
35.82906581653333
35.90639462663037
35.983853964383506
36.06144500003929
36.13916892075304
36.21702693094176
36.2950202526467
36.373150125905845
36.451417809136714
36.52982457952971
36.60837173345253
36.68706058686587
36.76589247575096
36.84486875654923
36.923990806614576
37.00326002467871
37.082677831329995
37.16224566950629
37.24196500500231
37.32183732699203
37.401864148566666
37.48204700728881
37.562387465763386
37.642887112225935
37.723547561148976
37.80437045386717
37.885357459221815
37.96651027422567
38.047830624748684
38.12932026622559
38.21098098438615
38.29281459600896
38.3748229496998
38.457007926695475
38.53937144169417
38.621915443713455
38.704641916977074
38.78755288183162
38.870650395694526
38.953936554034456
39.03741349138578
39.121083382398204
39.20494844292354
39.28901093114075
39.37327314872137
39.45773744203677
39.54240620340942
39.627281872409796
39.7123669372014
39.79766393593573
39.883175458199744
39.968904146518206
40.05485269791342
40.14102386552519
40.22742046029383
40.31404535270923
40.400901474629315
40.487991821171164
40.575319452678535
40.66288749676953
40.75069915046847
40.838757682426376
40.927066435234444
41.01562882783552
41.104448358038674
41.193528605142305
41.28287323267167
41.372485991237
41.46237072151875
41.552531357387174
41.64297192916352
41.73369656703103
41.82470950460415
41.916015082665226
42.007617753078264
42.0995220828904
42.1917327586321
42.284254590828176
42.377092518732475
42.470251615299915
42.563737092410875
42.65755430636367
42.75170876365245
42.846206127048774
42.94105222200688
43.03625304341407
43.13181476270935
43.22774373539534
43.32404650897062
43.42072983131166
43.517800659536306
43.61526616938309
43.71313376514403
43.81141109019139
43.91010603814299
44.00922676471411
44.10878170030883
44.20877956340847
44.309229374819814
44.41014047285244
44.5115225295005
44.61338556771224
44.71573997983843
44.81859654736043
44.92196646200877
45.02586134839486
45.130293288291426
45.2352748467119
45.34081909995568
45.44693966580473
45.553650736078204
45.660967111775776
45.76890424106764
45.87747826042035
45.986706039182906
46.096605227998644
46.20719431145471
46.31849266543492
46.43052061970394
46.54329952632228
46.656851834575214
46.77120117319579
46.88637244077559
47.002391905389906
47.1192873146207
47.23708801734522
47.35582509887772
47.47553153131215
47.59624234122565
47.71799479727699
47.84082862068555
47.96478622212393
48.0899129692241
48.21625748971484
48.343872016214924
48.47281277995626
48.60314046227016
48.734920714629695
48.86822476052282
49.003130095597875
49.13972130659936
49.27809103490613
49.4183411174269
49.56058394681009
49.704944105258285
49.85156034297483
50.000587995287596
50.152201964616935
50.306600439007575
50.46400958469629
50.62468954697622
50.788942239244
50.95712162466114
51.12964755083374
51.30702478037282
51.489869848585975
51.678950129453895
51.875242748366794
52.08002741949478
52.29504099115891
52.52275349821021
52.766909987468416
53.033745967304306
53.33534301790335
53.70326586974942