0.0322456414311397
0.09673698081005232
0.16122848974015236
0.22572028125985732
0.2902124684140238
0.3547051642565239
0.41919848185282177
0.4836925342825515
0.5481874346420956
0.6126832960471646
0.6771802316353784
0.7416783545688479
0.8061777780367597
0.870678615257962
0.9351809794835517
0.9996849839994656
1.0641907421290713
1.128698367235763
1.1932079727255582
1.257719672049699
1.3222335787072546
1.3867498062477277
1.4512684682736652
1.5157896784432705
1.580313550473022
1.6448401981402923
1.7093697352859756
1.7739022758171148
1.8384379337095367
1.9029768230104902
1.9675190578412884
2.032064752399959
2.0966140209638944
2.1611669778925133
2.2257237376299233
2.290284414707591
2.354849123747018
2.419417979462422
2.4839910966634253
2.5485685902577493
2.6131505752539157
2.6777371667639533
2.742328480006114
2.8069246303075963
2.87152573310727
2.9361319039584193
3.000743258531482
3.0653599126168065
3.1299819821274104
3.1946095831017507
3.2592428317065005
3.3238818442393376
3.388526737131738
3.4531776269517813
3.5178346304069645
3.5824978643470264
3.6471674457667795
3.711843491808954
3.7765261197670523
3.841215447088211
3.9059115913760754
3.970614670393687
4.035324802066376
4.100042104484674
4.164766695907227
4.22949869476373
4.294238219657868
4.35898538937027
4.4237403228614784
4.488503139274926
4.553273957939929
4.6180528983746925
4.682840080289328
4.747635623588886
4.8124396483764045
4.877252274955962
4.942073623835759
5.0069038157311985
5.071742971567995
5.136591212485293
5.20144865983879
5.266315435203897
5.3311916603789
5.396077457388128
5.460972948485168
5.525878256156062
5.590793503122545
5.655718812345287
5.720654307027158
5.7856001106165085
5.850556346810467
5.915523139558257
5.980500613064535
6.045488891792739
6.110488100468463
6.17549836408285
6.240519807896002
6.305552557440406
6.3705967385243945
6.435652477235606
6.500719899944483
6.565799133307781
6.630890304272105
6.695993540077464
6.761108968260845
6.826236716659816
6.8913769134161456
6.956529686979446
7.021695166110846
7.086873479886676
7.152064757702183
7.217269129275275
7.282486724650278
7.3477176742017285
7.412962108638182
7.47822015900606
7.5434919566935035
7.608777633434272
7.674077321311659
7.739391152762434
7.804719260580817
7.870061777922477
7.935418838308558
8.000790575629736
8.066177124150304
8.131578618512284
8.196995193739577
8.262426985242126
8.32787412882013
8.393336760668271
8.458815017379992
8.524309035951779
8.589818953787505
8.655344908702785
8.720887038929378
8.78644548311961
8.85202038035084
8.917611870129958
8.98322009239792
9.048845187534308
9.114487296361947
9.180146560151531
9.245823120626307
9.311517119966787
9.377228700815506
9.4429580062818
9.508705179946649
9.574470365867533
9.640253708583346
9.706055353119348
9.771875444992146
9.837714130214732
9.903571555301552
9.969447867273626
10.035343213663701
10.101257742521458
10.16719160241876
10.233144942454935
10.299117912262128
10.365110662010673
10.431123342414526
10.49715610473675
10.563209100795024
10.629282482967243
10.69537640419712
10.761491017999868
10.827626478467929
10.89378294027674
10.959960558690579
11.026159489568423
11.092379889369901
11.15862191516128
11.2248857246215
11.291171476048282
11.357479328364283
11.423809441123309
11.490161974516585
11.556537089379088
11.622934947195937
11.68935571010884
11.755799540922611
11.822266603111744
11.888757060827043
11.955271078902332
12.021808822861217
12.088370458923917
12.154956154014158
12.221566075766154
12.288200392531616
12.354859273386879
12.421542888140063
12.488251407338321
12.554985002275155
12.621743844997805
12.688528108314722
12.755337965803099
12.82217359181649
12.88903516149251
12.9559228507606
13.022836836349882
13.089777295797095
13.156744407454608
13.223738350498518
13.290759304936838
13.357807451617756
13.424882972237997
13.491986049351267
13.559116866376778
13.62627560760788
13.693462458220768
13.760677604283293
13.82792123276387
13.895193531540462
13.962494689409692
14.029824896096018
14.097184342261052
14.164573219512931
14.23199172041583
14.299440038499561
14.366918368269285
14.434426905215322
14.501965845823083
14.569535387583112
14.63713572900122
14.70476706960876
14.772429609973008
14.840123551707649
14.907849097483403
14.975606451038757
15.043395817190829
15.111217401846346
15.179071412012762
15.246958055809497
15.3148775424793
15.382830082399764
15.450815887094953
15.518835169247176
15.586888142708906
15.654975022514833
15.723096024894046
15.79125136728239
15.85944126833495
15.927665947938678
15.9959256272252
16.064220528583743
16.132550875674244
16.200916893440617
16.269318808124154
16.337756847277127
16.406231239776535
16.47474221583802
16.543290007029967
16.611874846287773
16.68049696792828
16.749156607664418
16.81785400262
16.886589391344724
16.955363013829356
17.024175111521103
17.093025927339188
17.16191570569062
17.230844692486166
17.299813135156526
17.36882128266872
17.43786938554268
17.506957695868063
17.5760864673213
17.64525595518282
17.714466416354536
17.78371810937758
17.85301129445021
17.922346233446014
17.991723189932316
18.061142429188866
18.130604218226726
18.200108825807465
18.269656522462583
18.33924758051319
18.40888227408999
18.47856087915348
18.54828367351449
18.618050936854942
18.687862950748947
18.757719998684156
18.827622366083425
18.897570340326784
18.96756421077369
19.037604268785632
19.10769080774901
19.177824123098343
19.24800451233986
19.318232275075356
19.388507713026407
19.458831130058964
19.52920283220827
19.59962312770413
19.67009232699658
19.740610742781882
19.811178690028953
19.881796486006127
19.952464450308344
20.02318290488472
20.093952174066544
20.164772584595667
20.235644465653344
20.30656814888946
20.37754396845225
20.448572261018427
20.519653365823768
20.59078762469419
20.661975382077266
20.73321698507425
20.80451278347258
20.87586312977886
20.947268379252414
21.018728889939272
21.090245022706775
21.161817141278643
21.233445612270657
21.30513080522685
21.3768730926563
21.448672850070515
21.520530456021365
21.592446292139687
21.66442074317445
21.736454197032586
21.80854704481945
21.880699680879953
21.952912502840338
22.02518591165066
22.097520311627953
22.16991611050013
22.242373719450566
22.31489355316348
22.38747602987001
22.46012157139512
22.532830603205245
22.605603554456778
22.678440858045352
22.751342950655985
22.824310272814063
22.897343268937195
22.970442387387976
23.043608080527658
23.116840804770753
23.19014102064057
23.26350919282576
23.336945790237824
23.41045128606965
23.484026157855077
23.557670887529543
23.631385961491787
23.705171870666682
23.779029110569184
23.85295818136945
23.926959587959136
24.001033840018906
24.075181452087172
24.14940294363012
24.223698839113002
24.298069668072774
24.37251596519208
24.447038270374627
24.521637128821983
24.596313091111806
24.671066713277575
24.74589855688985
24.820809189139066
24.89579918291994
24.970869116917495
25.046019575694753
25.121251149782168
25.196564435768757
25.27196003639509
25.347438560648055
25.423000623857565
25.49864684779513
25.574377860774472
25.65019429775412
25.726096800442097
25.802086017402743
25.878162604165695
25.95432722333714
26.03058054471333
26.10692324539648
26.183356009913034
26.259879530334473
26.336494506400577
26.413201645645383
26.490001663525742
26.56689528355267
26.643883237425484
26.720966265168844
26.798145115272753
26.875420544835627
26.95279331971046
27.03026421465423
27.10783401348061
27.18550350921603
27.263273504259292
27.341144810544694
27.419118249708895
27.497194653261516
27.575374862759688
27.65365972998652
27.732050117133753
27.810546896988633
27.88915095312507
27.96786318009938
28.046684483650527
28.125615780905193
28.204658000587678
28.283812083234828
28.363078981416162
28.442459659959287
28.521955096180836
28.60156628012304
28.681294214796097
28.7611399164266
28.841104414712092
28.921188753082014
29.001393988965237
29.081721194064354
29.16217145463696
29.242745871784162
29.323445561746475
29.404271656207467
29.485225302605247
29.566307664452196
29.647519921663093
29.72886327089198
29.810338925878025
29.8919481178007
29.973692095644537
30.055572126573878
30.137589496317823
30.219745509565843
30.30204149037438
30.384478782584736
30.467058750252814
30.54978277809093
30.63265227192224
30.715668659148225
30.798833389229618
30.88214793418133
30.965613789081853
31.049232472597662
31.13300552752315
31.216934521336693
31.30102104677343
31.38526672241538
31.46967319329953
31.55424213154461
31.6389752369972
31.723874237898038
31.80894089156911
31.89417698512253
31.979584336191937
32.06516479368732
32.15092023857428
32.23685258467852
32.32296377951686
32.40925580515556
32.49573067909727
32.58239045519771
32.66923722461334
32.75627311678128
32.84350030043288
32.93092098464236
33.018537419912064
33.10635189929576
33.19436675956188
33.28258438239827
33.371007195660354
33.45963767466464
33.548478343529666
33.637531776566426
33.72680059972068
33.816287492069456
33.90599518737425
33.995926475693715
34.08608420505856
34.1764712832116
34.267090679416256
34.35794542633671
34.449038621993296
34.5403734317968
34.63195309066582
34.72378090523104
34.81586025613126
34.9081946004056
35.000787473987046
35.093642494302635
35.186763362985914
35.28015386870776
35.37381789013187
35.46775939900188
35.56198246336731
35.65649125095607
35.751290032701895
35.84638318643545
35.94177520074872
36.03747067904249
36.13347434376809
36.22979104087469
36.326425744474655
36.4233835617403
36.52066973804629
36.618289662372895
36.71624887298685
36.81455306341726
36.91320808874585
37.01221997223204
37.111594912295054
37.21133928987709
37.31145967621332
37.41196284103691
37.51285576124921
37.614145630088174
37.7158398668305
37.817946127066456
37.92047231358931
38.02342658794535
38.12681738269454
38.23065341443616
38.33494369765925
38.43969755948278
38.54492465535724
38.650634985805596
38.75683891428985
38.863547186297595
38.97077094975273
39.0785217768652
39.1868116875466
39.295653174531935
39.40505923036322
39.51504337640751
39.625619694101374
39.736802858635755
39.84860817532007
39.961051618892476
40.07414987607557
40.18792039171361
40.3023814188692
40.41755207330618
40.53345239284063
40.65010340210647
40.7675271833564
40.88574695400533
41.00478715172377
41.12467352800655
41.2454332512796
41.36709502076992
41.48968919255488
41.61324791943425
41.73780530653825
41.86339758490752
41.99006330566885
42.117843557897714
42.24678221382568
42.37692620574129
42.50832583977948
42.64103515283766
42.77511232015007
42.91062012266678
43.04762648541283
43.186205100573176
43.32643615232836
43.46840716468733
43.612213999046126
43.757962035391635
43.90576758059853
44.05575956004101
44.20808156607411
44.36289436077779
44.52037896362484
44.6807405019117
44.844213069891055
45.01106594279143
45.18161164273775
45.35621658616032
45.5353154109854
45.71943068520279
45.909200722183925
46.10542004071518
46.30910038178427
46.52156686449144
46.74461806074652
46.980811933557156
47.23402708537862
47.51072182393985
47.82341032475664
48.204790247510985