0.07192187406498762
0.21576874215163075
0.3596249718680747
0.5034968101697405
0.6473905128255267
0.791312347963531
0.9352685996371791
1.0792655714177124
1.2233095900190638
1.367407008961269
1.5115642122786765
1.655787618279386
1.8000836833625034
1.9444589059000035
2.088919830190219
2.233473050490205
2.378125215134524
2.522883030748281
2.667753266562588
2.812742758840989
2.957858415425801
3.1031072204137415
3.2484962389707115
3.394032622296123
3.5397236127477205
3.6855765491384904
3.8315988722178953
3.9777981303504437
4.124181985405364
4.270758218872066
4.417534738216977
4.564519583498401
4.71172093425715
4.859147116701925
5.0068066112097505
5.1547080601632205
5.302860276147871
5.451272250534749
5.5999531624751056
5.748912388336203
5.898159511609483
6.047704333324805
6.197556883007133
6.3477274302150875
6.4982264967039285
6.6490648692591945
6.800253613251124
6.951804086964316
7.103727956761886
7.256037213148654
7.408744187803738
7.561861571659401
7.715402434110197
7.869380243444413
8.02380888859867
8.17870270234647
8.33407648604243
8.489945536056336
8.646325672044892
8.803233267224538
8.960685280826086
9.118699292931446
9.277293541914839
9.43648696473576
9.596299240359208
9.756750836610712
9.917863060810088
10.079658114569426
10.242159153188135
10.405390350132292
10.569376967147823
10.734145430628928
10.899723414945965
11.066139933533085
11.233425438647267
11.401611930840282
11.570733079336813
11.740824354689824
11.91192317529368
12.084069069582675
12.257303856035868
12.431671843458037
12.60722005442386
12.783998475273448
12.962060336651893
13.141462429318524
13.322265460844962
13.504534459916009
13.688339236297175
13.873754906206694
14.060862494919995
14.249749631062052
14.44051135037067
14.633251030961734
14.82808148759573
15.025126259548696
15.224521136009052
15.426415975274024
15.630976890579916
15.838388897878106
16.048859151788353
16.26262093912061
16.479938660576153
16.701114119626517
16.926494567709117
17.156483150732047
17.391552703950705
17.63226432127652
17.87929290904125
18.13346326492852
18.39580257936974
18.66761964457278
18.950629733292438
19.247162582918765
19.560534087643255
19.895776227473746
20.26127540095126
20.67329827700952
21.174397131708567