0.033390981453805486
0.10017301165400642
0.16695524373374027
0.2337378122852391
0.30052085190955063
0.36730449722006553
0.43408888284604547
0.5008741434361527
0.5676604136619803
0.6344478282215859
0.7012365218430249
0.7680266292878889
0.8348182853548439
0.9016116248831734
0.9684067827563234
1.0352038939054518
1.10200309331298
1.1688045160161504
1.235608297110586
1.3024145717538556
1.3692234751690449
1.4360351426483295
1.5028497095565567
1.56966731133483
1.6364880835041014
1.7033121616687692
1.7701396815202817
1.8369707788407486
1.9038055895065586
1.970644249492005
2.037486894872917
2.1043336618303026
2.1711846866539948
2.23804010574631
2.3049000556257146
2.3717646729304978
2.4386340944224565
2.50550845699059
2.572387897654802
2.6392725535696147
2.7061625620278944
2.7730580604645843
2.839959186460452
2.9068660777458457
2.973778872204466
3.040697707877143
3.1076227229656332
3.1745540558364227
3.2414918450245493
3.3084362292374316
3.375387347358716
3.442345338452137
3.50931034176539
3.5762824967340197
3.643261942985324
3.710248820342272
3.777243268827437
3.8442454286669476
3.911255440294453
3.978273444355105
4.045299581709557
4.112333993437983
4.179376820844108
4.24642820545926
4.313488289046445
4.3805572136044315
4.447635121371857
4.514722154831359
4.58181845671372
4.648924170002034
4.716039437935891
4.783164404015594
4.850299212006376
4.9174440059426585
4.984598930132325
5.051764129161011
5.118939747896426
5.18612593149269
5.253322825394703
5.320530575342531
5.387749327375817
5.454979227838221
5.522220423381882
5.5894730609719065
5.656737287890881
5.724013251743411
5.791301100460698
5.858600982305121
5.925913045874869
5.9932374401085875
6.06057431429006
6.127923818052912
6.195286101385357
6.262661314634958
6.330049608513429
6.3974511341014635
6.464866042853597
6.532294486603099
6.5997366175669026
6.667192588350553
6.734662551953212
6.802146661772678
6.869645071610443
6.9371579356767965
7.004685408595951
7.07222764541121
7.139784801590173
7.207357033029976
7.274944496062572
7.342547347460046
7.410165744439973
7.47779984467081
7.545449806277337
7.61311578784613
7.6807979484310795
7.7484964475589475
7.816211445234973
7.883943101948517
7.951691578678748
8.019457036900377
8.087239638589436
8.155039546229101
8.222856922815563
8.290691931863947
8.35854473741427
8.426415504037465
8.494304396841432
8.562211581477163
8.63013722414489
8.698081491600314
8.76604455116086
8.834026570712004
8.902027718713637
8.9700481642065
9.038088076818662
9.106147626772058
9.174226984889085
9.24232632259925
9.31044581194589
9.378585625592926
9.446745936831709
9.5149269195879
9.583128748428427
9.6513515985685
9.719595645878682
9.78786106689205
9.856148038811385
9.924456739516454
9.992787347571358
10.061140042231935
10.129515003453243
10.197912411897109
10.266332448939755
10.334775296679489
10.40324113794447
10.471730156300557
10.540242536059223
10.608778462285544
10.67733812080628
10.745921698218023
10.814529381895426
10.883161359999516
10.951817821486092
11.020498956114201
11.0892049544547
11.157936007898911
11.22669230866735
11.295474049818557
11.364281425258014
11.433114629747148
11.50197385891243
11.570859309254573
11.639771178157812
11.708709663899302
11.77767496565859
11.846667283527209
11.915686818518354
11.984733772576677
12.053808348588172
12.122910750390172
12.192041182781471
12.261199851532512
12.330386963395728
12.399602726115976
12.46884734844109
12.538121040132538
12.607424011976216
12.67675647579335
12.746118644451515
12.81551073187579
12.88493295306002
12.954385524078223
13.023868662096113
13.093382585382765
13.16292751332239
13.23250366642628
13.302111266344857
13.371750535879873
13.441421698996757
13.511124980837103
13.580860607731287
13.650628807211264
13.720429808023475
13.790263840141943
13.860131134781502
13.930031924411193
13.999966442767802
14.069934924869594
14.139937607030182
14.209974726872566
14.280046523343366
14.350153236727191
14.420295108661218
14.490472382149932
14.560685301580042
14.630934112735599
14.701219062813282
14.771540400437889
14.841898375678017
14.912293240061928
14.982725246593628
15.05319464976915
15.123701705593021
15.194246671594973
15.264829806846837
15.335451371979667
15.406111629201083
15.47681084231284
15.547549276728617
15.61832719949204
15.689144879294947
15.760002586495887
15.830900593138855
15.901839172972293
15.972818601468317
16.043839155842225
16.11490111507225
16.186004759919577
16.257150372948637
16.328338238547673
16.399568642949582
16.470841874253036
16.542158222443895
16.613517979416923
16.684921438997787
16.756368896965363
16.827860651074364
16.899397001078256
16.970978248752527
17.04260469791825
17.114276654466003
17.185994426380102
17.257758323763206
17.329568658861234
17.401425746088687
17.473329902054278
17.545281445586966
17.617280697762357
17.689327981929498
17.76142362373802
17.833567951165733
17.905761294546583
17.978003986599038
18.050296362454887
18.122638759688474
18.195031518346354
18.267474980977394
18.339969492663332
18.412515401049806
18.485113056377806
18.55776281151566
18.630465021991462
18.703220046026036
18.776028244566348
18.84888998131949
18.92180562278717
18.994775538300694
19.067800100056573
19.140879683152626
19.214014665624642
19.287205428483684
19.36045235575391
19.433755834511036
19.507116254921407
19.580534010281667
19.654009497059114
19.727543114932647
19.801135266834425
19.874786358992175
19.948496800972205
20.022267005723098
20.096097389620155
20.16998837251056
20.24394037775927
20.31795383229571
20.392029166661217
20.466166815057285
20.54036721539464
20.61463080934312
20.688958042382414
20.763349363853678
20.83780522701201
20.912326089079837
20.986912411301237
21.061564658997185
21.136283301621763
21.21106881281936
21.285921670482864
21.360842356812903
21.435831358378103
21.510889166176433
21.58601627569766
21.661213186986878
21.736480404709237
21.81181843821581
21.887227801610642
21.96270901381906
22.03826259865721
22.113889084902862
22.18958900636756
22.265362901970068
22.34121131581122
22.417134797250146
22.49313390098194
22.5692091871168
22.645361221260664
22.72159057459738
22.797897823972434
22.87428355197834
22.950748347041614
23.02729280351147
23.103917521750247
23.180623108225586
23.257410175604434
23.334279342848912
23.41123123531406
23.488266484847564
23.565385729891453
23.642589615585855
23.719878793874862
23.797253923614512
23.874715670683027
23.952264708093253
24.029901716107478
24.107627382354572
24.185442401949615
24.263347477615973
24.341343319810008
24.419430646848344
24.4976101850379
24.575882668808656
24.654248840849288
24.73270945224569
24.811265262622562
24.88991704028799
24.968665562381272
25.04751161502392
25.12645599347407
25.205499502284255
25.28464295546274
25.363887176638467
25.44323299922972
25.522681266616612
25.60223283231749
25.681888560169423
25.76164932451281
25.841516010380253
25.921489513689895
26.00157074144319
26.081760611927415
26.162060054922904
26.24247001191527
26.32299143631266
26.403625293668277
26.48437256190824
26.565234231565046
26.646211306016685
26.72730480173167
26.808515748520136
26.88984518979118
26.971294182816642
27.052863799001504
27.134555124161203
27.216369258805926
27.29830731843226
27.380370433822318
27.462559751350632
27.544876433299056
27.627321658179934
27.7098966210678
27.79260253393987
27.87544062602569
27.958412144166118
28.041518353182067
28.124760536253284
28.208139995307487
28.291658051420267
28.375316045226057
28.459115337340602
28.543057308795305
28.627143361483846
28.711374918621537
28.795753425217857
28.880280348562593
28.964957178726138
29.0497854290744
29.134766636798883
29.219902363462488
29.305194195561597
29.390643745105063
29.476252650210714
29.56202257572005
29.647955213831793
29.734052284755034
29.820315537382722
29.906746749986254
29.99334773093202
30.080120319420722
30.167066386250454
30.25418783460433
30.341486600863814
30.428964655448663
30.516624003684644
30.604466686700086
30.692494782352536
30.780710406186724
30.869115712425135
30.957712894992614
31.046504188576414
31.13549186972322
31.22467825797474
31.31406571704357
31.403656656031057
31.493453530689077
31.583458844727648
31.673675151170443
31.764105053760442
31.85475120841792
31.94561632475328
32.03670316763724
32.128014558831104
32.21955337867992
32.31132256787159
32.40332512926511
32.495564129791276
32.588042702429426
32.68076404826409
32.773731438625354
32.86694821731746
32.960417802939794
33.05414369130544
33.14812945796194
33.24237876082006
33.33689534289595
33.43168303517303
33.52674575958993
33.62208753216148
33.71771246624011
33.81362477592537
33.90982877963017
34.0063289038125
34.10312968688224
34.200235783293294
34.297651967831946
34.39538314011316
34.49343432929739
34.59181069904127
34.690517552696676
34.789560338773704
34.88894465668415
34.98867626278343
35.0887610767303
35.18920518818517
35.29001486386942
35.391196555009984
35.492756905195364
35.594702758671474
35.697041169107905
35.79977940886787
35.902924978818
36.00648561871708
36.110469318226315
36.21488432858764
36.31973917502048
36.4250426698922
36.53080392672251
36.63703237508764
36.74373777649661
36.850930241318615
36.95862024684863
37.06681865660664
37.175536740976035
37.284786199297024
37.39457918354363
37.50492832372605
37.615846755175696
37.727348147887646
37.83944673811456
37.95215736242854
38.06549549449233
38.17947728481
38.29411960375959
38.40944008824773
38.52545719236849
38.64219024249785
38.759659497311375
38.87788621327777
38.996892716255914
39.116702479910735
39.23734021176461
39.35883194781998
39.481205156828246
39.604488855443726
39.7287137356953
39.853912306437586
39.98011905071679
40.10737060131268
40.235705937110545
40.36516660342915
40.49579696000487
40.62764446103003
40.76075997250003
40.89519813317854
41.03101776679869
41.1682823547511
41.30706058056245
41.447426960067304
41.589462574493645
41.73325592795168
41.87890395636168
42.02651322212889
42.17620133851278
42.328098680557986
42.482350456987184
42.63911924156908
42.798588096125904
42.96096446506688
43.126485090219454
43.29542229613304
43.46809214860091
43.64486522440574
43.826181103262
44.012568303207836
44.204672416323604
44.40329703523157
44.60946547399167
44.82451803466212
45.050273932753484
45.28932054487176
45.5455811597575
45.82558864845816
46.14200199776412
46.52789822449103