0.04517589595530149
0.13552799290657308
0.22588100500662767
0.31623554244391805
0.40659221554081737
0.4969516348072349
0.5873144109942807
0.6776811551479913
0.7680524786631312
0.8584289933370842
0.9488113114238477
1.0392000456881445
1.129595809459666
1.2199992166874598
1.3104108819944789
1.4008314207323016
1.4912614490360432
1.581701583879466
1.67215244313031
1.7626146456058533
1.853088811128718
1.94357556058294
2.0340755159703128
2.124589300467023
2.215117538480594
2.305660855707151
2.396219879189021
2.486795237372693
2.5773875601671414
2.6679974790025383
2.7586256268893687
2.8492726384779625
2.939939150118464
3.0306257999212534
3.1213332278178365
3.2120620756222293
3.3028129870928384
3.3935866079948718
3.4843835861632906
3.575204571566319
3.666050216369538
3.756921175000576
3.847818104214417
3.9387416631593513
4.029692513443582
4.120671319202515
4.211678747166745
4.302715466730771
4.393782150022449
4.48487947197322
4.576008110389116
4.667168746022595
4.758362062645198
4.849588747121075
4.940849489481395
5.032144982999668
5.123475924268001
5.214843013274318
5.306246953480577
5.397688451901993
5.489168219187315
5.580686969700177
5.67224542160155
5.763844296933332
5.8554843217030985
5.947166225970055
6.038890743932218
6.130658614014853
6.222470578960212
6.314327385918608
6.406229786540845
6.498178537072057
6.590174398446994
6.68221813638677
6.774310521497149
6.866452329368376
6.958644340676614
7.050887341287022
7.1431821223585255
7.235529480450306
7.3279302176300805
7.420385141584199
7.5128950657296185
7.605460809327798
7.698083197600571
7.790763061848036
7.883501239568548
7.976298574580827
8.069155917148272
8.162074124105528
8.25505405898736
8.348096592159918
8.441202600954426
8.534372969803398
8.627608590379399
8.720910361736491
8.814279190454366
8.907715990785276
9.001221684803845
9.09479720255982
9.188443482233843
9.282161470296353
9.375952121669673
9.469816399893391
9.563755277293128
9.657769735152764
9.751860763890257
9.846029363237129
9.940276542421723
10.034603320356357
10.129010725828476
10.223499797695906
10.31807158508635
10.412727147601235
10.507467555524027
10.602293890033183
10.697207243419825
10.792208719310311
10.887299432893833
10.982480511155199
11.077753093112955
11.173118330062982
11.26857738582778
11.364131437011563
11.459781673261382
11.555529297534424
11.651375526371707
11.747321590178354
11.843368733510653
11.93951821537011
12.035771309504735
12.132129304717742
12.22859350518397
12.325165230774196
12.421845817387652
12.518636617292973
12.615538999477867
12.712554350007785
12.809684072393898
12.90692958797066
13.004292336283314
13.101773775485633
13.19937538274827
13.297098654678065
13.394945107748661
13.492916278742868
13.591013725207102
13.689239025918397
13.787593781364365
13.886079614236596
13.98469816993795
14.083451117104241
14.18234014814084
14.281366979774694
14.38053335362237
14.479841036774669
14.579291822398428
14.678887530356148
14.77863000784411
14.878521130049661
14.978562800828398
15.078756953402005
15.179105551077539
15.279610587988955
15.380274089861786
15.481098114801817
15.582084754108763
15.683236133115871
15.784554412056533
15.886041786958973
15.98770049057012
16.089532793309903
16.191541004257186
16.29372747216864
16.396094586531966
16.498644778654853
16.601380522791256
16.704304337306517
16.807418785883026
16.910726478768208
17.01423007406661
17.117932279078136
17.221835851684364
17.325943601785198
17.430258392788033
17.53478314315194
17.639520827989273
17.744474480727426
17.849647194833576
17.95504212560529
18.060662492030207
18.166511578718087
18.272592737908703
18.378909391559297
18.485465033515542
18.592263231770126
18.699307630813376
18.80660195408058
18.91415000650098
19.021955677153617
19.130022942035694
19.23835586694931
19.346958610512882
19.455835427303978
19.56499067114064
19.67442879850883
19.78415437214409
19.894172064776
20.004486663044705
20.11510307159929
20.22602631738854
20.33726155415529
20.448814067146436
20.5606892780514
20.672892750182918
20.78543019391492
20.898307472393334
21.011530607536958
21.125105786346634
21.23903936754252
21.3533378885507
21.468008072861963
21.583056837787492
21.698491302638168
21.814318797356197
21.930546871630344
22.047183304528446
22.16423611468387
22.281713571075542
22.39962420444473
22.517976819395457
22.636780507229584
22.75604465957222
22.875778982848157
22.9959935136757
23.116698635250373
23.237905094798034
23.35962402218454
23.481866949777668
23.604645833666563
23.727973076354658
23.85186155105395
23.976324627721876
24.10137620099715
24.22703072020776
24.353303221643458
24.480209363306635
24.607765462379902
24.73598853567628
24.864896343369605
24.99450743633839
25.12484120749759
25.255917947539533
25.387758905559227
25.52038635510133
25.65382366623759
25.78809538436658
25.923227316523796
26.059246626102194
26.196181937014476
26.33406344848181
26.472923061814544
26.612794520763877
26.753713567276435
26.895718114784952
27.038848441528266
27.18314740682613
27.32866069375591
27.475437082310542
27.62352875788762
27.772991660903813
27.923885884492552
28.07627612868637
28.230232221286855
28.38582971788989
28.54315059640178
28.70228406504195
28.863327507539527
29.02638759535046
29.191581604748034
29.359038987277295
29.52890325632395
29.701334271900105
29.876511032365737
30.054635118951623
30.235934991632327
30.420671410948383
30.609144372334377
30.801702107971433
30.99875297096286
31.20078142849929
31.408370064655795
31.622230637257775
31.843249258487624
32.07255453910543
32.31162499022083
32.56246784329322
32.82793851731319
33.112367770651296
33.42296882960476
33.77372299259805
34.20117423617941