0.026263972345182185
0.07879193729476627
0.1313199630222127
0.1838480900467735
0.23637635888871658
0.288904810069732
0.34143348411333835
0.3939624215452894
0.44649166289398035
0.4990212486908546
0.5515512194708105
0.6040816157726081
0.6566124781392757
0.7091438471185175
0.7616757632631206
0.8142082671313616
0.8667413992874152
0.9192752003017612
0.9718097107515925
1.0243449712212227
1.0768810223024952
1.1294179045951909
1.1819556587074374
1.2344943252561171
1.2870339448672783
1.3395745581765417
1.3921162058295131
1.4446589284821918
1.4972027668013812
1.5497477614650994
1.6022939531629907
1.6548413825967363
1.7073900904804666
1.7599401175411726
1.8124915045191186
1.8650442921682555
1.917598521256633
1.9701542325668144
2.0227114668962893
2.0752702650578905
2.127830667880205
2.1803927162079932
2.232956450902603
2.2855219128423876
2.3380891429231196
2.3906581820584107
2.4432290711801303
2.4958018512388205
2.548376563204119
2.6009532480651765
2.6535319468310776
2.7061127005312606
2.7586955502159407
2.81128053695653
2.8638677018460608
2.9164570859996095
2.96904873055472
3.0216426766718287
3.0742389655346876
3.1268376383507928
3.1794387363518113
3.232042300794005
3.2846483729586637
3.337256994152529
3.3898682057082277
3.4424820489847
3.4950985653676305
3.5477177962698834
3.60033978313193
3.652964567422287
3.705592190637947
3.758222694304819
3.810856119978158
3.863492509243007
3.9161319037146334
3.9687743450389665
4.02141987489304
4.074068534985429
4.126720367056696
4.179375412879829
4.232033714260689
4.284695313038453
4.337360251086056
4.390028570310646
4.442700312654022
4.49537552009309
4.548054234640309
4.600736498344142
4.6534223532895105
4.706111841598244
4.758805005429536
4.811501886980399
4.864202528486122
4.916906972220725
4.969615260497421
5.022327435669074
5.075043540128661
5.127763616309735
5.180487706686885
5.2332158537762075
5.285948100135766
5.338684488366063
5.391425061110504
5.444169861055874
5.496918930932805
5.549672313516245
5.602430051625941
5.655192188126907
5.707958765929907
5.760729827991924
5.8135054173166525
5.866285576954966
5.919070350005411
5.971859779614685
6.024653908978125
6.077452781340189
6.130256439994954
6.1830649282866
6.235878289609901
6.288696567410719
6.341519805186505
6.394348046486787
6.4471813349136715
6.500019714122347
6.552863227821579
6.605711919774217
6.658565833797701
6.711425013764563
6.76428950360294
6.817159347297082
6.870034588887864
6.9229152724733
6.975801442209059
7.028693142308981
7.081590417045598
7.134493310750653
7.187401867815623
7.240316132692247
7.293236149893049
7.34616196399187
7.399093619624393
7.452031161488685
7.504974634345721
7.5579240830199295
7.610879552399727
7.6638410874380565
7.716808733152938
7.769782534628005
7.822762537013058
7.87574878552461
7.928741325446439
7.981740202130142
8.034745460995692
8.08775714753199
8.140775307297437
8.193799985920482
8.2468312291002
8.29986908260685
8.352913592282455
8.405964804041355
8.459022763870806
8.512087517831533
8.565159112058328
8.618237592760623
8.671323006223071
8.724415398806135
8.777514816946686
8.830621307158582
8.883734916033266
8.936855690240366
8.989983676528293
9.04311892172484
9.096261472737792
9.149411376555529
9.202568680247637
9.255733430965522
9.308905675943027
9.362085462497044
9.415272838028145
9.468467850021199
9.521670546045996
9.57488097375789
9.628099180898419
9.681325215295942
9.734559124866285
9.787800957613381
9.841050761629903
9.894308585097933
9.947574476289587
10.000848483567696
10.054130655386441
10.107421040292024
10.160719686923334
10.214026644012606
10.26734196038609
10.320665684964737
10.373997866764862
10.42733855489883
10.480687798575739
10.534045647102104
10.587412149882551
10.640787356420509
10.694171316318906
10.74756407928087
10.800965695110435
10.854376213713245
10.90779568509727
10.961224159373517
11.014661686756753
11.068108317566224
11.121564102226381
11.175029091267612
11.228503335326977
11.281986885148939
11.335479791586115
11.388982105600016
11.442493878261798
11.496015160753009
11.549546004366363
11.603086460506479
11.656636580690664
11.710196416549683
11.76376601982852
11.817345442387163
11.870934736201393
11.92453395336356
11.978143146083381
12.031762366688733
12.085391667626451
12.13903110146314
12.192680720885972
12.246340578703508
12.300010727846518
12.35369122136879
12.407382112447975
12.461083454386403
12.514795300611931
12.568517704678777
12.622250720268372
12.675994401190206
12.729748801382685
12.783513974913996
12.837289975982966
12.891076858919938
12.944874678187643
12.99868348838209
13.05250334423344
13.106334300606903
13.16017641250364
13.214029735061656
13.267894323556709
13.321770233403232
13.375657520155237
13.429556239507253
13.483466447295246
13.537388199497554
13.591321552235835
13.645266561776003
13.69922328452919
13.753191777052695
13.807172096050955
13.861164298376513
13.915168441030989
13.969184581166065
14.023212776084476
14.077253083240993
14.131305560243442
14.185370264853686
14.23944725498866
14.293536588721373
14.347638324281947
14.401752520058636
14.455879234598873
14.510018526610315
14.564170454961886
14.618335078684847
14.672512456973855
14.72670264918803
14.780905714852045
14.8351217136572
14.889350705462526
14.943592750295874
14.997847908355032
15.052116240008832
15.106397805798274
15.160692666437656
15.215000882815708
15.26932251599674
15.323657627221781
15.378006277909758
15.432368529658648
15.486744444246655
15.541134083633393
15.595537509961078
15.649954785555726
15.704385972928355
15.758831134776205
15.813290333983954
15.867763633624959
15.922251096962482
15.976752787450952
16.031268768737206
16.085799104661767
16.14034385926011
16.194903096763948
16.249476881602515
16.304065278403886
16.358668351996258
16.41328616740929
16.46791878987542
16.522566284831207
16.577228717918672
16.63190615498666
16.686598662092194
16.741306305501862
16.79602915169319
16.85076726735605
16.90552071939405
16.960289574925955
17.01507390128711
17.06987376603087
17.124689236930053
17.179520381978396
17.234367269392006
17.289229967610847
17.34410854530023
17.399003071352304
17.453913614887565
17.508840245256376
17.563783032040497
17.618742045054635
17.673717354347982
17.728709030205795
17.78371714315096
17.838741763945585
17.893782963592606
17.948840813337387
18.003915384669344
18.059006749323597
18.114114979282597
18.1692401467778
18.224382324291327
18.27954158455767
18.334718000565374
18.389911645558747
18.445122593039592
18.50035091676894
18.555596690768805
18.610859989323938
18.66614088698362
18.72143945856343
18.77675577914708
18.832089924088198
18.887441969012198
18.942811989818093
18.998200062680386
19.053606264050924
19.109030670660797
19.164473359522244
19.219934407930577
19.275413893466098
19.330911893996078
19.386428487676696
19.441963752955047
19.49751776857111
19.553090613559785
19.608682367252914
19.66429310928132
19.719922919576884
19.775571878374603
19.831240066214708
19.88692756394476
19.942634452721776
19.9983608140144
20.054106729605035
20.10987228159205
20.16565755239196
20.22146262474166
20.277287581700648
20.33313250665328
20.388997483311055
20.444882595714887
20.500787928237433
20.556713565585405
20.612659592801936
20.668626095268934
20.724613158709477
20.78062086919022
20.836649313123818
20.892698577271386
20.948768748744953
21.00485991500997
21.060972163887794
21.117105583558253
21.173260262562177
21.22943628980398
21.28563375455426
21.34185274645242
21.398093355509292
21.454355672109838
21.510639787015798
21.566945791368433
21.623273776691246
21.67962383489273
21.735996058269176
21.79239053950746
21.848807371687872
21.90524664828699
21.96170846318055
22.01819291064634
22.074700085367166
22.13123008243377
22.187782997347846
22.24435892602503
22.300957964797945
22.357580210419275
22.41422576006484
22.470894711336726
22.52758716226643
22.58430321131803
22.641042957391413
22.69780649982547
22.754593938401403
22.811405373345977
22.86824090533487
22.925100635496015
22.98198466541299
23.03889309712843
23.095826033147453
23.152783576441188
23.209765830450223
23.266772899088206
23.323804886745368
23.380861898292174
23.437944039082943
23.495051414959526
23.552184132255025
23.60934229779753
23.666526018913903
23.7237354034336
23.780970559692523
23.838231596536886
23.895518623327185
23.95283174994212
24.010171086782623
24.067536744775882
24.12492883537943
24.18234747058526
24.239792762923976
24.297264825469
24.35476377184081
24.412289716211195
24.469842773307622
24.527423058417558
24.5850306873929
24.64266577665441
24.70032844319621
24.758018804590332
24.815736978991282
24.873483085140677
24.931257242371924
24.989059570614916
25.046890190400827
25.104749222866914
25.162636789761375
25.220553013448264
25.27849801691245
25.33647192376464
25.394474858246426
25.452506945235395
25.510568310250314
25.568659079456328
25.62677937967024
25.68492933836583
25.743109083679244
25.80131874441442
25.859558450048585
25.91782833073779
25.976128517322547
26.034459141333443
26.09282033499691
26.151212231240986
26.20963496370115
26.268088666726246
26.326573475384436
26.385089525469233
26.443636953505603
26.5022158967561
26.56082649322712
26.619468881675157
26.6781432016132
26.736849593317125
26.795588197832195
26.854359156979644
26.91316261336329
26.971998710376255
27.030867592207734
27.089769403849857
27.148704291104625
27.20767240059089
27.266673879751465
27.325708876860258
27.38477754102953
27.44388002221719
27.503016471234222
27.562187039752153
27.621391880310604
27.680631146324966
27.73990499209411
27.799213572808238
27.85855704455675
27.91793556433629
27.977349290058804
28.036798380559738
28.0962829956063
28.155803295905844
28.21535944311433
28.27495159984487
28.33457992967642
28.39424459716251
28.45394576784013
28.51368360823868
28.573458285889046
28.633269969332773
28.69311882813135
28.753005032875592
28.812928755195163
28.872890167768166
28.93288944433088
28.992926759687606
29.05300228972063
29.11311621140029
29.173268702795188
29.233459943082497
29.29369011255843
29.353959392648786
29.41426796591967
29.474616016088305
29.535003728034017
29.5954312878093
29.655898882651083
29.716406700992056
29.776954932472222
29.837543767950518
29.898173399516615
29.95884402050287
30.01955582549641
30.080309010351364
30.141103772201276
30.201940309471638
30.262818821892605
30.32373951051186
30.38470257770765
30.44570822720198
30.506756664073983
30.567848094773442
30.628982727134524
30.69016077038964
30.751382435183523
30.81264793358748
30.873957479113805
30.93531128673043
30.99670957287569
31.058152555473377
31.119640453947905
31.181173489239733
31.242751883820954
31.30437586171112
31.36604564849326
31.42776147133011
31.489523558980576
31.551332141816406
31.61318745183908
31.675089722696956
31.737039189702593
31.799036089850386
31.861080661834386
31.923173146066354
31.985313784694135
32.04750282162019
32.10974050252047
32.172027074863465
32.234362787929626
32.29674789283094
32.35918264253088
32.42166729186456
32.484202097559205
32.54678731825493
32.60942321452578
32.67211004890109
32.73484808588712
32.797637591989044
32.86047883573322
32.923372087689806
32.986317620495655
33.04931570887763
33.11236662967616
33.175470661869184
33.238628086596506
33.30183918718435
33.36510424917047
33.42842356032948
33.49179741069864
33.555226092603974
33.61870990068688
33.682249131930966
33.74584408568947
33.809495063712994
33.87320237017766
33.936966311713725
34.00078719743465
34.064665338966535
34.12860105047812
34.192594648711115
34.25664645301114
34.32075678535905
34.38492597040275
34.449154335489574
34.513442210699125
34.577789928876626
34.642197825666834
34.70666623954843
34.77119551186908
34.835785986880886
34.90043801177656
34.96515193672609
35.029928114914036
35.09476690257741
35.159668659044236
35.224633746772604
35.28966253139053
35.354755381736375
35.41991266989993
35.485134771264235
35.550422064548066
35.61577493184911
35.68119375868793
35.746678934052596
35.81223085044413
35.8778499039227
35.94353649415461
36.00929102446005
36.07511390186177
36.141005537134504
36.20696634485525
36.27299674345453
36.33909715526836
36.40526800659138
36.47150972773064
36.53782275306062
36.604207521078976
36.670664474463464
36.73719406012979
36.80379672929051
36.87047293751504
36.93722314479069
37.00404781558489
37.07094741890843
37.13792242838002
37.20497332229192
37.27210058367681
37.33930470037595
37.40658616510857
37.47394547554258
37.5413831343666
37.60889964936336
37.67649553348451
37.74417130492684
37.81192748720994
37.879764609255446
37.947683205467676
38.01568381581599
38.08376698591862
38.151933267128264
38.22018321661923
38.288517397476475
38.35693637878625
38.42544073572867
38.49403104967207
38.56270790826931
38.631471905556
38.70032364205075
38.76926372485743
38.8382927677696
38.90741139137699
38.976620223174294
39.04591989767217
39.11531105651056
39.18479434857445
39.254370430112
39.324039964855224
39.393803624143295
39.46366208704837
39.53361604050424
39.60366617943774
39.67381320690296
39.744057834218495
39.814400781107615
39.88484277584159
39.9553845553862
40.0260268655515
40.09677046114492
40.167616106127866
40.23856457377589
40.3096166468424
40.38077311772627
40.45203478864322
40.52340247180115
40.594876989579646
40.6664591747136
40.73814987048121
40.80994993089637
40.88186022090574
40.9538816165904
41.02601500537245
41.0982612862266
41.170621369896864
41.24309617911856
41.31568664884586
41.388393726484836
41.461218372132386
41.534161558821154
41.607224272770566
41.68040751364425
41.75371229481398
41.82713964363047
41.900690601700994
41.974366225174386
42.04816758503331
42.1220957673943
42.19615187381567
42.27033702161365
42.34465234418688
42.41909899134974
42.49367812967462
42.56839094284352
42.64323863200931
42.718222416166896
42.79334353253478
42.868603236947116
42.944002804256975
43.019543528750845
43.09522672457502
43.17105372617423
43.24702588874282
43.323144588689146
43.39941122411347
43.47582721529997
43.55239400522328
43.62911306007016
43.70598586977689
43.78301394858286
43.86019883560101
43.93754209540584
44.0150453186395
44.092710122636866
44.17053815207004
44.24853107961332
44.32669060662929
44.40501846387686
44.483516412242146
44.562186243493194
44.641029781059316
44.720048880836224
44.799245432017926
44.878621357956455
44.95817861705075
45.03791920366562
45.11784514908244
45.19795852248253
45.27826143196494
45.35875602559997
45.439444492519975
45.52032906404916
45.60141201487406
45.682695664256535
45.76418237729117
45.8458745662091
45.927774691730384
46.009885264467286
46.09220884638061
46.174748052291754
46.25750555145312
46.34048406917961
46.423686388544134
46.50711535214037
46.590773863916
46.6746648910799
46.758791466087054
46.84315668870507
46.92776372816653
47.01261582541147
47.09771629542492
47.183068529674166
47.268675998651396
47.35454225452704
47.44067093392008
47.52706576079159
47.61373054946822
47.70066920780325
47.78788574048248
47.87538425248365
47.963168952698
48.05124415772353
48.139614295840026
48.228283911176746
48.31725766808432
48.40654035572335
48.49613689288307
48.58605233304442
48.67629186970296
48.76686084196823
48.857764740457455
48.94900921350274
49.04060007369278
49.13254330477123
49.22484506891619
49.317511714426935
49.410549783846335
49.503966022549676
49.59776738783338
49.69196105853976
49.78655444525739
49.88155520113991
49.97697123339016
50.07281071546053
50.1690821000255
50.2657941327872
50.362955867180894
50.460576680053606
50.55866628839635
50.65723476721847
50.75629256866147
50.855850542459905
50.95591995786786
51.056512527182605
51.15764043101074
51.259316345438606
51.36155347128649
51.464365565646865
51.56776697593011
51.67177267666746
51.77639830935124
51.881660225626725
51.9875755341894
52.0941621517866
52.201438858774544
52.309425359742086
52.41814234978162
52.52761158706887
52.63785597250687
52.74889963729965
52.860768039449894
52.97348807032623
53.08708817262513
53.20159847126429
53.31705091899699
53.433479458838875
53.550920205760875
53.669411650539374
53.788994889184515
53.909713882013584
54.031615747227676
54.15475109482515
54.27917440789498
54.40494447984251
54.53212491799786
54.66078472645935
54.79099898409093
54.922849637538825
55.05642643425773
55.19182802725923
55.32916329220251
55.468552909388336
55.6101312794196
55.754048863574646
55.900475071035565
56.0496018592108
56.201648277042054
56.356866274879245
56.51554824547466
56.67803697800663
56.844739051619584
57.01614325877095
57.19284660539417
57.37559212869651
57.56532592626982
57.76328702298573
57.97115696769148
58.19132703914646
58.42742269351749
58.68547999639656
58.977193410569
59.33311422246459