0.044234627841488114
0.13270415808332692
0.22117451202390798
0.30964623886958
0.3981198879374908
0.4865960086999433
0.5750751508287884
0.6635578642398642
0.7520446991374942
0.8405362060590513
0.9290329359196026
1.0175354400566414
1.106044270274921
1.1945599788913968
1.283083118780292
1.3716142434182925
1.4601539069298872
1.5487026641328612
1.6372610705839519
1.7258296826246846
1.8144090574273912
1.9029997530414309
1.9916023284396163
2.0802173435648634
2.1688453593770753
2.2574869379002642
2.3461426422699376
2.434813036780745
2.5234986869344085
2.612200159487945
2.7009180225021923
2.7896528453906506
2.878405198968657
2.967175655502897
3.0559647887612784
3.1447731740631646
3.2336013883299977
3.3224500101363104
3.4113196197611515
3.5002107992399303
3.5891241324166994
3.67806020499689
3.767019604600508
3.8560029208158184
3.945010745253516
4.034043671601415
4.123102295679657
4.212187215496474
4.301299031304489
4.390438345657615
4.479605763468527
4.568801892066751
4.658027341257378
4.747282723380418
4.836568653370823
4.925885748819179
5.015234630033104
5.104615920099366
5.194030244946727
5.283478233409557
5.372960517292219
5.46247773143425
5.5520305137763675
5.641619505427315
5.731245350731566
5.820908697337921
5.910610196269009
6.000350501991725
6.090130272488621
6.179950169330279
6.269810857748699
6.359713006711705
6.449657288998424
6.539644381275846
6.629674964176499
6.71974972237727
6.809869344679391
6.900034524089635
6.990245957902743
7.080504347785112
7.170810399859781
7.261164824792752
7.351568337880663
7.442021659139873
7.532525513396966
7.623080630380742
7.7136877448157
7.804347596517079
7.895060930487477
7.985828497015105
8.076651051773702
8.167529355924163
8.258464176217927
8.34945628510216
8.440506460826786
8.53161548755341
8.6227841554662
8.714013260884736
8.805303606378935
8.89665600088605
8.988071259829844
9.079550205241958
9.171093665885559
9.262702477381316
9.354377482335765
9.446119530472124
9.537929478763633
9.629808191569476
9.721756540773365
9.813775405924845
9.905865674383403
9.998028241465454
10.090264010594275
10.182573893452986
10.274958810140635
10.367419689331498
10.45995746843767
10.552573093775026
10.64526752073268
10.738041713945998
10.830896647473297
10.923833304976322
11.016852679904595
11.109955775683774
11.203143605908107
11.296417194537122
11.389777576096655
11.483225795884357
11.576762910179797
11.670389986459313
11.76410810361572
11.857918352183058
11.951821834566484
12.045819665277506
12.13991297117468
12.234102891709957
12.32839057918085
12.422777198988575
12.517263929902374
12.61185196433021
12.706542508596
12.801336783223611
12.896236023227845
12.991241478412585
13.08635441367638
13.181576109325666
13.276907861395877
13.372350981980707
13.467906799569784
13.563576659395
13.659361923785827
13.755263972533873
13.851284203266996
13.947424031833297
14.04368489269531
14.140068239334747
14.236575544668128
14.333208301473695
14.429968022829971
14.52685624256638
14.623874515726316
14.721024419043157
14.818307551429587
14.91572553448077
15.013280012991839
15.110972655490178
15.208805154783114
15.306779228521465
15.404896619779608
15.503159097652635
15.601568457871219
15.70012652343488
15.798835145264293
15.897696202873396
15.996711605062023
16.095883290629853
16.19521322911249
16.294703421540532
16.394355901222536
16.49417273455277
16.594156021844825
16.69430789819199
16.79463053435558
16.895126137682283
16.995796953051713
17.096645263855425
17.197673393008678
17.298883703996317
17.400278601954213
17.50186053478774
17.60363199432889
17.70559551753369
17.807753687721654
17.91010913585908
18.012664541888203
18.115422636104142
18.218386200581847
18.321558070655286
18.42494113645122
18.528538344480122
18.63235269928685
18.73638726516387
18.840645167929978
18.945129596777665
19.049843806192335
19.15479111794695
19.259974923175722
19.365398684530764
19.471065938425813
19.57698029737143
19.683145452406283
19.7895651756294
19.896243322838686
20.00318383628117
20.110390747520896
20.217868180430706
20.32562035431459
20.43365158716764
20.541966299081206
20.650569015801256
20.7594643724485
20.8686571174095
20.978152116408413
21.087954356769924
21.198068951884455
21.30850114588761
21.419256318566656
21.530339990507727
21.64175782849845
21.753515651201788
21.865619435118006
21.978075320852998
22.090889619712563
22.204068820643748
22.317619597545974
22.431548816976473
22.545863546276593
22.6605710621475
22.77567885970631
22.891194662056186
23.007126430406704
23.123482374783986
23.240270965373405
23.357500944541435
23.475181339587422
23.593321476280472
23.711930993241847
23.831019857238683
23.950598379461162
24.07067723286206
24.19126747064527
24.312380545998337
24.434028333173643
24.556223150033347
24.678977782185168
24.802305508849297
24.926220130611767
25.050735999236323
25.17586804972585
25.301631834845857
25.428043562346666
25.555120135148602
25.68287919478559
25.81133916843839
25.94051931992929
26.07043980509674
26.201121732022013
26.332587226641493
26.46485950434944
26.597962948278365
26.73192319503979
26.866767228819548
27.002523484851864
27.13922196344913
27.276894355943647
27.415574184109758
27.555296954886
27.696100332516174
27.838024330585675
27.981111526859035
28.125407304342428
28.270960122623077
28.417821824302678
28.566047982280036
28.715698294793757
28.86683703656968
29.019533576206996
29.17386297218638
29.329906662731858
29.487753268393387
29.64749953089668
29.809251417884504
29.973125431145252
30.139250166489685
30.307768187599525
30.47883829539151
30.652638300874887
30.829368446373717
31.00925567230753
31.192559002254153
31.379576430209106
31.570653861262958
31.766196914916314
31.966686809291712
32.17270221384706
32.384950094123724
32.60431058335835
32.83190466001694
33.069200812977755
33.3181926333274
33.581716083939355
33.86407233018588
34.17242515657606
34.52065970307336
34.9450676308668