0.025876237947776864
0.0776287326506244
0.12938128377553101
0.18113392893779515
0.23288670575360373
0.28463965184038775
0.3363928048171776
0.3881462023049587
0.43989988192702717
0.4916538813093452
0.543408238080897
0.5951629898740447
0.6469181743248839
0.6986738290735998
0.7504299917648236
0.8021867000479883
0.8539439915776855
0.9057019040140217
0.9574604750229746
1.0092197422767506
1.0609797434541413
1.112740516240881
1.1645020983300036
1.2162645274222013
1.2680278412261805
1.3197920774590217
1.3715572738465365
1.4233234681236264
1.4750906980346423
1.526859001333742
1.5786284157852506
1.6303989791640199
1.6821707292557877
1.7339437038575387
1.7857179407778643
1.8374934778373233
1.889270352868804
1.941048603717884
1.9928282682431941
2.0446093843167783
2.0963919898244576
2.148176122666193
2.1999618207564478
2.2517491220245525
2.303538064415068
2.3553286858881504
2.407121024419917
2.458915118002809
2.510711004645961
2.5625087223755645
2.614308309235236
2.6661098032863837
2.7179132426085757
2.7697186652999086
2.8215261094773756
2.873335613277236
2.9251472148553854
2.9769609523877265
3.0287768640705384
3.08059498812085
3.1324153627768125
3.184238026298069
3.2360630169661317
3.2878903730847533
3.3397201329803017
3.3915523350021375
3.443387017522987
3.4952242189393203
3.5470639776717277
3.598906332165299
3.65075132089
3.702598982341053
3.7544493550393168
3.8063024775316663
3.8581583883913755
3.910017126218499
3.9618787296402536
4.013743237311404
4.065610687914647
4.117481120160995
4.169354572790163
4.221231084570957
4.27311069430166
4.32499344081042
4.376879362955641
4.428768499626374
4.480660889742702
4.532556572256143
4.584455586150031
4.636357970439919
4.688263764173967
4.740173006433344
4.79208573633262
4.8440019930201625
4.89592181567854
4.94784524352492
4.999772315811464
5.051703071825738
5.103637550891108
5.155575792367144
5.207517835650032
5.259463720172969
5.311413485406576
5.363367170859307
5.415324816077852
5.467286460647554
5.519252144192815
5.571221906377508
5.623195786905395
5.675173825520538
5.727156062007714
5.779142536192836
5.831133287943366
5.883128357168738
5.935127783820778
5.987131607894122
6.039139869426647
6.091152608499885
6.143169865239457
6.195191679815498
6.247218092443079
6.299249143382648
6.351284872940448
6.40332532146896
6.455370529367329
6.507420537081803
6.559475385106168
6.611535113982187
6.663599764300036
6.715669376698747
6.76774399186665
6.819823650541817
6.871908393512503
6.923998261617599
6.976093295747072
7.028193536842424
7.080299025897134
7.132409803957117
7.184525912121172
7.236647391541446
7.288774283423884
7.340906629028689
7.393044469670788
7.445187846720289
7.4973368016029465
7.549491375800625
7.60165161085177
7.653817548351876
7.705989229953956
7.758166697369014
7.81034999236652
7.862539156774885
7.914734232481941
7.966935261435419
8.019142285643431
8.07135534717495
8.123574488160303
8.17579975079165
8.22803117732348
8.280268810073093
8.3325126914211
8.384762863811918
8.437019369754264
8.489282251821653
8.541551552652901
8.593827314952627
8.646109581491755
8.69839839510803
8.750693798706518
8.802995835260115
8.855304547810071
8.9076199794665
8.959942173408889
9.012271172886635
9.064607021219555
9.11694976179841
9.169299438085435
9.22165609361487
9.274019771993483
9.326390516901112
9.378768372091194
9.431153381391306
9.483545588703707
9.535945038005874
9.588351773351055
9.640765838868811
9.693187278765567
9.745616137325168
9.79805245890943
9.850496287958695
9.9029476689924
9.955406646609632
10.007873265489692
10.06034757039267
10.112829606160007
10.165319417715077
10.217817050063754
10.270322548294994
10.322835957581418
10.375357323179895
10.427886690432121
10.480424104765223
10.53296961169234
10.585523256813222
10.638085085814822
10.690655144471908
10.743233478647658
10.795820134294269
10.848415157453571
10.90101859425763
10.953630490929372
11.0062508937832
11.05887984922561
11.111517403755826
11.16416360396642
11.216818496543945
11.269482128269573
11.322154546019727
11.374835796766723
11.427525927579422
11.480224985623863
11.532933018163927
11.585650072561982
11.638376196279548
11.691111436877947
11.74385584201898
11.79660945946559
11.849372337082523
11.90214452283702
11.954926064799485
12.007717011144166
12.060517410149847
12.113327310200532
12.166146759786137
12.218975807503192
12.271814502055538
12.324662892255029
12.377521027022246
12.430388955387201
12.483266726490058
12.536154389581853
12.589051994025214
12.641959589295087
12.694877224979477
12.747804950780171
12.800742816513491
12.853690872111024
12.906649167620374
12.959617753205928
13.012596679149587
13.065585995851551
13.118585753831068
13.17159600372721
13.224616796299642
13.277648182429411
13.330690213119711
13.383742939496685
13.43680641281021
13.489880684434693
13.542965805869875
13.596061828741632
13.649168804802787
13.702286785933927
13.755415824144219
13.808555971572234
13.861707280486783
13.91486980328774
13.968043592506888
14.021228700808768
14.074425180991517
14.127633085987727
14.180852468865304
14.234083382828336
14.287325881217962
14.340580017513235
14.39384584533202
14.447123418431868
14.50041279071091
14.553714016208756
14.607027149107388
14.660352243732083
14.713689354552306
14.767038536182648
14.820399843383738
14.873773331063175
14.92715905427647
14.980557068227974
15.033967428271847
15.087390189912991
15.140825408808018
15.194273140766219
15.247733441750528
15.301206367878505
15.354691975423318
15.408190320814736
15.461701460640121
15.515225451645435
15.568762350736247
15.62231221497875
15.675875101600784
15.729451067992862
15.783040171709215
15.836642470468819
15.890258022156457
15.943886884823772
15.99752911669033
16.051184776144684
16.104853921745462
16.15853661222244
16.212232906477645
16.26594286358645
16.319666542798657
16.37340400353966
16.427155305411517
16.480920508194103
16.534699671846237
16.588492856506836
16.642300122496053
16.69612153031644
16.749957140654125
16.80380701437997
16.857671212550766
16.91154979641042
16.96544282739115
17.019350367114704
17.073272477393555
17.12720922023215
17.181160657828116
17.235126852573526
17.289107867056128
17.34310376406062
17.397114606569897
17.45114045776635
17.50518138103313
17.559237439955456
17.61330869832191
17.667395220125744
17.72149706956623
17.77561431104994
17.82974700919214
17.8838952288181
17.93805903496447
17.992238492880656
18.04643366803018
18.10064462609208
18.154871432962306
18.209114154755135
18.26337285780458
18.317647608665823
18.371938474116664
18.42624552115895
18.480568817020057
18.534908429154353
18.58926442524467
18.643636873203825
18.69802584117609
18.752431397538725
18.806853610903513
18.861292550118275
18.91574828426844
18.970220882678596
19.024710414914058
19.079216950782463
19.13374056033536
19.188281313869822
19.242839281930056
19.297414535309038
19.35200714505018
19.406617182448954
19.461244719054577
19.515889826671703
19.570552577362097
19.625233043446368
19.679931297505664
19.73464741238343
19.78938146118714
19.844133517290075
19.898903654333076
19.953691946226346
20.00849846715126
20.063323291562167
20.11816649418823
20.173028150035268
20.227908334387624
20.28280712281002
20.337724591149467
20.39266081553716
20.447615872390397
20.50258983841452
20.55758279060485
20.612594806248673
20.6676259629272
20.722676338517587
20.77774601119492
20.832835059434277
20.887943562012733
20.94307159801147
20.998219246817815
21.05338658812735
21.108573701946035
21.163780668592327
21.219007568699322
21.274254483216936
21.329521493414067
21.384808680880813
21.440116127530686
21.495443915602845
21.55079212766435
21.606160846612447
21.661550155676846
21.716960138422042
21.772390878749647
21.827842460900737
21.883314969458226
21.938808489349256
21.994323105847606
22.049858904576116
22.10541597150916
22.16099439297509
22.21659425565876
22.272215646604003
22.327858653216207
22.38352336326485
22.43920986488608
22.494918246585318
22.550648597239892
22.606401006101677
22.662175562799757
22.71797235734313
22.77379148012342
22.82963302191762
22.885497073890846
22.941383727599135
22.997293074992253
23.053225208416542
23.10918022061776
23.16515820474399
23.221159254348546
23.27718346339291
23.333230926249694
23.389301737705644
23.445395992964638
23.501513787650758
23.557655217811337
23.613820379920067
23.670009370880138
23.726222288027376
23.782459229133448
23.838720292409054
23.895005576507188
23.951315180526397
24.007649204014097
24.064007746969892
24.120390909848947
24.176798793565375
24.233231499495666
24.28968912948215
24.34617178583646
24.4026795713431
24.459212589262954
24.515770943336896
24.572354737789404
24.628964077332217
24.685599067168027
24.7422598129942
24.79894642100653
24.85565899790304
24.912397650887804
24.969162487674833
25.025953616491957
25.082771146084774
25.13961518572063
25.196485845192633
25.253383234823715
25.310307465470714
25.367258648528523
25.424236895934246
25.481242320171436
25.53827503427432
25.595335151832128
25.652422786993405
25.70953805447041
25.766681069543534
25.823851948065766
25.881050806467208
25.938277761759633
25.995532931541078
26.052816434000505
26.110128387922487
26.167468912691948
26.224838128298952
26.28223615534354
26.339663115040615
26.39711912922488
26.454604320355813
26.5121188115227
26.56966272644975
26.627236189501176
26.684839325686443
26.742472260665483
26.80013512075398
26.857828032928744
26.915551124833115
26.97330452478241
27.031088361769452
27.08890276547015
27.146747866249118
27.204623795165382
27.26253068397813
27.32046866515252
27.378437871865554
27.43643843801202
27.494470498210482
27.552534187809346
27.610629642892995
27.668757000287957
27.726916397569198
27.785107973066403
27.843331865870415
27.901588215839652
27.959877163606674
28.01819885058477
28.076553418974616
28.13494101177105
28.193361772769876
28.251815846574743
28.31030337860415
28.368824515098456
28.42737940312702
28.485968190595404
28.54459102625265
28.603248059698643
28.661939441391556
28.720665322655375
28.77942585568751
28.838221193566497
28.89705149025978
28.95591690063157
29.014817580450828
29.07375368639929
29.13272537607962
29.19173280802365
29.250776141700705
29.309855537526015
29.36897115686925
29.428123162063137
29.487311716412165
29.54653698420142
29.605799130705496
29.66509832219753
29.724434725958318
29.783808510285567
29.84321984450323
29.902668898970976
29.962155845093736
30.021680855331407
30.081244103208626
30.140845763324702
30.20048601136363
30.26016502410425
30.31988297943052
30.379640056341913
30.439436434963927
30.499272296558743
30.559147823536005
30.619063199463724
30.67901860907932
30.739014238300808
30.7990502742381
30.85912690520446
30.91924432072811
30.97940271156397
31.039602269705522
31.09984318839686
31.160125662144875
31.220449886731572
31.280816059226588
31.34122437799981
31.401675042734208
31.462168254438794
31.522704215461744
31.583283129503727
31.643905201631355
31.704570638290843
31.765279647321822
31.826032437971335
31.88682922090802
31.94767020823648
32.00855561351184
32.06948565175444
32.13046053946485
32.19148049463893
32.252545736783205
32.313656486930356
32.374812967655004
32.43601540308962
32.4972640189407
32.55855904250515
32.61990070268687
32.681289230013576
32.742724856653844
32.80420781643441
32.86573834485765
32.92731667911934
32.98894305812669
33.05061772251651
33.11234091467378
33.174112878750336
33.23593386068393
33.29780410821746
33.35972387091853
33.42169340019926
33.48371294933638
33.5457827734916
33.60790312973227
33.67007427705236
33.732296476393664
33.794569990667405
33.85689508477608
33.91927202563562
33.98170108219793
34.04418252547368
34.10671662855547
34.16930366664131
34.23194391705849
34.2946376592877
34.35738517498764
34.42018674801989
34.483042664474134
34.545953212693895
34.608918683302505
34.67193936922952
34.73501556573755
34.798147570449466
34.86133568337603
34.92458020694396
34.98788144602437
35.05123970796168
35.11465530260301
35.17812854232793
35.24165974207876
35.30524921939127
35.36889729442591
35.43260428999952
35.496370531617465
35.560196347506384
35.6240820686474
35.68802802880982
35.75203456458545
35.816102015423404
35.88023072366547
35.94442103458207
36.00867329640877
36.072987860383435
36.13736508078388
36.20180531496627
36.26630892340406
36.330876269727575
36.39550772076431
36.460203646579785
36.52496442051921
36.58979041924975
36.654682022803534
36.71963961462136
36.78466358159719
36.84975431412333
36.91491220613647
36.980137655164384
37.04543106237355
37.11079283261753
37.17622337448617
37.24172310035573
37.30729242643978
37.37293177284108
37.438641563604314
37.504422226769776
37.570274194428016
37.63619790277541
37.70219379217078
37.768262307193005
37.83440389669964
37.900619013886654
37.966908116349174
38.03327166614343
38.09971012984973
38.1662239786367
38.232813688326594
38.29947973946191
38.36622261737318
38.43304281224812
38.499940819201896
38.566917138348956
38.63397227487601
38.7011067391165
38.76832104662652
38.835615718262076
38.902991280257986
38.97044826430814
39.03798720764748
39.10560865313547
39.17331314934125
39.241101250630436
39.308973517253705
39.376930515437046
39.4449728174739
39.51310100181909
39.58131565318467
39.64961736263772
39.718006727700114
39.78648435245032
39.855050847627346
39.92370683073675
39.992452926158904
40.06128976525949
40.130217986502345
40.19923823556462
40.268351165454405
40.33755743663088
40.406857717126975
40.47625268267469
40.54574301683313
40.61532941111928
40.68501256514168
40.75479318673694
40.82467199210932
40.89464970597343
40.964727061699975
41.03490480146491
41.10518367640181
41.175564446757726
41.24604788205264
41.31663476124245
41.38732587288574
41.45812201531441
41.529023996808206
41.6000326357734
41.67114876092553
41.74237321147656
41.813706837326414
41.88515049925904
41.95670506914324
42.02837143013826
42.100150476904396
42.17204311581873
42.24405026519608
42.31617285551547
42.388411829652135
42.46076814311536
42.53324276429223
42.605836674697514
42.67855086922988
42.751386356434686
42.82434415877341
42.8974253129001
42.97063086994497
43.04396189580535
43.11741947144436
43.191004693197335
43.26471867308655
43.338562539144185
43.41253743574412
43.486644523942594
43.56088498182822
43.635260004881516
43.7097708063444
43.78441861759993
43.859204688562606
43.934130288079665
44.00919670434374
44.08440524531727
44.159757239169
44.23525403472317
44.310897001921695
44.38668753229987
44.46262703947602
44.53871695965577
44.61495875215129
44.69135389991608
44.76790391009609
44.844610314597446
44.92147467067176
44.9984985615194
45.07568359691156
45.153031413831876
45.230543677138236
45.30822208024567
45.386068345831085
45.46408422656077
45.542271505841555
45.620631998596494
45.69916755206632
45.777880046637335
45.85677139669726
45.935843551519824
46.01509849617954
46.09453825249787
46.174164880022055
46.253980477038155
46.333987181619555
46.41418717271273
46.49458267126173
46.5751759413732
46.65596929152365
46.73696507581094
46.81816569525207
46.899573599129184
46.981191286386185
47.06302130707835
47.14506626387723
47.227328813633676
47.309811669001675
47.39251760012591
47.475449436396254
47.55861006827231
47.64200244918169
47.72562959749558
47.80949459858554
47.89360060696567
47.97795084852463
48.06254862285205
48.1473973056644
48.23250035133558
48.317861295537824
48.403483757998906
48.48937144538197
48.57552815429489
48.66195777443624
48.748664291885675
48.83565179254698
48.92292446575252
49.01048660803855
49.09834262710147
49.18649704594578
49.27495450723532
49.36371977786011
49.45279775373223
49.54219346482489
49.63191208047016
49.72195891493175
49.81233943327078
49.90305925752357
49.9941241732123
50.08554013621058
50.1773132799885
50.26944992326275
50.361956578080466
50.4548399583673
50.54810698897285
50.641764815249694
50.73582081320523
50.83028260026898
50.92515804672203
51.02045528783933
51.1161827368004
51.212349098429094
51.30896338382898
51.4060349259872
51.50357339642685
51.60158882299605
51.70009160889047
51.7990925530165
51.89860287181301
51.998634222662524
52.099198729036566
52.200309007536084
52.30197819700571
52.404219989920996
52.50704866627108
52.610479130185354
52.71452694958275
52.8192083991565
52.92454050704649
53.030541105596114
53.13722888664277
53.24462346185029
53.35274542866165
53.46161644252984
53.571259296178944
53.68169800675664
53.79295791186745
53.90506577562706
54.01804990605611
54.13194028534293
54.246768714756
54.3625689762875
54.47937701346969
54.5972311342412
54.71617223926754
54.836244079763
54.95749354964843
55.07997101785028
55.20373070774945
55.328831132291114
55.45533559515468
55.58331277077391
55.712837379048466
55.843990974515314
55.976862874848706
56.11155126024657
56.24816448412535
56.386822647427856
56.527659504971716
56.67082479444008
56.81648710956007
56.9648374828961
57.11609390702392
57.27050711608683
57.428368090012086
57.59001795995988
57.75586133646546
57.926384642773186
58.102181987888514
58.28399279937073
58.47275857327139
58.66971230080549
58.87652733170705
59.095583269316094
59.33048784324497
59.58724756078246
59.877499521750835
60.231644869190575