0.0475998951622654
0.14280008163226957
0.23800145658155483
0.33320481247252565
0.4284109419819593
0.5236206380868497
0.6188346941503463
0.7140539040078148
0.8092790620530469
0.9045109633246473
0.9997504035926243
1.0949981794452124
1.1902550883759542
1.28552192887107
1.3807995004971427
1.4760886039891465
1.571390041338848
1.6667046158836085
1.7620331323956158
1.857376397171577
1.952735218122898
2.048110404866384
2.143502768815486
2.2389131232721344
2.334342283519172
2.429791066913439
2.5252602929795267
2.620750783504239
2.716263362631793
2.8117988569597894
2.9073580956359915
3.0029419104559407
3.0985511359614515
3.1941866095400115
3.28984917152513
3.385539665297668
3.4812589373881924
3.577007837580381
3.6727872190155284
3.7685979382981913
3.864440855603001
3.960316834782704
4.0562267434774535
4.152171453225407
4.24815183957467
4.344168782196632
4.440223165000728
4.536315876250703
4.632447808682385
4.728619859623056
4.82483293111244
4.921087930025379
5.017385768196239
5.113727362545105
5.210113635205818
5.30654551365591
5.403023930848494
5.499549825346178
5.59612414145704
5.692747829372765
5.789421845308964
5.886147151647779
5.982924717082815
6.079755516766489
6.176640532459846
6.27358075268494
6.3705771728798375
6.467630795556322
6.564742630460395
6.661913694735635
6.7591450130895225
6.856437617962788
6.9537925497019115
7.051210856734825
7.148693595749949
7.246241831878636
7.343856638881137
7.441539099336194
7.539290304834352
7.637111356175123
7.735003363568105
7.83296744683817
7.931004735634855
8.02911636964607
8.12730349881627
8.225567283569196
8.32390889503537
8.422329515284423
8.520830337562483
8.619412566534699
8.718077418533122
8.816826121810065
8.915659916797127
9.014580056370066
9.113587806119698
9.212684444628973
9.311871263756501
9.411149568926653
9.510520679426483
9.609985928709683
9.7095466647078
9.809204250148932
9.908960062884148
10.00881549622191
10.1087719592707
10.208830877290186
10.308993692051153
10.40926186220452
10.509636863659729
10.610120189972827
10.710713352744559
10.811417882028818
10.912235326751784
11.013167255142143
11.114215255172745
11.215380935014096
11.316665923500109
11.41807187060652
11.519600447942423
11.6212533492554
11.723032290950705
11.824939012624997
11.92697527761519
12.029142873562915
12.131443612995183
12.233879333921845
12.336451900450458
12.439163203419202
12.54201516104854
12.645009719612284
12.748148854128843
12.85143456907339
12.954868899111775
13.058453909856985
13.162191698649075
13.266084395359435
13.370134163220401
13.474343199681169
13.5787137372911
13.68324804461149
13.787948427156975
13.892817228367774
13.997856830614033
14.10306965623361
14.208458168604686
14.314024873254688
14.419772319007023
14.525703099167275
14.631819852750557
14.738125265751776
14.844622072460748
14.951313056824047
15.058201053855775
15.165288951099354
15.2725796901427
15.380076268189189
15.487781739686984
15.595699218019426
15.703831877259361
15.812182953990375
15.920755749198179
16.02955363023546
16.13858003286377
16.24783846337626
16.357332500805157
16.46706579921828
16.577042090109057
16.687265184884712
16.797738977457776
16.908467446946094
17.01945466048718
17.130704776172763
17.242222046110026
17.35401081961636
17.466075546554773
17.578420780817797
17.691051183967996
17.80397152904397
17.917186704541077
18.030701718576992
18.144521703252696
18.25865191922033
18.373097760470156
18.487864759349684
18.602958591828994
18.718385083027268
18.834150213016724
18.950260122921193
19.066721121328083
19.18353969103368
19.300722496143447
19.41827638955055
19.536208420817726
19.654525844489584
19.773236128864667
19.89234696525889
20.011866277794756
20.131802233753454
20.25216325453027
20.372958027237097
20.49419551699974
20.61588498000188
20.738035977332334
20.86065838969718
20.98376243306435
21.107358675314316
21.2314580539777
21.356071895148425
21.481211933669666
21.606890334699653
21.733119716775178
21.8599131765028
21.987284315021363
22.115247266394757
22.243816728111035
22.373007993883395
22.502836988970493
22.63332030825834
22.764475257374208
22.896319897135005
23.028873091668995
23.162154560591556
23.29618493566324
23.43098582241336
23.566579867275255
23.70299083085243
23.840243668018786
23.978364615654332
24.117381288931583
24.25732278720113
24.398219810681127
24.540104789339114
24.683012025571713
24.826977852545042
24.972040810364884
25.118241842611933
25.265624516216942
25.414235268181013
25.56412368328933
25.715342807750222
25.867949504651722
26.02200485831143
26.177574636063333
26.334729817857575
26.49354720635245
26.654110133094527
26.81650928010552
26.980843640986354
27.147221651872783
27.315762530740265
27.486597874375267
27.65987357683425
27.8357521528948
28.014415577075884
28.196068786588192
28.3809440501624
28.569306482060128
28.761461094454152
28.957761952724617
29.15862426247071
29.36454063600229
29.57610347167612
29.79403654297983
30.01924095449341
30.252864457260486
30.496410699197956
30.75192112784424
31.022299973985337
31.311952251582397
31.62821527042646
31.98531170664696
32.42041905339059