0.06585124042954607
0.19755572879276317
0.3292662404640577
0.4609867936354096
0.5927214104819147
0.7244741187614844
0.856248953421017
0.9880499582109162
1.1198811873098493
1.251746706961663
1.3836505971264068
1.515596953147437
1.647589887436625
1.7796335311797276
1.9117320360640253
2.0438895760303937
2.176110349052027
2.3083985789420955
2.4407585171926995
2.5731944448475423
2.705710674410846
2.838311551795115
2.971001458310445
3.1037848126981986
3.236666073211962
3.3696497397488323
3.502740356034218
3.6359425118634663
3.7692608454037964
3.9027000455601724
4.036264854408929
4.169960069703151
4.303790547454011
4.437761204592484
4.571877021716097
4.706143045925602
4.840564393756775
4.975146254212762
5.109893891902763
5.2448126502931665
5.37990795507755
5.515185317672435
5.6506503388460105
5.7863087124875525
5.922166229525682
6.058228782004173
6.194502367324544
6.330993092665259
6.467707179588045
6.604650968842474
6.741830925380767
6.879253643595538
7.0169258527941105
7.154854422923971
7.293046370564972
7.431508865204985
7.57024923581696
7.709274977756617
7.848593760001481
7.988213432753479
8.128142035429063
8.268387805062629
8.40895918515108
8.549864834969528
8.691113639390602
8.832714719242425
8.974677442243257
9.11701143455399
9.259726592993117
9.402833097962723
9.546341427138216
9.690262369979225
9.83460704312423
9.97938690673719
10.124613781880775
10.270299868997746
10.416457767589883
10.563100497192432
10.710241519751712
10.857894763524243
11.006074648627772
11.154796114387997
11.30407464863986
11.453926319159201
11.604367807419615
11.75541644489081
11.907090252119072
12.059407980857868
12.212389159547817
12.366054142480706
12.520424163022644
12.675521391317542
12.831368996945049
12.98799121706774
13.145413430672194
13.303662239589304
13.462765557072562
13.622752704821469
13.783654519463571
13.945503469656197
14.108333785142127
14.272181599297015
14.437085106946974
14.603084739519929
14.770223359933837
14.938546480030773
15.108102503853265
15.278943000647363
15.451123012189873
15.624701399906284
15.799741238310798
15.976310262612762
16.154481379961986
16.33433325583807
16.51595098964427
16.69942689680252
16.884861418777096
17.072364187772155
17.262055279756
17.454066698525793
17.64854414553688
17.845649146322906
18.045561626186778
18.248483057903993
18.45464034613911
18.66429067279154
18.87772761341044
19.095288961326087
19.31736688652415
19.544421349904123
19.77699815913415
20.015753814271008
20.261490584592977
20.515207548328867
20.778177591104154
21.05206879079317
21.339146567301402
21.64263491964471
21.967425764284673
22.32167091091565
22.72117943325517
23.20729860109369