0.060017063217938274
0.18005245207787038
0.3000916285552078
0.4201371188792919
0.5401914510070349
0.6602571553158797
0.7803367652986926
0.9004328182611498
1.020547856022178
1.1406844256180146
1.260845080010465
1.3810323787999297
1.5012488889437945
1.621497185480776
1.7417798522618295
1.8620994826882333
1.9824586804574829
2.1028600603176275
2.2233062488307125
2.343799885145992
2.4643436217835983
2.584940125429378
2.705592077741607
2.82630217617034
2.947073134790149
3.0679076851470426
3.188808577120382
3.309778579800627
3.4308204823837847
3.551937095083448
3.673131250061366
3.794405802377501
3.915763630960563
4.037207639600074
4.158740757961022
4.280365942622236
4.402086178139633
4.523904478135564
4.645823886415505
4.767847478113425
4.889978360867198
5.012219676025484
5.1345745998876025
5.257046344977934
5.3796381613565165
5.5023533379675325
5.625195204027496
5.748167130455019
5.871272531344128
5.994514865483214
6.117897637921777
6.241424401587263
6.365098758954399
6.488924363769522
6.612904922832617
6.7370441978398015
6.8613460072892485
6.985814228453636
7.110452799422413
7.235265721217329
7.360257059984883
7.4854309492695625
7.610791592371929
7.73634326479588
7.862090316789648
7.988037175985362
8.114188350142303
8.240548429999278
8.367122092241855
8.493914102590608
8.620929319016815
8.748172695092537
8.875649283482407
9.00336423958493
9.131322825331587
9.25953041315264
9.387992490119016
9.516714662270383
9.645702659140147
9.774962338488878
9.904499691258403
10.034320846759737
10.164432078108904
10.29483980792573
10.425550614311737
10.55657123712454
10.687908584567321
10.81956974011343
10.951561969787665
11.083892729827427
11.21656967474874
11.349600665844113
11.482993780141392
11.616757319855026
11.750899822363843
11.88543007075217
12.020357104954268
12.155690233545453
12.291439046226992
12.427613427056016
12.564223568476176
12.701279986209856
12.83879353507824
12.976775425821684
13.115237242999685
13.254190964057216
13.393648979652696
13.533624115352133
13.674129654804469
13.815179364524822
13.956787520425335
14.09896893624803
14.241738994070486
14.385113677073667
14.529109604782109
14.673744071010232
14.81903508477526
14.965001414467533
15.111662635603365
15.259039182524964
15.407152404456683
15.556024626378282
15.705679215234804
15.85614065207062
16.00743461075347
16.159588044045137
16.312629277880674
16.46658811484086
16.62149594794585
16.77738588606627
16.934292892445672
17.092253938061923
17.251308171832257
17.41149710999623
17.572864847405132
17.735458293919805
17.899327439689813
18.06452565377932
18.231110021449027
18.399141726437524
18.568686485860358
18.739815046925894
18.912603756640955
19.087135218160117
19.263499050574666
19.441792772947746
19.622122838564994
19.804605852076
19.989370010998222
20.176556824714233
20.36632317972377
20.558843841125814
20.754314509485166
20.952955592965424
21.15501691237549
21.360783640171206
21.57058389723326
21.784798616004
22.00387456350704
22.228341869573285
22.45883814498721
22.696142529194155
22.941225229436814
23.195322250530815
23.460053195276384
23.737617431023047
24.031144609030775
24.34538290364339
24.688243507324653
25.07506646831697
25.545965045007165