0.03235490271891419
0.09706476563739452
0.16177480099915828
0.22648512377081964
0.29119584892563105
0.35590709144613886
0.42061896632684026
0.48533158857684017
0.55004507322251
0.6147595353101465
0.6794750899086335
0.7441918521121034
0.8089099370426016
0.8736294598527524
0.9383505357284271
1.003073279891414
1.067797807602091
1.1325242341621016
1.1972526749170318
1.2619832452590922
1.3267160606298014
1.391451236522674
1.4561888884859118
1.5209291321250973
1.585672083105894
1.650417857156748
1.7151665700715952
1.7799183377125734
1.8446732760127367
1.909431500978778
1.9741931286937537
2.0389582753198154
2.1037270571009463
2.1684995903657023
2.2332759915299607
2.2980563770996745
2.36284086367363
2.4276295679462154
2.492422606710191
2.5572200968594716
2.6220221553919107
2.686828899412095
2.7516404461341435
2.8164569128845196
2.881278417104842
2.946105076354713
3.010937008314549
3.0757743307884193
3.1406171617068983
3.20546561912992
3.270319821249647
3.3351798863933446
3.400045933026267
3.46491807975455
3.529796445328119
3.5946811486435997
3.6595723087472454
3.7244700448378696
3.7893744762697947
3.854285722555806
3.9192039033701205
3.9841291385513653
4.049061548105568
4.114001252209162
4.178948371211994
4.243903025640355
4.3088653362000215
4.373835423779301
4.4388134094521
4.5037994144810005
4.568793560320353
4.633795968619377
4.698806761225282
4.763826060186401
4.828853987755334
4.893890666392113
4.9589362187673744
5.0239907677655555
5.089054436488095
5.1541273482566625
5.2192096266163865
5.284301395339122
5.3494027784267075
5.414513900114264
5.479634884873492
5.544765857415994
5.609906942696617
5.675058265916805
5.740219952527976
5.805392128234915
5.870574918999182
5.9357684510425495
6.000972850850446
6.066188245175429
6.131414761040667
6.196652525743461
6.261901666858758
6.327162312242717
6.392434590036267
6.4577186286687045
6.523014556861307
6.588322503630971
6.653642598293865
6.718974970469112
6.784319750082495
6.84967706737018
6.9150470528824695
6.9804298374875735
7.045825552375408
7.111234329061423
7.176656299390442
7.242091595540541
7.307540350026944
7.373002695705949
7.438478765778883
7.50396869379607
7.569472613660844
7.634990659633581
7.700522966335755
7.766069668754029
7.831630902244375
7.897206802536213
7.962797505736597
8.02840314833441
8.094023867204607
8.159659799612479
8.225311083217953
8.29097785607992
8.35666025666059
8.4223584238299
8.488072496869927
8.553802615479356
8.619548919777968
8.685311550311175
8.751090648054577
8.81688635441856
8.882698811252933
8.948528160851595
9.014374545957244
9.080238109766114
9.146118995932765
9.212017348574896
9.277933312278204
9.343867032101286
9.409818653580563
9.475788322735276
9.541776186072486
9.607782390592142
9.673807083792184
9.73985041367368
9.805912528746019
9.87199357803214
9.938093711073797
10.004213077936898
10.07035182921685
10.136510116043985
10.202688090089005
10.268885903568497
10.33510370925048
10.401341660460014
10.46759991108484
10.533878615581084
10.60017792897902
10.666498006888855
10.732839005506596
10.799201081619955
10.865584392614304
10.931989096478699
10.998415351811943
11.064863317828715
11.131333154365755
11.197825021888097
11.264339081495365
11.330875494928142
11.397434424574367
11.46401603347583
11.530620485334694
11.597247944520106
11.663898576074848
11.730572545722072
11.797270019872089
11.863991165629221
11.930736150798731
11.997505143893807
12.064298314142626
12.131115831495476
12.19795786663196
12.264824590968258
12.331716176664484
12.398632796632084
12.46557462454133
12.532541834828896
12.599534602705479
12.666553104163537
12.733597515985075
12.800668015749526
12.867764781841705
12.934887993459853
13.002037830623754
13.069214474182953
13.136418105825031
13.203648908084004
13.270907064348771
13.338192758871688
13.405506176777203
13.472847504070597
13.540216927646819
13.607614635299413
13.675040815729533
13.742495658555066
13.80997935431986
13.877492094503024
13.945034071528362
14.012605478773885
14.080206510581451
14.147837362266486
14.215498230127832
14.283189311457692
14.350910804551697
14.418662908719076
14.486445824292941
14.554259752640695
14.622104896174552
14.689981458362174
14.757889643737435
14.825829657911306
14.893801707582863
14.961806000550418
15.029842745722792
15.097912153130702
15.166014433938292
15.234149800454796
15.30231846614633
15.370520645647835
15.43875655477515
15.50702641053724
15.575330431148545
15.643668836041517
15.71204184587926
15.780449682568356
15.848892569271836
15.917370730422293
15.985884391735183
16.054433780222254
16.123019124205175
16.191640653329294
16.260298598577602
16.32899319228484
16.397724668151795
16.466493261259775
16.535299208085256
16.604142746514725
16.673024115859686
16.741943556871885
16.81090131175871
16.879897624198776
16.948932739357744
17.0180069039043
17.08712036602637
17.156273375447526
17.22546618344361
17.294699042859584
17.36397220812657
17.433285935279144
17.50264048197284
17.57203610750189
17.64147307281718
17.710951640544483
17.780472075002884
17.85003464222349
17.91963960996838
17.989287247749793
18.05897782684959
18.12871162033898
18.198488903098497
18.26830995183829
18.338175045118614
18.40808446337069
18.478038488917797
18.54803740599664
18.6180815007791
18.688171061394165
18.758306377950277
18.828487742557922
18.898715449352565
18.968989794517906
19.03931107630945
19.109679595078443
19.180095653296114
19.25055955557829
19.321071608710334
19.391632121672487
19.462241405665544
19.53289977413689
19.60360754280696
19.674365029696038
19.74517255515149
19.816030441875366
19.886939014952425
19.95789860187857
20.02890953258971
20.09997213949107
20.17108675748688
20.24225372401059
20.313473379055498
20.384746065205825
20.456072127668314
20.52745191430426
20.598885775662083
20.67037406501033
20.741917138371267
20.81351535455494
20.885169075193783
20.956878664777747
21.028644490690027
21.100466923243292
21.17234633571653
21.244283104392455
21.316277608595517
21.388330230730528
21.460441356321887
21.53261137405346
21.604840675809072
21.677129656713696
21.749478715175293
21.821888252927316
21.894358675071953
21.966890390124053
22.03948381005579
22.11213935034206
22.184857430006645
22.257638471669157
22.330482901592735
22.403391149732595
22.476363649785377
22.549400839239315
22.622503159425307
22.69567105556883
22.76890497684274
22.842205376421035
22.915572711533475
22.989007443521235
23.062510037893468
23.1360809643849
23.20972069701443
23.28342971414476
23.35720849854311
23.431057537442975
23.504977322607054
23.578968350391253
23.653031121809875
23.727166142601988
23.80137392329902
23.87565497929358
23.95000983090952
24.024439003473358
24.098943027386962
24.173522438201626
24.248177776693534
24.32290958894061
24.397718426400875
24.47260484599224
24.547569410173853
24.622612687028994
24.697735250349563
24.772937679722194
24.848220560616063
24.923584484472393
24.999030048795703
25.07455785724688
25.150168519738056
25.225862652529415
25.30164087832787
25.3775038263878
25.453452132613727
25.52948643966514
25.605607397063405
25.681815661300906
25.75811189595236
25.834496771788505
25.91097096689207
25.987535166776222
26.064190064505443
26.140936360818987
26.217774764256905
26.2947059912888
26.371730766445264
26.448849822452182
26.52606390036793
26.603373749723502
26.680780128665727
26.758283804103616
26.8358855518579
26.913586156813903
26.991386413077787
27.069287124136313
27.14728910302015
27.22539317247092
27.30360016511196
27.38191092362306
27.46032630091914
27.53884716033306
27.617474375802704
27.696208832062368
27.775051424838644
27.854003061050943
27.933064659016722
28.012237148661637
28.091521471734687
28.170918582028566
28.250429445605327
28.330055041027553
28.409796359595163
28.489654405588063
28.569630196514815
28.64972476336746
28.72993915088274
28.81027441780992
28.89073163718535
28.97131189661405
29.052016298558502
29.1328459606349
29.213802015917057
29.29488561324826
29.376097917561314
29.457440110207013
29.53891338929137
29.62051897002182
29.702258085062784
29.784131984900814
29.8661419382197
29.948289232285866
30.030575173344364
30.113001087025896
30.195568318765176
30.27827823423107
30.361132219768916
30.444131682855396
30.527278052566512
30.610572780059037
30.694017339065933
30.777613226406302
30.861361962510326
30.945265091959776
31.029324184044658
31.11354083333658
31.1979166602795
31.282453311798445
31.36715246192693
31.452015812453794
31.53704509359011
31.622242064657083
31.70760851479563
31.793146263698553
31.87885716236616
31.96474309388631
32.05080597423982
32.137047753132265
32.22347041485325
32.3100759791643
32.39686650221646
32.48384407749899
32.571010836820314
32.658368951322636
32.7459206325317
32.83366813344315
32.92161374964708
33.00975982049242
33.098108730293
33.186662909577
33.27542483638185
33.36439703759655
33.453582090353564
33.5429826234727
33.632601318959104
33.722440913558174
33.81250420036991
33.90279403052557
33.99331331492959
34.08406502606996
34.17505219990039
34.26627793779774
34.35774540859849
34.449457850718304
34.541418574358694
34.633630963805416
34.72609847982324
34.81882466215212
34.91181313211012
35.00506759530879
35.09859184448692
35.192389762469226
35.28646532525671
35.380822605256
35.47546577465548
35.57039910895646
35.66562699066818
35.76115391317629
35.85698448479471
35.95312343301178
36.04957560894235
36.14634599199809
36.24343969478946
36.34086196827352
36.43861820716306
36.536713955613415
36.63515491320477
36.73394694123913
36.83309606937247
36.932608502604275
37.03249062864856
37.132749025712236
37.233390470708834
37.33442194793799
37.435850658263675
37.53768402882674
37.639929723330695
37.742595652942846
37.8456899878567
37.94922116956572
38.05319792390298
38.157629274906455
38.262524559575056
38.36789344358703
38.47374593805894
38.580092417431445
38.68694363857637
38.794310761229426
38.90220536986343
39.01063949712916
39.1196256490042
39.22917683180567
39.339306581239484
39.450028993678636
39.56135875988441
39.6733112014098
39.78590230995224
39.89914878995537
40.01306810479617
40.12767852693594
40.24299919246219
40.35905016050397
40.47585247806775
40.5934282509152
40.71180072119077
40.83099435260757
40.95103492411779
41.07194963313165
41.193767209511215
41.31651804175699
41.44023431703238
41.564950176941245
41.69070189129733
41.817528052511825
41.94546979369383
42.07457103412569
42.20487875646659
42.33644332088529
42.469318822366844
42.603563498733436
42.73924019853553
42.876416920001496
43.015167434806266
43.15557201370294
43.297718275287174
43.44170218465274
43.58762923589485
43.73561586195764
43.8857911281096
44.038298782683384
44.193299762581134
44.35097528435134
44.51153069887397
44.67520035586576
44.84225382477577
45.01300396963791
45.18781760827991
45.36712985540453
45.551463853034456
45.74145861673238
45.937909540623075
46.141829482086585
46.35454502478177
46.577856731827865
46.814325403234044
47.06783395132556
47.34484787487425
47.657895314474665
48.039710511175436