0.027078671201493758
0.0812360372069511
0.13539347402008536
0.189551028846906
0.24370874889475966
0.2978666813728653
0.35202487349284917
0.4061833724692797
0.46034222552020315
0.5145014798676785
0.568661182738313
0.6228213813637983
0.6769821229814451
0.7311434548347203
0.7853054241737825
0.8394680782560184
0.8936314643465798
0.9477956297189201
1.0019606216553314
1.0561264874474823
1.1102932743969558
1.1644610298157865
1.2186298010269998
1.2727996353651507
1.3269705801768628
1.3811426828213673
1.4353159906710442
1.4894905511119618
1.5436664115444179
1.5978436193834813
1.652022222059533
1.7062022670188095
1.760383801723945
1.814566873654515
1.8687515303075806
1.9229378191982327
1.977125787860137
2.0313154838460803
2.0855069547285168
2.139700248100115
2.1938954115743057
2.2480924927858297
2.3022915393912875
2.356492599069691
2.41069571952301
2.464900948476727
2.519108333680389
2.5733179229081578
2.6275297639593687
2.68174390465908
2.7359603928586322
2.7901792764362017
2.8444006032973608
2.898624421375634
2.952850778633057
3.007079723060738
3.061311302679419
3.115545565540036
3.1697825597242844
3.224022333345181
3.27826493454763
3.33251041150899
3.3867588124396413
3.441010185583553
3.4952645792188535
3.5495220416584012
3.6037826212503568
3.658046366378756
3.7123133254640828
3.7665835469638482
3.820857079373163
3.8751339712253188
3.9294142710923667
3.983698027585697
4.037985289356622
4.092276105096961
4.146570523539621
4.200868593459188
4.25517036367251
4.309475883039289
4.3637852004626705
4.418098364889834
4.472415425312593
4.526736430767978
4.581061430338846
4.63539047315447
4.6897236083911436
4.744060885272777
4.798402353071507
4.852748061108297
4.907098058753543
4.961452395427684
5.0158111206018114
5.070174283798279
5.124541934591319
5.178914122607654
5.233290897527114
5.28767230908326
5.342058407063998
5.396449241312207
5.45084486172636
5.505245318261149
5.5596506609281215
5.6140609397963015
5.668476204992825
5.7228965067035755
5.777321895173821
5.831752420708851
5.886188133674617
5.940629084498375
5.995075323669333
6.049526901739293
6.103983869323309
6.158446277100326
6.2129141758138475
6.267387616272581
6.321866649351101
6.376351325990511
6.430841697199103
6.485337814053024
6.539839727696947
6.594347489344738
6.648861150280129
6.703380761857396
6.757906375502032
6.812438042711436
6.866975815055585
6.921519744177727
6.976069881795069
7.0306262796994625
7.085188989758107
7.1397580639142335
7.194333554187814
7.248915512676262
7.303503991555129
7.3580990430788225
7.412700719581312
7.467309073476839
7.521924157260639
7.576546023509657
7.631174724883273
7.685810314124024
7.740452844058329
7.795102367597234
7.849758937737128
7.904422607560497
7.959093430236653
8.013771459022486
8.068456747263204
8.123149348393094
8.17784931593626
8.232556703507402
8.287271564812556
8.341993953649869
8.396723923910361
8.451461529578703
8.506206824733987
8.560959863550503
8.61572070029852
8.670489389345077
8.725265985154767
8.78005054229053
8.834843115414454
8.889643759288564
8.944452528775638
8.999269478840015
9.054094664548389
9.108928141070649
9.16376996368068
9.218620187757196
9.273478868784565
9.328346062353639
9.383221824162591
9.438106210017759
9.492999275834482
9.54790107763795
9.60281167156407
9.6577311138603
9.71265946088653
9.767596769115936
9.822543095135856
9.877498495648664
9.932463027472643
9.987436747542882
10.042419712912144
10.097411980751785
10.152413608352626
10.207424653125873
10.262445172604018
10.317475224441747
10.372514866416868
10.42756415643122
10.48262315251161
10.537691912810741
10.592770495608146
10.647858959311137
10.702957362455741
10.758065763707673
10.813184221863267
10.868312795850459
10.92345154472975
10.978600527695175
11.033759804075292
11.088929433334156
11.144109475072318
11.199299989027816
11.254501035077178
11.309712673236433
11.364934963662117
11.420167966652304
11.475411742647614
11.53066635223226
11.585931856135076
11.641208315230564
11.696495790539942
11.751794343232199
11.807104034625157
11.862424926186538
11.917757079535042
11.97310055644142
12.028455418829573
12.083821728777634
12.139199548519077
12.194588940443818
12.249989967099333
12.305402691191777
12.360827175587108
12.416263483312232
12.47171167755613
12.527171821671018
12.5826439791735
12.638128213745725
12.693624589236563
12.749133169662784
12.804654019210231
12.860187202235029
12.915732783264774
12.971290826999743
13.026861398314109
13.082444562257162
13.138040384054547
13.193648929109493
13.249270263004064
13.304904451500418
13.360551560542062
13.416211656255125
13.47188480494965
13.527571073120855
13.583270527450455
13.63898323480796
13.694709262251974
13.750448677031539
13.806201546587449
13.8619679385536
13.91774792075833
13.973541561225788
14.02934892817729
14.0851700900327
14.141005115411815
14.196854073135764
14.2527170322284
14.308594061917733
14.364485231637333
14.420390611027779
14.476310269938097
14.532244278427207
14.588192706765396
14.64415562543579
14.700133105135832
14.756125216778777
14.812132031495207
14.868153620634528
14.924190055766514
14.980241408682833
15.036307751398592
15.092389156153908
15.148485695415463
15.204597441878098
15.260724468466394
15.31686684833628
15.373024654876652
15.429197961710992
15.485386842699011
15.541591371938301
15.597811623765994
15.654047672760436
15.710299593742876
15.766567461779166
15.822851352181468
15.879151340509985
15.93546750257469
15.991799914437085
16.048148652411953
16.10451379306915
16.16089541323537
16.217293589995972
16.273708400696787
16.33013992294594
16.386588234615704
16.44305341384436
16.499535539038053
16.556034688872696
16.61255094229586
16.669084378528694
16.725635077067846
16.782203117687416
16.83878858044092
16.895391545663248
16.952012093972666
17.008650306272827
17.06530626375477
17.121980047898983
17.178671740477434
17.23538142355565
17.292109179494812
17.348855090953826
17.40561924089148
17.46240171256854
17.519202589549938
17.57602195570691
17.632859895219212
17.68971649257729
17.74659183258453
17.80348600035949
17.86039908133814
17.917331161276167
17.974282326251238
18.031252662665345
18.08824225724711
18.14525119705414
18.20227956947542
18.25932746223366
18.31639496338775
18.373482161335158
18.430589144814384
18.487716002907437
18.544862825042323
18.60202970099554
18.659216720894644
18.71642397522076
18.77365155481118
18.830899550861957
18.888168054930517
18.945457158938307
19.002766955173435
19.060097536293384
19.117448995327702
19.17482142568073
19.232214921134364
19.289629575850835
19.347065484375502
19.40452274163967
19.462001442963462
19.51950168405868
19.5770235610317
19.63456717038641
19.692132609027144
19.749719974261666
19.807329363804183
19.864960875778348
19.922614608720338
19.98029066158193
20.0379891337336
20.09571012496767
20.153453735501472
20.211220065980534
20.269009217481816
20.326821291516943
20.384656390035488
20.442514615428298
20.500396070530808
20.558300858626428
20.616229083449934
20.674180849190904
20.73215626049717
20.79015542247833
20.848178440709244
20.906225421233625
20.96429647056761
21.02239169570338
21.080511204112828
21.138655103751244
21.19682350306105
21.25501651097554
21.3132342369227
21.371476790829007
21.429744283123334
21.48803682474082
21.546354527126823
21.604697502240903
21.663065862560824
21.721459721086607
21.779879191344637
21.83832438739178
21.896795423819547
21.95529241575832
22.01381547888159
22.072364729410257
22.130940284116953
22.189542260330427
22.248170775939947
22.306825949399784
22.365507899733686
22.424216746539454
22.48295260999351
22.54171561085556
22.60050587047325
22.65932351078691
22.71816865433433
22.777041424255593
22.835941944297918
22.894870338820606
22.953826732800007
23.012811251834524
23.0718240221497
23.130865170603325
23.189934824690624
23.24903311254947
23.30816016296566
23.36731610537826
23.42650106988499
23.485715187247635
23.54495858889759
23.60423140694139
23.663533774166304
23.722865824046043
23.78222769074645
23.84161950913131
23.901041414768198
23.960493543934373
24.01997603362276
24.07948902154799
24.13903264615247
24.198607046612572
24.25821236284486
24.317848735512346
24.377516306030895
24.43721521657563
24.49694561008743
24.556707630279483
24.616501421643953
24.676327129458663
24.736184899793876
24.796074879519164
24.855997216310318
24.915952058656362
24.97593955586664
25.03595985807794
25.096013116261783
25.15609948223169
25.216219108650602
25.27637214903836
25.336558757779244
25.39677909012966
25.457033302225813
25.517321551091584
25.577643994646383
25.638000791713186
25.698392102026578
25.758818086240957
25.8192789059388
25.879774723638995
25.940305702805343
26.000872007855076
26.061473804167516
26.122111258092847
26.182784536960924
26.24349380909028
26.304239243797134
26.365021011404593
26.425839283251893
26.486694231703797
26.547586030160076
26.608514853065092
26.669480875917543
26.73048427528026
26.791525228790174
26.852603915168356
26.91372051423021
26.97487520689578
27.036068175200175
27.0972996023041
27.15856967250457
27.21987857124569
27.281226485129604
27.342613601927575
27.404040110591172
27.465506201263633
27.527012065291338
27.588557895235436
27.650143884883608
27.711770229261987
27.77343712464721
27.835144768578633
27.8968933598707
27.95868309862545
28.020514186245194
28.082386825445354
28.144301220267455
28.20625757609228
28.268256099653215
28.33029699904973
28.392380483761045
28.454506764659996
28.516676054027045
28.578888565564473
28.641144514410787
28.70344411715528
28.765787591852803
28.828175158038707
28.89060703674402
28.953083450510764
29.01560462340753
29.078170781045237
29.140782150593083
29.20343896079473
29.26614144198471
29.32888982610503
29.391684346721995
29.45452523904329
29.51741273993527
29.58034708794048
29.64332852329543
29.706357287948585
29.769433625578642
29.83255778161302
29.895730003246612
29.95895053946082
30.022219641042827
30.085537560605143
30.148904552605426
30.21232087336658
30.275786781097146
30.33930253591195
30.402868399853077
30.46648463691111
30.53015151304671
30.593869296212464
30.657638256375055
30.721458665537778
30.785330797763354
30.849254929197063
30.913231338090252
30.977260304824146
31.041342111934025
31.10547704413376
31.16966538834069
31.233907433700885
31.298203471614773
31.36255379576316
31.4269587021336
31.49141848904722
31.555933457185887
31.620503909619835
31.685130151835658
31.749812491764786
31.814551239812335
31.87934670888643
31.944199214427996
32.00910907444095
32.07407660952292
32.1391021428964
32.20418600044037
32.269328510722524
32.33453000503183
32.39979081741173
32.46511128469381
32.53049174653206
32.59593254543756
32.66143402681385
32.7269965389928
32.79262043327103
32.85830606394701
32.92405378835865
32.98986396692157
33.055736963167995
33.12167314378625
33.187672878660926
33.25373654091368
33.31986450694478
33.38605715647527
33.45231487258983
33.518638041780456
33.585027053990736
33.65148230266099
33.71800418477409
33.78459310090211
33.85124945525374
33.91797365572259
33.98476611393616
34.05162724530585
34.11855746907771
34.1855572083841
34.25262689029628
34.31976694587793
34.38697781023953
34.45425992259383
34.52161372631217
34.58903966898194
34.65653820246495
34.72410978295694
34.791754871048084
34.85947393178468
34.927267434731895
34.99513585403768
35.063079668497856
35.13109936162243
35.199195421703095
35.26736834188199
35.335618620221794
35.40394675977708
35.47235326866703
35.540838660149554
35.609403452696775
35.67804817007199
35.74677334140807
35.815579501287445
35.8844671898235
35.953436952743736
36.02248934147438
36.09162491322679
36.160844231085434
36.230147864097766
36.299536387365734
36.36901038213921
36.43857043591127
36.5082171425154
36.577951102224645
36.647772921852834
36.71768321485776
36.78768260144665
36.85777170868364
36.927951170599606
36.99822162830419
37.06858373010023
37.13903813160061
37.209585495847485
37.280226493434185
37.35096180262955
37.4217921095051
37.49271810806482
37.56374050037783
37.63485999671392
37.706077315682016
37.77739318437175
37.84880833849816
37.92032352254952
37.99193948993859
38.06365700315715
38.13547683393411
38.207399763397156
38.279426582238095
38.35155809088197
38.42379509966013
38.49613842898725
38.56858890954248
38.64114738245485
38.71381469949307
38.78659172325977
38.85947932739037
38.93247839675674
39.00558982767575
39.07881452812283
39.15215341795076
39.22560742911384
39.29917750589753
39.37286460515374
39.44666969654209
39.520593762777104
39.59463779988165
39.66880281744687
39.743089838898584
39.81749990177071
39.892034057985526
39.966693374141386
40.04147893180779
40.11639182782831
40.19143317463141
40.26660410054964
40.34190575014723
40.41733928455657
40.49290588182382
40.56860673726385
40.644443063824916
40.72041609246348
40.796527072529315
40.87277727216143
40.949167978695094
41.02570049908038
41.10237616031266
41.179196309875344
41.256162316195514
41.3332755691127
41.41053748036138
41.48794948406771
41.56551303726096
41.64322962040019
41.72110073791676
41.79912791877328
41.87731271703957
41.955656712486274
42.03416151119681
42.11282874619842
42.19166007811294
42.27065719582814
42.349821817190424
42.429155689719664
42.508660591347216
42.58833833117779
42.66819075027641
42.74821972248126
42.82842715524363
42.908814990495934
42.989385205549155
43.070139814020735
43.15108086679438
43.232210453013025
43.313530701106394
43.39504377985471
43.47675189949009
43.558657312837234
43.64076231649526
43.72306925206241
43.80558050740562
43.88829851797702
43.97122576817939
44.054364792783005
44.13771817839612
44.22128856499172
44.30507864749309
44.38909117742118
44.47332896460658
44.5577948789694
44.64249185237028
44.7274228805361
44.812591025064265
44.897999415509204
44.983651251555706
45.06954980528325
45.155698423526204
45.24210053033488
45.3287596295429
45.41567930744642
45.502863235601374
45.590315173745246
45.6780389728501
45.76603857831431
45.854318033300835
45.94288148223034
46.03173317443815
46.1208774680045
46.21031883376845
46.30006185953626
46.390111254496034
46.48047185385122
46.571148623686376
46.6621466660798
46.75347122447855
46.845127689352665
46.937121604146505
47.02945867154694
47.12214476008901
47.21518591112205
47.30858834616056
47.40235847464636
47.49650290215073
47.5910284390476
47.68594210969153
47.78125116213709
47.87696307843945
47.973085585579646
48.069626667061605
48.166594575232686
48.26399784438383
48.36184530469114
48.46014609706625
48.55890968898948
48.65814589140704
48.75786487678168
48.858077198395165
48.95879381101103
49.06002609301774
49.16178587018461
49.264085441177734
49.366937604998945
49.47035569052943
49.57435358837999
49.67894578527377
49.78414740121362
49.88997422971708
49.99644278143622
50.10357033151987
50.21137497112113
50.319875663505755
50.429092305277564
50.53904579330764
50.64975809803508
50.76125234390267
50.87355289780137
50.98668546652789
51.10067720441263
51.21555683245603
51.331354770525834
51.44810328442254
51.56583664992558
51.68459133629856
51.804406212173596
51.92532277727022
52.0473854240564
52.170641734258936
52.29514281611526
52.42094368948065
52.548103727429464
52.67668716490569
52.80676368740481
52.93840911576624
53.071706207141524
53.20674559738106
53.343626916871244
53.48246012085244
53.6233670873088
53.766483551887845
53.91196147181542
54.0599719421825
54.210708832523764
54.36439337590252
54.52128003736001
54.68166413098173
54.84589187439665
55.01437391759502
55.18760395247337
55.36618497594298
55.55086749044366
55.742607110587265
55.94265534078258
56.152710689098456
56.37518858522251
56.61375115519351
56.87449561370553
57.169235101523476
57.528831558885564