0.04178773492741221
0.12536341135214357
0.20893970749987084
0.29251703656351086
0.37609581180236845
0.45967644656870893
0.5432593543343485
0.6268449487172663
0.7104336435082446
0.7940258526975412
0.8776219905015991
0.9612224713897987
1.044827710111258
1.1284381217216848
1.212054121610287
1.2956761255267455
1.3793045496082557
1.4629398104066411
1.5465823249155461
1.6302325105977113
1.7138907854123393
1.7975575678425526
1.881233276922953
1.9649183322672825
2.048613154096199
2.1323181632651638
2.21603378129245
2.2997604303872823
2.383498533478102
2.467248514240976
2.5510107971281455
2.634785807396725
2.7185739711375576
2.802375715304229
2.886191467742249
2.970021657218409
3.0538667134503115
3.1377270671360926
3.2216031499843276
3.3054953947441423
3.389404235235521
3.4733301063798288
3.55727344423055
3.641234686004247
3.725214270111756
3.8092126361896095
3.893230225131713
3.977267479121264
4.061324841662935
4.145402757615315
4.229501673223632
4.313622036152745
4.397764295520431
4.481928901930961
4.5661163075089855
4.650326965933724
4.734561332473475
4.818819864020455
4.903103019125967
4.987411258035918
5.071745042726687
5.156104836941349
5.240491106226276
5.3249043179681115
5.409344941431132
5.49381344779501
5.578310310192982
5.662836003750427
5.747391005623887
5.8319757950405
5.916590853337904
6.001236664004583
6.0859137127206875
6.170622487399328
6.255363478228365
6.340137177712701
6.424944080717073
6.5097846845093885
6.594659488804583
6.679568995809034
6.764513710265536
6.849494139498847
6.934510793461828
7.019564184782178
7.10465482880979
7.189783243664726
7.27494995028585
7.3601554724801055
7.445400336972468
7.530685073456593
7.6160102146461615
7.701376296326946
7.78678385740961
7.872233439983267
7.957725589369804
8.043260854178989
8.128839786364397
8.214462941280143
8.300130877738466
8.385844158068178
8.471603348173982
8.55740901759671
8.643261739574458
8.72916209110469
8.815110653007292
8.901108009988604
8.987154750706495
9.073251467836428
9.159398758138623
9.245597222526262
9.331847466134834
9.418150098392596
9.504505733092195
9.590914988463467
9.677378487247477
9.763896856771764
9.850470729026886
9.937100740744258
10.023787533475312
10.110531753672038
10.197334052768907
10.284195087266232
10.371115518814987
10.45809601430314
10.54513724594349
10.632239891363113
10.719404633694397
10.806632161667723
10.89392316970586
10.981278358020058
11.068698432707945
11.15618410585323
11.24373609562726
11.331355126392497
11.419041928807955
11.50679723993663
11.594621803354995
11.6825163692646
11.770481694605845
11.858518543173934
11.946627685737154
12.03480990015744
12.12306597151335
12.211396692225508
12.299802862184523
12.388285288881532
12.47684478754137
12.565482181258464
12.654198301135517
12.742993986425065
12.831870084673959
12.920827451870888
13.009866952596985
13.098989460179626
13.1881958568495
13.277487033901044
13.366863891856315
13.456327340632424
13.545878299712605
13.635517698321047
13.725246475601548
13.815065580800155
13.904975973451863
13.994978623571493
14.08507451184888
14.175264629848495
14.265549980213612
14.355931576875157
14.446410445265395
14.536987622536559
14.627664157784606
14.718441112278214
14.80931955969321
14.900300586352554
14.991385291472087
15.082574787412177
15.173870199935463
15.265272668470887
15.356783346384187
15.448403401255066
15.540134015161241
15.63197638496958
15.72393172263454
15.816001255504185
15.90818622663394
16.00048789510841
16.09290753637146
16.18544644256488
16.278105922875852
16.370887303893543
16.463791929975127
16.556821163621535
16.64997638586323
16.74325899665641
16.836670415289923
16.93021208080326
17.023885452416078
17.11769200996956
17.21163325438003
17.30571070810533
17.39992591562429
17.494280443929835
17.588775883036174
17.68341384650058
17.778195971960294
17.873123921685057
17.968199383145897
18.063424069600742
18.158799720697424
18.25432810309482
18.350011011102733
18.44585026734121
18.5418477234201
18.638005260639545
18.73432479071226
18.83080825650844
18.92745763282411
19.02427492717395
19.121262180609452
19.21842146856348
19.315754901722276
19.413264626926008
19.510952828099036
19.608821727211105
19.70687358527075
19.805110703352234
19.90353542365747
20.002150130614325
20.100957252012968
20.199959260181775
20.299158673204612
20.39855805618121
20.498160022532605
20.59796723535359
20.69798240881429
20.798208309613113
20.898647758483367
20.99930363175602
21.100178862981224
21.201276444611306
21.30259942974817
21.40415093395811
21.505934137157325
21.60795228557151
21.71020869377315
21.81270674680038
21.91544990236139
22.018441693128764
22.1216857291282
22.225185700226525
22.328945378724114
22.432968622057096
22.537259375615193
22.641821675681317
22.746659652499456
22.851777533477808
22.95717964653459
23.062870423594386
23.168854404243483
23.275136239553184
23.381720696080674
23.4886126600577
23.595817141778042
23.70333928019548
23.81118434774483
23.91935775539956
24.0278650579803
24.136711959729887
24.245904320171505
24.35544816026778
24.465349668900217
24.575615209689516
24.686251328179296
24.797264759407177
24.908662435889358
25.020451496046693
25.13263929310282
25.245233404487138
25.35824164177848
25.471672061228116
25.585532974904194
25.699832962503425
25.814580883879767
25.92978589234442
26.045457448796387
26.1616053367483
26.2782396783183
26.39537095126555
26.513010007154342
26.631168090740278
26.74985686068114
26.869088411685667
26.988875298224862
27.109230559943814
27.230167748926423
27.35170095898207
27.473844857141895
27.59661471757326
27.72002645814498
27.844096679902677
27.96884270974457
28.094282646622815
28.22043541163564
28.34732080242121
28.47495955231679
28.603373394807292
28.73258513385705
28.862618720799674
28.993499338554635
29.125253494048557
29.2579091198471
29.391495686152915
29.526044324501648
29.661587964695922
29.798161486764098
29.935801890024308
30.074548481685333
30.214443087837562
30.35553029019575
30.49785769257196
30.641476221808446
30.786440468821002
30.93280907653813
31.080645182928823
31.230016929068544
31.38099804440115
31.53366852415085
31.688115417407136
31.844433748999442
32.0027276042447
32.163111413476514
32.325711483635935
32.49066783810693
32.65813644484634
32.82829193880734
33.001330980869874
33.1774764468518
33.356982714313595
33.540142424012004
33.727295257080144
33.918839522249925
34.11524774891952
34.317088138846174
34.52505484416614
34.74001201351658
34.96306022290948
35.19564117344273
35.43971200279941
35.69805668602749
35.974897327646026
36.27726564769069
36.6187899897953
37.03508835648705