0.025491746047081647
0.07647525559217276
0.12745881749020266
0.17844246664364818
0.22942623795576278
0.280410166330887
0.33139428667475934
0.3823786338948268
0.43336324290055567
0.48434814860374237
0.5353333859188244
0.5863189897631912
0.6373049950574948
0.6882914367259617
0.7392783496967036
0.7902657689020282
0.8412537292787516
0.8922422657685092
0.9432314133180674
0.9942212068796354
1.0452116814111774
1.096202871876724
1.1471948132466854
1.1981875404981626
1.249181088615261
1.3001754925894027
1.3511707874196395
1.4021670081129654
1.4531641896846317
1.5041623671584585
1.5551615755671497
1.6061618499526065
1.6571632253662423
1.708165736869296
1.7591694195331486
1.8101743084396358
1.8611804386813657
1.9121878453620327
1.9631965635967341
2.014206628512286
2.0652180752475404
2.1162309389537004
2.1672452547946395
2.2182610579472173
2.2692783836015975
2.3202972669615676
2.371317743244855
2.422339847683447
2.473363615523911
2.524389082027712
2.5754162824715348
2.6264452521476027
2.6774760263639994
2.7285086404449883
2.779543129731337
2.8305795295806377
2.88161787536763
2.9326582024845225
2.9837005463413195
3.034744942366142
3.085791426005552
3.136840032724881
3.1878907980085494
3.2389437573603983
3.289998946304012
3.3410564003830454
3.392116155161555
3.44317824622432
3.4942427091771786
3.5453095796473497
3.5963788932837697
3.647450685757416
3.6985249927616426
3.749601850012509
3.8006812932491134
3.851763358233925
3.902848080753116
3.953935496616898
4.005025641659853
4.056118551741274
4.107214262745492
4.158312810582223
4.209414231186897
4.2605185605210005
4.311625834572411
4.36273608935574
4.413849360912672
4.464965685312303
4.516085098651484
4.567207637055164
4.61833333667673
4.669462233698353
4.7205943643313315
4.7717297648164365
4.822868471424258
4.874010520455551
4.925155948241587
4.976304791144495
5.027457085557617
5.078612867905858
5.129772174646033
5.18093504226722
5.232101507291116
5.283271606272388
5.334445375799027
5.3856228524927054
5.43680407300913
5.4879890740384045
5.539177892305383
5.59037056457003
5.641567127627782
5.692767618309909
5.743972073483873
5.795180530053695
5.846393024960317
5.897609595181968
5.948830277734528
6.000055109671896
6.051284128086364
6.102517370108974
6.153754872909901
6.204996673698813
6.256242809725253
6.307493318279009
6.358748236690486
6.410007602331083
6.461271452613574
6.512539824992481
6.563812756964456
6.61509028606866
6.6663724498871435
6.717659286045236
6.768950832211919
6.820247126100221
6.871548205467598
6.922854108116324
6.974164871893879
7.025480534693338
7.076801134453767
7.128126709160609
7.179457296846086
7.230792935589584
7.282133663518059
7.333479518806434
7.384830539677993
7.436186764404787
7.487548231308032
7.538914978758517
7.590287045177005
7.6416644690346445
7.69304728885337
7.7444355432063166
7.795829270718231
7.847228510065882
7.8986332999784725
7.950043679238058
8.001459686679961
8.052881361193196
8.104308741720871
8.155741867260636
8.207180776865082
8.258625509642178
8.310076104755694
8.36153260142563
8.412995038928642
8.464463456598477
8.515937893826402
8.567418390061645
8.618904984811824
8.670397717643382
8.721896628182042
8.773401756113232
8.824913141182533
8.876430823196127
8.927954842021242
8.979485237586598
9.03102204988286
9.082565318963088
9.134115084943193
9.18567138800239
9.237234268383657
9.288803766394196
9.340379922405889
9.391962776855774
9.443552370246488
9.49514874314676
9.546751936191862
9.598361990084088
9.64997894559322
9.701602843557021
9.753233724881683
9.804871630542339
9.85651660158352
9.908168679119647
9.959827904335524
10.01149431848681
10.063167962900524
10.114848878975527
10.166537108183025
10.218232692067058
10.269935672245
10.321646090408066
10.373363988321806
10.425089407826622
10.476822390838265
10.528562979348349
10.58031121542487
10.632067141212712
10.683830798934165
10.735602230889453
10.78738147945725
10.839168587095202
10.890963596340459
10.942766549810207
10.99457749020219
11.046396460295256
11.098223502949889
11.150058661108746
11.201901977797204
11.253753496123906
11.305613259281303
11.357481310546207
11.409357693280349
11.461242450930923
11.51313562703116
11.565037265200875
11.616947409147038
11.668866102664342
11.720793389635768
11.77272931403316
11.824673919917801
11.876627251440992
11.928589352844627
11.980560268461788
12.032540042717319
12.084528720128425
12.136526345305269
12.188532962951552
12.24054861786513
12.292573354938607
12.34460721915994
12.39665025561305
12.448702509478435
12.500764026033785
12.552834850654593
12.604915028814789
12.657004606087355
12.70910362814495
12.76121214076056
12.81333018980811
12.865457821263112
12.917595081203316
12.969742015809338
13.021898671365317
13.07406509425957
13.126241330985243
13.178427428140967
13.230623432431534
13.282829390668546
13.335045349771097
13.38727135676644
13.439507458790677
13.491753703089419
13.544010137018489
13.596276808044607
13.648553763746074
13.700841051813484
13.753138720050403
13.8054468163741
13.857765388816231
13.910094485523569
13.962434154758704
14.014784444900783
14.067145404446222
14.119517082009434
14.171899526323568
14.224292786241241
14.27669691073529
14.3291119488995
14.381537949949372
14.43397496322287
14.48642303818117
14.538882224409448
14.591352571617623
14.643834129641142
14.696326948441754
14.748831078108296
14.801346568857468
14.85387347103464
14.906411835114634
14.958961711702527
15.011523151534464
15.064096205478458
15.116680924535212
15.169277359838935
15.221885562658168
15.274505584396612
15.327137476593972
15.379781290926777
15.432437079209251
15.485104893394139
15.537784785573582
15.590476807979964
15.643181012986785
15.695897453109534
15.748626181006557
15.801367249479949
15.854120711476439
15.90688662008828
15.959665028554149
16.01245599026006
16.065259558740262
16.118075787678166
16.170904730907253
16.223746442412022
16.2766009763289
16.32946838694721
16.38234872871008
16.435242056215436
16.48814842421693
16.54106788762492
16.594000501507416
16.646946321091097
16.699905401762255
16.75287779906781
16.805863568716298
16.858862766578863
16.911875448690278
16.96490167124996
17.017941490622988
17.070994963341132
17.124062146103892
17.17714309577953
17.230237869406142
17.283346524192687
17.33646911752007
17.389605706942213
17.44275635018711
17.49592110515794
17.54910002993415
17.602293182772538
17.65550062210839
17.708722406556575
17.761958594912667
17.81520924615408
17.86847441944121
17.921754174118572
17.975048569715955
18.028357665949592
18.081681522723315
18.135020200129738
18.18837375845145
18.2417422581622
18.2951257599281
18.34852432460884
18.401938013258896
18.455366887128772
18.508811007666228
18.56227043651752
18.615745235528657
18.669235466746677
18.72274119242089
18.776262475004188
18.82979937715431
18.88335196173515
18.936920291818076
18.990504430683224
19.04410444182084
19.09772038893262
19.151352335933037
19.205000346950715
19.258664486329785
19.312344818631264
19.36604140863443
19.41975432133823
19.473483621962686
19.52722937595029
19.580991648967466
19.634770506905966
19.688566015884337
19.742378242249394
19.796207252577656
19.850053113676847
19.903915892587378
19.957795656583862
20.0116924731766
20.065606410113134
20.119537535379756
20.173485917203077
20.22745162405158
20.28143472463717
20.335435287916788
20.38945338309398
20.443489079620516
20.497542447198008
20.55161355577953
20.60570247557127
20.659809277034192
20.71393403088569
20.768076808101277
20.82223767991627
20.876416717827524
20.930613993595113
20.984829579244096
21.039063547066252
21.093315969621838
21.147586919741368
21.2018764705274
21.256184695356335
21.31051166788025
21.3648574620287
21.419222152010594
21.473605812316027
21.528008517718177
21.58243034327519
21.636871364332066
21.691331656522603
21.745811295771322
21.800310358295413
21.854828920606714
21.909367059513674
21.963924852123366
22.018502375843507
22.07309970838446
22.127716927761316
22.182354112295933
22.237011340619024
22.291688691672256
22.346386244710363
22.401104079303277
22.455842275338284
22.510600913022174
22.565380072883446
22.6201798357745
22.675000282873857
22.72984149568841
22.784703556055668
22.839586546146034
22.89449054846512
22.949415645856043
23.00436192150176
23.05932945892744
23.114318342002814
23.169328654944596
23.22436048231887
23.27941390904355
23.334489020390823
23.38958590198962
23.444704639828135
23.499845320256323
23.55500802998845
23.61019285610566
23.665399886058548
23.720629207669777
23.775880909136713
23.831155079034062
23.88645180631655
23.94177118032164
23.997113290772234
24.05247822777942
24.107866081845252
24.16327694386555
24.2187109051327
24.27416805733851
24.329648492577096
24.385152303347734
24.44067958255783
24.49623042352583
24.55180491998421
24.607403166082484
24.663025256390203
24.71867128590003
24.774341350030824
24.830035544630736
24.885753965980353
24.941496710795864
24.997263876232257
25.053055559886527
25.10887185980096
25.16471287446638
25.22057870282549
25.276469444276202
25.332385198675013
25.38832606634041
25.444292148056316
25.500283545075543
25.556300359123306
25.612342692400752
25.66841064758852
25.72450432785036
25.78062383683675
25.836769278688568
25.89294075804079
25.949138380026245
26.00536225027937
26.061612474940027
26.117889160657345
26.17419241459361
26.230522344428167
26.286879058361393
26.343262665118683
26.39967327395449
26.45611099465639
26.51257593754919
26.56906821349909
26.625587933917867
26.682135210767104
26.73871015656248
26.795312884378063
26.851943507850685
26.90860214118433
26.96528889915459
27.02200389711314
27.078747250992286
27.135519077309525
27.192319493172178
27.249148616282053
27.306006564940176
27.36289345805153
27.419809415129883
27.476754556302637
27.533729002315745
27.590732874538666
27.64776629496937
27.704829386239386
27.761922271618946
27.819045075022117
27.87619792101202
27.933380934806117
27.990594242281514
28.047837969980353
28.105112245115233
28.162417195574722
28.219752949928875
28.277119637434872
28.334517388042645
28.391946332400632
28.449406601861547
28.50689832848823
28.564421645059532
28.621976685076312
28.679563582767454
28.737182473095956
28.794833491765104
28.85251677522469
28.9102324606773
28.967980686084697
29.025761590174216
29.08357531244529
29.141421993176003
29.199301773429738
29.25721479506189
29.315161200726635
29.373141133883813
29.431154738805844
29.48920216058475
29.547283545139233
29.60539903922185
29.663548790426262
29.721732947194532
29.77995165882457
29.838205075477607
29.896493348185754
29.954816628859692
30.013175070296395
30.07156882618695
30.129998051124527
30.18846290061233
30.24696353107174
30.30550009985049
30.36407276523097
30.422681686438583
30.481327023650252
30.540008938002973
30.598727591602515
30.657483147532172
30.716275769861657
30.775105623656078
30.83397287498503
30.892877690931776
30.95182023960256
31.01080069013602
31.06981921271268
31.128875978564636
31.18797115998525
31.247104930339052
31.30627746407171
31.365488936720123
31.424739524922668
31.484029406429514
31.543358760113126
31.602727765978834
31.662136605175583
31.72158546000677
31.781074513941256
31.84060395162447
31.900173958889674
31.959784722769374
32.01943643150685
32.079129274567826
32.13886344265235
32.1986391277067
32.25845652293555
32.31831582281425
32.378217223101245
32.43816092085066
32.49814711442505
32.55817600350832
32.61824778911878
32.67836267362241
32.738520860746235
32.79872255559193
32.858967964649565
32.919257295811555
32.97959075838675
33.03996856311475
33.10039092218037
33.16085804922833
33.22137015937812
33.28192746923903
33.34253019692544
33.40317856207228
33.46387278585066
33.52461309098379
33.58539970176302
33.64623284406419
33.70711274536407
33.76803963475721
33.82901374297281
33.890035302391965
33.9511045470651
34.012221712729605
34.07338703682779
34.134600758525
34.195863118728056
34.257174360103875
34.318534727098445
34.37994446595596
34.441403824738266
34.502913053344635
34.564472403531724
34.62608212893384
34.68774248508354
34.74945372943249
34.81121612137258
34.87302992225743
34.93489539542411
34.99681280621525
35.05878242200142
35.12080451220384
35.182879348317435
35.245007203934215
35.30718835476702
35.36942307867354
35.4317116556808
35.49405436800992
35.55645150010124
35.6189033386399
35.681410172581714
35.74397229317946
35.80658999400959
35.869263570999294
35.93199332245403
35.99477954908543
36.05762255403961
36.12052264292599
36.18348012384651
36.24649530742523
36.309568506838524
36.37270003784566
36.43589021881982
36.49913937077969
36.56244781742148
36.62581588515149
36.689243903119156
36.75273220325062
36.81628112028291
36.8798909917985
36.9435621582606
37.00729496304891
37.07108975249599
37.13494687592421
37.198866685683235
37.262849537188266
37.326895788958794
37.39100580265798
37.455179943132784
37.51941857845464
37.58372207996093
37.648090822297
37.71252518345905
37.77702554483759
37.84159229126175
37.90622581104424
37.970926496027154
38.035694741628525
38.100530946889656
38.165435514523296
38.23040885096266
38.29545136641123
38.360563474893524
38.42574559430666
38.49099814647288
38.556321557193
38.62171625630075
38.687182677718155
38.752721259511866
38.81833244395047
38.8840166775629
38.94977441119785
39.0156061000843
39.08151220389307
39.14749318679962
39.213549517547904
39.27968166951543
39.345890120779565
39.41217535418501
39.47853785741256
39.5449781230492
39.61149664865943
39.67809393685805
39.7447704953842
39.81152683717697
39.878363480452286
39.94528094878143
40.01227977117099
40.07936048214439
40.14652362182501
40.21376973602096
40.281099376311445
40.34851310013495
40.41601147087911
40.48359505797236
40.55126443697748
40.61902018968701
40.68686290422052
40.754793175123986
40.82281160347114
40.89091879696682
40.95911537005262
41.02740194401458
41.09577914709319
41.16424761459569
41.23280798901073
41.30146092012546
41.370207065145046
41.43904708881487
41.50798166354518
41.57701146953858
41.646137194920215
41.71535953587074
41.7846791967623
41.85409689029741
41.92361333765102
41.993229268615565
42.062945421749404
42.13276254452855
42.20268139350177
42.27270273444926
42.34282734254493
42.413056002522374
42.48338950884471
42.553828665878314
42.624374288070634
42.69502720013212
42.765788237222495
42.83665824514139
42.90763808052353
42.978728611038605
43.04993071559588
43.121245284553886
43.19267321993506
43.26421543564578
43.33587285770169
43.40764642445867
43.47953708684953
43.55154580862666
43.623673566610755
43.695921350945795
43.76829016536063
43.840781027437195
43.91339496888559
43.986133035826434
44.05899628908039
44.13198580446549
44.205102673102125
44.278348001726265
44.35172291301098
44.4252285458966
44.49886605592988
44.57263661561229
44.64654141475793
44.72058166086124
44.79475857947504
44.869073414598915
44.94352742907872
45.01812190501725
45.09285814419667
45.16773746851301
45.2427612204232
45.31793076340512
45.393247482431036
45.46871278445503
45.54432809891482
45.620094878248615
45.6960145984274
45.77208875950344
45.84831888617537
45.924706528370734
46.00125326184643
46.07796068880788
46.154830438547584
46.2318641681039
46.3090635629406
46.38643033764844
46.46396623666914
46.541673035043
46.619552539181036
46.697606587662555
46.775837052059224
46.854245837786834
46.93283488498575
47.01160616943137
47.09056170347584
47.16970353702228
47.24903375853298
47.32855449607305
47.408267918391026
47.48817623603803
47.56828170252728
47.64858661553572
47.729093318149566
47.8098042001559
47.89072169938241
47.97184830308737
48.053186549402355
48.13473902883007
48.216508385799955
48.298497320284376
48.38070858947816
48.46314500954474
48.545809457432156
48.628704872762256
48.71183425979692
48.79520068948511
48.87880730159486
48.96265730693475
49.04675398966921
49.13110070973294
49.215700905349436
49.30055809565937
49.38567588346467
49.47105795809471
49.556708098401316
49.6426301758898
49.72882815799366
49.81530611150127
49.90206820614317
49.989118718349374
50.07646203518679
50.164102658487444
50.252045209178895
50.34029443182939
50.428855199420816
50.51773251836376
50.6069315337699
50.69645753499826
50.78631596149286
50.87651240893113
50.967052635703276
51.05794256974523
51.14918831574886
51.24079616277562
51.33277259230169
51.42512428672506
51.517858138367714
51.61098125900877
51.70450098998761
51.798424912919636
51.89276086107088
51.987516931442045
52.08270149761725
52.17832322343787
52.27439107756763
52.37091434902143
52.467902663737846
52.56536600228254
52.66331471877938
52.76175956117566
52.86071169295878
52.96018271645477
53.06018469785252
53.16073019411392
53.26183228194778
53.36350458904579
53.465761327801694
53.56861733176131
53.67208809508035
53.77618981530169
53.880939439802205
53.9863547163044
54.09245424789952
54.19925755308833
54.30678513141462
54.415058535346496
54.524100449153714
54.63393477563793
54.74458673170064
54.85608295388336
54.968451615191974
55.081722554727506
55.19592742189515
55.31109983726283
55.4272755724992
55.544492752253866
55.662792081367826
55.782217101441056
55.902814481568576
56.024634349021504
56.14773066684763
56.27216166686084
56.397990348367614
56.52528505535796
56.65412014792432
56.78457678757993
56.91674386122338
57.05071907515212
57.1866102593487
57.32453693408711
57.464632206950725
57.60704509041798
57.75194336096363
57.89951712428872
58.04998331431919
58.20359144638921
58.36063108461004
58.521441698653014
58.68642592637138
58.856067816955
59.03095857663771
59.211834016148174
59.39963102097244
59.59557653701437
59.80133569931345
60.01927641398745
60.252988651611965
60.5084493081225
60.79723801979252
61.14960553005798