0.029743743613976154
0.08923126858168244
0.14871890676927316
0.2082067336587464
0.26769482473521283
0.32718325548814126
0.38667210141260394
0.44616143801052244
0.5056513407919138
0.5651418852761366
0.6246331469931389
0.6841252014847042
0.7436181243057012
0.8031119910253308
0.8626068772283768
0.9221028585164549
0.9816000105092644
1.0410984088458397
1.1005981291858027
1.1600992472106173
1.219601838624843
1.279105979157392
1.3386117445627856
1.398119210622412
1.457628453145787
1.5171395479718144
1.5766525709700479
1.6361675980419554
1.6956847051221848
1.7552039681798304
1.8147254632197012
1.8742492662835926
1.933775453451557
1.9933041008431789
2.052835284618851
2.112369080981051
2.1719055661756226
2.231444816493057
2.290986908269778
2.350531917889427
2.410079921784153
2.469630996435905
2.5291852183777204
2.5887426641950286
2.648303410526943
2.7078675340675655
2.767435111567291
2.8270062198341113
2.886580935734927
2.9461593361968594
3.0057414982085646
3.0653274988215538
3.1249174151515127
3.1845113243796277
3.2441093037539135
3.3037114305905426
3.363317782275182
3.4229284362643293
3.4825434700866547
3.5421629613443466
3.6017869877144597
3.6614156269502662
3.721048956882613
3.7806870554212813
3.840330000556351
3.8999778703595678
3.959630742985714
4.0192886966739865
4.078951809749377
4.138620160624052
4.198293827798749
4.257972889864166
4.317657425502354
4.37734751348813
4.437043232690474
4.496744662073949
4.55645188070011
4.616164967728931
4.6758840024202275
4.735609064135089
4.7953402323373195
4.85507758659487
4.914821206581297
4.974571172077202
5.0343275629717015
5.0940904592638825
5.153859941064272
5.213636088596315
5.273418982197852
5.333208702322605
5.393005329541671
5.452808944545018
5.512619628142993
5.572437461267825
5.63226252497515
5.69209490044553
5.751934668985981
5.811781912031511
5.871636711146659
5.931499148027054
5.991369304500958
6.051247262530837
6.11113310421493
6.171026911788823
6.230928767627036
6.290838754244616
6.35075695429873
6.410683450590275
6.4706183260654955
6.530561663817595
6.590513547088376
6.65047405926987
6.7104432839059855
6.7704213046941595
6.8304082054870205
6.890404070294057
6.950408983283296
7.010423028782987
7.070446291283301
7.130478855438029
7.1905208060662975
7.250572228154293
7.310633206856984
7.3707038274998675
7.430784175580712
7.490874336771323
7.550974396919301
7.611084442049826
7.6712045583674415
7.731334832257849
7.791475350289716
7.851626199216494
7.911787465978242
7.971959237703466
8.032141601710963
8.09233464551168
8.152538456810587
8.21275312350855
8.27297873370422
8.33321537569594
8.393463137983654
8.453722109270831
8.5139923784664
8.574274034686693
8.634567167257412
8.694871865715587
8.755188219811572
8.815516319511023
8.875856254996918
8.93620811667157
8.996571995158659
9.056947981305271
9.117336166183964
9.177736641094832
9.238149497567589
9.298574827363664
9.35901272247831
9.419463275142734
9.479926577826221
9.5404027232383
9.600891804330894
9.66139391430051
9.721909146590427
9.782437594892906
9.842979353151412
9.90353451556285
9.96410317657982
10.024685430912887
10.085281373532856
10.14589109967308
10.206514704831767
10.267152284774316
10.32780393553566
10.388469753422637
10.449149835016351
10.50984427717459
10.570553177034224
10.631276632013643
10.692014739815196
10.752767598427665
10.813535306128742
10.874317961487531
10.935115663367062
10.995928510926836
11.056756603625372
11.117600041222783
11.17845892378337
11.239333351678235
11.300223425587909
11.361129246505003
11.422050915736877
11.482988534908337
11.543942205964335
11.604912031172713
11.665898113126943
11.726900554748903
11.78791945929168
11.848954930342373
11.910007071824932
11.971075988003026
12.032161783482914
12.093264563216355
12.154384432503532
12.215521496995997
12.276675862699655
12.337847635977747
12.399036923553876
12.460243832515053
12.521468470314762
12.582710944776048
12.643971364094647
12.705249836842116
12.766546471969011
12.827861378808073
12.889194667077456
12.950546446883964
13.011916828726333
13.07330592349853
13.134713842493076
13.196140697404402
13.257586600332237
13.319051663785014
13.380536000683314
13.442039724363331
13.503562948580376
13.565105787512397
13.62666835576355
13.68825076836777
13.749853140792403
13.811475588941855
13.873118229161268
13.93478117824024
13.996464553416564
14.058168472380013
14.119893053276147
14.181638414710163
14.243404675750762
14.305191955934077
14.367000375267612
14.42883005423422
14.490681113796134
14.552553675399011
14.614447860976023
14.676363792951985
14.738301594247524
14.800261388283271
14.86224329898411
14.924247450783453
14.986273968627557
15.04832297797988
15.110394604825485
15.172488975675467
15.234606217571443
15.296746458090064
15.358909825347581
15.421096448004452
15.483306455269982
15.545539976907031
15.607797143236725
15.670078085143265
15.732382934078727
15.794711822067956
15.857064881713468
15.919442246200424
15.981844049301642
16.044270425382653
16.106721509406817
16.16919743694048
16.231698344158186
16.294224367847935
16.356775645416494
16.419352314894756
16.481954514943173
16.54458238485721
16.607236064572874
16.66991569467229
16.732621416389346
16.79535337161536
16.85811170290486
16.920896553481363
16.98370806724324
17.046546388769656
17.109411663326533
17.172304036872607
17.23522365606552
17.298170668268007
17.361145221554096
17.424147464715432
17.487177547267617
17.550235619456643
17.61332183226538
17.676436337420135
17.739579287397284
17.802750835429958
17.86595113551482
17.929180342418896
17.992438611686488
18.05572609964616
18.119042963417783
18.182389360919682
18.245765450875833
18.30917139282316
18.37260734711888
18.436073474947964
18.49956993833066
18.563096900130066
18.626654524059877
18.690242974692097
18.75386241746492
18.817513018690683
18.881194945563873
18.94490836616926
19.008653449490094
19.072430365416416
19.136239284753433
19.200080379230013
19.26395382150727
19.32785978518722
19.391798444821568
19.45576997592058
19.51977455496206
19.583812359400394
19.647883567675777
19.711988359223447
19.776126914483115
19.840299414908422
19.90450604297658
19.96874698219807
20.033022417126475
20.09733253336842
20.161677517593642
20.22605755754516
20.29047284204957
20.354923561027473
20.419409905504
20.483932067619488
20.54849024064028
20.613084618969623
20.677715398158742
20.742382774918006
20.80708694712826
20.871828113852267
20.93660647534631
21.00142223307192
21.06627558970775
21.131166749161608
21.1960959165826
21.26106329837348
21.326069102203082
21.391113537018985
21.456196813060245
21.521319141870375
21.586480736310413
21.65168181057221
21.71692258019183
21.782203262063177
21.84752407445175
21.91288523700858
21.97828697078437
22.043729498243774
22.1092130432799
22.17473783122897
22.240304088885164
22.305912044515694
22.371561927876037
22.437253970225367
22.50298840434221
22.568765464540288
22.63458538668457
22.70044840820754
22.76635476812567
22.832304707056135
22.898298467233715
22.964336292527943
23.030418428460482
23.09654512222274
23.162716622693686
23.228933180457965
23.29519504782421
23.361502478843605
23.42785572932875
23.494255056872728
23.560700720868432
23.62719298252823
23.6937321049038
23.760318352906317
23.8269519933269
23.893633294857317
23.960362528111006
24.027139965644395
24.0939658819785
24.160840553620847
24.227764259087692
24.29473727892657
24.361759895739144
24.428832394204413
24.49595506110222
24.56312818533712
24.630352057962597
24.69762697220559
24.764953223491453
24.832331109469205
24.899760930037182
24.967242987369083
25.03477758594036
25.10236503255504
25.170005636372906
25.23769970893713
25.305447564202268
25.373249518562723
25.441105890881598
25.50901700252002
25.57698317736688
25.645004741869037
25.713082025062
25.78121535860105
25.849405076792866
25.917651516627636
25.985955017811644
26.05431592280041
26.122734576832293
26.191211327962666
26.259746527098596
26.328340528034108
26.396993687485967
26.465706365130064
26.534478923638357
26.603311728716434
26.67220514914165
26.741159556801893
26.81017532673499
26.879252837168735
26.948392469561593
27.017594608644043
27.08685964246062
27.156187962412673
27.225579963301783
27.295036043373933
27.364556604364438
27.434142051543585
27.50379279376306
27.5735092435032
27.643291816920954
27.713140933898774
27.78305701809426
27.853040496990698
27.923091801948456
27.993211368257274
28.063399635189473
28.13365704605407
28.203984048251876
28.27438109333153
28.34484863704656
28.415387139413408
28.48599706477055
28.556678881838618
28.627433063781655
28.69826008826942
28.769160437540876
28.840134598468804
28.911183062625597
28.98230632635028
29.05350489081675
29.124779262103292
29.19612995126337
29.267557474397762
29.339062352728032
29.410645112671403
29.482306285917023
29.5540464095037
29.625866025899125
29.697765683080572
29.769745934617234
29.84180733975405
29.913950463497258
29.98617587670155
30.058484156158965
30.13087588468952
30.203351651233657
30.27591205094651
30.34855768529405
30.421289162151165
30.49410709590174
30.56701210754071
30.640004824778245
30.713085882146046
30.786255921105795
30.859515590159884
30.93286554496443
31.006306448444622
31.079838970912505
31.15346379018724
31.227181591717898
31.300993068708863
31.37489892224793
31.44889986143711
31.5229966035263
31.597189874049825
31.671480406965962
31.745868944799508
31.820356238787486
31.894943049028083
31.96963014463289
32.04441830388253
32.11930831438581
32.194300973242434
32.26939708720942
32.34459747287131
32.419902956814276
32.495314375804284
32.570832576969295
32.64645841798578
32.7221927672696
32.79803650417134
32.873990519176324
32.95005571410931
33.02623300234418
33.10252330901859
33.1789275712539
33.25544673838035
33.33208177216785
33.40883364706237
33.48570335042828
33.56269188279657
33.63980025811944
33.7170295040312
33.79438066211584
33.87185478818135
33.94945295254114
34.02717624030265
34.10502575166353
34.183002602215424
34.26110792325584
34.33934286210821
34.41770858245042
34.49620626465218
34.57483710612143
34.653602321660124
34.73250314382973
34.811540823326695
34.890716629368306
34.97003185008924
35.04948779294921
35.12908578515201
35.20882717407652
35.288713327719876
35.36874563515342
35.448925506991756
35.529254375875496
35.60973369696802
35.690364948467
35.77114963213092
35.8520892738215
35.933185424062216
36.01443965861394
36.0958535790679
36.17742881345702
36.259167016886046
36.34106987218133
36.423139090560966
36.50537641232609
36.58778360757421
36.67036247693532
36.753114852331834
36.836042597763225
36.91914761011637
37.00243182000265
37.085897192622866
37.169545728661255
37.253379465209576
37.33740047672276
37.421610876007335
37.506012815244006
37.590608487045934
37.675400125554205
37.76039000757213
37.84558045374001
37.93097382975234
38.01657254761909
38.10237906697332
38.188395896427
38.274625594977394
38.36107077346632
38.44773409609466
38.534618281994874
38.62172610686408
38.70906040466084
38.79662406936845
38.88442005682821
38.97245138664603
39.06072114417594
39.14923248258453
39.23798862500018
39.32699286675168
39.41624857770068
39.50575920467277
39.5955282739927
39.685559394128894
39.7758562584534
39.866422648123375
39.957262435090826
40.04837958524767
40.13977816171372
40.2314623282756
40.32343635298525
40.415704611927254
40.50827159316473
40.60114190087447
40.69432025968244
40.78781151921191
40.881620658856946
40.97575279279546
41.070213175256455
41.16500720605779
41.260140436431534
41.355618575155724
41.45144749501233
41.547633239593296
41.644182030477864
41.741100274806435
41.83839457327837
41.93607172860311
42.03413875443682
42.13260288483923
42.23147158428848
42.33075255829495
42.43045376465886
42.530583425420296
42.63115003955479
42.732162396472546
42.833629590384824
42.935561035606966
43.03796648287443
43.1408560367555
43.24424017425287
43.34812976469549
43.45253609103257
43.55747087265331
43.66294628986924
43.768975010210504
43.87557021670447
43.98274563832372
44.0905155828118
44.19889497211931
44.307899380710715
44.417545077033
44.5278490684739
44.63882915017784
44.75050395813509
44.862893027013904
44.976016853267744
45.08989696412255
45.204555993132544
45.32001776309156
45.436307377201075
45.55345131953013
45.671477565960735
45.79041570699799
45.91029708404593
46.031154941012524
46.153024593422
46.27594361759003
46.39995206287262
46.525092690551894
46.65141124359417
46.77895675234053
46.90778188220567
47.03794333072079
47.16950228282874
47.30252493531607
47.43708310376943
47.57325492863769
47.71112570109215
47.850788834716525
47.99234701606055
48.135913576371166
48.28161413925432
48.42958861590009
48.579993642717845
48.73300558862502
48.88882430517418
49.04767785901817
49.20982858382921
49.375580935659315
49.545291862196876
49.71938475539477
49.89836864439433
50.08286528252937
50.27364854710433
50.471703855909404
50.678321799112915
50.895254008379325
51.12499157583454
51.37131152884768
51.640502719489064
51.944750287716836
52.315890135204405