0.027938792751852192
0.08381640585237077
0.1396941017436863
0.19557193562084466
0.2514499626806636
0.3073282381224417
0.36320681714866726
0.41908575496572725
0.47496510678461684
0.5308449278216484
0.5867252732991614
0.642606198446232
0.6984877584993834
0.7543700087032957
0.8102530043115173
0.866136800587175
0.9220214528036859
0.9779070162454692
1.0337935462086578
1.0896810980018117
1.1455697269466303
1.201459488378666
1.2573504376480389
1.313242630120151
1.3691361211764008
1.4250309662149
1.4809272206511899
1.536824939918958
1.592724179470755
1.6486249947787153
1.7045274413352747
1.76043157465389
1.8163374502697616
1.872245123740553
1.9281546506471146
1.9840660865942061
2.039979487211222
2.0958949081529146
2.151812405100122
2.207732033760495
2.2636538498692236
2.319577909189768
2.375504267514588
2.4314329806658734
2.487364104496278
2.543297694889653
2.599233807761779
2.655172499061107
2.711113824769491
2.7670578409029285
2.8230046035123006
2.8789541686841114
2.9349065925412323
2.9908619312436455
3.046820240989188
3.102781578014299
3.1587459985947683
3.2147135590464866
3.2706843157261956
3.3266583250322395
3.3826356434053233
3.4386163273292643
3.4946004333317537
3.5505880179851124
3.6065791379070538
3.6625738497614475
3.7185722102590812
3.774574276158429
3.83058010426642
3.8865897514392054
3.9426032745829347
3.998620730654525
4.054642176662441
4.110667669667469
4.166697266783501
4.2227310251783114
4.278769002074346
4.334811254749504
4.3908578405379295
4.4469088168308
4.50296424107712
4.559024170784514
4.615088663520026
4.671157776910918
4.727231568645474
4.783310096473798
4.839393418208628
4.895481591726141
4.951574674966767
5.007672725935998
5.06377580270521
5.119883963412485
5.175997266263421
5.232115769531968
5.288239531561251
5.3443686107644
5.400503065625384
5.456642954699842
5.5127883366159285
5.56893927007515
5.62509581385321
5.681258026800856
5.7374259678447315
5.7935996959882266
5.849779270312334
5.905964749976513
5.962156194219547
6.0183536623604095
6.074557213799136
6.1307669080176925
6.186982804580855
6.243204963137084
6.299433443419409
6.355668305246315
6.4119096085226275
6.46815741324041
6.5244117794798555
6.58067276741019
6.6369404372905745
6.693214849471009
6.749496064393248
6.805784142591708
6.8620791446943965
6.918381131423822
6.974690163597928
7.031006302131019
7.087329608034696
7.143660142418794
7.199997966492321
7.256343141564408
7.31269572904526
7.369055790447103
7.42542338738515
7.48179858157856
7.538181434851406
7.594572009133648
7.650970366462104
7.707376568981438
7.7637906789451385
7.82021275871651
7.876642870769668
7.933081077690539
7.989527442177859
8.045982027044186
8.102444895216912
8.158916109739286
8.215395733771421
8.271883830591346
8.328380463596014
8.384885696302359
8.441399592348331
8.497922215493944
8.554453629622332
8.610993898740803
8.667543086981915
8.724101258604529
8.7806684779949
8.837244809667745
8.893830318267337
8.950425068568597
9.007029125478185
9.06364255403561
9.120265419414336
9.1768977869229
9.233539722006029
9.290191290245767
9.346852557362613
9.403523589216656
9.46020445180872
9.51689521128152
9.573595933920814
9.63030668615657
9.687027534564143
9.743758545865438
9.800499786930109
9.857251324776737
9.914013226574038
9.970785559642058
10.027568391453388
10.084361789634386
10.14116582196639
10.197980556386963
10.254806060991124
10.311642404032593
10.368489653925051
10.425347879243398
10.482217148725017
10.539097531271054
10.595989095947703
10.652891911987489
10.709806048790577
10.766731575926071
10.82366856313333
10.88061708032329
10.9375771975798
10.994548985160952
11.051532513500431
11.108527853208871
11.165535075075217
11.222554250068098
11.27958544933721
11.336628744214696
11.393684206216552
11.450751907044033
11.507831918585063
11.564924312915663
11.622029162301388
11.67914653919876
11.736276516256732
11.793419166318134
11.850574562421164
11.907742777800848
11.964923885890542
12.022117960323426
12.07932507493402
12.136545303759695
12.193778721042206
12.251025401229235
12.308285418975936
12.365558849146497
12.422845766815712
12.480146247270559
12.537460366011791
12.594788198755547
12.652129821434952
12.709485310201757
12.766854741427958
12.824238191707456
12.881635737857708
12.939047456921402
12.996473426168132
13.053913723096095
13.111368425433788
13.168837611141742
13.226321358414227
13.283819745681017
13.341332851609117
13.398860755104554
13.45640353531414
13.513961271627258
13.571534043677687
13.629121931345393
13.686725014758375
13.7443433742945
13.801977090583367
13.859626244508167
13.917290917207566
13.974971190077616
14.032667144773647
14.090378863212205
14.148106427572987
14.205849920300787
14.26360942410748
14.32138502197399
14.379176797152292
14.436984833167426
14.494809213819522
14.552650023185844
14.610507345622846
14.66838126576825
14.726271868543126
14.78417923915401
14.842103463095016
14.900044626149977
14.958002814394597
15.015978114198623
15.073970612228031
15.131980395447236
15.190007551121306
15.248052166818203
15.306114330411042
15.364194130080362
15.422291654316416
15.480406991921488
15.538540232012215
15.596691464021935
15.654860777703053
15.713048263129425
15.771254010698758
15.82947811113504
15.887720655490975
15.945981735150443
16.004261441830995
16.062559867586327
16.12087710480884
16.179213246232152
16.237568384933667
16.29594261433717
16.354336028215428
16.412748720692807
16.47118078624793
16.529632319716356
16.588103416293247
16.646594171536112
16.705104681367523
16.763635042077887
16.82218535032823
16.880755703153
16.93934619796289
16.997956932547723
17.056588005079288
17.115239514114283
17.17391155859722
17.23260423786338
17.291317651641812
17.35005190005831
17.408807083638454
17.467583303310683
17.52638066040934
17.585199256677832
17.644039194271723
17.702900575761912
17.761783504137846
17.820688082810697
17.879614415616665
17.938562606820195
17.99753276111734
18.056524983639054
18.115539379954576
18.174576056074823
18.233635118455812
18.292716674002122
18.351820830070373
18.410947694472757
18.47009737548057
18.52926998182781
18.588465622714786
18.647684407811767
18.70692644726266
18.766191851688735
18.82548073219236
18.884793200360797
18.94412936827001
19.00348934848852
19.062873254081317
19.12228119861375
19.181713296155507
19.241169661284616
19.300650409091485
19.36015565518296
19.41968551568646
19.47924010725411
19.53881954706694
19.598423952839116
19.65805344282222
19.717708135809538
19.777388151140435
19.83709360870475
19.89682462894721
19.95658133287194
20.01636384204697
20.076172278608798
20.136006765267012
20.19586742530894
20.25575438260436
20.31566776161023
20.375607687375506
20.435574285545965
20.495567682369106
20.555588004699075
20.61563538000167
20.67570993635936
20.73581180247638
20.795941107683866
20.856097981945048
20.916282555860487
20.976494960673367
21.036735328274844
21.097003791209453
21.15730048268056
21.21762553655587
21.277979087373
21.3383612703451
21.398772221366546
21.459212077018663
21.519680974575547
21.58017905200991
21.640706447999005
21.701263301930606
21.761849753909072
21.822465944761426
21.883112016043547
21.943788110046402
22.004494369802348
22.065230939091506
22.125997962448192
22.186795585167427
22.247623953311507
22.308483213716652
22.369373513999726
22.430295002565007
22.491247828611076
22.55223214213773
22.613248093952997
22.674295835680226
22.73537551976526
22.79648729948365
22.857631328948003
22.918807763115375
22.98001675779474
23.041258469654576
23.102533056230506
23.163840675933017
23.225181488055306
23.286555652781168
23.347963331192986
23.409404685279842
23.470879877945663
23.53238907301751
23.593932435253926
23.655510130353395
23.717122324962904
23.77876918668658
23.84045088409444
23.902167586731245
23.963919465125453
24.025706690798255
24.08752943627276
24.14938787508324
24.211282181784497
24.273212531961367
24.3351791022383
24.397182070289055
24.459221614846534
24.5212979157127
24.583411153768655
24.64556151098478
24.707749170431047
24.76997431628743
24.832237133854438
24.894537809563783
24.956876530989177
25.019253486857263
25.081668867058642
25.144122862659103
25.20661566591092
25.26914747026433
25.33171847037913
25.39432886213643
25.456978842650546
25.519668610281034
25.582398364644874
25.645168306628825
25.7079786384019
25.770829563428027
25.833721286478852
25.8966540136467
25.959627952357714
26.022643311385167
26.085700300862896
26.14879913229897
26.211940018589477
26.27512317403254
26.338348814342453
26.40161715666406
26.464928419587267
26.528282823161785
26.591680588912034
26.655121939852258
26.718607100501817
26.782136296900728
26.845709756625332
26.90932770880425
26.972990384134494
27.03669801489782
27.100450834977277
27.164249079874
27.22809298672422
27.291982794316482
27.355918743109136
27.41990107524803
27.483930034584457
27.548005866693337
27.612128818891673
27.676299140257225
27.740517081647457
27.804782895718766
27.86909683694593
27.93345916164186
27.997870127977645
28.06232999600281
28.12683902766593
28.191397486835495
28.256005639321067
28.32066375289477
28.38537209731304
28.450130944338724
28.51494056776346
28.57980124343042
28.64471324925734
28.709676865259897
28.774692373575444
28.839760058487055
28.90488020644795
28.970053106106263
29.035279048330175
29.10055832623342
29.165891235201173
29.231278072916314
29.296719139386077
29.362214736969126
29.427765170402996
29.493370746831978
29.55903177583542
29.624748569456447
29.690521442231113
29.756350711218026
29.822236696028398
29.88817971885656
29.95418010451097
30.020238180445688
30.086354276792303
30.15252872639244
30.218761864830697
30.285054030468135
30.351405564476305
30.417816810871784
30.484288116551273
30.550819831327278
30.617412307964315
30.684065902215732
30.750780972861115
30.817557881744296
30.884396993811976
30.95129867715298
31.01826330303817
31.08529124596097
31.152382883678623
31.219538597254054
31.286758771098516
31.35404379301485
31.421394054241567
31.48880994949759
31.556291877027796
31.623840238649315
31.69145543979862
31.759137889579414
31.826888000811355
31.894706190079585
31.962592877785156
32.030548488196295
32.09857344950059
32.16666819385807
32.23483315745522
32.30306878055993
32.3713755075775
32.43975378710748
32.508204072001696
32.57672681942323
32.64532249090642
32.713991552418065
32.78273447441959
32.85155173193051
32.920443804592885
32.98941117673709
33.058454337448744
33.127573780636865
33.19677000510333
33.26604351461362
33.335394817968854
33.40482442907924
33.47433286703891
33.543920656202104
33.61358832626092
33.683336412324444
33.75316545499951
33.823076000472945
33.89306860059542
33.96314381296701
34.03330220102433
34.10354433412944
34.173870787660555
34.244282143104456
34.31477898815081
34.38536191678841
34.456031529403276
34.5267884328788
34.59763324069792
34.66856657304736
34.73958905692405
34.810701326243716
34.881904021951705
34.953197792136145
35.0245832921435
35.096061184696474
35.167632140014504
35.23929683593675
35.311055958047696
35.38291019980552
35.454860262673186
35.526906856252346
35.59905069842019
35.671292515469354
35.74363304225074
35.81607302231969
35.888613208085246
35.96125436096284
36.03399725153039
36.10684265968787
36.17979137482059
36.25284419596611
36.32600193198505
36.399265401735754
36.472635434253114
36.54611286893146
36.61969855571176
36.69339335527325
36.7671981392296
36.841113790329715
36.91514120266333
36.98928128187166
37.06353494536299
37.13790312253364
37.212386754994284
37.2869867968018
37.361704214696935
37.43653998834787
37.51149511059979
37.5865705877309
37.661767439714744
37.73708670048937
37.81252941823327
37.88809665564848
37.96378949025107
38.03960901466908
38.11555633694844
38.19163258086678
38.26783888625579
38.34417640933198
38.4206463230365
38.49724981738406
38.57398809982138
38.65086239559545
38.727873948131986
38.805024019424316
38.882313890433174
38.959744861497725
39.03731825275822
39.115035404590635
39.192897678053875
39.270906455349746
39.34906314029641
39.427369158815566
39.50582595943412
39.58443501380055
39.66319781721681
39.74211588918618
39.821190773977655
39.90042404120758
39.9798172864391
40.05937213180015
40.13909022662067
40.21897324808977
40.299022901933725
40.379240923115425
40.459629076556304
40.54018915788156
40.62092299418957
40.701832444846616
40.782919402307684
40.86418579296471
40.9456335780232
41.02726475440844
41.109081355702635
41.191085453114084
41.273279156480015
41.35566461530428
41.43824401983156
41.521019602159605
41.60399363739128
41.687168444827975
41.77054638920651
41.85412988198123
41.93792138265349
42.02192340015071
42.106138494257145
42.19056927709902
42.275218414686336
42.360088628514205
42.445182697226514
42.530503458344874
42.616053810066155
42.70183671313187
42.78785519277301
42.87411234073416
42.96061131738081
43.04735535389424
43.13434775455833
43.221591899143235
43.30909124539096
43.396849331608195
43.484869779372225
43.57315629635605
43.66171267927921
43.75054281699122
43.83965069369514
43.92904039231913
44.01871609804434
44.108682101998376
44.198942805123814
44.2895027222321
44.38036648625399
44.471538852698295
44.56302470433164
44.65482905609291
44.74695706025697
44.83941401186349
44.93220535442766
45.02533668595123
45.11881376525333
45.2126425186424
45.30682904695206
45.40137963296572
45.496300749256505
45.59159906647177
45.687281462093274
45.783355029707266
45.879827088821564
45.97670519526958
46.07399715224541
46.17171102201746
46.269855138372904
46.368438119849664
46.467468883818334
46.566956661482095
46.666911013869345
46.76734184890123
46.86825943962429
46.96967444370756
47.071597924313906
47.17404137246661
47.27701673104526
47.380536420559395
47.48461336686482
47.58926103100588
47.69449344138795
47.80032522850799
47.90677166249826
48.01384869376871
48.12157299706882
48.229962019329875
48.339034031694815
48.44880818619577
48.55930457760097
48.670544311023384
48.782549575966236
48.895343727576
49.00895137598616
49.12339848476614
49.23871247964446
49.35492236885809
49.47205887669618
49.59015459206421
49.709244134202685
49.82936433806412
49.950554462298406
50.07285642333757
50.19631505972955
50.32097843167888
50.44689816174688
50.57412982389838
50.70273338962286
50.832773741793666
50.96432126938128
51.097452559265406
51.23225120541815
51.36880876096122
51.50722586545966
51.647613588905905
51.79009504603364
51.93480735113663
52.08190400630869
52.23155784775695
52.383964719844954
52.53934811148335
52.697965085109786
52.86011397237098
53.026144532459895
53.19647162074322
53.3715939907486
53.552120829045826
53.73881035133854
53.932628006071305
54.13483819346091
54.347156947691396
54.572024658469026
54.81314135310657
55.076667454055006
55.37453878660664
55.737938465614626