0.028009771067735206
0.08402934115235343
0.1400489950847776
0.19606878876475364
0.25208877809384017
0.30810901897613396
0.3641295673189952
0.4201504790337729
0.4761718100365304
0.5321936162487716
0.5882159535981661
0.6442388780192767
0.7002624454542842
0.7562867118537159
0.8123117331771713
0.8683375653940506
0.9243642644842814
0.9803918864390482
1.03642048726152
1.0924501229675792
1.1484808495865526
1.2045127231619401
1.2605457997521456
1.3165801354312088
1.3726157862895358
1.428652808434633
1.4846912579918385
1.5407311911050574
1.5967726639374953
1.6528157326723931
1.7088604535137637
1.764906882687129
1.8209550764402562
1.8770050910438973
1.9330569827925272
1.9891108080050857
2.045166623025716
2.1012244842245096
2.1572844479982467
2.213346570771143
2.2694109089955914
2.3254775191529107
2.3815464577540935
2.4376177813405513
2.4936915464848677
2.549767809791547
2.6058466278977668
2.661928057474131
2.718012155225425
2.774098977891371
2.8301885822473847
2.886281025105336
2.9423763633143056
2.9984746537613494
3.054575953372259
3.110680319112329
3.1667878079871183
3.2228984770432234
3.279012383369041
3.3351295840955455
3.391250136397054
3.4473740974920055
3.503501524643735
3.559632475161251
3.615767006400013
3.671905175762715
3.7280470407000665
3.784192658711578
3.840342087346348
3.8964953842038494
3.952652606934722
4.008813813241565
4.064979060879728
4.121148407658113
4.17732191143997
4.233499630143696
4.28968162174364
4.345867944270911
4.40205865581418
4.45825381452049
4.514453478596073
4.570657706307157
4.626866555980791
4.683080086005656
4.739298354832891
4.795521420976915
4.8517493430162535
4.907982179594368
4.96421998942049
5.020462831270448
5.076710763987511
5.132963846483224
5.189222137738255
5.245485696803231
5.301754582799594
5.35802885492045
5.414308572431419
5.470593794671491
5.526884581053893
5.58318099106694
5.639483084274909
5.695790920318901
5.752104558917718
5.808424059868733
5.8647494830487705
5.921080888414983
5.977418336005745
6.033761885941525
6.090111598425791
6.146467533745897
6.20282975227398
6.259198314467865
6.315573280871966
6.371954712118196
6.428342668926878
6.484737212107661
6.541138402560434
6.597546301276257
6.65396096933828
6.710382467922677
6.7668108582995785
6.823246201834009
6.879688559986831
6.936137994315686
6.992594566475951
7.049058338221688
7.105529371406598
7.162007727984992
7.218493470012753
7.274986659648303
7.331487359153585
7.387995630895035
7.44451153734457
7.501035141080575
7.557566504788894
7.61410569126383
7.6706527634091435
7.72720778423906
7.783770816879282
7.840341924568002
7.896921170656924
7.953508618612292
8.010104332015915
8.066708374566206
8.123320810079218
8.179941702489696
8.236571115852117
8.293209114341758
8.349855762255748
8.406511124014134
8.463175264160954
8.519848247365317
8.576530138422479
8.633221002254936
8.689920903913515
8.746629908578468
8.803348081560584
8.860075488302298
8.9168121943788
8.973558265499163
9.03031376750747
9.08707876638395
9.143853328246108
9.200637519349883
9.257431406090792
9.314235055005087
9.371048532770931
9.427871906209553
9.484705242286438
9.541548608112503
9.59840207094529
9.655265698190165
9.712139557401516
9.769023716283968
9.825918242693598
9.882823204639163
9.939738670283326
9.996664707943893
10.053601386095064
10.110548773368683
10.167506938555494
10.224475950606413
10.281455878633798
10.338446791912736
10.395448759882324
10.452461852146977
10.509486138477719
10.566521688813515
10.623568573262565
10.680626862103658
10.737696625787493
10.794777934938024
10.851870860353822
10.908975473009425
10.966091844056713
11.023220044826289
11.08036014682885
11.137512221756603
11.194676341484655
11.251852578072425
11.309041003765069
11.366241690994913
11.423454712382885
11.480680140739967
11.537918049068653
11.595168510564415
11.65243159861718
11.709707386812816
11.766995948934621
11.824297358964841
11.881611691086178
11.938939019683305
11.99627941934442
12.053632964862782
12.11099973123826
12.168379793678907
12.225773227602538
12.283180108638305
12.340600512628303
12.398034515629181
12.45548219391375
12.512943623972628
12.570418882515858
12.627908046474586
12.685411193002707
12.742928399478547
12.800459743506547
12.85800530291896
12.915565155777566
12.973139380375386
13.030728055238427
13.088331259127411
13.145949071039551
13.203581570210313
13.261228836115196
13.318890948471537
13.37656798724031
13.434260032627956
13.491967165088207
13.54968946532395
13.607427014289073
13.665179893190341
13.722948183489299
13.780731966904154
13.838531325411703
13.896346341249261
13.954177096916606
14.012023675177929
14.06988615906382
14.127764631873246
14.185659177175557
14.2435698788125
14.301496820900256
14.359440087831485
14.417399764277393
14.475375935189799
14.533368685803241
14.591378101637089
14.649404268497653
14.707447272480346
14.765507199971832
14.823584137652203
14.881678172497173
14.939789391780288
14.997917883075148
15.056063734257656
15.114227033508275
15.172407869314313
15.23060633047221
15.288822506089863
15.347056485588952
15.405308358707295
15.463578215501217
15.52186614634794
15.580172241947986
15.638496593327618
15.696839291841268
15.75520042917402
15.813580097344081
15.871978388705308
15.930395395949713
15.988831212110021
16.047285930562246
16.105759645028257
16.164252449578413
16.222764438634186
16.28129570697081
16.339846349719952
16.39841646237243
16.457006140780912
16.515615481162673
16.57424458010235
16.632893534554732
16.691562441847587
16.75025139968448
16.808960506147642
16.867689859700846
16.92643955919233
16.985209703857713
17.04400039332297
17.10281172760741
17.161643807126673
17.220496732695782
17.279370605532204
17.338265527258923
17.397181599907565
17.456118925921544
17.51507760815923
17.57405774989713
17.633059454833134
17.692082827089756
17.751127971217425
17.810194992197786
17.869283995447045
17.928395086819343
17.987528372610146
18.04668395955969
18.10586195485643
18.165062466140533
18.224285601507415
18.28353146951127
18.342800179168695
18.40209183996227
18.461406561844246
18.5207444552402
18.58010563105279
18.639490200665474
18.69889827594632
18.758329969251832
18.81778539343079
18.877264661828168
18.936767888289044
18.996295187162588
19.055846673306043
19.115422462088787
19.175022669396405
19.23464741163481
19.294296805734394
19.353970969154233
19.413670019886315
19.473394076459822
19.533143257945454
19.59291768395977
19.652717474669597
19.71254275079649
19.77239363362118
19.83227024498814
19.89217270731014
19.95210114357286
20.012055677339564
20.072036432755795
20.132043534554143
20.19207710805903
20.252137279191572
20.31222417447446
20.372337921036912
20.432478646619668
20.492646479580024
20.55284154889693
20.613063984176126
20.67331391565536
20.733591474209593
20.793896791356342
20.85422999926101
20.914591230742293
20.974980619277652
21.03539829900883
21.09584440474741
21.156319071980477
21.216822436876274
21.277354636289974
21.33791580776947
21.398506089561256
21.45912562061634
21.519774540596252
21.580452989879074
21.641161109565573
21.701899041485365
21.762666928203178
21.823464913025138
21.88429314000516
21.945151753951397
22.00604090043273
22.066960725785375
22.127911377119517
22.18889300232604
22.24990575008333
22.310949769864113
22.372025211942436
22.433132227400666
22.494270968136576
22.555441586870522
22.616644237152705
22.67787907337048
22.73914625075577
22.800445925392562
22.861778254224475
22.923143395062407
22.984541506592297
23.04597274838294
23.107437280893887
23.168935265483483
23.230466864416925
23.292032240874462
23.35363155895967
23.41526498370781
23.476932681094315
23.538634818043324
23.60037156243636
23.662143083121077
23.72394954992011
23.785791133640053
23.847668006080497
23.909580340043227
23.97152830934146
24.033512088809253
24.09553185431098
24.157587782750937
24.219680052083053
24.28180884132072
24.343974330546736
24.406176700923353
24.468416134702494
24.530692815236005
24.59300692698611
24.65535865553596
24.717748187600293
24.780175711036247
24.842641414854292
24.905145489229294
24.967688125511717
25.030269516238963
25.092889855146833
25.155549337181164
25.218248158509564
25.28098651653333
25.343764609899488
25.406582638512994
25.469440803549094
25.53233930746581
25.595278354016607
25.65825814826322
25.72127889658862
25.784340806710162
25.847444087692903
25.910588949963067
25.973775605321695
26.037004266958487
26.10027514946577
26.163588468852705
26.22694444255965
26.29034328947268
26.35378522993835
26.41727048577862
26.480799280305956
26.54437183833868
26.607988386216473
26.671649151816094
26.73535436456733
26.79910425546912
26.86289905710593
26.926739003664323
26.99062433094974
27.054555276403544
27.118532079120257
27.182554979865046
27.246624221091448
27.310740046959314
27.374902703353037
27.439112437899983
27.503369499989212
27.56767414079043
27.632026613273222
27.69642717222654
27.760876074278457
27.825373577916217
27.889919943506534
27.95451543331621
28.019160311533017
28.083854844286872
28.14859929967134
28.213393947765415
28.27823906065562
28.343134912458424
28.408081779342986
28.47307993955421
28.53812967343615
28.603231263455744
28.668384994226894
28.73359115253492
28.798850027361315
28.86416190990893
28.92952709362749
28.994945874239498
29.06041854976652
29.12594542055587
29.191526789307684
29.257162961102402
29.32285424342868
29.388600946211678
29.454403381841853
29.520261865204095
29.586176713707392
29.65214824731491
29.71817678857451
29.78426266264981
29.85040619735165
29.916607723170095
29.98286757330691
30.049186083708555
30.11556359309971
30.18200044301731
30.248496977845107
30.31505354484882
30.381670494211804
30.448348179071328
30.5150869555554
30.581887182820207
30.64874922308815
30.715673441686512
30.782660207086728
30.849709890944332
30.916822868139526
30.983999516818454
31.051240218435115
31.118545357794016
31.185915323093507
31.25335050596985
31.32085130154203
31.388418108457326
31.456051328937647
31.52375136882664
31.59151863763765
31.659353548602443
31.727256518720814
31.79522796881102
31.863268323561112
31.93137801158113
31.99955746545626
32.06780712180086
32.13612742131349
32.20451880883291
32.272981733395014
32.34151664829088
32.410124011125774
32.47880428387925
32.54755793296634
32.61638542929985
32.68528724835375
32.75426387022784
32.82331577971342
32.89244346636036
32.9616474245453
33.03092815354112
33.10028615758779
33.16972194596443
33.23923603306286
33.308828938462405
33.37850118700626
33.44825330887919
33.5180858396868
33.58799932053631
33.65799429811889
33.72807132479358
33.79823095867288
33.86847376370999
33.93880030978781
34.00921117280963
34.079706934791695
34.15028818395759
34.220955514834515
34.29170952835149
34.362550831939586
34.43348003963416
34.50449777217921
34.575604657133795
34.64680132898083
34.71808842923789
34.78946660657054
34.86093651690793
34.9324988235608
35.00415419734209
35.07590331668998
35.14774686779367
35.21968554472177
35.291720049553504
35.363851092512775
35.43607939210509
35.50840567525752
35.58083067746176
35.653355142920276
35.725979824695784
35.79870548486403
35.871532894669976
35.94446283468754
36.017496094982995
36.09063347528198
36.16387578514049
36.237223844119654
36.3106784819647
36.38424053878797
36.45791086525633
36.53169032278288
36.60557978372329
36.6795801315768
36.753692261191944
36.82791707897734
36.90225550311752
36.976708463794
37.05127690341179
37.12596177683147
37.20076405160702
37.27568470822953
37.350724740377046
37.425885155170704
37.50116697343734
37.5765712299788
37.65209897384813
37.7277512686329
37.80352919274589
37.87943383972331
37.9554663185309
38.0316277538781
38.10791928654049
38.184342073690985
38.26089728923981
38.337586124183716
38.414409786964775
38.49136950383886
38.56846651925442
38.64570209624167
38.72307751681273
38.80059408237294
38.87825311414386
38.95605595359827
39.034003962907676
39.11209852540273
39.19034104604695
39.26873295192443
39.34727569274173
39.42597074134481
39.50481959425127
39.583823772198656
39.66298482070928
39.74230431067235
39.82178383894385
39.90142502896507
39.981229531400274
40.06119902479444
40.14133521625175
40.2216398421356
40.302114668791134
40.38276149329103
40.463582144205525
40.54457848239778
40.62575240184533
40.70710583048902
40.78864073111026
40.870359102238076
40.95226297908684
41.03435443452636
41.11663558008542
41.19910856699034
41.281775587240034
41.36463887471913
41.4477007063509
41.530963403291736
41.614429332168896
41.698100906363706
41.781980587342105
41.86607088603475
41.95037436426902
42.03489363625522
42.11963137012973
42.20459028955755
42.28977317539729
42.37518286743158
42.460822266165955
42.54669433469977
42.632802100672606
42.71914865828999
42.805737170432394
42.89257087085189
42.97965306646078
43.06698713971719
43.15457655111266
43.242424841767004
43.330535636136446
43.418912644841
43.50755966761763
43.5964805964062
43.68567941857566
43.7751602202982
43.864927190080124
43.95498462245819
44.045336921871275
44.135988606717525
44.22694431360822
44.318208801830146
44.40978695802908
44.50168380112821
44.593904487496054
44.68645431637963
44.779338735619795
44.87256334766714
44.966133915917915
45.06005637139138
45.154336819771345
45.24898154883675
45.34399703630803
45.439389958138214
45.53516719728027
45.63133585296474
45.72790325052463
45.824876951808044
45.92226476622208
46.020074762456034
46.11831528093595
46.216994947067356
46.31612268532857
46.41570773428286
46.515759662584074
46.61628838605801
46.71730418594993
46.818817728437516
46.92084008551923
47.02338275739907
47.12645769650204
47.2300773332688
47.334254603894635
47.439002980195994
47.54433650180928
47.650269810949816
47.75681818998614
47.863997602115695
47.97182473546265
48.08031705095932
48.189492834418616
48.29937125325796
48.40997241839687
48.52131745192101
48.633428561188374
48.74632912014897
48.8600437587619
48.974598461525055
49.09002067628762
49.20633943469833
49.32358548585892
49.44179144501058
49.56099195938891
49.68122389375357
49.802526538545
49.92494184416201
50.04851468551354
50.17329316180647
50.2993289375269
50.42667763180826
50.555399264920894
50.6855587725561
50.81722660103122
50.95047939967418
51.08540083067661
51.222082521939654
51.36062519530203
51.501140011638626
51.64375018651381
51.78859294662315
51.935821920017304
52.08561008486421
52.23815344654775
52.393675677916875
52.55243405320252
52.71472715011192
52.88090501663544
53.05138285107803
53.22665981974378
53.40734561398578
53.59419907856604
53.78818646395925
53.99057322217996
54.2030768169182
54.428139673809994
54.66946491181867
54.93321810956378
55.231345100829195
55.59505520312027