0.027224692664532462
0.08167410223934865
0.13612358455169934
0.19057318809420992
0.2450229613609093
0.2994729528477916
0.3539232110533774
0.40837378447927564
0.4628247216307455
0.5172760710172579
0.5717278811530577
0.626180200557726
0.6806330777567425
0.7350865612820477
0.789540699672606
0.8439955414749688
0.8984511352438376
0.9529075295426274
1.007364772944031
1.0618229140305828
1.116282001395223
1.1707420836418638
1.2252032093859526
1.279665427255039
1.3341287858893407
1.3885933339423093
1.443059120081198
1.4975261929876282
1.5519946013581583
1.6064643939048502
1.6609356193558409
1.7154083264559095
1.7698825639670488
1.8243583806690347
1.8788358253599982
1.9333149468569963
1.9877957939965865
2.042278415635397
2.096762860650702
2.1512491779409975
2.2057374164265737
2.260227625050093
2.3147198527771664
2.3692141485969307
2.423710561522626
2.4782091405921767
2.5327099348687696
2.5872129934414367
2.6417183654256347
2.696226099963829
2.7507362462260776
2.8052488534106135
2.8597639707444333
2.914281647483881
2.968801932915236
3.023324876355303
3.077850527152
3.1323789346849487
3.186910148366068
3.241444217640164
3.2959811919855273
3.350521120914526
3.4050640539742005
3.4596100407468646
3.5141591308507016
3.568711373940365
3.623266819707579
3.6778255178817414
3.732387518230528
3.786952870560497
3.841521624717695
3.8960938305882653
3.9506695380990573
4.005248797218236
4.059831657955896
4.114418170364673
4.169008384540359
4.223602350622523
4.278200118795118
4.332801739287114
4.387407262373112
4.442016738373968
4.496630217657412
4.5512477506386855
4.60586938778116
4.660495179596968
4.715125176647636
4.769759429544716
4.82439798895042
4.8790409055782575
4.933688230193672
4.988340013614683
5.0429963067125225
5.097657160412288
5.152322625693578
5.206992753591148
5.261667595195555
5.31634720165381
5.371031624170031
5.4257209140061
5.480415122482322
5.535114300978078
5.589818500932496
5.644527773845106
5.699242171276513
5.753961744849061
5.808686546247506
5.863416627219685
5.9181520395771985
5.9728928351960775
6.027639066017471
6.082390784048327
6.137148041362069
6.191910890099298
6.246679382468463
6.30145357074657
6.356233507279863
6.411019244484527
6.465810834847388
6.520608330926609
6.575411785352402
6.630221250827727
6.685036780129009
6.739858426106844
6.79468624168672
6.849520279869728
6.904360593733289
6.959207236431874
7.014060261197729
7.06891972134161
7.123785670253506
7.178658161403381
7.23353724834191
7.288422984701221
7.343315424195633
7.398214620622412
7.453120627862515
7.508033499881344
7.562953290729502
7.617880054543557
7.672813845546799
7.727754718050009
7.782702726452228
7.837657925241527
7.892620368995791
7.9475901123834864
8.002567210164456
8.057551717190693
8.112543688407143
8.16754317885249
8.222550243659956
8.277564938058099
8.332587317371617
8.387617437022161
8.442655352529144
8.497701119510552
8.552754793683766
8.607816430866391
8.662886086977071
8.717963818036331
8.773049680167407
8.82814372959708
8.883246022656527
8.938356615782164
8.993475565516496
9.048602928508972
9.103738761516844
9.158883121406038
9.21403606515201
9.269197649840624
9.324367932669029
9.379546970946537
9.434734822095512
9.489931543652258
9.545137193267909
9.600351828709334
9.655575507860041
9.710808288721076
9.766050229411949
9.821301388171538
9.876561823359024
9.931831593454808
9.98711075706145
10.042399372904601
10.09769749983395
10.153005196824166
10.208322522975855
10.263649537516518
10.318986299801498
10.374332869314978
10.429689305670921
10.485055668614073
10.540432018020935
10.595818413900751
10.651214916396512
10.706621585785946
10.76203848248253
10.8174656670365
10.872903200135866
10.92835114260744
10.983809555417858
11.039278499674621
11.09475803662713
11.150248227667737
11.205749134332795
11.261260818303716
11.316783341408044
11.37231676562051
11.427861153064123
11.483416566011249
11.538983066884702
11.594560718258837
11.650149582860658
11.705749723570927
11.761361203425272
11.816984085615324
11.872618433489839
11.928264310555825
11.983921780479708
12.03959090708846
12.095271754370772
12.150964386478213
12.206668867726398
12.26238526259617
12.318113635734793
12.373854051957133
12.429606576246869
12.485371273757696
12.541148209814546
12.59693744991481
12.652739059729566
12.708553105104823
12.76437965206277
12.820218766803022
12.876070515703896
12.931934965323672
12.987812182401882
13.043702233860587
13.099605186805682
13.1555211085282
13.21145006650562
13.267392128403195
13.323347362075278
13.379315835566665
13.43529761711394
13.491292775146839
13.547301378289601
13.603323495362364
13.65935919538253
13.715408547566176
13.771471621329443
13.827548486289956
13.883639212268248
13.939743869289183
13.99586252758341
14.051995257588807
14.10814212995194
14.164303215529541
14.220478585389989
14.276668310814795
14.332872463300115
14.389091114558253
14.44532433651919
14.501572201332117
14.557834781366978
14.61411214921603
14.6704043776954
14.726711539846676
14.783033708938486
14.8393709584681
14.895723362163046
14.952090993982727
15.008473928120063
15.064872239003124
15.121286001296811
15.177715289904503
15.234160179969754
15.290620746877982
15.347097066258181
15.403589213984633
15.460097266178648
15.516621299210303
15.573161389700205
15.629717614521262
15.686290050800455
15.742878775920659
15.799483867522426
15.85610540350583
15.912743462032301
15.969398121526464
16.02606946067802
16.08275755844362
16.139462494048757
16.19618434698968
16.252923197035308
16.309679124229174
16.366452208891378
16.423242531620556
16.48005017329585
16.536875215078926
16.593717738415965
16.65057782503971
16.70745555697151
16.764351016523364
16.821264286300007
16.87819544920102
16.935144588422904
16.992111787461244
17.049097130112816
17.106100700477786
17.163122582961844
17.220162862278436
17.27722162345095
17.33429895181496
17.391394933020468
17.448509653034165
17.505643198141726
17.562795654950104
17.619967110389855
17.677157651717465
17.734367366517727
17.791596342706114
17.84884466853116
17.906112432576908
17.96339972376531
18.020706631358713
18.078033244962327
18.13537965452672
18.19274595035033
18.250132223082026
18.30753856372365
18.364965063632603
18.42241181452445
18.47987890847555
18.537366437925687
18.594874495680774
18.652403174915506
18.709952569176103
18.76752277238304
18.8251138788338
18.882725983205685
18.94035918055859
18.99801356633787
19.055689236377184
19.113386286901367
19.171104814529357
19.228844916277122
19.286606689560614
19.34439023219875
19.40219564241644
19.460023018847604
19.51787246053825
19.57574406694955
19.633637937960977
19.69155417387343
19.749492875412432
19.8074541437313
19.8654380804144
19.923444787480406
19.981474367385566
20.039526923027047
20.097602557746267
20.15570137533227
20.213823480025148
20.271968976519474
20.33013796996777
20.388330565984006
20.446546870647147
20.504786990504716
20.56305103257638
20.6213391043576
20.679651313823285
20.737987769431506
20.796348580127216
20.854733855346026
20.913143705018012
20.971578239571546
21.03003756993718
21.088521807551555
21.147031064361357
21.205565452827287
21.264125085928104
21.32271007716468
21.381320540564086
21.439956590683767
21.498618342615686
21.557305911990557
21.616019414982116
21.674758968311405
21.733524689251126
21.792316695630024
21.8511351058373
21.90998003882711
21.968851614123057
22.027749951822745
22.086675172602405
22.145627397721515
22.20460674902752
22.263613348960554
22.322647320558232
22.381708787460486
22.440797873914445
22.499914704779368
22.559059405531624
22.61823210226972
22.677432921719387
22.7366619912387
22.795919438823294
22.855205393111547
22.91451998338992
22.973863339598267
23.03323559233526
23.092636872863814
23.152067313116614
23.211527045701683
23.271016203907987
23.33053492171113
23.3900833337791
23.449661575478046
23.509269782878157
23.568908092759575
23.628576642618388
23.688275570672655
23.748005015868536
23.807765117886458
23.867556017147347
23.927377854818946
23.987230772822183
24.0471149138376
24.107030421311887
24.16697743946442
24.226956113293966
24.286966588585347
24.347009011916274
24.407083530664195
24.467190293013243
24.52732944796125
24.587501145326843
24.647705535756614
24.70794277073237
24.768213002578467
24.82851638446921
24.88885307043636
24.949223215376705
25.0096269750597
25.07006450613524
25.13053596614149
25.19104151351278
25.25158130758764
25.31215550861688
25.372764277771793
25.43340777715244
25.494086169796006
25.554799619685294
25.6155482917573
25.676332351911853
25.737151967020402
25.79800730493488
25.858898534496685
25.919825825545725
25.98078934892963
26.04178927651303
26.102825781186933
26.163899036878252
26.22500921855941
26.286156502258077
26.347341065067006
26.408563085154004
26.46982274177201
26.531120215269283
26.592455687099743
26.65382933983341
26.715241357166963
26.776691923934447
26.838181226118113
26.899709450859348
26.961276786469796
27.02288342244257
27.08452954946361
27.1462153594232
27.207941045427606
27.269706801810877
27.331512824146742
27.393359309260738
27.45524645524242
27.51717446145774
27.579143528561595
27.641153858510524
27.70320565457557
27.76529912135528
27.82743446478891
27.889611892169768
27.951831612158728
28.014093834797933
28.076398771524662
28.138746635185377
28.201137640049943
28.263572001826056
28.326049937673833
28.388571666220596
28.451137407575864
28.513747383346526
28.576401816652215
28.63910093214089
28.701844956004628
28.7646341159956
28.8274686414423
28.89034876326596
28.953274713997168
29.016246727792776
29.07926504045296
29.142329889438557
29.20544151388862
29.26860015463821
29.331806054236438
29.395059456964756
29.45836060885547
29.521709757710568
29.585107153120727
29.64855304648466
29.71204769102869
29.775591341826587
29.839184255819717
29.902826691837465
29.966518910617907
30.030261174828837
30.09405374908903
30.157896899989865
30.221790896117188
30.28573600807357
30.34973250850081
30.413780672102806
30.477880775668737
30.542033098096596
30.606237920417055
30.670495525817664
30.734806199667446
30.79917022954182
30.863587905247876
30.92805951885008
30.992585364696314
31.057165739444315
31.12180094208851
31.18649127398727
31.251237038890537
31.316038542967917
31.380896094837155
31.445810005593057
31.510780588836873
31.575808160706114
31.640893039904807
31.70603554773426
31.771236008124273
31.83649474766484
31.90181209563835
31.96718838405228
32.03262394767244
32.09811912405668
32.163674253589164
32.22928967951522
32.294965747976676
32.360702808047826
32.42650121177193
32.49236131419833
32.558283473420126
32.62426805061255
32.69031541007185
32.75642591925487
32.82259994881935
32.88883787266472
32.955140067973744
33.021506915254726
33.08793879838451
33.15443610465216
33.22099922480334
33.28762855308553
33.35432448729392
33.42108742881814
33.48791778268976
33.55481595763062
33.621782366101996
33.68881742435455
33.7559215524793
33.82309517445926
33.890338718222196
33.95765261569416
34.025037302854045
34.092493219789056
34.16002081075122
34.22762052421484
34.29529281293507
34.3630381340074
34.43085694892839
34.49874972365736
34.56671692867932
34.634759039068896
34.70287653455565
34.77106989959036
34.839339623412755
34.90768620012033
34.976110128738576
35.04461191329242
35.11319206287912
35.181851091742445
35.25058951934833
35.31940787046194
35.388306675226204
35.45728646924193
35.526347793649386
35.59549119521151
35.66471722639873
35.73402644547546
35.803419416588305
35.87289670985599
35.94245890146109
36.01210657374359
36.08184031529631
36.15166072106231
36.22156839243417
36.29156393735537
36.36164797042372
36.43182111299689
36.50208399330018
36.57243724653644
36.64288151499832
36.713417448182945
36.78404570290882
36.85476694343542
36.925581841585156
36.99649107686801
37.06749533660887
37.13859531607755
37.20979171862168
37.281085255802424
37.352476647533265
37.42396662222175
37.4955559169144
37.56724527744487
37.63903545858538
37.71092722420157
37.782921347410806
37.855018610744125
37.92721980631187
37.99952573597309
38.071937211508846
38.14445505479959
38.217080098006576
38.289813183757616
38.36265516533713
38.435606906880764
38.508669283574584
38.58184318185906
38.65512949963796
38.728529146492306
38.8020430438995
38.875672125457854
38.94941733711663
39.02327963741174
39.097259997707376
39.17135940244365
39.24557884939045
39.31991934990775
39.39438192921258
39.468967626652756
39.543677495987744
39.61851260567675
39.69347403917439
39.768562895234005
39.843780288219115
39.91912734842305
39.99460522239717
40.07021507328789
40.14595808118281
40.22183544346633
40.29784837518492
40.373998109422516
40.45028589768632
40.5267130103034
40.60328073682837
40.67999038646261
40.75684328848556
40.833840792698155
40.9109842698792
40.988275112254996
41.0657147339826
41.14330457164743
41.2210460847755
41.29894075636107
41.376990093410015
41.45519562749971
41.53355891535598
41.61208153944769
41.690765108599784
41.76961125862532
41.84862165297741
41.92779798342163
42.00714197072992
42.08665536539665
42.16633994837781
42.24619753185424
42.32622996001989
42.40643910989601
42.486826892172566
42.56739525207769
42.64814617027666
42.729081663801345
42.81020378701166
42.89151463259016
42.973016332571405
43.054711059407424
43.13660102707099
43.21868849219825
43.300975755272525
43.38346516185116
43.4661591038372
43.549060020798095
43.63217040133355
43.71549278449472
43.79902976125721
43.88278397605038
43.966758128345695
44.05095497430679
44.13537732850443
44.22002806569938
44.30491012269655
44.390026500274054
44.47538026519078
44.560974552276576
44.64681256660921
44.73289758578259
44.81923296227092
44.90582212589406
44.992668586389186
45.0797759360946
45.16714785275178
45.25478810243211
45.342700542595104
45.43088912528564
45.519357900477914
45.60811101957453
45.697152739069686
45.786487424386024
45.87611955389538
45.966053723134344
46.05629464922653
46.146847175523945
46.237716276481095
46.328907062776445
46.4204247866966
46.51227484780018
46.60446279887951
46.69699435223942
46.789875386314336
46.88311195264634
46.97671028324867
47.07067679838124
47.16501811476685
47.25974105427932
47.35485265313726
47.45036017164015
47.54627110448673
47.64259319171904
47.739334430339426
47.83650308665235
47.93410770938712
48.03215714366354
48.13066054586786
48.22962739951332
48.32906753216653
48.428991133529294
48.52940877477445
48.63033142924441
48.73177049463252
48.833737816780214
48.936245715237035
49.03930701074717
49.142935054844216
49.247143761756675
49.35194764285031
49.457361843860006
49.5634021851945
49.670085205632056
49.77742820976493
49.885449319596376
49.994167530746566
50.10360277378452
50.21377598127373
50.3247091612005
50.436425477549754
50.54894933890352
50.662306496068446
50.77652414989139
50.89163107060362
51.00765773024881
51.12463645000525
51.24260156451866
51.361589605728085
51.48163950911031
51.60279284580403
51.72509408472893
51.84859088961517
51.973334456846125
52.099379901240496
52.226786698428015
52.35561919439231
52.485947195186235
52.61784665292684
52.75140046817113
52.88669943395942
53.02384335361537
53.162942373405095
53.304118583240765
53.44750795500923
53.593262710654095
53.74155424360645
53.89257676178132
54.0465518847665
54.20373452264083
54.36442050650764
54.52895666078124
54.69775435595371
54.87130815110419
55.05022210355974
55.23524803716743
55.42734325118966
55.62776145917683
55.838204171455885
56.0610910932835
56.30009084284963
56.561311461393856
56.85658710289821
57.21683471547141