0.026118343423178147
0.07835504997327968
0.1305918156348101
0.18282867981603287
0.2350656819261776
0.2873028613758267
0.33954025757730194
0.3917779099450509
0.444015857896034
0.4962541408501107
0.5484927982304271
0.600731869463802
0.6529713939811147
0.7052114112176916
0.7574519606136938
0.8096930816145044
0.861934813671116
0.9141771962405186
0.9664202687860873
1.0186640707779706
1.0709086416934783
1.1231540210174706
1.175400248242746
1.227647362870431
1.2798954044103685
1.3321444123815083
1.3843944263122954
1.4366454857410607
1.4888976302164116
1.541150899297622
1.5934053325550226
1.6456609695703937
1.6979178499373544
1.750176013261757
1.8024354991620768
1.8546963472698061
1.9069585972298466
1.9592222887009028
2.0114874613558755
2.0637541548822558
2.1160224089825213
2.168292263374527
2.220563757791906
2.272836931984461
2.325111825718563
2.3773884787775468
2.4296669309621093
2.4819472220907066
2.534229391999953
2.586513480545018
2.6387995276000287
2.6910875730584674
2.7433776568335717
2.7956698188587383
2.847964099087921
2.9002605374960364
2.952559174079364
3.004860048855951
3.0571632018660164
3.109468673172355
3.1617765028607434
3.2140867310403456
3.266399397844121
3.31871454342923
3.371032207977442
3.4233524316955473
3.4756752548157626
3.5280007175961443
3.5803288603209986
3.632659723301293
3.684993346875069
3.7373297714078557
3.789669037293084
3.8420111849525025
3.894356254836591
3.94670428742498
3.999055323226866
4.051409402781431
4.103766566658263
4.156126855457773
4.208490309811618
4.260856970383127
4.313226877867713
4.365600072993311
4.41797659652079
4.470356489244387
4.522739791992134
4.575126545626278
4.627516791043721
4.679910569176439
4.732307920991919
4.784708887493593
4.837113509721263
4.889521828751545
4.941933885698296
4.994349721713053
5.046769377985473
5.099192895743771
5.151620316255154
5.204051680826269
5.256487030803641
5.308926407574121
5.361369852565321
5.413817407246071
5.4662691131268595
5.518725011760281
5.571185144741488
5.623649553708643
5.676118280343368
5.728591366371196
5.781068853562031
5.833550783730602
5.886037198736917
5.938528140486723
5.991023650931974
6.04352377207128
6.096028545950379
6.148538014662596
6.201052220349314
6.253571205200437
6.306095011454861
6.358623681400944
6.411157257376977
6.463695781771658
6.5162392970245655
6.56878784562664
6.621341470120654
6.673900213101698
6.726464117217659
6.779033225169705
6.8316075797127676
6.884187223656028
6.936772199863408
6.9893625512540565
7.041958320802843
7.094559551540847
7.147166286555857
7.199778568992864
7.252396442054561
7.305019949001846
7.357649133154315
7.4102840378907775
7.462924706649754
7.5155711829299845
7.5682235102909425
7.62088173235334
7.6735458927996465
7.726216035374599
7.7788922038857224
7.831574442203849
7.884262794263638
7.936957304064097
7.9896580156691135
8.042364973207974
8.095078220875902
8.14779780293458
8.200523763712692
8.253256147606452
8.305994999080148
8.35874036266668
8.411492282968098
8.464250804656151
8.517015972472835
8.569787831230942
8.622566425814602
8.67535180117985
8.728144002355174
8.780943074442076
8.833749062615631
8.886562012125053
8.939381968294255
8.992208976522424
9.045043082284588
9.097884331132185
9.15073276869365
9.203588440674977
9.256451392860315
9.309321671112539
9.362199321373842
9.415084389666324
9.467976922092578
9.520876964836292
9.573784564162834
9.62669976641986
9.679622618037914
9.732553165531032
9.785491455497345
9.838437534619697
9.891391449666255
9.944353247491122
9.99732297503496
10.050300679325607
10.103286407478711
10.15628020669834
10.20928212427764
10.26229220759944
10.315310504136907
10.368337061454179
10.42137192720701
10.47441514914342
10.527466775104331
10.580526853024239
10.63359543093185
10.686672556950754
10.739758279300082
10.792852646295168
10.845955706348224
10.899067507969008
10.9521880997655
11.005317530444586
11.058455848812734
11.111603103776682
11.164759344344132
11.21792461962444
11.271098978829308
11.324282471273493
11.377475146375508
11.430677053658323
11.483888242750087
11.537108763384838
11.590338665403221
11.64357799875321
11.696826813490844
11.750085159780939
11.803353087897843
11.85663064822616
11.909917891261498
11.963214867611217
12.016521627995173
12.06983822324648
12.123164704312263
12.176501122254422
12.229847528250401
12.283203973593961
12.33657050969595
12.389947188085083
12.44333406040873
12.496731178433706
12.550138594047057
12.603556359256867
12.656984526193046
12.710423147108154
12.763872274378198
12.81733196050345
12.87080225810928
12.924283219946958
12.977774898894507
13.031277347957525
13.084790620270025
13.138314769095285
13.191849847826688
13.245395909988586
13.298953009237154
13.352521199361258
13.406100534283315
13.45969106806018
13.513292854884016
13.566905949083187
13.620530405123143
13.67416627760731
13.727813621278006
13.781472491017333
13.835142941848098
13.888825028934724
13.942518807584179
13.996224333246897
14.04994166151772
14.103670848136831
14.157411948990706
14.21116502011306
14.26493011768581
14.318707298040026
14.372496617656923
14.426298133168814
14.480111901360097
14.533937979168254
14.58777642368483
14.641627292156441
14.69549064198578
14.749366530732622
14.803255016114859
14.857156156009507
14.91107000845375
14.964996631645977
15.018936083946823
15.072888423880226
15.126853710134482
15.180832001563315
15.234823357186944
15.288827836193168
15.342845497938448
15.396876401949006
15.450920607921924
15.504978175726242
15.559049165404094
15.613133637171812
15.667231651421062
15.721343268719991
15.775468549814354
15.829607555628685
15.883760347267447
15.937926986016201
15.992107533342786
16.0463020508985
16.100510600519296
16.15473324422698
16.20897004423041
16.26322106292673
16.317486362902585
16.371766006935356
16.426060057994402
16.4803685792423
16.53469163403612
16.58902928592869
16.64338159866986
16.697748636207795
16.752130462690275
16.806527142465985
16.86093874008584
16.915365320304293
16.96980694808068
17.024263688580554
17.07873560717702
17.133222769452118
17.187725241198184
17.24224308841922
17.296776377332282
17.351325174368892
17.405889546176432
17.460469559619575
17.515065281781695
17.569676779966326
17.624304121698593
17.678947374726686
17.73360660702332
17.788281886787228
17.842973282444635
17.89768086265077
17.952404696291392
18.007144852484288
18.061901400580826
18.11667441016751
18.17146395106751
18.22627009334226
18.281092907293036
18.33593246346253
18.390788832636474
18.44566208584526
18.500552294365548
18.555459529721936
18.61038386368859
18.665325368290922
18.720284115807274
18.7752601787706
18.83025362997018
18.88526454245332
18.940292989527116
18.99533904476016
19.05040278198433
19.105484275296547
19.160583599060544
19.2157008279087
19.270836036743827
19.325989300741
19.381160695349408
19.43635029629419
19.491558179578334
19.546784421484535
19.602029098577102
19.65729228770388
19.712574065998158
19.767874510880652
19.823193700061424
19.878531711541875
19.933888623616742
19.989264514876098
20.044659464207367
20.100073550797386
20.15550685413443
20.21095945401031
20.266431430522456
20.321922864076004
20.37743383538595
20.432964425479266
20.488514715697065
20.544084787696775
20.599674723454342
20.655284605266417
20.710914515752613
20.76656453785773
20.822234754854037
20.87792525034354
20.93363610826031
20.989367412872774
21.045119248786083
21.100891700944462
21.156684854633593
21.212498795483015
21.26833360946855
21.32418938291474
21.380066202497304
21.435964155245642
21.491883328545313
21.54782381014058
21.60378568813695
21.65976905100373
21.71577398757665
21.771800587060444
21.827848939031497
21.883919133440507
21.940011260615165
21.996125411262852
22.05226167647337
22.108420147721706
22.164600916870782
22.22080407617428
22.277029718279447
22.333277936229962
22.389548823468783
22.44584247384108
22.50215898159713
22.558498441395287
22.61486094830495
22.67124659780957
22.727655485809677
22.784087708625936
22.840543363002244
22.89702254610882
22.953525355545356
23.010051889344208
23.066602245973545
23.123176524340625
23.179774823795015
23.236397244131886
23.293043885595345
23.349714848881746
23.406410235143106
23.463130145990473
23.5198746834974
23.576643950203383
23.63343804911738
23.69025708372136
23.747101157973827
23.803970376313465
23.86086484366275
23.917784665431626
23.974729947521194
24.031700796327467
24.088697318745137
24.14571962217137
24.202767814509677
24.259842004173763
24.316942300091476
24.374068811708728
24.431221648993528
24.488400922439975
24.545606743072348
24.602839222449216
24.660098472667578
24.71738460636705
24.774697736734105
24.83203797750634
24.88940544297678
24.946800247998237
25.004222507987713
25.061672338930823
25.1191498573863
25.176655180490506
25.234188425962014
25.291749712106217
25.349339157819994
25.406956882596425
25.46460300652955
25.522277650319158
25.57998093527565
25.63771298332495
25.695473917013434
25.75326385951295
25.81108293462585
25.86893126679012
25.92680898108451
25.98471620323374
26.04265305961379
26.10061967725718
26.158616183858346
26.21664270777909
26.274699378054027
26.33278632439614
26.390903677202367
26.449051567559263
26.507230127248693
26.565439488753622
26.623679785263942
26.68195115068236
26.740253719630342
26.798587627454168
26.85695301023097
26.915350004774904
26.97377874864336
27.032239380143224
27.090732038337237
27.14925686305041
27.2078139948765
27.266403575184547
27.325025746125537
27.383680650639043
27.442368432460043
27.501089236125722
27.55984320698241
27.61863049119256
27.677451235741835
27.736305588446218
27.795193697959274
27.854115713779432
27.913071786257383
27.972062066603538
28.031086706895575
28.09014586008609
28.1492396800103
28.208368321393866
28.267531939860774
28.326730691941336
28.38596473508024
28.445234227644743
28.504539328932918
28.563880199182005
28.62325699957687
28.68266989225854
28.742119040332863
28.801604607879238
28.86112675995946
28.9206856626267
28.9802814829345
29.03991438894599
29.099584549743124
29.159292135436047
29.219037317172607
29.27882026714792
29.338641158614106
29.398500165890106
29.458397464371608
29.518333230541135
29.578307641978213
29.638320877369658
29.69837311652004
29.7584645403622
29.818595330967952
29.87876567155888
29.938975746517304
29.999225741397314
30.059515842936023
30.119846239064884
30.1802171189212
30.240628672859746
30.301081092464536
30.36157457056075
30.422109301226808
30.482685479806566
30.54330330292172
30.603962968484318
30.66466467570943
30.72540862512803
30.78619501859996
30.847024059327147
30.907895951866916
30.968810902145506
31.029769117471766
31.09077080655101
31.151816179499058
31.21290544785645
31.27403882460287
31.335216524171717
31.39643876246492
31.45770575686788
31.51901772626468
31.58037489105342
31.641777473161838
31.703225696063065
31.764719784791627
31.82625996595966
31.88784646777332
31.94947952004944
32.0111593542324
32.0728862034112
32.13466030233685
32.19648188743983
32.25835119684801
32.32026847040461
32.382233949686544
32.44424787802293
32.50631050051392
32.56842206404976
32.63058281733011
32.692793010883626
32.75505289708788
32.81736273018944
32.87972276632436
32.942133263538906
33.004594481810514
33.06710668306915
33.129670131218944
33.192285092160056
33.25495183381099
33.31767062613111
33.38044174114354
33.443265452958414
33.506142037796366
33.56907177401252
33.63205494212068
33.69509182481797
33.75818270700981
33.82132787583521
33.88452762069257
33.94778223326573
34.01109200755044
34.07445723988131
34.13787822895908
34.2013552758783
34.2648886841555
34.32847875975773
34.39212581113153
34.455830149232376
34.51959208755462
34.58341194216175
34.647290031717276
34.711226677516
34.77522220351581
34.83927693636997
34.903391205459904
34.967565342928495
35.03179968371394
35.09609456558412
35.16045032917151
35.22486731800867
35.28934587856428
35.3538863602798
35.418489115606654
35.48315450004409
35.5478828721776
35.612674593718026
35.677530029541245
35.742449547728555
35.80743351960771
35.872482319794635
35.93759632623584
36.00277592025158
36.06802148657965
36.133333413420026
36.198712092480164
36.264157919021166
36.32967129190466
36.395252613640494
36.46090229043529
36.5266207322418
36.592408352809144
36.65826556973386
36.72419280451196
36.7901904825918
36.8562590334279
36.922398890535774
36.988610491547675
37.05489427826933
37.12125069673773
37.187680197279974
37.254183234573084
37.320760267705026
37.38741176023674
37.45413818026535
37.52094000048859
37.58781769827027
37.65477175570712
37.72180265969676
37.788910902007025
37.85609697934649
37.92336139343643
37.99070465108409
38.05812726425734
38.12562975016077
38.193212631313266
38.26087643562702
38.32862169648813
38.39644895283875
38.46435874926083
38.5323516360615
38.60042816936013
38.66858891117717
38.73683442952464
38.805165298498586
38.87358209837322
38.942085415697086
39.010675843391134
39.07935398084874
39.148120434037864
39.21697581560523
39.28592074498269
39.35495584849576
39.4240817594745
39.493299118366586
39.5626085728529
39.63201077796544
39.70150639620782
39.771096097678296
39.840780560195476
39.91056046942667
39.98043651901908
40.05040941073383
40.12047985458291
40.19064856896918
40.26091628082939
40.331283725780466
40.40175164826898
40.472320801724045
40.54299194871362
40.61376586110437
40.68464332022514
40.75562511703427
40.826712052290645
40.897904936728764
40.96920459123791
41.04061184704549
41.112127545904656
41.18375254028641
41.25548769357631
41.32733388027579
41.399291986208375
41.47136290873095
41.54354755695003
41.61584685194344
41.68826172698738
41.76079312778915
41.833442012725634
41.9062093530878
41.979096133331275
42.05210335133336
42.12523201865649
42.19848316081856
42.27185781757011
42.34535704317874
42.41898190672095
42.49273349238165
42.5666128997615
42.64062124419254
42.714759657062075
42.78902928614549
42.863431295947855
42.937966868054964
43.01263720149395
43.08744351310383
43.16238703791633
43.237469029547384
43.31269076059956
43.38805352307593
43.46355862880572
43.539207409882096
43.615001219112656
43.690941430482965
43.76702943963362
43.8432666643514
43.91965454507495
43.99619454541555
44.07288815269352
44.14973687849087
44.226742259220764
44.3039058567145
44.38122925882655
44.45871408005847
44.5363619622024
44.61417457500478
44.69215361685128
44.77030081547358
44.848617928679026
44.92710674510396
45.00576908499175
45.08460680099649
45.163621779013454
45.242815939037335
45.32219123604952
45.401749660935515
45.481493241433895
45.56142404311805
45.64154417041213
45.721855767642715
45.80236102012775
45.88306215530431
45.96396144389709
46.0450612011292
46.12636378797742
46.20787161247366
46.2895871310551
46.37151284996484
46.45365132670577
46.53600517154997
46.61857704910632
46.70136967994916
46.78438584231079
46.867628373841164
46.95110017343786
47.034804203149925
47.118743490159325
47.20292112884376
47.28734028292527
47.37200418770879
47.45691615241545
47.54207956261569
47.62749788276728
47.713174658864105
47.799113521201484
47.88531818726464
47.971792464746876
48.058540254704965
48.14556555485928
48.23287246304702
48.32046518083745
48.40834801731837
48.49652539306413
48.58500184429598
48.67378202724617
48.762870722738455
48.852272840998175
48.941993426706425
49.03203766431346
49.122410883628156
49.21311856570124
49.304166349021486
49.39556003604578
49.48730560008527
49.579409192571894
49.67187715073144
49.76471600569153
49.85793249105519
49.951533551973334
50.04552635475244
50.13991829703675
50.23471701860778
50.32993041284799
50.42556663891942
50.52163413471305
50.61814163062976
50.71509816425957
50.81251309603227
50.91039612591976
51.00875731127847
51.10760708592905
51.206956280580606
51.30681614471804
51.4071983700836
51.508115115897766
51.60957903598104
51.71160330795575
51.814201664727754
51.91738842847116
52.02117854736525
52.12558763536323
52.23063201530662
52.33632876573826
52.442695771812346
52.54975178075169
52.65751646236241
52.76601047518574
52.875255538947144
52.98527451405706
53.096091489026826
53.2077318767925
53.32022252109019
53.4335918142052
53.54786982762937
53.66308845741267
53.77928158629676
53.89648526507982
54.01473791609832
54.13408056224068
54.25455708555214
54.37621452028022
54.49910338618381
54.62327806913603
54.74879725755784
54.87572444511356
55.00412851249739
55.13408440420064
55.26567392008888
55.398986646733654
55.53412106015344
55.671185840510006
55.81030145122479
55.95160205115327
56.09523783069687
56.24137789377122
56.39021385156617
56.54196435756645
56.69688090682456
56.85525536318577
57.017429895125964
57.18381034480735
57.35488461772522
57.5312486352813
57.71364408331641
57.90301533669963
58.10059916140355
58.30807403663591
58.52782686998831
58.76347648089838
59.021047868353115
59.31221401821179
59.667470001778746