0.03333079035334384
0.09999243774828964
0.16665428520974443
0.233316466121163
0.2999791138746738
0.3666423618745494
0.43330634354067776
0.49997119231203463
0.5666370416501577
0.6333040250426222
0.6999722760065182
0.7666419280919311
0.8333131148854235
0.8999859700135208
0.9666606271461988
1.0333372200003759
1.1000158823434074
1.1666967479965853
1.2333799508386405
1.3000656248092508
1.366753903912552
1.4334449222206567
1.5001388138771738
1.5668357131007384
1.633535754188544
1.7002390715198819
1.7669457995596867
1.8336560728620892
1.9003700260739738
1.9670877939385458
2.0338095112989056
2.1005353131016267
2.167265334400348
2.23399971035937
2.300738576257259
2.3674820674904646
2.43423031957694
2.5009834681597773
2.56774164901085
2.6345049980344633
2.70127365127102
2.768047744900692
2.8348274152471045
2.901612798781031
2.968404032124101
3.0352012520525187
3.1020045955007896
3.1688141995654684
3.235630201508911
3.302452738763043
3.369281948933143
3.4361179698016353
3.5029609393319006
3.569810995672097
3.636668277159
3.703532922321853
3.7704050698862366
3.8372848587779482
3.904172428126905
3.9710679172710566
4.037971465760315
4.104883213360506
4.171803300057334
4.23873186606036
4.3056690518070075
4.37261499796658
4.439569845444297
4.506533735385352
4.573506809178983
4.640489208462573
4.707481075125765
4.77448255131459
4.841493779435631
4.908514902160196
4.975546062428514
5.04258740345396
5.109639068727296
5.176701202020931
5.2437739473932155
5.310857449192747
5.37795185206271
5.445057300945231
5.512173941085761
5.579301918037492
5.64644137766578
5.713592466152612
5.780755330001089
5.847930116039941
5.915116971428064
5.982316043659087
6.049527480565969
6.116751430325624
6.183988041463567
6.251237462858603
6.318499843747532
6.385775333729899
6.4530640827727535
6.520366241215467
6.587681959774561
6.655011389548572
6.722354682022957
6.789711989075025
6.857083462978902
6.924469256410531
6.991869522452715
7.059284414600178
7.126714086764679
7.194158693280148
7.261618388907874
7.329093328841715
7.396583668713357
7.464089564597604
7.531611173017712
7.599148650950764
7.666702155833077
7.734271845565658
7.801857878519698
7.86946041354211
7.937079609961104
8.004715627591812
8.072368626741959
8.14003876821756
8.20772621332869
8.275431123895283
8.34315366225297
8.41089399125899
8.478652274298113
8.546428675288661
8.614223358688514
8.68203648950123
8.749868233282173
8.817718756144705
8.885588224766433
8.953476806395514
9.021384668856996
9.08931198055923
9.157258910500333
9.225225628274698
9.293212304079574
9.361219108721697
9.429246213623982
9.497293790832263
9.565362013022119
9.633451053505725
9.701561086238806
9.769692285827613
9.837844827535992
9.90601888729251
9.974214641697634
10.042432268030998
10.11067194425872
10.178933849040792
10.24721816173855
10.31552506242219
10.383854731878387
10.452207351617957
10.520583103883622
10.58898217165781
10.657404738670577
10.725850989407567
10.794321109118076
10.862815283823178
10.931333700323938
10.99987654620971
11.068444009866514
11.137036280485491
11.205653548071448
11.274296003451498
11.34296383828377
11.411657245066221
11.480376417145532
11.549121548726097
11.617892834879108
11.686690471551719
11.755514655576336
11.82436558467997
11.893243457493705
11.962148473562273
12.031080833353709
12.100040738269133
12.169028390652615
12.23804399380116
12.307087751974791
12.376159870406754
12.445260555313814
12.514390013906686
12.58354845440056
12.652736086025753
12.721953119038476
12.791199764731722
12.860476235446269
12.929782744581814
12.999119506608224
13.068486737076924
13.137884652632396
13.20731347102383
13.276773411116897
13.346264692905649
13.41578753752457
13.48534216726076
13.554928805566252
13.624547677070495
13.694199007592951
13.763883024155863
13.833599954997167
13.903350029583551
13.97313347862368
14.04295053408156
14.112801429190084
14.18268639846472
14.252605677717375
14.322559504070432
14.392548115970934
14.462571753204967
14.532630656912202
14.602725069600623
14.672855235161428
14.743021398884126
14.813223807471815
14.883462709056639
14.953738353215462
15.024050990985717
15.094400874881465
15.164788258909653
15.235213398586582
15.305676550954582
15.37617797459889
15.446717929664771
15.517296677874834
15.587914482546568
15.658571608610142
15.729268322626393
15.800004892805072
15.870781589023327
15.94159868284443
16.01245644753674
16.083355158092925
16.154295091249452
16.225276525506324
16.296299741147052
16.36736502025898
16.43847264675378
16.509622906388305
16.58081608678569
16.65205247745673
16.723332369821602
16.794656057231816
16.866023834992518
16.9374360003851
17.008892852690092
17.08039469321041
17.15194182529489
17.22353455436222
17.29517318792512
17.366858035614925
17.438589409206525
17.510367622643603
17.5821929920643
17.6540658358272
17.725986474537713
17.79795523107485
17.86997243061835
17.942038400676243
18.014153471112788
18.086317974176858
18.158532244530676
18.230796619279065
18.303111437999057
18.375477042769987
18.447893778204033
18.520361991477184
18.592882032360727
18.665454253253163
18.738079009212637
18.810756657989852
18.883487560061496
18.956272078664174
19.02911057982886
19.10200343241591
19.174951008150572
19.24795368165911
19.321011830505448
19.394125835228404
19.46729607937953
19.540522949561517
19.613806835467248
19.687148129919468
19.76054722891106
19.834004531646013
19.907520440581028
19.98109536146779
20.054729703395978
20.12842387883692
20.202178303687994
20.275993397317773
20.3498695826119
20.423807286019713
20.497806937601705
20.57186897107771
20.645993823875944
20.720181937182875
20.794433755993904
20.868749729164968
20.943130309464962
21.017575953629123
21.092087122413282
21.1666642806491
21.24130789730024
21.316018445519504
21.390796402707046
21.465642250569513
21.540556475180303
21.615539567040873
21.690592021143125
21.765714337032943
21.84090701887484
21.9161705755178
21.9915055205623
22.066912372428554
22.142391654426028
22.2179438948242
22.293569626924644
22.369269389134466
22.445043725041085
22.520893183488425
22.596818318654528
22.672819690130655
22.748897863001872
22.825053407929154
22.901286901233117
22.97759892497929
23.053990067065065
23.130460921308373
23.207012087537997
23.283644171685747
23.360357785880385
23.437153548543442
23.51403208448691
23.590994025012897
23.66804000801527
23.745170678083383
23.82238668660782
23.899688691888375
23.977077359244177
24.054553361126107
24.13211737723152
24.209770094621334
24.287512207839573
24.365344419035402
24.443267438087727
24.521281982732425
24.59938877869228
24.677588559809685
24.75588206818218
24.834270054300934
24.912753277192202
24.991332504561868
25.070008512943158
25.148782087847582
25.22765402391922
25.306625125092445
25.38569620475314
25.464868085903557
25.5441416013309
25.623517593779688
25.70299691612809
25.782580431568288
25.862269013790993
25.94206354717422
26.021964926976484
26.101974059534506
26.182091862465562
26.26231926487465
26.34265720756655
26.42310664326299
26.503668536825018
26.584343865480754
26.6651336190587
26.74603880022675
26.82706042473706
26.908199521677016
26.989457133726425
27.070834317421145
27.15233214342336
27.233951696798695
27.315694077300396
27.397560399660776
27.479551793890213
27.561669405583835
27.643914396236287
27.72628794356468
27.808791241840137
27.89142550222807
27.97419195313766
28.057091840580608
28.1401264285397
28.223296999347358
28.306604854074575
28.390051312930577
28.473637715673583
28.557365422033016
28.641235812143623
28.725250286991848
28.809410268874924
28.893717201873145
28.978172552335735
29.062777809380872
29.147534485410315
29.232444116639176
29.31750826364143
29.402728511911675
29.488106472443818
29.573643782327213
29.659342105361056
29.745203132687553
29.831228583444727
29.917420205439498
30.003779775841917
30.09030910190129
30.177010021685128
30.263884404841725
30.350934153387424
30.438161202519446
30.525567521455386
30.613155114300422
30.70092602094341
30.788882317982985
30.87702611968499
30.96535957897253
31.05388488844997
31.142604281462408
31.231520033192076
31.320634461793315
31.409949929567755
31.49946884418152
31.589193659926295
31.679126879026192
31.769271052992536
31.859628784028697
31.950202726487284
32.04099558838212
32.13201013295755
32.2232491803178
32.31471560911919
32.40641235832826
32.49834242904897
32.59050888642235
32.68291486160212
32.775563553810215
32.86845823247593
32.96160223946322
33.0549989913905
33.148651982047696
33.24256478491571
33.33674105579363
33.43118453553938
33.52589905292997
33.62088852764781
33.71615697339986
33.81170850117723
33.90754732266281
34.00367775379545
34.100104218499574
34.196831252589824
34.29386350786084
34.39120575637323
34.488862894947296
34.586839949877174
34.68514208187876
34.7837745912858
34.88274292350979
34.982052674780164
35.08170959818284
35.181719610016316
35.28208879648616
35.382823420760346
35.483929930409616
35.58541496525899
35.68728536567896
35.789548181346696
35.892210680510786
35.995280359795416
36.09876495458317
36.20267245001906
36.30701109268217
36.41178940297535
36.517016188288146
36.62270055699319
36.72885193334192
36.835480073331716
36.94259508162367
37.05020742959781
37.15832797464132
37.266967980775085
37.376139140734495
37.485853599632854
37.59612398034915
37.7069634107975
37.818385553252696
37.930404635926024
38.043035487007536
38.156293571416136
38.270195030527354
38.384756725181276
38.49999628231028
38.61593214556869
38.73258363039551
38.8499709839975
38.96811545080487
39.08703934402707
39.20676612402329
39.32732048430417
39.448728446099636
39.571017462567525
39.69421653388081
39.81835633462543
39.94346935516941
40.0695900589375
40.196755057851234
40.3250033085868
40.45437633277504
40.58491846484134
40.716677131881035
40.849703170821755
40.9840511891784
41.11977997701396
41.25695297935187
41.39563884033669
41.535912033037945
41.67785359210708
41.82155197076481
41.9671040491384
42.114616328236856
42.26420635348536
42.416004424652705
42.570155666528024
42.72682255880194
42.88618805723825
43.04845948591636
43.21387344916906
43.382702113182994
43.55526135970986
43.731921549456246
43.91312200546661
44.099390936730515
44.291373557254474
44.48987298832531
44.69591194282138
44.91082993406388
45.136445105102986
45.375343304397454
45.631445498945304
45.91128068552589
46.22750032614668
46.61316172379614