0.0642884430311384
0.1928671094200218
0.3214511174297322
0.4500440302781848
0.5786494143916991
0.7072708406930821
0.8359118858944458
0.964576133796127
1.0932671765930944
1.2219886161902374
1.3507440655279577
1.479537149919501
1.6083715084014907
1.7372507950991611
1.8661786806078096
1.9951588533920288
2.124195021204317
2.2532909125247067
2.3824502780230987
2.5116768920460375
2.6409745541297207
2.7703470905410956
2.899798355848952
3.029332234527
3.15895264259099
3.288663529272007
3.418468878728167
3.5483727117970245
3.6783790877911082
3.8084921063390906
3.938715909275235
4.0690546825798535
4.199512658373663
4.330094116969051
4.46080338898141
4.591644857503857
4.722622960348837
4.853742192360258
4.985007107800026
5.11642232281305
5.24799251797498
5.379722440927224
5.511616909103983
5.64368081255639
5.775919116879027
5.908336866244521
6.040939186552142
6.173731288696773
6.306718471964946
6.439906127565078
6.5732997422994766
6.706904902386166
6.840727297439091
6.974772724615805
7.109047092942368
7.2435564278257765
7.378306875764995
7.513304709272362
7.648556332017974
7.784068284210512
7.91984724822895
8.055900054520569
8.192233687781831
8.3288552934399
8.465772184453852
8.602991848456082
8.740521955255959
8.87837036472946
9.016545135120344
9.155054531780474
9.293907036379023
9.4331113566128
9.57267643645243
9.712611466962114
9.85292589773382
9.993629448980167
10.134732124334185
10.27624422440826
10.418176361169245
10.56053947319183
10.703344841857911
10.846604108576013
10.990329293101691
11.13453281304762
11.279227504680664
11.424426645112685
11.570143976002656
11.716393728899408
11.863190652367809
12.010550041056025
12.158487766878368
12.307020312507142
12.456164807388163
12.605939066518804
12.756361632254588
12.907451819441384
13.059229764205368
13.211716476773095
13.364933898739759
13.518904965256247
13.673653672665829
13.829205152190632
13.985585750348218
14.142823116871154
14.300946301010189
14.459985857227004
14.619973961428984
14.780944539070306
14.942933406645718
15.105978428342167
15.2701196898965
15.435399692044356
15.6018635663483
15.76955931667688
15.938538090190004
16.108854482393646
16.280566881689257
16.453737859900357
16.628434616561503
16.804729486370768
16.98270052122418
17.16243216078643
17.344016008763774
17.527551736144474
17.713148137949418
17.90092437689038
18.091011456325376
18.283553976819075
18.478712246595066
18.67666483785359
18.877611710759023
19.081778068538995
19.289419166194868
19.50082638058598
19.71633497518323
19.936334181698204
20.16128051214153
20.391715676834934
20.628291239957882
20.871803427460897
21.123243774629508
21.38387553156177
21.65535411102395
21.93992767396863
22.24079556415592
22.56281212867918
22.91406627471604
23.310244430711695
23.792371080836638