0.12868558374092035
0.38611399247334727
0.643714456611342
0.9016027908960921
1.1598964966533338
1.4187154768845949
1.6781827934921527
1.9384254811801833
2.199575434655064
2.461770388537766
2.725155013083799
2.989882153635249
3.2561142480573673
3.5240249647298416
3.7938011146597774
4.065644905938027
4.339776628478554
4.616437883809741
4.895895511656204
5.1784464167185345
5.46442357241644
5.75420358435176
6.048216352402734
6.346957605490609
6.651005445885526
6.961042615527367
7.277887139355674
7.602535601195844
7.936226143572437
8.28053356552605
8.63751934408256
9.009981667996367
9.401902621948977
9.819327103315361
10.272337356338001
10.780513013934538
11.395160399349304