0.039111342216136366
0.11733417501491887
0.19555745292054746
0.27378147269530984
0.3520065311380829
0.43023292509897554
0.5084609514939793
0.5866909073196283
0.6649230896676703
0.7431577957397524
0.8213953228621216
0.8996359685003441
0.9778800302740444
1.0561278059716661
1.1343795935652583
1.212635691225287
1.2908963973354763
1.3691620105076805
1.4474328295967878
1.5257091537156606
1.6039912822501132
1.6822795148739287
1.7605741515639162
1.8388754926150153
1.9171838386554438
1.9954994906618964
2.0738227499747914
2.1521539183135743
2.230493297792071
2.3088411909339066
2.387197900687977
2.465563730443987
2.54393898404805
2.62232396581836
2.7007189805609273
2.77912433358539
2.8575403307208975
2.935967278332074
3.0144054833350578
3.0928552532136244
3.1713168960353957
3.249790720468131
3.328277035796114
3.4067761519366284
3.4852883794565273
3.563814029588903
3.642353414249858
3.720906846055372
3.799474638338285
3.87805710516538
3.9566545613545827
4.035267322492271
4.11389570495071
4.192540025905592
4.271200603353717
4.34987775613079
4.428571803929346
4.507283067316811
4.5860118677537
4.664758527611948
4.743523370193388
4.8223067197483696
4.901108901494533
4.979930241635728
5.0587710673810875
5.13763170696427
5.216512489662849
5.29541374581788
5.374335806853639
5.4532790052975155
5.532243674800105
5.61123015015547
5.690238767321585
5.769269863440976
5.848323776861546
5.9274008471576005
6.006501415151075
6.085625822932963
6.1647744138849525
6.243947532701283
6.323145525410815
6.402368739399314
6.481617523431983
6.5608922276762
6.640193203724509
6.719520804617848
6.798875384869018
6.878257300486411
6.957666908997985
7.0371045694755
7.116570642559032
7.196065490481747
7.275589477094949
7.3551429678934275
7.434726330041069
7.514339932396784
7.593984145540722
7.673659341800794
7.753365895279506
7.833104181881116
7.912874579339104
7.992677467243987
8.072513227071456
8.152382242210871
8.232284897994093
8.312221581724689
8.392192682707485
8.472198592278504
8.552239703835282
8.632316412867558
8.712429116988378
8.792578215965587
8.87276411175374
8.952987208526425
9.033247912709015
9.113546633011866
9.193883780463938
9.274259768446894
9.354675012729638
9.435129931503345
9.515624945416963
9.596160477613195
9.676736953765005
9.757354802112621
9.838014453501058
9.918716341418172
9.999460902033276
10.080248574236274
10.161079799677402
10.24195502280751
10.322874690918947
10.403839254187064
10.484849165712287
10.565904881562863
10.64700686081821
10.72815556561294
10.809351461181535
10.890595015903706
10.97188670135045
11.053226992330806
11.134616366939348
11.216055306604396
11.297544296137
11.379083823780684
11.460674381261981
11.542316463841757
11.62401057036738
11.705757203325707
11.787556868896928
11.869410077009293
11.951317341394729
12.033279179645362
12.115296113270983
12.197368667757457
12.279497372626112
12.36168276149412
12.44392537213589
12.526225746545514
12.608584431000263
12.691001976125172
12.77347893695874
12.856015873019762
12.938613348375322
13.021271931709968
13.10399219639612
13.186774720565698
13.269620087183027
13.352528884119051
13.435501704226867
13.518539145418618
13.601641810743782
13.684810308468887
13.768045252158679
13.851347260758782
13.934716958679891
14.018154975883512
14.101661947969324
14.185238516264167
14.268885327912704
14.352603035969809
14.436392299494711
14.520253783646941
14.604188159784124
14.688196105561664
14.77227830503436
14.85643544876002
14.940668233905098
15.024977364352422
15.109363550811056
15.193827510928354
15.278369969404272
15.362991658107953
15.447693316196712
15.532475690237417
15.617339534330359
15.702285610235673
15.787314687502384
15.872427543600114
15.95762496405356
16.042907742579786
16.128276681228417
16.213732590524824
16.299276289616333
16.384908606421615
16.470630377783245
16.556442449623628
16.642345677104277
16.728340924788615
16.81442906680834
16.900610987033502
16.986887579246353
17.073259747319085
17.159728405395597
17.24629447807736
17.33295890061351
17.419722619095317
17.50658659065512
17.593551783669852
17.68061917796933
17.767789765049425
17.855064548290215
17.942444543179356
18.029930777540734
18.117524291768607
18.205226139067403
18.2930373856973
18.38095911122582
18.468992408785574
18.55713838533837
18.645398161945863
18.733772874046974
18.82226367174225
18.910871720085435
18.999598199382408
19.0884443054978
19.17741125016945
19.26650026133105
19.355712583443125
19.445049477832725
19.534512223042054
19.62410211518632
19.713820468321174
19.803668614819966
19.893647905761213
19.983759711326616
20.07400542120994
20.164386445037156
20.25490421279825
20.345560175291045
20.436355804577495
20.5272925944529
20.618372060928415
20.709595742727444
20.800965201796274
20.89248202382959
20.984147818811312
21.07596422157135
21.167932892358873
21.26005551743264
21.352333809669087
21.44476950918882
21.53736438400215
21.63012023067448
21.7230388750122
21.81612217276998
21.90937201038019
22.002790305705357
22.0963790088146
22.190140102784877
22.28407560452813
22.37818756564536
22.472478073308626
22.566949251172225
22.66160326031417
22.756442300209226
22.851468609734834
22.94668446821132
23.04209219647777
23.13769415800517
23.233492760048346
23.329490454838442
23.42568974081762
23.522093163917955
23.61870331888639
23.71552285065781
23.812554455778514
23.90980088388222
24.007264939221148
24.104949482254654
24.20285743129809
24.300991764234812
24.399355520294243
24.497951801899184
24.596783776585735
24.695854678999375
24.79516781297092
24.894726553676357
24.994534349884724
25.094594726298546
25.19491128599154
25.295487712948546
25.396327774713125
25.49743532514841
25.598814307317227
25.70046875648794
25.80240280327279
25.904620676906024
26.00712670866948
26.109925335474003
26.213021103605325
26.316418672643987
26.42012281956919
26.52413844305742
26.628470567987282
26.733124350162868
26.838105081268832
26.94341819407134
27.04906926788002
27.155064034287264
27.26140838320238
27.368108369199444
27.475170218199164
27.582600334506637
27.690405308228595
27.7985919230956
27.907167164716792
28.016138229296907
28.125512532847864
28.235297720929896
28.34550167896013
28.456132543129847
28.56719871197524
28.67870885865045
28.790671943955978
28.903097230180634
29.015994295820235
29.129373051242467
29.24324375537383
29.3576170334919
29.472503896214405
29.587915759785623
29.70386446777092
29.820362314281546
29.93742206886468
30.055057003208034
30.173280919824478
30.29210818290043
30.411553751512315
30.53163321543865
30.652362833821883
30.7737595769641
30.895841171574947
31.01862614982937
31.142133902637514
31.26638473758061
31.39139994202593
31.517201852002298
31.643813927496698
31.771260834924608
31.899568537633538
32.02876439542447
32.15887727422252
32.28993766720057
32.421977828863525
32.555031923842314
32.68913619243419
32.82432913526973
32.960651719899495
33.098147612591056
33.23686343923076
33.376849079959975
33.518158003076756
33.6608476448448
33.80497984322877
33.950621335294855
34.097844330176436
34.24672717224168
34.397355112592585
34.549821211521305
34.70422740038839
34.8606857390466
35.01931991508384
35.180267044764804
35.34367985401495
35.509729343184574
35.67860807477088
35.85053427353673
36.02575700101626
36.20456277320076
36.38728415089918
36.57431108007086
36.76610615229447
36.96322559839548
37.166348919201646
37.37632198898448
37.59422206287659
37.82146022839257
38.05995197245577
38.31242188389235
38.58300177809252
38.87857259678025
39.21246958993129
39.619542158963924