0.033542897551617296
0.10062876149221416
0.1677148319467344
0.23480124659724877
0.30188814313501133
0.36897565926413384
0.43606393270526095
0.5031531011992468
0.5702433025108334
0.6373346744323305
0.7044273547872978
0.7715214814342296
0.8386171922702423
0.9057146252347644
0.9728139183132304
1.039915209540778
1.1070186370059494
1.1741243388543965
1.2412324532925898
1.3083431185915346
1.3754564730904895
1.4425726552006906
1.5096918034090836
1.576814056282059
1.6439395524691953
1.711068430707008
1.7782008298227059
1.8453368887379533
1.9124767464726415
1.979620542148667
2.0467684149937164
2.1139205043450633
2.1810769496533684
2.2482378904864952
2.3154034665333283
2.382573817607606
2.44974908365176
2.5169294047407678
2.584114921086013
2.6513057730391565
2.7185021010960226
2.7857040459004927
2.8529117482484097
2.920125349091499
2.9873449895413
3.0545708108731064
3.1218029545299277
3.1890415621264556
3.25628677545305
3.3235387364797355
3.3907975873602156
3.458063470435898
3.5253365282399387
3.592616903501298
3.6599047391488138
3.7272001783152926
3.794503364341615
3.8618144407808566
3.929133551402431
3.9964608401962463
4.063796451376878
4.131140529387768
4.19849321890543
4.265854664843689
4.333225012357923
4.400604406849343
4.467992993969277
4.535390919623484
4.6027983299764825
4.670215371455911
4.7376421907568975
4.805078934846459
4.872525750967919
4.939982786645356
5.00745018968806
5.074928108195033
5.1424166905594975
5.2099160854734325
5.2774264419321435
5.344947909238848
5.412480637009289
5.480024775176382
5.547580473994875
5.615147884046052
5.682727156242448
5.750318441832609
5.817921892405865
5.885537659897138
5.953165896591789
6.020806755130476
6.088460388514059
6.156126950108527
6.223806593649966
6.29149947324954
6.359205743398527
6.426925558973377
6.494659075240799
6.562406447862894
6.63016783290231
6.697943386827442
6.765733266517664
6.833537629268595
6.901356632797406
6.969190435248161
7.037039195197196
7.104903071658542
7.172782224089375
7.240676812395523
7.308586996936995
7.376512938533564
7.444454798470387
7.512412738503666
7.580386920866351
7.648377508273893
7.7163846639300315
7.784408551532634
7.8524493352795774
7.920507179874675
7.988582250533654
8.056674712990176
8.124784733501908
8.192912478856641
8.26105811637846
8.32922181393396
8.39740373993852
8.465604063362623
8.533822953738222
8.602060581165185
8.67031711631776
8.738592730451119
8.806887595407948
8.875201883625095
8.943535768140274
9.01188942259883
9.080263021260565
9.148656739006613
9.21707075134639
9.285505234424589
9.353960365028259
9.422436320593928
9.490933279214794
9.559451419647997
9.627990921321931
9.696551964343646
9.765134729506304
9.833739398296716
9.902366152902934
9.971015176221927
10.039686651867326
10.108380764177237
10.177097698222136
10.24583763981283
10.31460077550851
10.383387292624855
10.452197379242255
10.521031224214067
10.589889017174986
10.658770948549492
10.727677209560369
10.796607992237316
10.865563489425648
10.934543894795077
11.003549402848584
11.072580208931383
11.141636509239977
11.210718500831295
11.279826381631944
11.348960350447534
11.418120606972115
11.487307351797705
11.556520786423926
11.625761113267716
11.69502853567319
11.764323257921552
11.833645485241153
11.902995423817632
11.97237328080419
12.04177926433194
12.111213583520401
12.180676448488095
12.250168070363252
12.319688661294643
12.389238434462527
12.45881760408972
12.52842638545279
12.598064994893363
12.667733649829582
12.73743256876767
12.807161971313624
12.876922078185075
12.946713111223225
13.016535293404983
13.08638884885519
13.156274002859012
13.226190981874474
13.296140013545125
13.366121326712866
13.436135151430925
13.506181718976972
13.576261261866406
13.646374013865792
13.716520210006454
13.786700086598232
13.85691388124341
13.9271618328508
13.997444181650007
14.067761169205866
14.13811303843304
14.208500033610818
14.278922400398077
14.349380385848434
14.419874238425596
14.490404208018873
14.560970545958918
14.631573505033636
14.702213339504302
14.772890305121898
14.84360465914362
14.914356660349636
14.985146569060023
15.05597464715194
15.126841158077019
15.197746366878972
15.26869054021143
15.339673946356024
15.410696855240678
15.481759538458158
15.552862269284871
15.62400532269989
15.695188975404244
15.766413505840463
15.837679194212388
15.908986322505234
15.980335174505921
16.051726035823705
16.123159193911054
16.194634938084825
16.26615355954773
16.337715351410086
16.409320608711884
16.480969628445127
16.552662709576513
16.624400153070418
16.696182261912178
16.76800934113174
16.83988169782762
16.911799641191188
16.98376348253131
17.055773535299338
17.127830115114477
17.19993353978947
17.272084129356685
17.344282206094558
17.416528094554458
17.48882212158788
17.56116461637408
17.63355591044811
17.705996337729243
17.77848623454984
17.851025939684625
17.923615794380414
17.996256142386272
18.068947329984116
18.141689706019815
18.214483621934694
18.287329431797588
18.360227492337334
18.433178162975764
18.50618180586122
18.579238785902582
18.6523494708038
18.72551423109898
18.798733440188027
18.872007474372808
18.945336712893905
19.01872153796796
19.09216233482557
19.16565949174983
19.239213400115446
19.312824454428497
19.38649305236685
19.46021959482117
19.534004485936666
19.60784813315546
19.681750947259665
19.755713342415174
19.82973573621616
19.90381854973032
19.977962207544845
20.052167137813186
20.126433772302583
20.20076254644238
20.275153899373194
20.349608273996857
20.424126117027257
20.498707879042023
20.573354014535084
20.64806498197016
20.722841243835138
20.797683266697444
20.872591521260308
20.94756648242008
21.022608629324495
21.097718445432022
21.172896418572197
21.24814304100709
21.32345880949383
21.398844225348252
21.474299794509722
21.54982602760709
21.625423440025862
21.70109255197661
21.776833888564607
21.852647979860745
21.9285353609738
22.00449657212398
22.080532158717894
22.156642671424887
22.232828666254832
22.309090704637395
22.385429353502765
22.46184518536397
22.538338778400746
22.614910716545005
22.691561589567982
22.768291993169033
22.845102529066224
22.921993805088622
22.99896643527045
23.07602103994708
23.153158245852953
23.230378686221414
23.307683000886577
23.385071836387247
23.462545846072906
23.540105690211888
23.61775203610174
23.695485558181872
23.77330693814848
23.85121686507193
23.929216035516482
24.007305153662614
24.085484931431857
24.163756088614267
24.242119352998653
24.320575460505523
24.399125155322903
24.47776919004509
24.55650832581441
24.63534333246602
24.714274988675946
24.7933040821123
24.872431409589904
24.9516577772283
25.030984000613298
25.110410904962176
25.18993932529257
25.269570106595204
25.34930410401057
25.42914218300964
25.50908521957874
25.58913410040874
25.669289723088585
25.749552996303414
25.82992484003731
25.910406185780875
25.990997976743696
26.07170116807196
26.15251672707125
26.23344563343476
26.31448887947704
26.395647470373504
26.476922424405775
26.55831477321313
26.639825562050216
26.7214558500512
26.80320671050055
26.885079231110733
26.96707451430692
27.049193677519025
27.131437853481277
27.213808190539517
27.29630585296657
27.378932021285852
27.461687892603535
27.544574680949534
27.627593617627607
27.710745951574882
27.794032949731097
27.877455897417917
27.961016098728606
28.044714876928506
28.12855357486657
28.21253355539843
28.296656201821342
28.380922918321456
28.465335130433782
28.54989428551541
28.63460185323233
28.71945932606042
28.804468219801088
28.889630074112095
28.974946453054116
29.06041894565362
29.146049166482662
29.231838756256227
29.317789382447796
29.40390273992377
29.490180551597557
29.57662456910398
29.663236573494853
29.75001837595653
29.83697181855027
29.92409877497638
30.011401151362936
30.098880887080284
30.186539955582145
30.274380365274546
30.362404160413636
30.450613422033662
30.539010268906242
30.627596858532375
30.71637538816845
30.805348095887805
30.89451726167928
30.983885208584425
31.073454303875003
31.163226960272567
31.253205637212037
31.343392842151122
31.433791131927773
31.52440311416779
31.61523144874489
31.706278849295654
31.79754808479194
31.88904198117345
31.98076342304327
32.0727153554295
32.164900785616005
32.257322785045886
32.349984491300965
32.442889110161346
32.53603991774885
32.6294402627587
32.723093568783845
32.81700333673692
32.911173147374576
33.005606663929974
33.10030763485883
33.19527989670535
33.29052737709443
33.386054097857055
33.48186417829633
33.577961838601844
33.674351403421
33.77103730559599
33.86802409007619
33.96531641801612
34.06291907106989
34.1608369558939
34.25907510887036
34.35763870106506
34.456533043433815
34.55576359229325
34.65533595507246
34.75525589636354
34.855529344290446
34.95616239721681
35.05716133081535
35.15853260552314
35.26028287440886
35.362418991480425
35.46494802046391
35.56787724408672
35.671214173901454
35.7749665606895
35.87914240548715
35.98374997128064
36.08879779542069
36.194294702811916
36.300249819937335
36.40667258978395
36.51357278774189
36.62096053855617
36.728846334418236
36.8372410542931
36.9461559845874
37.05560284127471
37.165593793606725
37.27614148955222
37.387259083121585
37.49896026375159
37.61125928794508
37.72417101338203
37.83771093574401
37.951895228522424
38.06674078611351
38.182265270540604
38.29848716218645
38.41542581496767
38.53310151643958
38.65153555338488
38.770750283514836
38.89076921399916
39.011617087642676
39.13331997764578
39.25590539202521
39.37940238893594
39.50384170432875
39.62925589360795
39.755679489227
39.88314917648715
40.01170399019646
40.14138553532023
40.27223823532823
40.40430961264333
40.53765060645385
40.67231593420835
40.80836450442185
40.94585989005827
41.08487087380922
41.22547207919285
41.36774470471823
41.511777382637256
41.65766718935944
41.80552084188889
41.955456124295864
42.107603601174766
42.262108692599476
42.41913420923571
42.578863479971446
42.74150425221991
42.90729361403734
43.07650428875256
43.24945280560376
43.42651028548966
43.60811695446732
43.7948021088216
43.98721229270601
44.18615228567812
44.392646915728925
44.60803847117765
44.834148868315005
45.073569332121465
45.33022899830427
45.610670494792565
45.92757175887568
46.314059455590495