0.06753384608802195
0.20260381569810199
0.3376806186088596
0.47276881368392093
0.6078729647861484
0.7429976427862965
0.8781474275806567
1.0133269101202982
1.1485406944545429
1.2837933997913493
1.4190896625773226
1.5544341386001186
1.6898315051160726
1.8252864630059447
1.9608037389617472
2.096388087707711
2.2320442942585244
2.3677771762180955
2.5035915861221802
2.6394924138283575
2.7754845889569477
2.911573083386623
3.047762913808607
3.1840591443435255
3.320466889225158
3.456991315555533
3.593637646136001
3.730411162379179
3.867317207306875
4.004361188639373
4.141548581981748
4.278884934113181
4.416375866385557
4.554027078238014
4.691844350834456
4.829833550831482
4.968000634284599
5.106351650701085
5.244892747248367
5.38363017312733
5.522570284120587
5.6617195473263635
5.801084546089363
5.9406719851407255
6.080488695959998
6.220541642372947
6.360837926399947
6.5013847943707805
6.642189643322739
6.783260027700193
6.924603666375083
7.06622845000925
7.208142448781075
7.350353920500629
7.49287131913936
7.63570330380244
7.778858748174034
7.9223467504682885
8.066176643921386
8.210358007863048
8.354900679408967
8.499814765819256
8.645110657571804
8.790799042203764
8.936890918979033
9.08339761444483
9.230330798946204
9.37770250417366
9.525525141826147
9.673811523479488
9.822574881759035
9.971828892925036
10.12158770099003
10.271865943499657
10.422678779121842
10.574041917204465
10.725971649478693
10.87848488410435
11.031599182275329
11.185332797627499
11.339704718719293
11.494734714886508
11.65044338580864
11.806852215164733
11.963983628803307
12.12186105790413
12.28050900767084
12.439953132163794
12.60022031596387
12.761338763452033
12.923338096598783
13.08624946228495
13.250105650324041
13.414941223530807
13.580792661386003
13.747698519089717
13.91569960408316
14.084839172460946
14.255163148105066
14.426720367862982
14.599562856685068
14.77374613735526
14.949329580324758
15.126376800232087
15.304956107016167
15.485141021170197
15.667010864733232
15.850651442192083
16.036155828728297
16.223625287409128
16.413170342281784
16.60491204129366
16.798983452095143
16.995531445889096
17.19471884072313
17.39672699765188
17.601758993501274
17.81004353626681
18.02183984917671
18.23744383607345
18.457195968305435
18.681491525252504
18.91079411662208
19.145653884031848
19.386732547592516
19.634838767091477
19.89097959642768
20.15643810916784
20.432895774441896
20.722636261387006
21.028909640954513
21.356647562210956
21.714068369322632
22.117110887585415
22.607463957867093