0.08506350815043344
0.2551977452023931
0.42535365247890045
0.5955457033929061
0.7657884113423091
0.9360963458846755
1.106484149094097
1.2769665521542515
1.447558392243266
1.6182746297679147
1.7891303660069933
1.960140861226467
2.131321553332184
2.30268807712964
2.4742562842645146
2.646042263922505
2.8180623643724516
2.99033321544291
3.16287175202929
3.3356952387365157
3.508821295770974
3.6822679262054385
3.8560535447518167
4.030197008189098
4.204717647608023
4.379635302649901
4.554970357934944
4.730743781895754
4.90697716825453
5.083692780408481
5.2609135990174
5.4386633731207885
5.616966675150036
5.795848960244615
5.97533663033096
6.155457103479706
6.336238889122384
6.517711669784127
6.699906390076015
6.882855353791579
7.066592330069179
7.251152669718499
7.436573432969036
7.622893530085627
7.810153876516402
7.998397564498786
8.187670053357824
8.378019381098518
8.56949640033329
8.762155042113253
8.956052611868841
9.151250122437329
9.347812670095996
9.545809860673247
9.74531629423202
9.946412118583943
10.14918366409494
10.35372417501223
10.56013465604959
10.768524857445218
10.979014427470728
11.191734268858408
11.406828145437911
11.624454598296944
11.844789248242526
12.068027585042135
12.29438837653197
12.524117876199167
12.757495072417461
12.994838315752334
13.236513798043475
13.48294656360633
13.734635051620389
13.992170674226747
14.256264762200543
14.527786614519314
14.807818875617883
15.09774109616351
15.399361493933316
15.715136437003762
16.048562755664683
16.404948308671035
16.793141871786617
17.23031294327797
17.761394524848996