0.07413052124685325
0.22239519311568456
0.37067075542037903
0.5189644761574331
0.6672836348972643
0.8156355274439154
0.9640274705250302
1.1124668065209407
1.2609609082418554
1.4095171837623197
1.558143081322331
1.7068460943047485
1.8556337662989326
2.0045136962608727
2.1534935437804457
2.3025810344668605
2.451783965463821
2.601110211106446
2.7505677287325705
2.9001645646616785
3.0499088603554094
3.1998088587743525
3.3498729109466705
3.5001094827650077
3.6505271620291544
3.8011346657530147
3.95194084775564
4.102954706557382
4.254185393603676
4.405642221840502
4.557334674667304
4.709272415295017
4.861465296538905
5.013923371078143
5.166656902216583
5.319676375181801
5.472992509002522
5.626616269007785
5.7805588799947705
5.934831840116213
6.08944693554266
6.244416255959627
6.399752210965075
6.555467547438471
6.711575367959232
6.868089150359601
7.025022768505005
7.182390514403928
7.340207121759249
7.4984877910841545
7.657248216518128
7.816504614492456
7.976273754410265
8.136572991523671
8.297420302210332
8.45883432187394
8.620834385718382
8.783440572673733
8.946673752784571
9.110555638407874
9.275108839609619
9.440356924197093
9.606324482878724
9.773037200106172
9.940521931225945
10.108806786651407
10.277921223862947
10.447896148156575
10.618764023192208
10.790558992546105
10.963317013651405
11.137076005722085
11.311876013505193
11.487759389002159
11.664770993652217
11.842958423892226
12.022372263512878
12.203066366841647
12.385098177522684
12.56852908856588
12.753424850442574
12.939856035368052
13.127898567600994
13.317634331700049
13.509151873330328
13.702547210572106
13.897924777972586
14.09539853110248
14.295093246551112
14.49714606170178
14.70170831110033
14.9089477329501
15.119051141961267
15.332227696001201
15.548712927570275
15.768773772940795
15.992714921043074
16.220886935589018
16.45369680168522
16.691621853205262
16.935228520869376
17.185198132616495
17.442363341587985
17.70776113677073
17.9827128223832
18.268950114538193
18.56882515956734
18.88568587256628
19.224613049870264
19.594074879403323
20.010497645153833
20.5168542026278