0.02967996138317461
0.08903992148636498
0.14839999360068942
0.20776025240227264
0.26712077257029254
0.32648162878820164
0.3858428957449487
0.4452046481362007
0.5045669606655652
0.5639299080458126
0.6232935650000998
0.6826580062631931
0.7420233065826929
0.801389540720258
0.8607567834528314
0.9201251095738658
0.9794945938945514
1.0388653112450428
1.0982373364756886
1.1576107444582597
1.2169856100871814
1.2763620082807643
1.3357400139824378
1.395119702161983
1.4545011478167698
1.5138844259729918
1.5732696116869058
1.6326567800460705
1.6920460061705875
1.7514373652143445
1.8108309323662586
1.8702267828515227
1.9296249919328534
1.9890256349117394
2.048428787129694
2.1078345239695073
2.167242920856502
2.22665405325979
2.286067996693533
2.3454848267182022
2.404904618941844
2.464327449021345
2.523753392663699
2.583182525627281
2.642614923723119
2.702050662816168
2.7614898188265915
2.820932467731041
2.88037868556394
2.939828548418772
2.999282132449367
3.0587395138711977
3.1182007689626725
3.177665974066435
3.2371352055906653
3.2966085400103853
3.3560860538687662
3.4155678237784413
3.4750539264228193
3.534544438557403
3.5940394370111126
3.653538998687609
3.7130432005666236
3.772552119705293
3.8320658332394926
3.8915844183851807
3.9511079524397386
4.010636512783323
4.070170176880217
4.129709022280187
4.1892531266198425
4.248802567624004
4.30835742310707
4.367917770974394
4.427483689223658
4.487055255946263
4.54663254932871
4.606215647653997
4.665804629303014
4.725399572755946
4.785000556593682
4.844607659499226
4.90422096025911
4.963840537764828
5.023466471014251
5.083098839113068
5.142737721276223
5.202383196829361
5.262035345210272
5.3216942459703525
5.381359978776065
5.441032623410404
5.500712259774371
5.56039896788845
5.620092827894096
5.679793920055227
5.739502324759717
5.799218122520903
5.858941393979097
5.918672219903099
5.978410681191722
6.038156858875324
6.097910834117342
6.157672688215837
6.217442502605047
6.277220358856939
6.337006338682781
6.396800523934709
6.456602996607311
6.516413838839207
6.576233132914654
6.636060961265136
6.695897406470984
6.75574255126299
6.815596478524029
6.875459271290698
6.935331012754954
6.99521178626577
7.055101675330783
7.11500076361797
7.1749091349573195
7.234826873342513
7.294754062932625
7.354690788053813
7.41463713320104
7.474593183039786
7.534559022407779
7.594534736316733
7.654520409954097
7.714516128684806
7.774521978053054
7.834538043784067
7.89456441178589
7.954601168151181
8.014648399159022
8.074706191276725
8.134774631161674
8.194853805663147
8.25494380182417
8.31504470688338
8.375156608276889
8.435279593640157
8.495413750809899
8.555559167825976
8.61571593293331
8.675884134583818
8.736063861438332
8.796255202368563
8.856458246459054
8.916673083009156
8.97689980153501
9.037138491771541
9.097389243674476
9.157652147422356
9.217927293418578
9.27821477229344
9.338514674906198
9.398827092347148
9.4591521159397
9.519489837242494
9.5798403480515
9.640203740402155
9.7005801065715
9.76096953908034
9.821372130695408
9.881787974431559
9.942217163553954
10.00265979158029
10.06311595228302
10.123585739691599
10.184069248094744
10.2445665720427
10.30507780634955
10.365603046095494
10.426142386629198
10.486695923570112
10.547263752810835
10.607845970519481
10.668442673142069
10.729053957404927
10.789679920317113
10.850320659172853
10.910976271554004
10.971646855332516
11.032332508672935
11.09303333003491
11.153749418175716
11.214480872152807
11.275227791326381
11.335990275361963
11.396768424233004
11.457562338223516
11.518372117930703
11.579197864267627
11.640039678465891
11.700897662078347
11.761771916981807
11.8226625453798
11.883569649805326
11.944493333123646
12.005433698535098
12.06639084957791
12.12736489013107
12.188355924417174
12.249364057005351
12.310389392814164
12.371432037114552
12.432492095532801
12.49356967405353
12.554664879022699
12.615777817150656
12.67690859551518
12.738057321564588
12.799224103120823
12.860409048382605
12.921612265928589
12.982833864720545
13.044073954106578
13.105332643824358
13.166610044004399
13.227906265173338
13.28922141825727
13.35055561458508
13.411908965891824
13.473281584322145
13.534673582433685
13.596085073200566
13.65751617001687
13.718966986700158
13.780437637495032
13.841928237076704
13.903438900554617
13.96496974347608
14.02652088182995
14.088092432050328
14.149684511020316
14.211297236075765
14.272930725009097
14.334585096073136
14.396260467984973
14.457956959929888
14.519674691565271
14.581413783024615
14.643174354921511
14.704956528353707
14.766760424907183
14.828586166660275
14.890433876187831
14.952303676565405
15.014195691373489
15.076110044701787
15.138046861153525
15.200006265849794
15.261988384433954
15.323993343076054
15.386021268477302
15.448072287874588
15.510146529045032
15.572244120310582
15.634365190542658
15.696509869166833
15.75867828616757
15.82087057209298
15.883086858059658
15.945327275757535
16.007591957454796
16.069881036002837
16.132194644841263
16.19453291800296
16.25689599011918
16.319283996424694
16.381697072763014
16.444135355591623
16.50659898198729
16.56908808965142
16.631602816915482
16.694143302746443
16.756709686752313
16.819302109187692
16.88192071095941
16.94456563363221
17.007237019434484
17.069935011264068
17.13265975269411
17.195411387978965
17.258190062060194
17.320995920572578
17.383829109850225
17.446689776932736
17.509578069571408
17.572494136235548
17.635438126118796
17.69841018914556
17.7614104759775
17.824439138020068
17.887496327429133
17.950582197117676
18.01369690076254
18.076840592811255
18.140013428488963
18.20321556380537
18.2664471555618
18.32970836135833
18.39299933960098
18.456320249508988
18.51967125112218
18.58305250530839
18.646464173770987
18.709906419056455
18.773379404562093
18.83688329454376
18.900418254123736
18.96398444929865
19.02758204694749
19.091211214839745
19.154872121643564
19.21856493693407
19.282289831201737
19.346046975860872
19.40983654325817
19.473658706681395
19.537513640368143
19.601401519514695
19.665322520284995
19.72927681981971
19.79326459624539
19.85728602868375
19.921341297261055
19.9854305831176
20.049554068417308
20.11371193635743
20.177904371178393
20.242131558173693
20.306393683699987
20.370690935187238
20.435023501148994
20.499391571192824
20.563795336030832
20.62823498749031
20.69271071852453
20.757222723223652
20.821771196825768
20.88635633572806
20.95097833749813
21.01563740088544
21.080333725832872
21.145067513488485
21.20983896621735
21.27464828761359
21.339495682512506
21.404381357002904
21.46930551843956
21.534268375455802
21.59927013797631
21.664311017230027
21.729391225763248
21.79451097745288
21.859670487519846
21.924869972542684
21.990109650471304
22.05538974064091
22.120710463786125
22.18607204205526
22.251474699024822
22.316918659714116
22.38240415060014
22.447931399632605
22.513500636249148
22.5791120913908
22.64476599751758
22.71046258862435
22.776202100256846
22.84198476952794
22.907810835134104
22.973680537372083
23.03959411815583
23.105551821033604
23.17155389120535
23.237600575540284
23.303692122594732
23.369828782630186
23.436010807631636
23.502238451326107
23.568511969201502
23.63483161852566
23.70119765836569
23.767610349607576
23.83406995497604
23.900576739054703
23.967130968306492
24.033732911094358
24.10038283770228
24.16708102035655
24.233827733247377
24.300623252550775
24.36746785645078
24.43436182516197
24.50130544095232
24.56829898816636
24.635342753248697
24.702437024767846
24.76958209344043
24.83677825215572
24.904025796000525
24.97132502228446
25.038676230565574
25.106079722676363
25.173535802750166
25.241044777247946
25.308606954985464
25.376222647160876
25.44389216738274
25.511615831698418
25.57939395862295
25.647226869168325
25.71511488687321
25.783058337833147
25.85105755073119
25.919112856869027
25.98722459019857
26.055393087354037
26.123618687684548
26.191901733287203
26.260242569040685
26.32864154263941
26.397099004628174
26.465615308437396
26.534190810418888
26.602825869882185
26.671520849131504
26.74027611350324
26.80909203140409
26.87796897434982
26.9469073170046
27.01590743722104
27.084969716080828
27.154094537936093
27.223282290451383
27.292533364646406
27.361848154939405
27.43122705919134
27.50067047875072
27.570178818499272
27.63975248689832
27.709391896035964
27.779097461675082
27.84886960330213
27.918708744176772
27.98861531138239
28.058589735877437
28.12863245254769
28.198743900259437
28.26892452191354
28.3391747645005
28.40949507915646
28.479885921220216
28.550347750291216
28.620881030288633
28.69148622951145
28.762163820699662
28.832914281096556
28.903738092512153
28.974635741387768
29.045607718861767
29.11665452083655
29.18777664804673
29.258974606128607
29.33024890569093
29.401600062386947
29.473028596987877
29.544535035457677
29.616119909029305
29.68778375428238
29.759527113222337
29.831350533361135
29.90325456779945
29.975239775310527
30.047306720425617
30.119455973521106
30.191688110907343
30.26400371491921
30.336403374008505
30.408887682838138
30.481457242378234
30.554112660004133
30.626854549596395
30.699683531642815
30.772600233342512
30.84560528871215
30.918699338694346
30.9918830312683
31.065157021562747
31.13852197197122
31.21197855226976
31.285527439737102
31.35916931927737
31.432904883545426
31.50673483307484
31.580659876408664
31.654680730232954
31.72879811951328
31.803012777634102
31.87732544654128
31.951736876887683
32.02624782818201
32.10085906894093
32.17557137684463
32.25038553889584
32.325302351582444
32.40032262104378
32.47544716324076
32.55067680412985
32.626012379841086
32.701454736860185
32.77700473221496
32.852663233666014
32.928431119901994
33.00430928073943
33.08029861732735
33.156400042356786
33.232614480275295
33.308942867506744
33.38538615267634
33.461945296841265
33.538621273726925
33.61541506996905
33.6923276853619
33.76936013311254
33.84651344010165
33.92378864715087
34.00118680929698
34.07870899607312
34.156356291797195
34.234129795867844
34.31203062306809
34.39005990387693
34.468218784789194
34.54650842864391
34.62493001496139
34.70348474028945
34.78217381855892
34.860998481448895
34.939959978762026
35.01905957881004
35.09829856881006
35.177678255291966
35.25719996451721
35.33686504290948
35.41667485749757
35.49663079637108
35.57673426914913
35.65698670746274
35.73738956545138
35.81794432027399
35.898652472635305
35.9795155473278
36.06053509378993
36.14171268668129
36.223049926475284
36.30454844006997
36.38620988141781
36.468035932175006
36.5500283023712
36.63218873110032
36.71451898723338
36.79702087015417
36.87969621051865
36.962546871039066
37.045574747293756
37.12878176856368
37.21216989869677
37.29574113700136
37.379497519169604
37.46344111823256
37.547574045547876
37.63189845182174
37.716416528166434
37.801130507195055
37.88604266415506
37.97115531810228
38.056470833117224
38.1419916195656
38.22772013540501
38.313658887539844
38.399810433226776
38.48617738153298
38.57276239484966
38.65956819046349
38.7465975421886
38.83385328206223
38.921338302106804
39.00905555616201
39.09700806179008
39.18519890225797
39.27363122860044
39.3623082617678
39.45123329486305
39.54040969547268
39.62984090809625
39.71953045667974
39.809481947258405
39.89969907071477
39.99018560565822
40.08094542143267
40.171982481259555
40.26330084552352
40.35490467520902
40.446798235496466
40.53898589952687
40.63147215234518
40.724261595032544
40.8173589490389
40.91076906072798
41.00449690614765
41.09854759603944
41.192926381102296
41.28763865752655
41.38268997281533
41.47808603191209
41.57383270365427
41.66993602757463
41.76640222107372
41.8632376869886
41.960449021585106
42.058043023003336
42.15602670018808
42.25440728233929
42.353192228920015
42.45238924026306
42.55200626882085
42.652051531107276
42.75253352038463
42.85346102015357
42.95484311850967
43.05668922343601
43.15900907910797
43.261812783294054
43.36511080594471
43.46891400907053
43.573233668021615
43.67808149429171
43.783469659983666
43.889410824087676
43.99591816074045
44.10300538965227
44.210686808910104
44.318977330389444
44.42789251803453
44.53744862929862
44.64766266007115
44.75855239345997
44.87013645284396
44.98243435966516
45.09546659649253
45.2092546759614
45.32382121627716
45.43919002406923
45.55538618549594
45.67243616663501
45.790367924352
45.9092110290254
46.02899680072796
46.14975846072654
46.271531300477015
46.394352870668136
46.51826319332297
46.643305000518545
46.7695240039564
46.89696920044033
47.02569321933322
47.1557527193233
47.287208843401906
47.42012774292979
47.554581184170004
47.69064725385694
47.82841118447963
47.967966325292444
48.10941529206391
48.252871337847864
48.39845999949135
48.546321091461564
48.69661114177187
48.849506397160376
49.00520657058424
49.16393957035987
49.32596754782735
49.491594747184635
49.66117786744402
49.83514000523062
50.01398983417496
50.1983486728057
50.38898985650801
50.586898112051685
50.79336312326395
51.01013528981754
51.23970394894555
51.485843462701986
51.75483823724303
52.058864781035155
52.42973639319745