0.03300545981567583
0.09901644294358938
0.16502761656277654
0.23103910767271338
0.2970510432808166
0.36306355040562105
0.4290767560799571
0.49509078735413026
0.5611057712991009
0.6271218350096663
0.6931391056076441
0.7591577102450578
0.8251777761073243
0.8911994304164442
0.9572228004341944
1.0232480134653241
1.0892751968607535
1.1553044780207753
1.2213359843982625
1.2873698435018754
1.353406182899278
1.419445130220354
1.4854868131604306
1.5515313594835058
1.6175788970254807
1.6836295536973969
1.749683457488681
1.8157407364703921
1.8818015187984785
1.9478659327170367
2.013934106561582
2.0800061687623206
2.146082247847433
2.212162472446361
2.2782469712931057
2.344335873229529
2.4104293072086693
2.476527402298057
2.542630287683047
2.6087380926701536
2.6748509466903987
2.740968979302666
2.807092320197067
2.873221099198314
2.939355446269109
3.005495491513535
3.0716413651804624
3.137793197666968
3.203951119521759
3.270115261448616
3.3362857543098405
3.4024627291297183
3.4686463170979955
3.534836649573364
3.601033858086961
3.6672380743458857
3.7334494302367194
3.7996680578290714
3.8658940893791276
3.932127657333222
3.9983688943314166
4.0646179332111
4.130874907010598
4.1971399489728
4.263413192548806
4.329694771401581
4.395984819409632
4.462283470670701
4.528590859505469
4.594907120461286
4.6612323883159155
4.727566798081287
4.7939104850072844
4.860263584585539
4.926626232553244
4.992998564896996
5.059380717856641
5.125772827929156
5.192175031872543
5.258587466709738
5.325010269732553
5.3914435785056325
5.457887530870426
5.524342264949197
5.590807919149036
5.657284632165913
5.723772542988744
5.7902717909034775
5.856782515497215
5.923304856662346
5.9898389546007165
6.056384949827809
6.122942983176962
6.189513195803609
6.256095729189539
6.322690725147195
6.389298325823983
6.4559186737066225
6.5225519116255235
6.589198182759178
6.655857630638597
6.722530399151765
6.789216632548129
6.855916475443119
6.92263007282269
6.989357570047902
7.056099112859534
7.122854847382719
7.18962492013162
7.256409478014137
7.323208668336643
7.390022638808758
7.456851537548153
7.523695513085394
7.590554714368812
7.6574292907694215
7.724319392085862
7.791225168549381
7.85814677082886
7.925084350035866
7.9920380577297525
8.059008045922793
8.125994467085354
8.19299747415111
8.260017220522295
8.327053860075006
8.394107547164525
8.461178436630714
8.528266683803423
8.59537244450796
8.662495875070606
8.72963713232415
8.796796373613514
8.863973756801366
8.931169440273836
8.998383582946241
9.065616344268875
9.132867884232834
9.200138363375913
9.267427942788526
9.334736784119698
9.402065049583094
9.469412901963103
9.536780504620989
9.604168021501067
9.671575617136963
9.73900345665791
9.806451705795107
9.873920530888126
9.941410098891396
10.008920577380719
10.076452134559869
10.14400493926723
10.211579160982515
10.279174969833523
10.34679253660299
10.414432032735462
10.482093630344274
10.549777502218562
10.617483821830362
10.68521276334176
10.752964501612126
10.820739212205401
10.888537071397463
10.956358256183565
11.024202944285836
11.092071314160865
11.15996354500735
11.227879816773834
11.295820310166498
11.36378520665705
11.431774688490684
11.499788938694113
11.567828141083695
11.635892480273629
11.703982141684245
11.772097311550358
11.840238176929736
11.908404925711634
11.976597746625414
12.044816829249267
12.113062364019022
12.181334542237035
12.249633556081191
12.317959598613974
12.38631286379166
12.454693546473592
12.523101842431547
12.591537948359226
12.660002061881823
12.7284943815657
12.797015106928185
12.865564438447453
12.93414257757253
13.00274972673339
13.071386089351186
13.140051869848575
13.20874727366016
13.277472507243052
13.346227778087552
13.415013294727943
13.483829266753414
13.552675904819093
13.621553420657223
13.690462027088453
13.759401938033252
13.828373368523469
13.897376534714017
13.96641165389469
14.035478944502126
14.104578626131891
14.173710919550725
14.242876046708915
14.312074230752827
14.38130569603757
14.45057066813982
14.519869373870804
14.589202041289415
14.658568899715505
14.727970179743332
14.797406113255168
14.866876933435064
14.9363828747828
15.005924173127985
15.07550106564435
15.145113790864187
15.214762588693008
15.284447700424337
15.354169368754734
15.42392783779896
15.493723353105368
15.563556161671471
15.6334265119597
15.703334653913378
15.773280838972884
15.843265320092025
15.913288351754618
15.98335018999129
16.053451092396486
16.1235913181457
16.193771128012923
16.26399078438834
16.33425055129623
16.404550694413114
16.474891481086146
16.54527318035173
16.61569606295442
16.68616040136601
16.756666469804944
16.827214544255945
16.89780490248992
16.96843782408414
17.03911359044268
17.109832484817133
17.180594792327643
17.251400799984175
17.322250796708115
17.393145073354148
17.464083922732446
17.535067639631166
17.60609652083925
17.67717086516957
17.74829097348236
17.81945714870901
17.890669695876188
17.961928922130294
18.03323513676227
18.104588651232767
18.17598977919768
18.247438836534016
18.318936141366198
18.39048201409268
18.462076777412992
18.5337207563552
18.6054142783037
18.677157673027494
18.748951272708826
18.8207954119723
18.892690427914363
18.96463666013331
19.036634450759657
19.108684144487032
19.180786088603504
19.252940633023396
19.325148130319583
19.39740893575628
19.469723407322324
19.54209190576501
19.614514794624384
19.686992440268128
19.75952521192696
19.83211348173059
19.90475762474424
19.977458019005745
20.05021504556326
20.1230290885135
20.195900535040685
20.26882977545602
20.34181720323787
20.414863215072554
20.4879682108958
20.561132593934904
20.634356770751523
20.707641151285227
20.780986148897725
20.854392180417847
20.927859666187256
21.001389030106946
21.07498069968447
21.148635106082022
21.22235268416528
21.296133872553092
21.369979113668023
21.44388885378774
21.51786354309728
21.59190363574224
21.66600958988286
21.740181867749055
21.8144209356964
21.888727264263103
21.96310132822798
22.037543606669438
22.1120545830255
22.18663474515493
22.261284585399412
22.33600460064687
22.4107952923959
22.485657166821408
22.560590734841398
22.63559651218501
22.71067501946179
22.785826782232228
22.86105233107962
22.936352201683253
23.011726934892934
23.087177076804956
23.16270317883946
23.23830579781928
23.31398549605025
23.38974284140309
23.46557840739682
23.541492773283792
23.617486524136368
23.69356025093528
23.769714550659707
23.84595002637911
23.922267287346898
23.998666949095913
24.07514963353583
24.151715969052503
24.2283665906093
24.305102139850447
24.381923265206524
24.45883062200204
24.535824872565257
24.612906686340228
24.690076740001178
24.76733571756923
24.84468431053157
24.9221232179631
24.999653146650672
25.07727481121989
25.154988934264676
25.232796246479545
25.31069748679474
25.38869340251427
25.466784749456945
25.54497229210046
25.62325680372867
25.70163906658205
25.780119872011536
25.858700020635727
25.937380322501642
26.01616159724907
26.095044674278594
26.17403039292349
26.253119602625485
26.332313163114588
26.411611944593005
26.491016827923396
26.570528704821445
26.650148478052966
26.729877061635644
26.809715381045574
26.889664373428666
26.96972498781716
27.049898185351314
27.130184939506474
27.210586236325668
27.291103074657887
27.371736466402236
27.4524874367581
27.533357024481596
27.614346282148375
27.695456276423098
27.776688088335693
27.858042813564687
27.939521562727776
28.021125461679897
28.102855651819002
28.18471329039986
28.26669955085604
28.34881562313045
28.43106271401459
28.513442047496955
28.595954865120735
28.67860242635123
28.761386008953277
28.84430690937901
28.927366443166306
29.010565945348297
29.093906770874334
29.17739029504276
29.261017913945953
29.344791044928023
29.42871112705566
29.51277962160254
29.596998012547825
29.68136780708924
29.765890536171256
29.85056775502892
29.93540104374795
30.020392007841643
30.105542278845245
30.190853514928442
30.27632740152665
30.361965651991834
30.44777000826355
30.533742241561082
30.619884153097395
30.706197574815842
30.792684370150454
30.879346434810802
30.966185697592373
31.053204121213522
31.140403703180056
31.227786476678602
31.315354511499915
31.403109914993404
31.491054833054164
31.579191451143895
31.667521995347144
31.756048733464382
31.84477397614354
31.933700078051604
32.022829439088156
32.11216450564256
32.20170777189692
32.291461781176686
32.381429127351254
32.471612456286714
32.56201446735324
32.6526379149896
32.74348561032756
32.83456042287897
32.92586528228849
33.01740318015527
33.10917717192676
33.20119037886836
33.29344599011263
33.38594726479193
33.47869753425893
33.57170020439929
33.66495875804139
33.75847675746802
33.85225784703561
33.946305755906515
34.040624300900475
34.13521738947177
34.23008902281891
34.32524329913417
34.42068441700082
34.516416678946364
34.61244449516074
34.70877238738893
34.8054049930083
34.90234706930128
34.999603497935404
35.09717928966289
35.19507958925339
35.29330968067411
35.39187499253289
35.49078110380075
35.590033749831804
35.689638828699835
35.78960240787211
35.88993073124299
35.99063022655132
36.091707513207744
36.193169410560266
36.29502294662841
36.397275367339354
36.499934146301776
36.60300699515654
36.70650187454672
36.810427005753034
36.91479088304523
37.019602286804215
37.12487029747503
37.230604310416396
37.33681405171859
37.44350959506871
37.55070137974979
37.658400229869116
37.766617374920585
37.875364471796864
37.98465362837912
38.09449742884574
38.20490896085682
38.31590184478827
38.42749026520919
38.53968900481788
38.652513481077214
38.76597978581826
38.88010472811388
38.99490588076055
39.11040163074968
39.22661123415792
39.34355487594239
39.46125373519119
39.57973005645487
39.699007227870986
39.819109866895836
39.94006391457529
40.061896739425826
40.18463725215992
40.30831603268296
40.43296547101731
40.55861992408146
40.68531589057713
40.81309220662809
40.94199026528524
41.07205426358383
41.203331481534555
41.33587259828304
41.469732051723476
41.604968449155244
41.74164503819875
41.87983024923113
42.01959832319237
42.161030041916725
42.304213582398035
42.44924552192213
42.59623202824442
42.74529027859351
42.89655016415231
43.050156354134835
43.206270817597776
43.36507593464921
43.52677837625755
43.691614000486254
43.85985411399713
44.03181359965388
44.20786164542052
44.38843618129356
44.57406373895668
44.76538748051498
44.963207969235
45.1685446553244
45.38273277161786
45.60758464100345
45.84567781894301
46.10092067296433
46.37982117566236
46.694989955806165
47.079377342008875