0.02494584879749827
0.07483756205322487
0.1247293222912694
0.17462116083360324
0.2245131090028368
0.2744051981224752
0.32429745951717404
0.3741899245129949
0.4240826244376612
0.47397559062081407
0.523868854394268
0.5737624470922666
0.6236564000517392
0.6735507446125556
0.7234455121177834
0.7733407339139435
0.8232364413512664
0.8731326657839485
0.9230294385704086
0.9729267910735443
1.0228247546609885
1.0727233607053666
1.122622640584553
1.1725226256819274
1.2224233473866337
1.2723248370938351
1.3222271262049734
1.3721302461280247
1.4220342282777587
1.4719391040759957
1.5218449049518645
1.5717516623420615
1.6216594076911075
1.6715681724516083
1.7214779880845115
1.7713888860593665
1.821300897854584
1.8712140549576939
1.9211283888656063
1.971043931084871
2.0209607131319376
2.0708787665334145
2.1207981228263315
2.170718813558399
2.2206408702882694
2.2705643245858
2.3204892080323107
2.3704155522208508
2.420343388756457
2.4702727492564174
2.5202036653505346
2.570136168681388
2.6200702909045988
2.6700060636890894
2.7199435187173533
2.769882687685713
2.819823602304591
2.869766294298769
2.9197107954076573
2.9696571373855583
3.019605352001933
3.0695554710416673
3.119507526305339
3.1694615496094856
3.2194175727868695
3.269375627686749
3.3193357461751436
3.3692979601351047
3.4192623014669836
3.4692288020887023
3.5191974939360224
3.569168408962815
3.6191415791413335
3.6691170364624828
3.7190948129360915
3.769074940591186
3.81905745147626
3.86904237765955
3.919029751229308
3.969019604294076
4.01901196898296
4.069006877445906
4.119004361853974
4.169004454399616
4.219007187296951
4.269012592782044
4.319020703113182
4.369031550571153
4.419045167459524
4.469061586104924
4.519080838857316
4.569102958090287
4.619127976201323
4.669155925612092
4.719186838768725
4.7692207481421045
4.8192576862281395
4.869297685548056
4.919340778648681
4.969386998102722
5.019436376509063
5.069488946493043
5.119544740706744
5.169603791829285
5.219666132567103
5.269731795654248
5.31980081385267
5.36987321995251
5.419949046772391
5.4700283271597145
5.520111093990947
5.570197380171916
5.620287218638105
5.670380642354949
5.72047768431813
5.77057837755387
5.8206827551192335
5.870790850102422
5.920902695623075
5.971018324832566
6.021137770914311
6.071261067084057
6.121388246590198
6.171519342714067
6.221654388770245
6.271793418106866
6.321936464105919
6.3720835601835555
6.422234739790399
6.47239003641185
6.522549483568397
6.5727131148159215
6.622880963746019
6.673053063986299
6.723229449200703
6.773410153089819
6.823595209391194
6.873784651879648
6.923978514367591
6.974176830705344
7.024379634781454
7.07458696052301
7.124798841895968
7.175015312905472
7.2252364075961735
7.275462160052556
7.325692604399259
7.375927774801403
7.426167705464918
7.476412430636866
7.526661984605775
7.576916401701966
7.627175716297881
7.67743996280842
7.7277091756912695
7.777983389447237
7.828262638620589
7.878546957799384
7.9288363816158105
7.979130944746527
8.029430681912999
8.079735627881842
8.130045817465161
8.1803612855209
8.230682066953179
8.281008196712639
8.331339709796799
8.381676641250394
8.432019026165726
8.48236689968302
8.532720296990773
8.5830792533261
8.633443803975098
8.683813984273204
8.73418982960554
8.784571375407284
8.834958657164014
8.885351710412094
8.935750570739005
8.986155273783737
9.036565855237141
9.086982350842295
9.137404796394872
9.187833227743516
9.238267680790207
9.288708191490635
9.339154795854574
9.38960752994626
9.440066429884757
9.49053153184435
9.54100287205492
9.591480486802315
9.641964412428745
9.692454685333166
9.742951341971658
9.793454418857818
9.843963952563147
9.894479979717444
9.945002537009193
9.995531661185963
10.046067389054798
10.096609757482618
10.147158803396616
10.197714563784658
10.24827707569569
10.298846376240132
10.349422502590297
10.400005491980785
10.450595381708906
10.501192209135075
10.551796011683239
10.602406826841285
10.653024692161454
10.703649645260768
10.754281723821435
10.80492096559129
10.8555674083842
10.906221090080505
10.956882048627435
11.007550322039542
11.058225948399134
11.10890896585671
11.159599412631383
11.210297327011336
11.261002747354244
11.311715712087723
11.362436259709778
11.413164428789234
11.4639002579662
11.514643785952506
11.565395051532159
11.6161540935618
11.666920950971152
11.717695662763482
11.768478268016064
11.819268805880636
11.870067315583865
11.92087383642782
11.97168840779043
12.022511069125963
12.073341859965497
12.124180819917399
12.175027988667795
12.225883405981056
12.276747111700278
12.327619145747773
12.378499548125546
12.429388358915794
12.48028561828139
12.53119136646639
12.582105643796508
12.633028490679642
12.683959947606358
12.734900055150398
12.78584885396919
12.836806384804357
12.887772688482226
12.938747805914348
12.989731778098006
13.040724646116747
13.091726451140895
13.142737234428083
13.193757037323774
13.244785901261796
13.295823867764883
13.346870978445189
13.397927275004852
13.448992799236521
13.500067593023905
13.551151698342322
13.602245157259242
13.653348011934852
13.704460304622602
13.755582077669771
13.806713373518024
13.857854234703977
13.909004703859772
13.96016482371364
14.011334637090483
14.062514186912443
14.113703516199488
14.164902668069995
14.216111685741335
14.267330612530465
14.318559491854518
14.369798367231406
14.421047282280409
14.47230628072279
14.523575406382394
14.574854703186258
14.626144215165228
14.67744398645457
14.728754061294595
14.780074484031278
14.831405299116893
14.882746551110634
14.934098284679246
14.985460544597684
15.036833375749726
15.088216823128636
15.13961093183781
15.191015747091422
15.242431314215086
15.293857678646512
15.345294885936173
15.396742981747968
15.448202011859895
15.499672022164727
15.55115305867069
15.602645167502148
15.654148394900284
15.7056627872238
15.757188390949599
15.8087252526735
15.860273419110928
15.911832937097628
15.963403853590375
16.014986215667687
16.06658007053055
16.118185465503135
16.169802448033536
16.221431065694496
16.273071366184148
16.324723397326753
16.376387207073446
16.428062843502996
16.479750354822542
16.531449789368384
16.583161195606706
16.63488462213439
16.686620117679748
16.738367731103335
16.790127511398712
16.841899507693235
16.893683769248863
16.945480345462933
16.99728928586899
17.049110640137574
17.10094445807703
17.15279078963436
17.204649684895994
17.25652119408866
17.308405367580207
17.360302255880434
17.412211909641936
17.464134379660972
17.51606971687829
17.568017972380012
17.619979197398482
17.671953443313157
17.723940761651463
17.775941204089687
17.827954822453865
17.87998166872068
17.93202179501835
17.984075253627548
18.036142096982292
18.088222377670892
18.140316148436842
18.192423462179768
18.244544371956366
18.296678930981326
18.348827192628292
18.40098921043082
18.453165038083313
18.50535472944203
18.557558338526015
18.6097759195181
18.662007526765894
18.714253214782754
18.76651303824881
18.818787052011945
18.87107531108883
18.92337787066593
18.97569478610053
19.028026112921772
19.080371906831697
19.132732223706284
19.185107119596513
19.237496650729415
19.289900873509158
19.342319844518105
19.394753620517903
19.447202258450577
19.499665815439624
19.552144348791128
19.60463791599485
19.657146574725385
19.70967038284325
19.762209398396053
19.81476367961962
19.86733328493916
19.91991827297041
19.972518702520816
20.025134632590703
20.077766122374467
20.130413231261763
20.183076018838705
20.235754544889083
20.288448869395584
20.341159052541002
20.393885154709498
20.44662723648783
20.49938535866661
20.552159582241575
20.604949968414846
20.65775657859622
20.710579474404454
20.76341871766858
20.816274370429177
20.86914649493975
20.922035153667988
20.97494040929717
21.027862324727455
21.080800963077287
21.133756387684727
21.186728662108855
21.239717850131143
21.29272401575686
21.345747223216485
21.39878753696711
21.451845021693888
21.504919742311465
21.55801176396543
21.61112115203377
21.66424797212837
21.71739229009646
21.77055417202213
21.823733684227843
21.876930893275937
21.930145865970154
21.9833786693572
22.036629370728278
22.089898037620653
22.143184737819244
22.196489539358193
22.249812510522478
22.303153719849522
22.35651323613082
22.409891128413562
22.463287466002306
22.516702318460634
22.570135755612814
22.6235878475455
22.67705866460944
22.730548277421175
22.784056756864786
22.837584174093614
22.891130600532044
22.94469610787725
22.998280768100994
23.051884653451406
23.105507836454827
23.159150389917603
23.212812386927936
23.266493900857757
23.32019500536457
23.373915774393357
23.427656282178468
23.48141660324554
23.53519681241342
23.58899698479614
23.642817195804838
23.696657521149763
23.750518036842276
23.80439881919683
23.858299944833025
23.912221490677645
23.966163533966704
24.02012615224755
24.074109423380925
24.128113425543113
24.182138237228042
24.236183937249436
24.290250604742994
24.34433831916855
24.398447160312294
24.452577208288975
24.50672854354415
24.56090124685643
24.615095399339765
24.66931108244573
24.723548377965848
24.77780736803391
24.832088135128334
24.886390762074544
24.94071533204736
24.995061928573403
25.049430635533536
25.10382153716532
25.158234718065483
25.212670263192436
25.267128257868755
25.321608787783763
25.376111938996065
25.430637797936143
25.48518645140896
25.539757986596587
25.594352491060864
25.648970052746073
25.703610759981625
25.758274701484805
25.8129619663635
25.86767264411898
25.922406824648686
25.97716459824906
26.03194605561839
26.086751287859666
26.141580386483497
26.19643344341101
26.25131055097683
26.306211801932015
26.361137289447097
26.416087107115086
26.471061348954525
26.526060109412594
26.5810834833682
26.636131566135127
26.69120445346521
26.746302241551515
26.801425027031584
26.856572906990685
26.911745978965094
26.966944340945414
27.02216809137992
27.07741732917796
27.13269215371331
27.187992664827686
27.24331896283416
27.298671148520693
27.35404932315367
27.409453588481465
27.464884046738057
27.520340800646654
27.575823953423388
27.631333608781006
27.686869870932615
27.74243284459547
27.798022634994787
27.853639347867592
27.9092830894666
27.964953966564174
28.020652086456245
28.076377556966346
28.132130486449633
28.187910983796982
28.2437191584391
28.29955512035068
28.355418980054605
28.411310848626197
28.46723083769749
28.52317905946155
28.57915562667686
28.635160652671715
28.69119425134868
28.747256537189095
28.803347625257608
28.85946763120677
28.91561667128167
28.971794862324604
29.02800232177982
29.084239167698275
29.140505518742483
29.196801494191348
29.253127213945127
29.309482798530375
29.365868369104977
29.42228404746321
29.47872995604089
29.53520621792052
29.591712956836552
29.648250297180642
29.704818364007014
29.761417283037833
29.818047180668678
29.874708183974025
29.931400420712837
29.98812401933416
30.044879108982823
30.101665819505182
30.1584842814549
30.215334626098837
30.272216985422958
30.329131492138323
30.386078279687148
30.443057482248907
30.50006923474653
30.557113672852633
30.614190932995854
30.671301152367214
30.728444468926583
30.7856210214092
30.842830949332267
30.900074393001606
30.957351493518406
31.014662392786022
31.072007233516874
31.1293861592394
31.18679931430509
31.24424684389562
31.301728894030024
31.359245611571982
31.41679714423717
31.474383640600703
31.532005250104657
31.589662123065658
31.647354410682595
31.70508226504439
31.762845839137853
31.820645286855655
31.878480763004355
31.93635242331256
31.994260424439126
32.05220492398151
32.11018608048418
32.16820405344713
32.22625900333448
32.28435109158323
32.34248048061206
32.40064733383022
32.458851815646604
32.51709409147884
32.57537432776255
32.6336926919607
32.692049352573
32.75044447914558
32.80887824228054
32.86735081364588
32.92586236598529
32.98441307312828
33.043003110000285
33.101632652632944
33.160301878174515
33.21901096490038
33.27776009222372
33.336549440706285
33.395379192069306
33.45424952920456
33.513160636185525
33.57211269827875
33.63110590195526
33.6901404349022
33.74921648603456
33.8083342455071
33.86749390472634
33.926695656362824
33.985939694363395
34.045226213963765
34.104555411701114
34.16392748542696
34.22334263432012
34.28280105889986
34.342302961039216
34.401848543978495
34.46143801233893
34.5210715721365
34.580749430795976
34.64047179716511
34.70023888152904
34.7600508956248
34.81990805265616
34.87981056730855
34.93975865576422
34.999752535717576
35.05979242639077
35.11987854854946
35.18001112451876
35.240190378199465
35.30041653508444
35.360689822275255
35.421010468499034
35.48137870412555
35.541794761184505
35.60225887338314
35.66277127612396
35.72333220652282
35.78394190342718
35.84460060743463
35.905308560911735
35.96606600801303
36.02687319470037
36.08773036876252
36.148637779835006
36.20959567942026
36.27060432090806
36.33166395959626
36.39277485271177
36.453937259431875
36.515151440905896
36.57641766027706
36.63773618270478
36.69910727538721
36.76053120758415
36.82200825064025
36.88353867800859
36.9451227652746
37.006760790180294
37.06845303264893
37.13019977480997
37.19200130102441
37.253857897910585
37.315769854370224
37.377737461614984
37.439761013193355
37.501840805018
37.563977135393436
37.62617030504425
37.68842061714361
37.75072837734237
37.81309389379846
37.87551747720684
37.93799944082989
38.000540100528276
38.06313977479225
38.125798784773515
38.18851745431755
38.25129610999643
38.314135081142226
38.377034699880824
38.43999530116643
38.5030172228165
38.56610080554733
38.62924639301009
38.69245433182762
38.75572497163166
38.81905866510076
38.882455767998856
38.945916639214346
39.009441640799956
39.07303113801318
39.13668549935739
39.2004050966237
39.26419030493346
39.32804150278147
39.39195907207998
39.45594339820339
39.519994870033685
39.584113880006726
39.64830082415926
39.712556102176755
39.77688011744211
39.84127327708513
39.90573599203293
39.970268677061185
40.03487175084629
40.099545636018455
40.16429075921568
40.22910755113878
40.29399644660731
40.358957884616544
40.42399230839545
40.489100165465715
40.554281907701885
40.619537991392505
40.684868877302485
40.75027503073655
40.81575692160385
40.88131502448381
40.94694981869319
41.01266178835437
41.078451422464966
41.14431921496869
41.210265664827645
41.276291276095904
41.342396557994526
41.40858202498805
41.4748481968624
41.541195598804336
41.60762476148242
41.67413622112962
41.740730519627455
41.80740820459186
41.87416982946072
41.941015953583154
42.00794714231059
42.07496396708962
42.14206700555682
42.20925684163537
42.27653406563378
42.34389927434646
42.411353071156555
42.4788960661407
42.54652887617613
42.61425212504991
42.68206644357042
42.74997246968134
42.81797084857788
42.88606223282556
42.954247282481525
43.02252666521844
43.09090105645105
43.1593711394655
43.22793760555149
43.29660115413724
43.36536249292754
43.43422233804475
43.503181414172964
43.572240454705444
43.64140020189529
43.71066140700951
43.780024830486674
43.849491242098054
43.91906142111252
43.9887361564652
44.05851624693008
44.12840250129661
44.19839573855043
44.26849678805833
44.33870648975769
44.40902569435026
44.479455263500775
44.54999607004013
44.62064899817367
44.69141494369442
44.76229481420158
44.83328952932437
44.90440002095144
44.97562723346599
45.04697212398674
45.11843566261498
45.1900188326879
45.261722631038324
45.33354806826117
45.40549616898668
45.47756797216079
45.54976453133284
45.622086914950735
45.694536206664
45.767113505634825
45.83981992685741
45.912656601485935
45.985624677171394
46.05872531840754
46.13195970688639
46.20532904186348
46.27883454053322
46.35247743841483
46.42625898974901
46.500180467905885
46.57424316580456
46.648448396344676
46.72279749285041
46.797291809527415
46.87193272193306
46.94672162746052
47.02165994583722
47.096749119638176
47.17199061481469
47.24738592123908
47.322936553266004
47.39864405031097
47.47450997744676
47.55053592601837
47.62672351427725
47.703074388035525
47.77959022134107
47.85627271717416
47.933123608166625
48.01014465734437
48.087337658894214
48.16470443895606
48.24224685644134
48.319966803879005
48.39786620828996
48.47594703209132
48.55421127403168
48.632660970158746
48.71129819482063
48.79012506170237
48.869143724899175
48.94835638002795
49.027765265378896
49.10737266310889
49.18718090047856
49.26719235113508
49.34740943644267
49.42783462686314
49.50847044338871
49.58931945902962
49.67038430035906
49.751667649118296
49.83317224388471
49.91490088180603
49.9968564204038
50.07904177944973
50.16145994291837
50.24411396102015
50.32700695231877
50.410142105937375
50.49352268385803
50.57715202331952
50.6610335393186
50.745170727220334
50.829567165483276
50.914226518506005
50.9991525396015
51.0843490741067
51.16982006263458
51.25556954447735
51.34160166116901
51.42792066021678
51.51453089901141
51.60143684892695
51.68864309962134
51.7761543635502
51.86397548070686
51.952111423602865
52.04056730250393
52.129348370937926
52.21846003149224
52.30790784191966
52.39769752157303
52.48783495819093
52.578326215058034
52.669177538566124
52.760395366203525
52.85198633500334
52.94395729048329
53.036315296112804
53.129067643346204
53.22222186226417
53.315785732869465
53.40976729708719
53.5041748715244
53.59901706104901
53.6943027732538
53.79004123387742
53.88624200326165
53.98291499393188
54.08007048939661
54.177719164271664
54.27587210584585
54.37454083721727
54.47373734214341
54.57347409176379
54.673764073372055
54.77462082143421
54.87605845107272
54.97809169426224
55.0807359390122
55.18400727184541
55.287922523920635
55.392499321191345
55.49775613904434
55.603712361920806
55.71038834849079
55.81780550303167
55.92598635375337
56.03495463892142
56.14473540175546
56.25535509522987
56.36684169807929
56.479224843520164
56.59253596244815
56.70680844316764
56.822077810066325
56.938381924077355
57.05576120829299
57.17425890272852
57.29392135301336
57.41479833874531
57.53694344843297
57.66041450943571
57.78527408317623
57.91159003826283
58.03943621717322
58.16889321603208
58.30004930205342
58.433001499827846
58.56785688639333
58.70473414676693
58.843765457546034
58.985098788094426
59.12890073940195
59.27536008406041
59.42469223337727
59.57714494976346
59.73300576112264
59.892611747663096
60.05636271031745
60.22473928424378
60.398328501449264
60.57786097177967
60.76426695110659
60.95876469298337
61.16300752125721
61.37934652429449
61.61134614057995
61.86494069585244
62.1516272190923
62.50144025746463