0.1237968631731321
0.37143774948304437
0.6192203496275671
0.8672399227039753
1.1155929146033492
1.3643774570540068
1.6136938918510608
1.8636453287449286
2.11433824650701
2.365883148074225
2.618395282471784
2.8719954485287333
3.1268108983731295
3.3829763625124016
3.640635223227209
3.899940869387389
4.161058274125836
4.424165847765185
4.689457632952814
4.9571459285134285
5.227464455100677
5.500672212315156
5.77705822806157
6.056947473451028
6.340708321329985
6.6287620808576
6.921595372925818
7.219776469758925
7.523977290806868
7.835003678329289
8.153838157463458
8.481702187321574
8.820150128661053
9.171217478726483
9.53766791630206
9.923435114569244
10.33449103953837
10.780796472469154
11.28169416498927
11.887863560471148