0.11548778684603313
0.34649667676368107
0.5776056404623204
0.8088818121835406
1.0403929585875986
1.272207741505392
1.504395990735653
1.737028990140809
1.9701797806022636
2.203923483794844
2.438337651246925
2.673502643788446
2.909502047281275
3.1464231315109767
3.384357360342686
3.623400962767357
3.863655576368076
4.105228977124881
4.348235912491008
4.59279905850182
4.839050126574611
5.087131151971061
5.337196004105126
5.589412169659417
5.843962873773149
6.101049623747603
6.360895285764054
6.623747840956727
6.889885017240043
7.159620064317186
7.433309041879483
7.711360142095917
7.994245794946257
8.282518655873137
8.576833131871707
8.877975013480906
9.186903327567341
9.50481126716034
9.83321816073327
10.174114544331893
10.530203913474873
10.905335022579179
11.305351381280618
11.739999277265277
12.228202613648115
12.81953225801848