0.0776709543891505
0.23301744611834582
0.3883776902165424
0.5437608666586761
0.6991761730406792
0.8546328316831938
1.0101400967908973
1.1657072616837587
1.3213436661168658
1.4770587037058716
1.6328618294755861
1.788762567549809
1.9447705190011546
2.10089536988037
2.257146899445493
2.4135349886121547
2.5700696286473996
2.726760930130588
2.883619132206266
3.0406546121553677
3.197877895312729
3.3552996653606897
3.512930775030553
3.6707822572458504
3.828865336743777
3.9871914422138244
4.145772218995579
4.304619542380882
4.463745531569132
4.623162564328465
4.782883292419879
4.942920657846262
5.103287909993518
5.263998623737036
5.425066718593199
5.586506479002982
5.74833257584279
5.9105600892667
6.0732045329943505
6.236281880169948
6.399808590930459
6.563801641835083
6.728278557323956
6.893257443391756
7.058757023681854
7.224796678229246
7.391396485105961
7.558577265251486
7.726360630803541
7.89476903728177
8.063825840019392
8.23355535528637
8.403982926603284
8.575134996808874
8.74703918651775
8.919724379689628
9.093220817129678
9.267560198853673
9.442775796384575
9.618902576202494
9.79597733575212
9.974038853626123
10.153128055796136
10.333288200063208
10.51456508125696
10.69700726014003
10.880666319487515
11.065597151430302
11.251858280901963
11.43951223094398
11.628625936745598
11.819271216677254
12.011525310291315
12.205471495405034
12.401199799072186
12.598807820659056
12.798401689592213
13.000097185948222
13.204021059333545
13.410312591050504
13.619125457201656
13.830629967353936
14.045015776416754
14.262495199072845
14.48330730032934
14.707722998495118
14.936051507474144
15.168648578643651
15.405927203320836
15.648371746432806
15.896556972978882
16.151174232472354
16.41306843062124
16.683291833317913
16.963185246350005
17.25450601004345
17.559641188357087
17.881988592163182
18.22670509312155
18.6023863659096
19.025707565047284
19.540297582186163