0.026871839298209726
0.08061554060936345
0.13435931006496957
0.18810319309549503
0.24184723513265494
0.2955914816099117
0.3493359779629746
0.4030807696302989
0.45682590205358553
0.510571420678281
0.5643173709540763
0.6180637983354079
0.6718107482819566
0.725558266259149
0.7793063977386563
0.8330551881988963
0.8868046831255336
0.9405549280119806
0.9943059683598988
1.0480578496797002
1.1018106174910494
1.155564317323366
1.209318994716326
1.2630746952203655
1.3168314643971837
1.3705893478202453
1.4243483910752863
1.4781086397608165
1.5318701394886252
1.585632935884285
1.6393970745876594
1.6931626012534065
1.7469295615514873
1.800698001167671
1.8544679658040446
1.9082395011795183
1.9620126530303363
2.0157874671105844
2.0695639891927007
2.1233422650679845
2.177122340547109
2.230904261460631
2.2846880736595043
2.338473823015592
2.39226155542218
2.4460513167944917
2.4998431530702003
2.5536371102099493
2.6074332341978637
2.661231571042071
2.7150321667752157
2.7688350674549818
2.8226403191646092
2.876447968013415
2.930258060137315
2.9840706416993448
3.0378857588901846
3.091703457928682
3.145523785062374
3.199346786568019
3.2531725087521166
3.3070009979514396
3.360832300533562
3.4146664628973853
3.468503531473675
3.5223435527255864
3.5761865731492013
3.630032639274059
3.683881797663694
3.73773409491617
3.7915895776646176
3.845448292577772
3.8993102863605147
3.953175605754411
4.007044297538254
4.060916408528607
4.114791985580348
4.168671075587218
4.222553725482359
4.276439982238874
4.330329892870369
4.384223504431504
4.438120864018551
4.49202201876994
4.545927015866819
4.599835902533608
4.653748726038561
4.7076655336943185
4.761586372858473
4.815511290934131
4.869440335370477
4.923373553663335
4.977310993355742
5.03125270203851
5.085198727350801
5.139149116980695
5.193103918665767
5.247063180193658
5.301026949402656
5.35499527418227
5.408968202473815
5.462945782270989
5.516928061620461
5.570915088622451
5.624906911431325
5.678903578256177
5.732905137361426
5.7869116370674
5.840923125750941
5.894939651845996
5.9489612638442155
6.002988010295557
6.0570199398088835
6.111057101052574
6.165099542755121
6.219147313705752
6.2732004627550255
6.327259038815456
6.381323090862124
6.435392667933292
6.489467819131026
6.543548593621819
6.597635040637206
6.651727209474403
6.705825149496925
6.75992891013522
6.814038540887305
6.8681540913193935
6.922275611066544
6.976403149833288
7.030536757394286
7.084676483594956
7.138822378352137
7.192974491654731
7.247132873564353
7.301297574215993
7.355468643818666
7.409646132656081
7.463830091087297
7.518020569547389
7.57221761854812
7.626421288678607
7.680631630606001
7.734848695076159
7.789072532914322
7.8433031950258
7.897540732396658
7.9517851960943995
8.006036637268664
8.06029510715191
8.114560657060125
8.168833338393512
8.223113202637203
8.277400301361963
8.331694686224887
8.385996408970133
8.440305521429616
8.494622075523742
8.54894612326212
8.603277716744293
8.657616908160463
8.711963749792222
8.766318294013288
8.820680593290247
8.875050700183287
8.929428667346945
8.983814547530862
9.038208393580527
9.09261025843804
9.147020195142863
9.201438256832589
9.255864496743706
9.31029896821237
9.364741724675172
9.419192819669925
9.473652306836442
9.52812023991731
9.5825966727587
9.637081659311145
9.69157525363034
9.746077509877946
9.800588482322391
9.855108225339684
9.909636793414224
9.964174241139618
10.018720623219501
10.073275994468368
10.127840409812396
10.182413924290286
10.236996593054089
10.291588471370064
10.346189614619519
10.400800078299655
10.455419918024438
10.510049189525443
10.564687948652734
10.619336251375726
10.673994153784056
10.728661712088476
10.78333898262172
10.838026021839408
10.892722886320929
10.947429632770348
11.002146318017301
11.056872999017912
11.111609732855701
11.166356576742501
11.221113588019394
11.27588082415762
11.330658342759529
11.385446201559514
11.440244458424955
11.495053171357164
11.54987239849235
11.604702198102583
11.659542628596741
11.714393748521504
11.769255616562315
11.82412829154438
11.87901183243364
11.933906298337778
11.98881174850721
12.043728242336107
12.098655839363387
12.15359459927375
12.208544581898698
12.263505847217557
12.318478455358532
12.373462466599731
12.428457941370226
12.483464940251103
12.538483523976533
12.593513753434827
12.648555689669523
12.703609393880463
12.758674927424874
12.813752351818481
12.868841728736593
12.923943120015217
12.979056587652172
13.034182193808219
13.089320000808176
13.144470071142067
13.199632467466264
13.254807252604634
13.309994489549698
13.3651942414638
13.420406571680275
13.475631543704637
13.530869221215758
13.586119668067072
13.641382948287772
13.696659126084029
13.751948265840202
13.807250432120073
13.862565689668076
13.917894103410546
13.973235738456967
14.028590660101234
14.083958933822915
14.139340625288533
14.194735800352852
14.250144525060168
14.305566865645611
14.36100288853645
14.416452660353428
14.471916247912077
14.527393718224056
14.582885138498508
14.638390576143404
14.693910098766914
14.749443774178784
14.804991670391711
14.860553855622745
14.916130398294685
14.971721367037498
15.027326830689736
15.082946858299971
15.138581519128236
15.19423088264748
15.249895018545024
15.305573996724045
15.361267887305043
15.416976760627353
15.472700687250637
15.528439737956397
15.584193983749511
15.639963495859764
15.695748345743393
15.751548605084652
15.807364345797374
15.86319564002656
15.919042560149967
15.97490517877971
16.03078356876389
16.086677803188202
16.14258795537759
16.1985140988979
16.254456307557525
16.310414655409108
16.366389216751205
16.42238006613
16.478387278341017
16.53441092843084
16.590451091698867
16.64650784369904
16.70258126024163
16.758671417394996
16.8147783914874
16.870902259108806
16.927043097112673
16.983200982617827
17.039375993010285
17.09556820594512
17.151777699348337
17.20800455141876
17.264248840629943
17.32051064573209
17.37679004575397
17.433087120004892
17.489401948076647
17.5457346098455
17.60208518547418
17.6584537554139
17.714840400406352
17.771245201485787
17.82766823998106
17.884109597517686
17.940569356019957
17.99704759771303
18.053544405125063
18.110059861089354
18.166594048746486
18.223147051546526
18.279718953251198
18.336309837936096
18.392919789992927
18.449548894131738
18.506197235383194
18.56286489910086
18.619551970963496
18.676258536977375
18.73298468347864
18.78973049713565
18.84649606495135
18.903281474265683
18.96008681275801
19.016912168449533
19.073757629705764
19.130623285239
19.18750922411082
19.244415535734607
19.3013423098781
19.35828963666593
19.415257606582234
19.472246310473242
19.529255839549915
19.586286285390585
19.64333773994364
19.700410295530208
19.757504044846893
19.814619080968498
19.871755497350804
19.928913387833354
19.986092846642265
20.04329396839308
20.100516848093605
20.157761581146826
20.215028263353798
20.272316990916597
20.32962786044128
20.386960968940883
20.44431641383842
20.501694292969937
20.559094704587586
20.61651774736272
20.673963520389005
20.7314321231856
20.788923655700298
20.846438218312784
20.90397591183783
20.961536837528588
21.01912109707987
21.0767287926315
21.13436002677164
21.192014902540187
21.249693523432214
21.30739599340139
21.365122416863464
21.422872898699797
21.480647544260897
21.538446459369982
21.596269750326613
21.65411752391033
21.711989887384323
21.769886948499156
21.82780881549651
21.885755597112954
21.943727402583786
22.001724341646856
22.059746524546483
22.11779406203737
22.17586706538856
22.233965646387453
22.29208991734383
22.350239991093947
22.408415981004627
22.466618000977448
22.52484616545291
22.58310058941469
22.64138138839391
22.699688678473468
22.75802257629237
22.81638319905017
22.874770664511388
22.933185091010017
22.991626597454044
23.050095303330036
23.10859132870775
23.167114794244828
23.22566582119148
23.284244531395267
23.342851047305903
23.401485491980107
23.46014798908652
23.51883866291064
23.577557638359856
23.636305040968473
23.695080996902835
23.75388563296647
23.81271907660531
23.87158145591295
23.93047289963596
23.989393537179264
24.048343498611562
24.107322914670796
24.166331916769717
24.225370637001458
24.284439208145184
24.343537763671822
24.40266643774982
24.461825365250967
24.521014681756316
24.580234523562105
24.63948502768579
24.69876633187212
24.75807857459928
24.817421895085108
24.876796433293354
24.936202329940038
24.995639726499846
25.055108765212616
25.114609589089888
25.1741423419215
25.233707168282308
25.29330421353893
25.352933623856575
25.41259554620597
25.472290128370325
25.532017518952408
25.591777867381673
25.651571323921484
25.711398039676403
25.771258166599573
25.83115185750017
25.891079266050948
25.951040546795866
26.01103585515778
26.071065347446268
26.131129180865486
26.19122751352216
26.251360504433638
26.311528313536034
26.371731101692504
26.431969030701545
26.492242263305464
26.55255096319889
26.612895295037404
26.673275424446278
26.73369151802929
26.794143743377656
26.85463226907908
26.915157264726876
26.975718900929213
27.036317349318473
27.096952782560734
27.1576253743653
27.21833529949443
27.279082733773123
27.339867854099026
27.40069083845249
27.461551865906717
27.522451116638017
27.583388771936253
27.644365014215314
27.705380027023804
27.766433995055806
27.8275271041618
27.888659541359697
27.94983149484603
28.01104315400726
28.072294709431233
28.133586352918773
28.194918277495418
28.256290677423316
28.31770374821323
28.37915768663674
28.44065269073857
28.50218895984907
28.563766694596854
28.625386096921613
28.687047370087075
28.748750718694122
28.81049634869411
28.8722844674023
28.934115283511517
28.99598900710596
29.057905849675166
29.119866024128218
29.181869744808058
29.24391722750605
29.306008689476695
29.368144349452546
29.430324427659336
29.492549145831287
29.55481872722661
29.61713339664324
29.679493380434764
29.741898906526536
29.804350204432065
29.866847505269572
29.92939104177878
29.991981048337934
30.05461776098107
30.117301417415486
30.180032257039464
30.242810520960234
30.305636452012184
30.36851029477533
30.431432295594014
30.49440270259587
30.557421765711087
30.620489736691876
30.683606869132266
30.746773418488143
30.809989642097584
30.87325579920147
30.936572150964405
30.9999389604959
31.063356492871893
31.126825015156566
31.19034479642445
31.253916107782885
31.317539222394768
31.38121441550166
31.444941964447214
31.508722148700933
31.5725552498823
31.636441551785236
31.700381340402934
31.76437490395306
31.8284225329033
31.892524519997345
31.95668116028118
32.02089275112986
32.08515959227458
32.14948198583027
32.21386023632352
32.27829465072096
32.34278553845807
32.407333211468405
32.471937984213355
32.53660017371223
32.6013200995729
32.66609808402291
32.730934451941046
32.795829530889364
32.86078365114581
32.92579714573729
32.99087035047326
33.05600360397985
33.1211972477346
33.18645162610161
33.25176708636737
33.31714397877718
33.38258265657199
33.44808347602606
33.51364679648508
33.579272980404916
33.64496239339111
33.71071540423888
33.776532384973876
33.842413710893574
33.908359760609365
33.97437091608934
34.040447562701814
34.106590089259534
34.172798888064705
34.239074354954695
34.30541688934858
34.37182689429446
34.438304776517576
34.5048509464693
34.571465818376886
34.63814981029419
34.70490334415317
34.77172684581639
34.838620745130314
34.90558547597971
34.97262147634285
35.039729188347785
35.10690905832961
35.17416153688876
35.24148707895029
35.30888614382435
35.37635919526762
35.44390670154598
35.511529135498236
35.57922697460108
35.64700070103522
35.714850801752725
35.782777768545664
35.85078209811598
35.918864292146694
35.98702485737446
36.05526430566351
36.12358315408093
36.19198192497348
36.260461146045785
36.329021350440094
36.397663076817615
36.46638686944129
36.53519327826037
36.60408285899651
36.67305617323163
36.74211378849746
36.81125627836695
36.8804842225474
36.949798206975586
37.019198823914635
37.08868667205304
37.15826235660558
37.227926489416305
37.2976796890637
37.367522580967965
37.437455797500526
37.50747997809585
37.57759576936561
37.64780382521514
37.71810480696258
37.78849938346028
37.85898823121901
37.929572034534715
38.000251485618065
38.071027284726775
38.14190014030079
38.21287076910052
38.28393989634797
38.355108255871144
38.42637659025154
38.497745650975006
38.56921619858592
38.640789002844954
38.71246484289027
38.78424450740254
38.85612879477365
38.928118513279315
39.0002144812557
39.072417527280166
39.14472849035622
39.21714822010285
39.289677576948286
39.36231743232846
39.43506866889014
39.507932180698965
39.58090887345254
39.653999664698716
39.72720548405916
39.80052727345848
39.873965987359
39.94752259300139
40.02119807065129
40.09499341385216
40.16890962968454
40.24294773903193
40.31710877685342
40.39139379246338
40.465803849818464
40.540340027811965
40.615003420576016
40.68979513779173
40.76471630500752
40.839768063966005
40.914951572939685
40.99026800707566
41.065718558749765
41.14130443793039
41.21702687255237
41.2928871089012
41.368886412007974
41.44502606605549
41.52130737479577
41.59773166197948
41.674300271797705
41.751014569336405
41.8278759410441
41.90488579521323
41.9820455624757
42.05935669631304
42.13682067358187
42.214438995055126
42.292213185979584
42.37014479665053
42.448235403003885
42.526486607226765
42.60490003838692
42.683477353082026
42.76222023610935
42.84113040115682
42.92020959151616
42.99945958081908
43.07888217379736
43.158479207067906
43.23825254994362
43.318204105271356
43.398335810297844
43.478649637564956
43.55914759583538
43.63983173105011
43.720704127318996
43.80176690794588
43.883022236489715
43.96447231786326
44.0461193994711
44.12796577238858
44.21001377258354
44.29226578218289
44.37472423078584
44.45739159682614
44.54027040898547
44.62336324766034
44.7066727464852
44.79020159391414
44.8739525348643
44.95792837242367
45.0421319696267
45.12656625130078
45.211234205987346
45.296138887941225
45.38128341921219
45.466670991812926
45.55230486997793
45.63818839251794
45.724324975275074
45.810718113683905
45.89737138544421
45.98428845331144
46.07147306801136
46.15892907128563
46.24666039907586
46.3346710848537
46.42296526310548
46.51154717298027
46.600421162110806
46.6895916906176
46.77906333530709
46.86884079407556
46.958928890531254
47.04933257884834
47.14005694886709
47.231107231455695
47.32248880415076
47.41420719709409
47.506268099285535
47.598677365172556
47.69144102159929
47.78456527513943
47.878056519839426
47.97192134540053
48.06616654583076
48.160799128600395
48.25582632433753
48.35125559710345
48.447094655291096
48.543351463193645
48.6400342532948
48.73715153933682
48.834712130227864
48.93272514485584
49.0312000278827
49.13014656660009
49.2295749089356
49.329495582707736
49.42991951623791
49.530858060438945
49.6323230125126
49.73432664140256
49.836881715165795
49.94000153044329
50.04369994423178
50.14799140818157
50.25289100567217
50.358414491947876
50.46457833762985
50.57139977596127
50.67889685418744
50.78708848952536
50.89599453023765
51.00563582239594
51.11603428300011
51.2272129802146
51.33919622159362
51.45200965129693
51.56568035745083
51.680236990988625
51.7957098975196
51.91213126402904
52.029535282516605
52.147958333045146
52.26743918911282
52.388019248795075
52.50974279575409
52.63265729501025
52.75681372935328
52.88226698348897
53.00907628453837
53.137305709418584
53.26702477205418
53.39830910645826
53.531241265698014
53.665911661923985
53.80241967941432
53.94087500156128
54.081399204757496
54.22412768846477
54.369212033199574
54.51682290950078
54.66715370537622
54.82042510385705
54.97689093669323
55.13684578225848
55.30063499474079
55.46866819888511
55.64143785263613
55.81954544401153
56.00373959520955
56.194973523769825
56.39449559077906
56.60400003254353
56.825896195350445
57.06383696817185
57.32390416190429
57.61788102068861
57.976551223837276