0.027159503240263914
0.08147853367764779
0.13579763598587452
0.19011685807975504
0.24443624787547397
0.298755853291139
0.3530757222473306
0.40739590266765147
0.4617164424792766
0.5160373896135031
0.5703587920062997
0.6246806975988578
0.6790031543381411
0.7333262101774365
0.7876499130769046
0.8419743110041311
0.8962994519346776
0.9506253838526334
1.004952154751167
1.0592798126330785
1.1136084055113518
1.1679379814097075
1.2222685883631557
1.27660027441855
1.3309330876351413
1.3852670760851313
1.4396022878542285
1.4939387710422023
1.5482765737634394
1.6026157441474997
1.6569563303396726
1.7112983805015352
1.7656419428115089
1.8199870654654182
1.8743337966770497
1.9286821846787117
1.9830322777217937
2.037384124077328
2.0917377720365504
2.1460932699114625
2.2004506660353953
2.2548100087635716
2.3091713464736703
2.363534727566393
2.417900200466027
2.472267813621015
2.5266376155045203
2.5810096546149963
2.635383979476755
2.689760638640536
2.7441396806840803
2.7985211542126995
2.8529051078598484
2.907291590287701
2.9616806501877226
3.016072336281247
3.0704666973200534
3.1248637820869427
3.1792636393963174
3.2336663180947602
3.288071867061617
3.342480335209577
3.3968917714852567
3.4513062248697843
3.5057237443793854
3.5601443790659686
3.614568178017715
3.6689951903596656
3.7234254652543144
3.777859051902197
3.832295999542487
3.8867363574535854
3.9411801749537223
3.9956275014015508
4.050078386196744
4.104532878780598
4.158991028636632
4.213452885291191
4.267918498314049
4.322387917319016
4.376861191964547
4.431338371954347
4.485819507037982
4.540304647011495
4.594793841718016
4.649287141048378
4.703784594941733
4.758286253386173
4.812792166419348
4.867302384129089
4.921816956654031
4.976335934184241
5.03085936696184
5.08538730528164
5.139919799491767
5.194456899994299
5.2489986572459
5.303545121758453
5.358096344099704
5.4126523748939
5.4672132648224325
5.521779064624478
5.57634982509765
5.6309255970986465
5.6855064315439
5.740092379410228
5.794683491735493
5.849279819619255
5.903881414223435
5.958488326772974
6.013100608556497
6.067718310926982
6.122341485302424
6.176970183166508
6.231604456069284
6.28624435562784
6.340889933526981
6.395541241519908
6.450198331428902
6.504861255146013
6.559530064633738
6.614204811925722
6.668885549127445
6.723572328416919
6.778265202045388
6.832964222338024
6.887669441694636
6.942380912590373
6.997098687576435
7.051822819280783
7.1065533604088555
7.161290363744284
7.216033882149612
7.270783968567026
7.325540676019072
7.380304057609389
7.435074166523442
7.4898510560292575
7.544634779478156
7.599425390305501
7.654222942031438
7.709027488261645
7.763839082688082
7.818657779089746
7.873483631333424
7.928316693374461
7.983157019257517
8.03800466311734
8.092859679179528
8.14772212176131
8.202592045272329
8.257469504215408
8.31235455318734
8.367247246879687
8.422147640079556
8.477055787670404
8.53197174463283
8.58689556604539
8.641827307085384
8.696767023029684
8.75171476925554
8.806670601241397
8.86163457456772
8.91660674491782
8.971587168078674
9.026575899941776
9.081572996503958
9.136578513868244
9.191592508244685
9.246615035951221
9.301646153414524
9.356685917170863
9.411734383866962
9.46679161026088
9.521857653222863
9.576932569736234
9.63201641689827
9.687109251921084
9.742211132132518
9.797322114977034
9.852442258016616
9.907571618931675
9.962710255521944
10.017858225707412
10.073015587529223
10.12818239915061
10.183358718857816
10.238544605061028
10.293740116295318
10.348945311221582
10.404160248627488
10.459384987428429
10.514619586668479
10.569864105521363
10.625118603291417
10.680383139414566
10.735657773459303
10.790942565127676
10.846237574256273
10.90154286081722
10.956858484919184
11.01218450680838
11.067520986869582
11.122867985627142
11.178225563746015
11.233593782032786
11.288972701436716
11.34436238305077
11.399762888112678
11.455174278005979
11.510596614261091
11.566029958556372
11.621474372719193
11.676929918727023
11.7323966587085
11.787874654944545
11.843363969869449
11.898864666071972
11.954376806296466
12.009900453443993
12.065435670573443
12.120982520902674
12.176541067809646
12.232111374833572
12.287693505676065
12.343287524202314
12.398893494442223
12.454511480591616
12.510141547013404
12.565783758238776
12.621438178968397
12.677104874073612
12.732783908597662
12.788475347756899
12.844179256942017
12.899895701719286
12.955624747831795
13.011366461200705
13.067120907926506
13.12288815429029
13.17866826675502
13.234461311966816
13.290267356756253
13.346086468139653
13.401918713320399
13.457764159690257
13.513622874830693
13.56949492651422
13.625380382705735
13.681279311563872
13.737191781442364
13.793117860891426
13.849057618659115
13.905011123692745
13.960978445140258
14.01695965235166
14.072954814880422
14.128964002484917
14.18498728512985
14.241024732987716
14.297076416440248
14.35314240607989
14.409222772711274
14.465317587352713
14.521426921237687
14.577550845816365
14.63368943275712
14.689842753948053
14.746010881498549
14.802193887740813
14.858391845231441
14.914604826752994
14.970832905315582
15.027076154158461
15.083334646751636
15.139608456797488
15.195897658232406
15.252202325228419
15.308522532194859
15.364858353780033
15.421209864872884
15.477577140604705
15.533960256350825
15.59035928773233
15.646774310617797
15.703205401125027
15.759652635622807
15.81611609073267
15.872595843330684
15.929091970549235
15.985604549778845
16.042133658669982
16.098679375134903
16.155241777349502
16.211820943755164
16.268416953060648
16.325029884243968
16.381659816554322
16.438306829513976
16.49497100292023
16.55165241684735
16.608351151648524
16.66506728795787
16.721800906692405
16.778552089054052
16.835320916531693
16.892107470903177
16.948911834237403
17.005734088896375
17.062574317537305
17.11943260311471
17.17630902888254
17.233203678396308
17.290116635515258
17.347047984404533
17.403997809537366
17.46096619569728
17.51795322798034
17.574958991797352
17.63198357287618
17.689027057263974
17.746089531329503
17.80317108176546
17.860271795590794
17.917391760153077
17.974531063130865
18.031689792536103
18.088868036716523
18.1460658843581
18.203283424487484
18.260520746474484
18.317777940034556
18.375055095231335
18.432352302479146
18.489669652545572
18.54700723655404
18.60436514598641
18.6617434726856
18.719142308858235
18.776561747077302
18.83400188028486
18.89146280179472
18.948944605295218
19.00644738485193
19.063971234910504
19.121516250299422
19.179082526232847
19.236670158313487
19.29427924253546
19.3519098752872
19.40956215335439
19.46723617392292
19.524932034581866
19.582649833326478
19.64038966856125
19.698151639102942
19.755935844183696
19.81374238345413
19.871571356986486
19.929422865277804
19.987297009253115
20.045193890268674
20.103113610115205
20.161056271021184
20.21902197565617
20.27701082713413
20.335022929016827
20.39305838531721
20.451117300502865
20.509199779499472
20.5673059276943
20.625435850939752
20.683589655556908
20.741767448339143
20.799969336555737
20.858195427955543
20.916445830770684
20.974720653720286
21.03302000601424
21.091343997356994
21.149692737951412
21.208066338502615
21.266464910221913
21.324888564830744
21.383337414564647
21.44181157217729
21.50031115094453
21.558836264668503
21.61738702768176
21.675963554851457
21.734565961583538
21.793194363827027
21.851848878078304
21.910529621385443
21.9692367113526
22.02797026614444
22.08673040449058
22.145517245690122
22.204330909616203
22.26317151672058
22.32203918803828
22.38093404519229
22.439856210398304
22.49880580646948
22.55778295682129
22.61678778547638
22.675820417069517
22.734880976852555
22.79396959069945
22.85308638511136
22.91223148722174
22.97140502480155
23.030607126264478
23.089837920672203
23.149097537739774
23.208386107840962
23.26770376201374
23.327050631965758
23.38642685007993
23.445832549420032
23.505267863736393
23.56473292747161
23.624227875766366
23.68375284446526
23.743307970122746
23.802893390009093
23.86250924211643
23.92215566516485
23.98183279860859
24.041540782642237
24.10127975820706
24.161049866997345
24.22085125146686
24.280684054835334
24.340548421095036
24.40044449501743
24.46037242215988
24.520332348872433
24.58032442230468
24.64034879041272
24.70040560196612
24.760495006555054
24.82061715459743
24.880772197346154
24.940960286896445
25.00118157619325
25.06143621903871
25.121724370099756
25.182046184915734
25.24240181990616
25.30279143237855
25.36321518053632
25.423673223486787
25.48416572124928
25.544692834763303
25.605254725896813
25.665851557454605
25.72648349318677
25.78715069779724
25.84785333695249
25.90859157729024
25.96936558642838
26.030175532973878
26.09102158653188
26.15190391771487
26.212822698151946
26.273778100498223
26.334770298444315
26.39579946672595
26.45686578113369
26.517969418522767
26.57911055682305
26.64028937504909
26.701506053310343
26.762760772821455
26.824053715912715
26.885385066040623
26.946755007798558
27.008163726927616
27.069611410327557
27.131098246067875
27.192624423399028
27.254190132763796
27.315795565808763
27.377440915395955
27.439126375614638
27.50085214179321
27.5626184105113
27.624425379611974
27.686273248214125
27.74816221672499
27.810092486852838
27.872064261619826
27.934077745375003
27.996133143807473
28.05823066395975
28.12037051424127
28.18255290444205
28.24477804574658
28.307046150747833
28.36935743346149
28.431712109340356
28.49411039528892
28.556552509678152
28.619038672360468
28.681569104684897
28.744144029512437
28.806763671231643
28.869428255774377
28.932138010631803
28.99489316487058
29.057693949149265
29.120540595734955
29.183433338520125
29.246372413039715
29.309358056488442
29.372390507738338
29.435470007356535
29.49859679762329
29.561771122550255
29.624993227899004
29.688263361199795
29.75158177177062
29.8149487107365
29.87836443104904
29.941829187506297
30.005343236772866
30.068906837400288
30.13252024984775
30.196183736503052
30.259897561703873
30.32366199175937
30.38747729497204
30.451343741659944
30.515261604179198
30.57923115694683
30.643252676463945
30.707326441339234
30.77145273231282
30.83563183228046
30.89986402631809
30.964149601706747
31.028488847957835
31.09288205683878
31.157329522399074
31.221831540996696
31.286388411324918
31.35100043443953
31.415667913786475
31.48039115522988
31.545170467080546
31.610006160124836
31.674898547654035
31.739847945494127
31.804854672036072
31.869919048266496
31.93504139779892
32.000222046905414
32.06546132454878
32.13075956241524
32.19611709494761
32.26153425937902
32.32701139576718
32.39254884702913
32.45814695897665
32.5238060803521
32.58952656286496
32.655308761228895
32.721153033199414
32.787059739612175
32.853029244421904
32.919061914741924
32.985158120884364
33.05131823640102
33.117542638124895
33.18383170621242
33.250185824186396
33.31660537897962
33.3830907609793
33.449642364072176
33.51626058569041
33.58294582685827
33.64969849223959
33.71651899018608
33.783407732786436
33.8503651359163
33.917391619289084
33.98448760650773
34.05165352511729
34.11888980665847
34.186196886722165
34.25357520500487
34.321025205365125
34.388547335880986
34.45614204890848
34.52380980114113
34.59155105367056
34.65936627204821
34.72725592634815
34.795220491231056
34.86326044600936
34.931376274713614
34.999568466160035
35.067837514019395
35.1361839168871
35.20460817835466
35.27311080708246
35.34169231687394
35.41035322675114
35.479094061031766
35.54791534940764
35.61681762702472
35.68580143456469
35.75486731832803
35.824015830318864
35.89324752833131
35.96256297603765
36.03196274307823
36.10144740515305
36.1710175441153
36.24067374806673
36.31041661145493
36.38024673517259
36.450164726658755
36.52017120000223
36.590266776047
36.660452082499916
36.730727754040544
36.80109443243336
36.87155276664226
36.942103412947496
37.012747035065054
37.083484304268616
37.15431589951408
37.22524250756678
37.29626482313144
37.36738354898491
37.43859939611189
37.5099130838435
37.58132533999896
37.65283690103043
37.72444851217102
37.7961609275861
37.86797491052807
37.93989123349452
38.0119106783901
38.084034036691996
38.15626210961918
38.22859570830566
38.301035653977664
38.37358277813493
38.446237922736344
38.519001940389856
38.5918756945469
38.66486005970149
38.737955921594036
38.81116417742009
38.88448573604413
38.95792151821853
39.03147245680791
39.10513949701904
39.17892359663634
39.25282572626332
39.32684686957005
39.40098802354682
39.475250198764286
39.549634419640185
39.62414172471292
39.69877316692216
39.77352981389678
39.84841274825021
39.92342306788367
39.99856188629723
40.07383033290935
40.14922955338473
40.224760709971164
40.3004249818454
40.37622356546845
40.45215767495063
40.52822854242667
40.604437418441194
40.68078557234506
40.7572742927027
40.83390488771109
40.91067868563063
40.987597035228326
41.06466130623378
41.14187288980849
41.21923319902872
41.29674366938276
41.37440575928277
41.45222095059203
41.53019074916787
41.60831668542123
41.68660031489304
41.76504321884852
41.843647004889604
41.92241330758663
42.001343789129706
42.080440140000654
42.15970407966639
42.23913735729441
42.318741752491505
42.39851907606633
42.47847117081711
42.55859991234525
42.638907209896054
42.71939500722758
42.80006528350889
42.880920054248854
42.961961372256795
43.04319132863645
43.12461205381446
43.20622571860507
43.28803453531257
43.370040758873074
43.45224668803743
43.53465466659707
43.61726708465484
43.700086379942654
43.78311503918828
43.86635559953353
43.94981065000607
44.033482833047664
44.11737484610122
44.20148944325968
44.285829436979654
44.370397699862934
44.45519716650927
44.540230835443914
44.625501771123716
44.71101310602571
44.796768042822414
44.88276985664831
44.96902189746229
45.05552759251106
45.14229044889885
45.229314056269246
45.31660208960508
45.404158312152894
45.49198657847893
45.58009083766383
45.668475136644155
45.757143623708686
45.84610055215894
45.935350284143034
46.02489729467338
46.114746175839066
46.20490164122469
46.29536853054824
46.386151814531495
46.47725660001752
46.56868813535079
46.66045181603673
46.75255319069882
46.84499796735261
46.93779202001779
47.030941395690874
47.12445232170308
47.21833121348989
47.31258468280098
47.40721954638172
47.502242835159855
47.59766180397417
47.69348394188495
47.78971698310959
47.886368918630794
47.98344800852878
48.080962795094024
48.178922116782154
48.27733512307848
48.37621129034634
48.47556043874045
48.575392750274865
48.67571878814386
48.77654951740462
48.87789632714148
48.97977105424472
49.08218600895093
49.1851540023083
49.28868837574863
49.39280303296813
49.497512474343225
49.60283183413364
49.70877692075601
49.815364260445776
49.92261114466495
50.030535681659195
50.139156852620296
50.24849457297053
50.35856975935639
50.469404403020064
50.581021650312685
50.69344589122419
50.806702856935004
50.920819727547986
51.035825251339915
51.15174987708659
51.26862590127053
51.38648763228597
51.50537157412175
51.62531663244515
51.746364346545306
51.868559151248036
51.99194867371384
52.11658407101705
52.24252041562701
52.369817137438346
52.49853853291593
52.62875435434929
52.76054049531128
52.89397979240612
53.02916296857396
53.166189750015455
53.30517019780688
53.446226307348795
53.589493945174326
53.73512521517286
53.883291377726636
54.03418648984506
54.18803199873932
54.34508261601637
54.505633942206344
54.670032531116256
54.83868943191609
55.01209881694663
55.1908642706189
55.375737027467274
55.56767363544226
55.76792682286945
55.97819676113537
56.200901248681255
56.439706008321025
56.70071425284147
56.995750764650715
57.355707959064766