0.04570829045185421
0.13712519479944268
0.22854306950842626
0.31996256158559294
0.4113843181865457
0.5028089866752841
0.5942372146838425
0.6856696501719995
0.7771069414870762
0.8685497374238378
0.9599986872845171
1.0514544409389723
1.1429176488850001
1.2343889623088167
1.325869033145725
1.417358514140985
1.5088580589109017
1.6003683220041505
1.6918899589633545
1.7834236263869332
1.874969981991237
1.9665296846729863
2.0581033945720337
2.149691773134467
2.2412954831760667
2.332915188946143
2.4245515561917657
2.5162052522224063
2.6078769459750135
2.6995673080795375
2.791277010924924
2.883006728725602
2.9747571375884734
3.066528915580439
3.1583227427964693
3.2501393014282502
3.341979275833416
3.433843352605396
3.5257322206439
3.6176465712260555
3.709587098078224
3.801554497448525
3.8935494681800775
3.9855727117849984
4.077624932519166
4.16970683745779
4.261819136571795
4.353962542805061
4.446137772152531
4.538345543739229
4.6305865799001955
4.722861606261385
4.815171351821549
4.907516549035128
4.999897933896191
5.092316246023445
5.184772228746344
5.27726662919235
5.369800198375335
5.462373691285215
5.554987866978791
5.647643488671872
5.740341323832712
5.833082144276763
5.925866726262833
6.0186958505906425
6.111570302699841
6.204490872770523
6.297458355825277
6.39047355183281
6.4835372658132
6.576650307944813
6.669813493672922
6.763027643820101
6.856293584698411
6.949612148223448
7.042984172030288
7.136410499591408
7.229891980336595
7.323429469774938
7.417023829618934
7.510675927910774
7.604386639150873
7.698156844428695
7.791987431555948
7.885879295202199
7.979833337032995
8.073850465850537
8.167931597736997
8.262077656200539
8.356289572324123
8.450568284917162
8.544914740670134
8.6393298943122
8.73381470877193
8.828370155341231
8.922997213842546
9.017696872799437
9.112470129610628
9.207317990727633
9.302241471836039
9.397241598040575
9.492319404054054
9.587475934390332
9.682712243561351
9.77802939627843
9.873428467657915
9.968910543431283
10.064476720159897
10.160128105454469
10.255865818199448
10.351690988782417
10.447604759328689
10.543608283941236
10.63970272894612
10.735889273143593
10.832169108065045
10.928543438235947
11.025013481445022
11.121580469019797
11.218245646108747
11.315010271970246
11.411875620268516
11.508842979376816
11.605913652688086
11.703088958933293
11.80037023250771
11.897758823805408
11.99525609956219
12.092863443207293
12.190582255224076
12.28841395352006
12.386359973806575
12.484421769988366
12.582600814563465
12.680898599033707
12.779316634326218
12.877856451226247
12.976519600821783
13.075307654960277
13.174222206717964
13.273264870882183
13.37243728444717
13.471741107123774
13.571178021863629
13.670749735398251
13.770457978793646
13.870304508020949
13.970291104543707
14.070419575922388
14.17069175643679
14.271109507726964
14.3716747194534
14.47238930997716
14.57325522706072
14.674274448590337
14.775448983320734
14.876780871643003
14.978272186376584
15.079925033586322
15.181741553425557
15.283723921006274
15.385874347297452
15.488195080052687
15.590688404768336
15.693356645673395
15.79620216675245
15.899227372803061
16.00243471052905
16.105826669671178
16.209405784176827
16.31317463341037
16.41713584340598
16.521292088164742
16.62564609099798
16.730200625918943
16.834958519084907
16.939922650292043
17.04509595452542
17.150481423566692
17.256082107662138
17.36190111725385
17.4679416247771
17.574206866526946
17.6807001445975
17.7874248288973
17.894384359244526
18.001582247546
18.109022080064133
18.216707519776225
18.32464230883082
18.43283027110607
18.541275314875357
18.6499814355858
18.758952718755584
18.86819334299639
18.97770758316772
19.087499813670235
19.197574511885666
19.30793626177154
19.418589757619305
19.52953980798507
19.640791339802917
19.752349402691216
19.86421917346336
19.976405960854816
20.088915210479534
20.201752510029547
20.31492359473253
20.42843435308334
20.542290832866605
20.656499247488796
20.771065982639513
20.885997603303416
21.001300861145666
21.116982702295708
21.233050275556188
21.349510941065883
21.466372279447913
21.58364210147722
21.701328458303887
21.819439652272287
21.937984248379244
22.05697108641834
22.176409293861564
22.29630829953418
22.416677848143713
22.5375280157297
22.65886922610691
22.780712268381922
22.903068315630478
23.025948944831647
23.149366158164554
23.27333240578393
23.397860610202937
23.52296419242499
23.648657099981527
23.774953837049534
23.901869496841957
24.029419796485595
24.157621114625716
24.286490532024334
24.416045875450763
24.546305765199012
24.677289666607845
24.809017946006293
24.941511931561685
25.074793979569378
25.208887546795392
25.34381726956625
25.479609050397105
25.61629015306158
25.753889307138472
25.892436823224457
26.031964720183513
26.172506866017855
26.314099134199314
26.456779577602276
26.600588622540837
26.745569285846607
26.891767418447294
27.039231979540727
27.188015346232486
27.33817366445322
27.48976724813984
27.64286103511368
27.797525109897137
27.95383530598374
28.111873902955107
28.27173043751256
28.433502652220586
28.597297611901872
28.763233025680524
28.93143882334832
29.102059049042992
29.275254154653574
29.451203802085644
29.63011032080834
29.812203019989155
29.997743630864335
30.187033267378773
30.380421462237102
30.578318096284246
30.78120945258258
30.989680303118675
31.20444508426547
31.426393250156174
31.65665767785189
31.896722480991993
32.148602516597805
32.4151640811913
32.700754479207056
33.012614583110405
33.36477946475347
33.79393421458877