0.039208694829644244
0.11762623471117103
0.19604422526689508
0.27446296697122347
0.35288276033598015
0.4313039059253809
0.5097267043710149
0.5881514563868367
0.6665784627841703
0.7450080244867268
0.823440442545639
0.901876018154514
0.9803150526645074
1.058757847599419
1.1372047046708156
1.2156559257931794
1.294111813099087
1.3725726689544195
1.4510387959736089
1.5295104970349165
1.6079880752957552
1.6864718342080482
1.7649620775336339
1.8434591093597144
1.9219632341143533
2.000474756582022
2.0789939819192007
2.157521215670031
2.2360567637820297
2.3146009326218584
2.3931540289911584
2.471716360142448
2.5502882337950865
2.6288699581513093
2.7074618419123326
2.7860641942945366
2.8646773250457183
2.943301544461433
3.02193716340141
3.100584493306056
3.179243846213048
3.2579155347740123
3.3365998722712975
3.4152971726348444
3.4940077504591516
3.5727319210203436
3.651470000293343
3.7302223049691454
3.8089891524722095
3.887770860977955
3.9665677494303764
4.045380137559778
4.124208345900627
4.203052695809528
4.281913509483337
4.360791109977386
4.439685821223863
4.518597968050313
4.597527876198285
4.676475872342123
4.7554422841079
4.834427440092511
4.913431669882904
4.992455304075487
5.071498674295679
5.150562113217636
5.2296459545841385
5.308750533226656
5.387876185085581
5.467023247230649
5.54619205788153
5.625382956428626
5.7045962834540385
5.783832380752742
5.86309159135396
5.942374259542737
6.021680730881717
6.1010113522331455
6.180366471781071
6.259746439053786
6.339151604946476
6.418582321744111
6.498038943144567
6.577521824281986
6.657031321750383
6.7365677936275015
6.816131599498925
6.895723100482444
6.9753426592526955
7.0549906400660625
7.1346674087858615
7.214373332907798
7.294108781585725
7.373874125657675
7.453669737672212
7.533495991915064
7.613353264436095
7.693241933076565
7.773162377496733
7.853114979203783
7.933100121580083
8.013118189911799
8.093169571417842
8.173254655279184
8.253373832668533
8.333527496780388
8.413716042861454
8.493939868241462
8.574199372364378
8.654494956820006
8.734827025376006
8.81519598401034
8.895602240944125
8.976046206674935
9.056528294010544
9.137048918103124
9.217608496483892
9.298207449098252
9.378846198341387
9.459525169094377
9.540244788760784
9.621005487303766
9.70180769728371
9.782651853896397
9.863538395011698
9.944467761212843
10.025440395836235
10.106456745011853
10.187517257704245
10.268622385754103
10.34977258392048
10.4309683099236
10.512210024488333
10.593498191388312
10.674833277490702
10.756215752801676
10.837646090512559
10.91912476704669
11.00065226210701
11.082229058724385
11.163855643306679
11.245532505688598
11.327260139182329
11.40903904062897
11.490869710450786
11.572752652704295
11.65468837513423
11.736677389228351
11.81872021027316
11.900817357410531
11.982969353695275
12.065176726153647
12.147440005842832
12.22975972791143
12.312136431660955
12.394570660608373
12.477062962549702
12.559613889624703
12.642223998382674
12.724893849849387
12.807624009595187
12.89041504780427
12.973267539345182
13.056182063842563
13.13915920575016
13.222199554425124
13.305303704203673
13.388472254478073
13.471705809775045
13.555004979835577
13.638370379696205
13.721802629771782
13.805302355939766
13.888870189626093
13.972506767892627
14.056212733526266
14.139988735129721
14.223835427214011
14.307753470292717
14.391743530978049
14.475806282078752
14.5599424026999
14.644152578344642
14.728437501017922
14.81279786933224
14.8972343886155
14.981747771020991
15.066338735639578
15.151008008614106
15.235756323256147
15.320584420165089
15.405493047349648
15.490482960351876
15.575554922373708
15.660709704406136
15.745948085361055
15.831270852205881
15.916678800100971
16.00217273253997
16.087753461493122
16.17342180755363
16.259178600087196
16.345024677384718
16.43096088681837
16.516988085001035
16.60310713794926
16.689318921249768
16.775624320229703
16.86202423013064
16.94851955628649
17.035111214305427
17.121800130255917
17.208587240857003
17.295473493672944
17.38245984731229
17.469547271631654
17.55673674794414
17.6440292692327
17.73142584036852
17.818927478334533
17.906535212454305
17.99425008462637
18.08207314956423
18.170005475042153
18.258048142146976
18.34620224553607
18.43446889370167
18.522849209241766
18.611344329137733
18.699955405038953
18.78868360355461
18.877530106552886
18.966496111467823
19.055582831614057
19.14479149650971
19.234123352207654
19.323579661635467
19.413161704944365
19.50287077986733
19.59270820208684
19.682675305612452
19.77277344316857
19.86300398659279
19.95336832724508
20.043867876428305
20.13450406582034
20.22527834791827
20.316192196495052
20.407247107069068
20.49844459738706
20.589786207920877
20.68127350237856
20.77290806823022
20.864691517249337
20.956625486069942
21.048711636760327
21.140951657413854
21.233347262757512
21.325900194778892
21.418612223372254
21.511485147004375
21.604520793401058
21.697721020254903
21.79108771595534
21.884622800341656
21.978328225480016
22.072205976465366
22.16625807224919
22.26048656649425
22.35489354845729
22.449481143900893
22.544251516035693
22.639206866494167
22.734349436337336
22.829681507095774
22.92520540184631
23.020923486326023
23.11683817008508
23.212951907680115
23.309267199909897
23.405786595095194
23.50251269040474
23.59944813322941
23.69659562260671
23.793957910697994
23.891537804320663
23.98933816653804
24.087361918309526
24.185612040203864
24.284091574178614
24.382803625428853
24.481751364308597
24.58093802832839
24.68036692423287
24.780041430162232
24.879964997901883
24.980141155224644
25.080573508330303
25.181265744387556
25.282221634183593
25.383445034887075
25.484939892930484
25.58671024701826
25.68876023126757
25.79109407848893
25.893716123614457
25.996630807282003
26.09984267958396
26.203356403990156
26.307176761454883
26.41130865471884
26.515757112817422
26.620527295807726
26.72562449972746
26.83105416179989
26.93682186590001
27.04293334829827
27.14939450369937
27.25621139159504
27.363390242951056
27.470937467250426
27.57885965991638
27.687163610140615
27.79585630914443
27.904944958902487
28.014436981361545
28.124340028189135
28.234661991090125
28.34541101273246
28.456595498326898
28.56822412790956
28.680305869380508
28.792849992356402
28.905866082900666
29.019364059200562
29.133354188267095
29.247847103741165
29.36285382489741
29.47838577694647
29.594454812746427
29.71107323604574
29.828253826392746
29.946009865861143
30.064355167757043
30.183304107491534
30.302871655823115
30.42307341469789
30.543925655941717
30.665445363088704
30.787650276664667
30.91055894328343
31.03419076895859
31.158566077085013
31.28370617160347
31.409633405930403
31.536371258313938
31.663944414369237
31.792378857653517
31.921701969266138
32.051942637605926
32.183131379590684
32.31530047484759
32.44848411462511
32.58271856746454
32.71804236401358
32.854496503777
32.99212468709792
33.130973576267074
33.271093090393556
33.412536739572474
33.555362004996645
33.69963077303804
33.84540983304543
33.992771450768004
34.14179403205322
34.292562894963545
34.44517117295563
34.59972087761004
34.7563241570641
34.91510479645904
35.07620002032944
35.239762675342064
35.405963897206085
35.57499640104544
35.747078584825836
35.922459708039575
36.10142651474149
36.28431183086104
36.47150591372162
36.66347172488424
36.860765940817096
37.064068607730654
37.274226280086694
37.492317080964604
37.71975323712935
37.958451785324435
38.211139523873825
38.48195162700125
38.7777746447376
39.111954727206154
39.51936985500149