0.036569726502716275
0.10970928553853904
0.18284916266952894
0.25598956997245315
0.3291307195440638
0.4022728235090953
0.47541609402826435
0.5485607433062742
0.6217069835998236
0.6948550272256213
0.7680050865684078
0.8411573740889837
0.914312102332247
0.9874694839352399
1.0606297316352047
1.133793058277652
1.2069596768244404
1.2801298003618682
1.3533036421087805
1.426481415424689
1.4996633338179095
1.572849610953714
1.646040460662501
1.719236096947984
1.7924367339954
1.8656425861797357
1.9388538680739784
2.012070794457386
2.0852935803237806
2.158522440889867
2.231757591603575
2.3049992481524284
2.3782476264719388
2.4515029427540305
2.5247654134554907
2.5980352553064523
2.6713126853189046
2.744597920795237
2.8178911793368173
2.8911926788525992
2.964502637567769
3.0378212740324257
3.1111488071302973
3.184485456087497
3.257831440481317
3.331186980249062
3.4045522956969245
3.4779276075089003
3.5513131367557498
3.6247091049040026
3.698115733825006
3.771533245804022
3.8449618635493685
3.918401810201617
3.991853309342829
4.065316585005852
4.138791861683665
4.212279364338779
4.285779318412686
4.359291949835373
4.432817485034886
4.506356150946956
4.579908175024681
4.6534737852482735
4.727053210134868
4.800646678748388
4.874254420709483
4.947876666205533
5.021513646000713
5.09516559144613
5.168832734490034
5.242515307688094
5.31621354421375
5.389927677868643
5.463657943093111
5.537404574976772
5.611167809269183
5.684947882390574
5.758745031442673
5.832559494219604
5.9063915092188815
5.98024131565248
6.054109153457998
6.127995263309914
6.201899886630924
6.275823265603385
6.349765643180845
6.423727263099667
6.49770836989076
6.571709208891405
6.645730026257183
6.719771068974004
6.793832584870252
6.867914822629021
6.942018031800474
7.016142462814313
7.090288366992348
7.1644559965611965
7.238645604665097
7.312857445378835
7.387091773720802
7.46134884566616
7.535628918160155
7.609932249131541
7.684259097506139
7.758609723220531
7.8329843872358875
7.907383351551929
7.981806879221034
8.056255234362482
8.130728682176839
8.205227488960508
8.279751922120399
8.35430225018878
8.428878742838268
8.50348167089697
8.578111306363812
8.652767922423994
8.727451793464644
8.802163195090616
8.876902404140477
8.951669698702657
9.026465358131787
9.101289663065199
9.176142895439636
9.251025338508128
9.325937276857065
9.400878996423469
9.47585078451245
9.550852929814882
9.625885722425256
9.700949453859769
9.776044417074605
9.85117090648443
9.926329217981127
10.001519648952723
10.076742498302565
10.151998066468714
10.227286655443583
10.302608568793806
10.377964111680349
10.45335359087887
10.528777314800339
10.604235593511895
10.67972873875798
10.755257063981729
10.830820884346636
10.906420516758486
10.982056279887573
11.057728494191199
11.13343748193647
11.209183567223372
11.284967076008162
11.360788336127053
11.43664767732022
11.512545431256115
11.588481931556105
11.664457513819446
11.74047251564858
11.816527276674776
11.892622138584132
11.9687574451439
12.044933542229204
12.121150777850096
12.197409502179005
12.273710067578554
12.350052828629769
12.426438142160684
12.502866367275342
12.579337865383206
12.655853000228994
12.732412137922932
12.809015646971439
12.885663898308257
12.96235726532603
13.039096123908338
13.115880852462201
13.192711831951057
13.269589445928219
13.346514080570845
13.423486124714389
13.500505969887582
13.577574010347922
13.654690643117714
13.73185626802065
13.809071287718925
13.886336107750955
13.963651136569638
14.04101678558122
14.118433469184765
14.195901604812223
14.273421612969143
14.350993917275998
14.428618944510184
14.506297124648668
14.584028890911318
14.661814679804921
14.739654931167914
14.817550088215814
14.89550059758741
14.973506909391684
15.051569477255502
15.129688758372087
15.207865213550287
15.286099307264669
15.364391507706413
15.442742286835097
15.52115212043131
15.599621488150174
15.678150873575758
15.75674076427642
15.8353916518611
15.914104032036548
15.992878404665573
16.07171527382628
16.150615147872323
16.229578539494227
16.308605965781787
16.38769794828754
16.466855013091376
16.546077690866294
16.625366516945338
16.7047220313897
16.784144779058085
16.863635309677314
16.943194177914204
17.022821943448765
17.102519171048748
17.182286430645526
17.262124297411443
17.342033351838534
17.42201417981875
17.50206737272569
17.582193527497854
17.662393246723475
17.74266713872698
17.82301581765709
17.903439903576608
17.983940022553938
18.064516806756387
18.145170894545284
18.22590293057295
18.306713565881573
18.38760345800404
18.468573271066774
18.54962367589462
18.63075535011781
18.711968978281135
18.79326525195526
18.874644869850343
18.95610853793198
19.03765696953949
19.11929088550669
19.201011014285143
19.282818092069967
19.36471286292832
19.446696078930543
19.528768500284098
19.610930895470368
19.693184041384345
19.77552872347735
19.85796573590282
19.94049588166525
20.02311997277241
20.105838830390876
20.188653285004982
20.27156417657933
20.354572354724873
20.437678678868764
20.52088401842797
20.60418925298688
20.6875952724789
20.771102977372223
20.85471327885986
20.938427099054103
21.02224537118544
21.106169039806172
21.190199060998804
21.274336402589345
21.358582044365694
21.442936978301223
21.52740220878376
21.61197875285008
21.696667640426117
21.781469914573012
21.86638663173925
21.951418862019
22.03656768941689
22.12183421211941
22.207219542773114
22.2927248087699
22.378351152539533
22.464099731849632
22.549971720113444
22.635968306705518
22.722090697285687
22.808340114131475
22.894717796479323
22.98122500087487
23.067863001532547
23.154633090704905
23.241536579061883
23.328574796080424
23.41574909044474
23.50306083045764
23.590511404463243
23.678102221281527
23.76583471065505
23.853710323708334
23.941730533420326
24.029896835110414
24.11821074693841
24.206673810419144
24.295287590952032
24.384053678366264
24.472973687482174
24.562049258689314
24.651282058541952
24.74067378037257
24.830226144924058
24.919940901001308
25.009819826142973
25.09986472731412
25.190077441620588
25.28045983704596
25.371013813211935
25.46174130216309
25.552644269176994
25.64372471360066
25.734984669714418
25.82642620762434
25.91805143418434
26.0098624939492
26.101861570159848
26.19405088576214
26.286432704460655
26.379009331808966
26.471783116337907
26.56475645072357
26.657931772996665
26.751311567795128
26.84489836766187
26.938694754389722
27.03270336041561
27.126926870266313
27.221368022058094
27.316029609052716
27.41091448127249
27.506025547177085
27.601365775405124
27.696938196583538
27.792745905208083
27.888792061598412
27.985079893931392
28.081612700356555
28.178393851197814
28.275426791245785
28.37271504214538
28.47026220488353
28.568071962382326
28.66614808220308
28.764494419367196
28.863114919300155
28.962013620905235
29.06119465977414
29.16066227154206
29.260420795395213
29.360474677739617
29.46082847604012
29.561486862839622
29.662454629969034
29.763736692959096
29.865338095666257
29.96726401512536
30.069519766643147
30.172110809147288
30.275042750806996
30.378321354942333
30.481952546240677
30.585942417300227
30.690297235521957
30.79502345037313
30.900127701047325
31.005616824547914
31.11149786422418
31.217778078791635
31.32446495187077
31.431566202081374
31.539089793732796
31.647043948153936
31.75543715571081
31.864278188563635
31.973576114220332
32.08334030994834
32.193580478112736
32.304306662514875
32.415529265813134
32.527259068115164
32.63950724684024
32.752285397959966
32.865605558736995
32.97948023209381
33.09392241275781
33.20894561534445
33.32456390455855
33.44079192771347
33.55764494979099
33.67513889129067
33.79329036914655
33.91211674102297
34.031636153339434
34.15186759341809
34.27283094619827
34.39454705601999
34.517037794045535
34.64032613196564
34.7644362227266
34.88939348911968
35.015224721196155
35.14195818361526
35.2696237342008
35.398252955181825
35.52787929882875
35.658538249478106
35.79026750427492
35.92310717536586
36.057100016762966
36.19229167968886
36.32873100093315
36.466470329632386
36.605565898971825
36.7460782506558
36.888072721675115
37.03162000501484
37.17679679862317
37.323686560379436
37.47238039119782
37.62297807411607
37.77558930471106
37.93033515811271
38.08734985119876
38.246782876615356
38.408801610111055
38.57359452734092
38.74137521546477
38.91238743583539
39.08691159854909
39.265273166828806
39.44785375160848
39.635106040978826
39.82757433797402
40.02592354728376
40.23098134082379
40.44380174914108
40.66576537879045
40.89874625548523
41.14540986611207
41.409798192254286
41.6986421998799
42.02498569652007
42.42291408800808