0.026998556609550844
0.08099569308403219
0.13499289932491293
0.18899022184399397
0.2429877071543784
0.2969854017709922
0.35098335221110516
0.4049816049948523
0.45898020664575434
0.5129792036912396
0.5669786426631647
0.6209785700983368
0.6749790325390346
0.7289800765335304
0.7829817486366124
0.8369840954101067
0.8909871634233997
0.9449909992539609
0.9989956494878662
1.0530011607203207
1.1070075795561825
1.1610149526104867
1.2150233265089694
1.2690327478885925
1.3230432633980682
1.3770549196983852
1.431067763463333
1.4850818413800302
1.5390972001494485
1.5931138864869414
1.6471319471227719
1.7011514288026395
1.7551723782882092
1.80919484235764
1.8632188678061166
1.9172445014463755
1.97127179010924
2.0253007806441485
2.0793315199196885
2.133364054824127
2.1873984322659457
2.2414346991743734
2.2954729024999216
2.3495130892149194
2.403555306314049
2.457599600814883
2.5116460197584205
2.5656946102096287
2.619745419257977
2.673798494017982
2.7278538816297444
2.7819116292594908
2.8359717841001184
2.8900343933717374
2.9440995043222125
2.998167164227712
3.052237420393251
3.10631032015324
3.160385910872031
3.2144642399444683
3.2685453547964385
3.322629302885419
3.3767161317010332
3.4308058887656014
3.484898621634696
3.538994377897697
3.5930932051783477
3.6471951511353127
3.701300263462736
3.7554085898908025
3.8095201781862977
3.863635076153171
3.9177533316330977
3.971874992506047
4.026000106690844
4.080128722145742
4.134260886868986
4.1883966488993885
4.242536056316895
4.296679157243163
4.35082599984213
4.404976632320598
4.459131102928799
4.513289459960984
4.567451751755998
4.621618026697862
4.675788333216359
4.729962719787615
4.784141234934687
4.838323927228151
4.892510845286693
4.946702037777698
5.0008975534178415
5.055097440973689
5.109301749262288
5.163510527151767
5.217723823561936
5.271941687464887
5.326164167885597
5.380391313902537
5.434623174648271
5.488859799310074
5.543101237130534
5.597347537408171
5.651598749498051
5.705854922812398
5.760116106821215
5.814382351052907
5.8686537050949
5.922930218594265
5.97721194125835
6.031498922855402
6.0857912132152014
6.140088862229695
6.19439191985363
6.248700436105192
6.303014461066645
6.357334044884971
6.4116592377725175
6.46599009000764
6.520326651935356
6.57466897396799
6.629017106585831
6.683371100337785
6.73773100584204
6.792096873786717
6.846468754930541
6.900846700103503
6.95523076020753
7.009620986217154
7.064017429180186
7.118420140218395
7.172829170528179
7.227244571381257
7.2816663941253434
7.336094690184839
7.390529511061522
7.444970908335237
7.499418933664591
7.553873638787654
7.608335075522656
7.662803295768692
7.7172783515064305
7.771760294798821
7.826249177791808
7.880745052715044
7.935247971882612
7.989757987693746
8.044275152633553
8.098799519273745
8.153331140273368
8.207870068379538
8.262416356428176
8.316970057344752
8.37153122414503
8.426099909935807
8.480676167915679
8.535260051375781
8.589851613700551
8.644450908368494
8.699057988952944
8.75367290912283
8.80829572264345
8.862926483377251
8.917565245284598
8.972212062424568
9.02686698895573
9.081530079136936
9.136201387328118
9.190880967991081
9.245568875690312
9.30026516509378
9.354969890973747
9.409683108207583
9.464404871778584
9.519135236776792
9.573874258399819
9.628621991953684
9.683378492853642
9.738143816625021
9.79291801890407
9.8477011554388
9.902493282089843
9.957294454831297
10.012104729751597
10.066924163054372
10.12175281105932
10.176590730203072
10.231437977040086
10.286294608243512
10.341160680606095
10.396036251041053
10.45092137658299
10.50581611438878
10.560720521738492
10.615634656036287
10.67055857481134
10.725492335718767
10.78043599654054
10.835389615186429
10.890353249694934
10.945326958234228
11.000310799103104
11.055304830731929
11.1103091116836
11.165323700654508
11.220348656475506
11.275384038112888
11.330429904669359
11.385486315385029
11.440553329638403
11.495631006947374
11.55071940697023
11.605818589506656
11.660928614498753
11.71604954203206
11.771181432336574
11.826324345787784
11.881478342907716
11.936643484365963
11.991819830980752
12.047007443719991
12.10220638370233
12.157416712198238
12.212638490631075
12.267871780578176
12.323116643771932
12.378373142100905
12.433641337610906
12.488921292506118
12.544213069150217
12.599516730067478
12.654832337943917
12.710159955628429
12.76549964613392
12.820851472638473
12.876215498486491
12.931591787189877
12.986980402429191
13.04238140805485
13.097794868088293
13.153220846723196
13.20865940832666
13.264110617440435
13.319574538782124
13.37505123724642
13.430540777906339
13.486043226014452
13.54155864700415
13.597087106490893
13.652628670273478
13.708183404335314
13.763751374845706
13.819332648161147
13.87492729082662
13.930535369576898
13.986156951337875
14.041792103227884
14.097440892559032
14.153103386838545
14.20877965377013
14.264469761255322
14.320173777394865
14.3758917704901
14.431623809044337
14.487369961764271
14.543130297561381
14.598904885553363
14.65469379506554
14.710497095632318
14.766314856998624
14.822147149121372
14.877994042170927
14.933855606532585
14.989731912808066
15.045623031817012
15.1015290345985
15.157449992412555
15.213385976741698
15.269337059292473
15.325303311997011
15.381284807014593
15.437281616733221
15.493293813771219
15.549321470978814
15.605364661439765
15.66142345847297
15.717497935634114
15.773588166717301
15.829694225756727
15.885816187028334
15.941954125051508
15.998108114590762
16.054278230657452
16.110464548511494
16.166667143663087
16.22288609187448
16.27912146916171
16.33537335179638
16.391641816307462
16.447926939483057
16.504228798372242
16.56054747028688
16.616883032803468
16.673235563764976
16.72960514128273
16.785991843738284
16.84239574978532
16.898816938351562
16.955255488640688
17.011711480134288
17.06818499259381
17.124676106062527
17.181184900867528
17.23771145762172
17.294255857225846
17.350818180870505
17.407398510038217
17.463996926505466
17.52061351234482
17.57724834992698
17.633901521922922
17.690573111306026
17.747263201354222
17.80397187565215
17.860699218093334
17.917445312882403
17.9742102445373
18.030994097891504
18.0877969580963
18.144618910623034
18.20146004126542
18.258320436141844
18.31520018169768
18.37209936470764
18.429018072278158
18.485956391849744
18.542914411199412
18.5998922184431
18.656889902038102
18.713907550785557
18.7709452538329
18.828003100676405
18.88508118116368
18.942179585496245
18.999298404232064
19.05643772828818
19.113597648943294
19.17077825784041
19.2279796469895
19.28520190877017
19.342445135934383
19.399709421609167
19.45699485929936
19.514301542890415
19.57162956665115
19.628979025236614
19.686350013690895
19.743742627450022
19.80115696234483
19.85859311460391
19.916051180856517
19.973531258135583
20.03103344388069
20.088557835941092
20.146104532578775
20.20367363247153
20.261265234716063
20.318879438831114
20.37651634476063
20.434176052876953
20.491858663984026
20.549564279320645
20.60729300056374
20.665044929831662
20.722820169687537
20.78061882314262
20.838440993659688
20.896286785156466
20.954156302009093
21.0120496490556
21.069966931599435
21.127908255413015
21.185873726741303
21.24386345230545
21.301877539306425
21.3599160954287
21.41797922884399
21.47606704821499
21.53417966269917
21.592317181952605
21.650479716133823
21.708667375907726
21.766880272449495
21.82511851744859
21.883382223112744
21.941671502172
21.999986467882827
22.058327234032216
22.11669391494186
22.17508662547235
22.23350548102743
22.291950597558277
22.350422091567822
22.408920080115127
22.4674446808198
22.52599601186644
22.584574192009136
22.64317934057602
22.70181157747384
22.7604710231926
22.819157798810238
22.87787202599734
22.936613827021926
22.99538332475425
23.054180642671678
23.11300590486361
23.17185923603642
23.23074076151848
23.289650607265237
23.34858889986432
23.40755576654069
23.46655133516188
23.525575734243265
23.584629092953378
23.643711541119288
23.70282320923205
23.761964228452197
23.821134730615253
23.88033484823739
23.939564714521048
23.998824463360673
24.05811422934851
24.11743414778042
24.17678435466179
24.23616498671351
24.295576181377996
24.355018076825257
24.414490811959073
24.473994526423215
24.533529360607726
24.593095455655252
24.652692953467508
24.71232199671172
24.77198272882721
24.831675294032024
24.89139983732962
24.951156504515648
25.010945442184806
25.070766797737736
25.130620719388045
25.190507356169363
25.250426857942497
25.310379375402658
25.370365060086773
25.43038406438086
25.490436541527522
25.550522645633478
25.61064253167721
25.670796355516686
25.73098427389716
25.791206444459085
25.85146302574608
25.911754177213016
25.972080059234173
26.032440833111522
26.092836661083044
26.153267706331206
26.21373413299149
26.27423610616104
26.334773791907413
26.395347357277398
26.455956970305994
26.516602800025428
26.577285016474324
26.638003790706964
26.698759294802652
26.759551701875186
26.820381186082464
26.881247922636177
26.942152087811618
27.003093858957634
27.06407341450666
27.1250909339849
27.18614659802262
27.247240588364562
27.30837308788048
27.369544280575823
27.430754351602513
27.492003487269884
27.55329187505575
27.61461970361758
27.67598716280386
27.737394443665533
27.79884173846763
27.860329240701024
27.92185714509433
27.98342564762595
28.045034945536273
28.106685237340034
28.16837672283881
28.23010960313368
28.291884080638056
28.353700359090663
28.415558643568676
28.477459140501058
28.53940205768202
28.6013876042847
28.663415990874967
28.725487429425453
28.78760213332974
28.849760317416727
28.91196219796519
28.97420799271853
29.036497920899716
29.09883220322644
29.16121106192641
29.223634720752933
29.286103405000627
29.34861734152139
29.411176758740556
29.473781886673272
29.536432956941102
29.599130202788835
29.66187385910155
29.724664162421885
29.787501350967535
29.850385664649025
29.913317345087677
29.97629663563386
30.03932378138548
30.1023990292067
30.165522627746974
30.228694827460266
30.29191588062462
30.355186041361943
30.41850556565808
30.48187471138319
30.545293738312374
30.608762908146637
30.6722824845341
30.73585273309156
30.799473921426305
30.8631463191583
30.926870197942648
30.99064583149239
31.054473495601624
31.11835346816899
31.182286029221455
31.246271460938463
31.310310047676456
31.374402075993736
31.438547834675678
31.50274761476037
31.56700170956456
31.631310414710068
31.69567402815051
31.76009285019851
31.824567183553246
31.889097333328458
31.95368360708087
32.01832631483902
32.08302576913259
32.147782285022096
32.212596180129125
32.27746777466699
32.34239739147185
32.40738535603435
32.472431996531725
32.53753764386043
32.602702631669274
32.667927296393025
32.73321197728667
32.79855701646009
32.86396275891334
32.92942955257252
32.9949577483262
33.06054770006241
33.12619976470623
33.191914302258056
33.2576916758324
33.32353225169739
33.38943639931487
33.45540449138122
33.5214369038688
33.58753401606809
33.653696210630535
33.71992387361217
33.78621739451784
33.852577166346336
33.919003585636126
33.98549705251202
34.05205797073249
34.11868674773794
34.185383794699646
34.252149526569724
34.3189843621318
34.385888724052684
34.452863038934844
34.51990773736989
34.58702325399298
34.65421002753811
34.72146850089452
34.78879912116397
34.856202339719175
34.92367861226317
34.99122839888981
35.0588521641454
35.12655037709134
35.19432351136805
35.26217204525993
35.33009646176166
35.39809724864562
35.46617489853059
35.53432990895177
35.6025627824321
35.67087402655488
35.739264154037805
35.807733682808454
35.87628313608107
35.94491304243502
36.01362393589456
36.08241635601029
36.15129084794217
36.22024796254406
36.28928825645003
36.35841229216233
36.42762063814108
36.49691386889577
36.56629256507859
36.63575731357962
36.705308707623914
36.77494734687061
36.84467383751401
36.91448879238675
36.98439283106506
37.05438657997623
37.1244706725083
37.194645749121996
37.26491245746506
37.335271452488946
37.405723396568035
37.47626895962131
37.54690881923668
37.61764366079796
37.68847417761457
37.7594010710541
37.83042505067765
37.901546834378266
37.97276714852232
38.04408672809408
38.11550631684343
38.18702666743694
38.25864854161231
38.330372710336306
38.402199953966246
38.47413106241522
38.54616683532104
38.618308082219144
38.69055562271945
38.762910286687365
38.835372914428994
38.90794435688079
38.98062547580356
39.053417143981235
39.12632024542427
39.19933567557804
39.27246434153621
39.3457071622593
39.419065068798666
39.492539004525895
39.56612992536793
39.63983880004809
39.713666610333
39.78761435128586
39.86168303152606
39.93587367349546
40.01018731373137
40.08462500314677
40.159187807317586
40.23387680677758
40.308693097320976
40.383637790312996
40.45871201300873
40.53391690888048
40.60925363795389
40.68472337715325
40.760327320656096
40.836066680257595
40.91194268574495
40.98795658528219
41.06410964580574
41.140403153431045
41.216838413870725
41.29341675286468
41.37013951662244
41.447008072278344
41.524023808359885
41.60118813526981
41.67850248578232
41.75596831555408
41.833587103650395
41.91136035308722
41.9892895913896
42.06737637116705
42.14562227070669
42.22402889458456
42.302597874296154
42.38133086890651
42.460229565720994
42.539295680977304
42.61853096055968
42.697937180736204
42.77751614891999
42.85726970445539
42.93719971943011
43.017308099514324
43.09759678482795
43.1780677508372
43.25872300928168
43.339564609133205
43.420594637587904
43.50181522109283
43.583228526408654
43.66483676170999
43.74664217772514
43.8286470689167
43.910853774705195
43.993264680737454
44.07588222020184
44.15870887519252
44.241747178124875
44.32499971320471
44.408469117953494
44.49215808479252
44.57606936268868
44.66020575886486
44.74457014057815
44.8291654369691
44.91399464098569
44.99906081138564
45.084367074821046
45.16991662800964
45.25571273999697
45.34175875451445
45.42805809243804
45.51461425435324
45.60143082323179
45.6885114672263
45.775859942589236
45.86348009672312
45.95137587136927
46.039551305942894
46.12801054102293
46.2167578220056
46.305797502931014
46.395134050493326
46.48477204824513
46.57471620100795
46.664971339501385
46.75554242520426
46.84643455546246
46.93765296885887
47.02920305086223
47.12109033977292
47.21332053298514
47.30589949358642
47.3988332573171
47.492128039914256
47.585790244866516
47.679826471608465
47.77424352418559
47.86904842042359
47.96424840163851
48.05985094292764
48.15586376408434
48.25229484118415
48.34915241889355
48.44644502355777
48.54418147712908
48.64237091200304
48.74102278683664
48.84014690342945
48.93975342475708
49.03985289425529
49.140456256463125
49.241574879144935
49.343220577023715
49.44540563727268
49.54814284692813
49.65144552240483
49.755327541315935
49.859803376822875
49.964888134767286
50.07059759386747
50.17694824929665
50.28395735999989
50.39164300015236
50.50002411521399
50.6091205830964
50.718953281027865
50.82954415878398
50.94091631904618
51.053094105761446
51.16610320150641
51.279970735012014
51.39472540018551
51.51039758818069
51.62701953432213
51.74462548199359
51.86325186596678
51.98293751808767
52.103723898772216
52.22565535841549
52.348779433616286
52.47314718410389
52.598813577473784
52.72583793036284
52.85428441660876
52.98422265536333
53.115728395223094
53.248884314423115
53.38378096231203
53.5205178741092
53.65920489993438
53.79996380114931
53.94293018340148
54.08825585824612
54.23611175660263
54.386691561801726
54.540216294211355
54.69694017398051
54.85715823069564
55.021216348092594
55.189524779697074
55.36257674023183
55.54097464311082
55.72546826367099
55.91701228955482
56.11685700961426
56.32669927997254
56.548952177775135
56.78727425692786
57.04775677517348
57.34220131158542
57.7014395409193