0.0344668540383993
0.103400640970281
0.1723346644697573
0.2412690822563759
0.31020405206141227
0.37913973163256204
0.448076278738635
0.5170138511742509
0.5859526067645373
0.6548927033698305
0.7238342988903791
0.7927775512710508
0.8617226185060441
0.9306696586436037
0.9996188297907395
1.068570290117953
1.137524197863967
1.206480711340463
1.275439988936824
1.344402189124883
1.413367470463682
1.4823359916042353
1.551307911294302
1.6202833883831669
1.6892625818264313
1.758245650690811
1.827232754158946
1.896224051534219
1.9652197022455853
2.0342198658524135
2.1032247020493364
2.172234370671117
2.2412490316975227
2.3102688452582156
2.379293971637654
2.448324571280008
2.5173608047940905
2.5864028329583
2.655450816725582
2.7245049172284017
2.7935652957837362
2.862632113898081
2.931705533272474
3.0007857158075373
3.0698728236085344
3.13896701899045
3.2080684644830835
3.2771773228361645
3.3462937570244895
3.415417930253074
3.484550005962329
3.553690147833258
3.6228385197926767
3.691995286018449
3.7611606109447537
3.830334659267371
3.8995175959489887
3.9687095862245396
4.037910795606559
4.107121389890567
4.176341535160482
4.245571397794051
4.314811144468318
4.384060942165109
4.453320958176557
4.522591360110639
4.59187231589676
4.6611639937913525
4.730466562383514
4.799780190600675
4.869105047714293
4.938441303345583
5.007789127471282
5.077148690429437
5.146520162925244
5.215903716036901
5.285299521221512
5.354707750321019
5.424128575568172
5.493562169592537
5.563008705426537
5.632468356511537
5.701941296703964
5.771427700281472
5.840927741949135
5.910441596845695
5.979969440549848
6.049511449086557
6.119067798933439
6.18863866702716
6.258224230769905
6.3278246680358725
6.397440157177825
6.467070877033683
6.536717006933169
6.606378726704496
6.676056216681105
6.745749657708461
6.815459231150882
6.885185118898443
6.954927503373907
7.02468656753973
7.094462494905109
7.164255469533084
7.234065676047708
7.303893299641248
7.373738526081481
7.443601541719008
7.513482533494657
7.583381688946936
7.653299196219542
7.7232352440689365
7.793190021871991
7.863163719633683
7.9331565279948695
8.003168638240115
8.073200242305598
8.14325153278708
8.213322702947938
8.283413946727283
8.35352545874813
8.423657434325657
8.493810069475531
8.563983560922303
8.634178106107893
8.704393903200133
8.774631151101413
8.844890049457378
8.915170798665727
8.98547359988509
9.055798655043974
9.126146166849818
9.196516338798107
9.266909375181594
9.337325481099603
9.407764862467415
9.478227726025755
9.54871427935037
9.619224730861696
9.689759289834617
9.760318166408343
9.830901571596353
9.901509717296467
9.972142816301
10.042801082307035
10.113484729926782
10.184193974698061
10.254929033094884
10.325690122538145
10.396477461406423
10.467291269046909
10.53813176578642
10.608999172942568
10.67989371283501
10.75081560879684
10.821765085186097
10.892742367397405
10.96374768187372
11.034781256118222
11.105843318706333
11.176934099297856
11.248053828649278
11.319202738626158
11.39038106221571
11.461589033539488
11.532826887866225
11.604094861624825
11.675393192417483
11.746722119032976
11.818081881460095
11.889472720901235
11.960894879786126
12.032348601785756
12.103834131826426
12.175351716103982
12.246901602098216
12.318484038587428
12.390099275663177
12.461747564745183
12.533429158596434
12.605144311338455
12.676893278466766
12.74867631686654
12.820493684828428
12.892345642064594
12.964232449724944
13.036154370413556
13.108111668205304
13.1801046086627
13.252133458852938
13.324198487365162
13.39629996432793
13.468438161426928
13.540613351922877
13.612825810669703
13.685075814132905
13.757363640408174
13.829689569240267
13.902053882042091
13.97445686191407
14.04689879366374
14.119379963825608
14.191900660681284
14.26446117427986
14.337061796458572
14.409702820863727
14.482384542971921
14.555107260111537
14.62787127148453
14.700676878188505
14.773524383239103
14.846414091592688
14.919346310169338
14.992321347876167
15.065339515630951
15.138401126386096
15.211506495152928
15.284655939026335
15.357849777209736
15.431088331040428
15.504371924015258
15.577700881816686
15.651075532339208
15.72449620571616
15.7979632343469
15.871476952924395
15.945037698463185
16.018645810327783
16.092301630261463
16.166005502415477
16.23975777337872
16.313558792207797
16.38740891045756
16.461308482212104
16.53525786411621
16.609257415407257
16.683307497947638
16.757408476257634
16.83156071754882
16.905764591757947
16.980020471581362
17.054328732509966
17.128689752864677
17.203103913832475
17.277571599502988
17.35209319690566
17.426669096047487
17.501299689951363
17.575985374695026
17.650726549450606
17.725523616524832
17.80037698139985
17.875287052774723
17.950254242607578
18.025278966158453
18.100361642032823
18.175502692225844
18.250702542167343
18.325961620767487
18.401280360463282
18.47665919726579
18.55209857080814
18.627598924394373
18.703160705049065
18.77878436356781
18.854470354568548
18.930219136543784
19.006031171913673
19.08190692708002
19.157846872481233
19.23385148264819
19.30992123626111
19.386056616207377
19.462258109640423
19.538526208039602
19.614861407271153
19.691264207650228
19.76773511400401
19.844274635736014
19.920883286891467
19.99756158622393
20.0743100572631
20.151129228383848
20.228019632876507
20.30498180901849
20.38201630014718
20.45912365473419
20.53630442646103
20.61355917429614
20.690888462573394
20.768292861072098
20.845772945098478
20.92332929556872
21.000962499093617
21.078673148064826
21.15646184074278
21.23432918134632
21.312275780144084
21.39030225354762
21.46840922420642
21.54659732110475
21.624867179660434
21.70321944182562
21.781654756189525
21.86017377808328
21.938777169686865
22.017465600138255
22.09623974564473
22.17510028959654
22.25404792268284
22.33308334301008
22.41220725622283
22.491420375627126
22.570723422316426
22.6501171253002
22.729602221635268
22.809179456559928
22.888849583630957
22.968613364863554
23.048471570874337
23.128424981027404
23.208474383583642
23.288620575853272
23.368864364351772
23.44920656495928
23.529648003083537
23.61018951382648
23.690831942154606
23.771576143073183
23.852422981804438
23.933373333969826
24.014428085776487
24.095588134208036
24.17685438721978
24.2582277639385
24.33970919486696
24.42129962209321
24.502999999504915
24.584811293008784
24.66673448075527
24.74877055336874
24.83092051418319
24.913185379483796
24.995566178754327
25.07806395493076
25.160679764661133
25.243414678571963
25.326269781541328
25.40924617297888
25.492344967112988
25.575567293285264
25.658914296252608
25.742387136497175
25.825986990544354
25.909715051289144
25.993572528331093
26.077560648318208
26.16168065529996
26.245933811089884
26.330321395637906
26.41484470741288
26.49950506379553
26.584303801482314
26.669242276900416
26.7543218666344
26.839543967864795
26.924909998819142
27.01042139923586
27.0960796308414
27.18188617784121
27.267842547424934
27.353950270286383
27.44021090115884
27.52662601936622
27.613197229390686
27.69992616145733
27.786814472136562
27.87386384496482
27.96107599108439
28.048452649902952
28.135995589773707
28.223706608696787
28.311587535042868
28.39964022829978
28.487866579843033
28.576268513731275
28.664847987527583
28.753606993147695
28.842547557736257
28.931671744572217
29.020981654004622
29.110479424419985
29.200167233242656
29.290047297969515
29.380121877240462
29.47039327194627
29.56086382637537
29.651535929401323
29.742412015712695
29.833494567087303
29.924786113712702
30.016289235555153
30.10800656377908
30.199940782219524
30.292094628909904
30.384470897667736
30.47707243974101
30.56990216551814
30.66296304630443
30.756258116168446
30.84979047386153
30.943563284814132
31.03757978321282
31.131843274161902
31.226357135934048
31.321124822314406
31.416149865043028
31.51143587636077
31.606986551664082
31.702805672274447
31.798897108328674
31.895264821796577
31.991912869632984
32.08884540707155
32.1860666910683
32.283581083903265
32.381393056949456
32.479507194618556
32.577928198493865
32.676660891661435
32.77571022325119
32.875081273200855
32.974779257256046
33.074809532221295
33.17517760147763
33.27588912078342
33.37694990437682
33.47836593139906
33.58014335265987
33.68228849776746
33.78480788264773
33.88770821747905
33.99099641507131
34.09467959972009
34.19876511656979
34.30326054152186
34.40817369172795
34.51351263671091
34.61928571016052
34.72550152245503
34.83216897396426
34.93929726919498
35.04689593184538
35.15497482084139
35.2635441474349
35.37261449345163
35.48219683078533
35.59230254224467
35.70294344387006
35.814131808850085
35.92588039318097
36.03820246322787
36.151111825364616
36.26462285788786
36.37875054542441
36.49351051607554
36.60891908157125
36.72499328074012
36.841750926638085
36.95921065772249
37.07739199350719
37.19631539519135
37.316002331820094
37.43647535261144
37.5577581661719
37.679875727426065
37.80285433320541
37.92672172758254
38.05150721820239
38.17724180505786
38.30395832338885
38.431691602659804
38.56047864390085
38.690358818093294
38.82137408875864
38.9535692624888
39.08699227186178
39.221694496051384
39.357731125505964
39.49516157839307
39.63404997815684
39.77446570360924
39.916484025602465
40.06018684768174
40.20566357243184
40.35301212083426
40.50234013930042
40.653766438785986
40.807422723446315
40.96345568400929
41.122029555406655
41.283329272208036
41.44756440362344
41.614974119446124
41.78583354077311
41.96046198351004
42.13923384039375
42.32259322414637
42.511074111059735
42.705328770810794
42.906169121154
43.11462909518797
43.33206292754431
43.56030877901843
43.80198102270187
44.06104396584061
44.34409893069938
44.66393786188395
45.05398613226674