0.02991586076055855
0.08974762112607873
0.14957949802546386
0.20941156915014292
0.2692439121948235
0.3290766048588035
0.38890972484728314
0.4487433498726769
0.5085775576559263
0.5684124259278128
0.6282480324302712
0.6880844549177036
0.7479217711582945
0.8077600589353252
0.8675993960484908
0.9274398603152162
0.9872815295719746
1.0471244816756053
1.106968794504635
1.1668145459605956
1.2266618139693497
1.2865106764824106
1.3463612114782688
1.406213496963716
1.4660676109751734
1.5259236315800198
1.5857816368779218
1.645641705002165
1.705503914120988
1.765368342438917
1.8252350681981033
1.8851041696796604
1.944975725205007
2.004849813137208
2.0647265118823195
2.124605899890736
2.18448805565854
2.2443730577288523
2.304260984693185
2.3641519151928003
2.424045927920066
2.4839431016198197
2.543843515090729
2.603747247186661
2.6636543768180503
2.72356498295327
2.7834791446200082
2.843396940906646
2.903318450963636
2.963243754004889
3.02317292930916
3.0831060562214394
3.1430432141543445
3.20298448258952
3.262929941079037
3.3228796692467966
3.382833746789938
3.4427922534802513
3.502755269165592
3.562722873771299
3.62269514730162
3.682672169841136
3.742654021556194
3.802640782696343
3.862632533595771
3.922629354674751
3.9826313264410884
4.0426385294915725
4.102651044513438
4.162668952285819
4.222692333681224
4.282721269667002
4.34275584130682
4.402796129762144
4.462842216293723
4.522894182263086
4.582952109134034
4.6430160784741386
4.703086171956257
4.7631624713600385
4.823245058573444
4.883334015594269
4.943429424531676
5.0035313676077235
5.063639927158914
5.123755185637736
5.183877225614219
5.24400612977749
5.304141980937341
5.364284862025802
5.424434856098717
5.484592046337328
5.5447565160498655
5.604928348673151
5.665107627774195
5.725294437051812
5.785488860338242
5.845690981600768
5.905900884943355
5.966118654608288
6.02634437497782
6.086578130575825
6.1468200060694596
6.2070700862708375
6.267328456138703
6.3275952007801175
6.387870405452153
6.4481541555635955
6.508446536676652
6.568747634508669
6.62905753493386
6.6893763239850434
6.7497040878553785
6.810040912900125
6.870386885638398
6.930742092754946
6.991106621101922
7.051480557700675
7.111863989743548
7.172257004595687
7.23265968979685
7.293072133063243
7.353494422289349
7.4139266455497745
7.4743688911011095
7.534821247383787
7.595283803023965
7.6557566468354095
7.716239867821392
7.776733555176599
7.837237798289047
7.897752686742015
7.958278310315982
8.018814758990581
8.07936212294656
8.139920492567756
8.200489958443082
8.261070611368524
8.321662542349147
8.382265842601122
8.442880603553753
8.503506916851528
8.564144874356174
8.624794568148728
8.685456090531616
8.746129534030763
8.80681499139768
8.867512555611604
8.92822231988163
8.988944377648856
9.049678822588545
9.110425748612302
9.171185249870273
9.231957420753336
9.292742355895324
9.353540150175267
9.414350898719626
9.475174696904565
9.536011640358224
9.59686182496301
9.657725346857916
9.718602302440825
9.779492788370868
9.840396901570765
9.901314739229203
9.962246398803224
10.02319197802062
10.084151574882362
10.145125287665032
10.206113214923276
10.267115455492279
10.328132108490252
10.38916327332093
10.45020904967611
10.511269537538178
10.572344837182678
10.633435049180889
10.694540274402412
10.755660614017803
10.816796169501192
10.877947042632943
10.939113335502325
11.000295150510214
11.061492590371788
11.12270575811928
11.18393475710471
11.245179691002686
11.306440663813174
11.367717779864325
11.42901114381531
11.490320860659187
11.551647035725768
11.612989774684534
11.674349183547552
11.735725368672428
11.797118436765276
11.858528494883712
11.919955650439876
11.981400011203462
12.042861685304796
12.10434078123792
12.1658374078637
12.227351674412978
12.288883690489723
12.350433566074228
12.412001411526324
12.473587337588622
12.535191455389771
12.59681387644777
12.65845471267327
12.72011407637294
12.781792080252828
12.843488837421773
12.905204461394835
12.966939066096757
13.028692765865454
13.09046567545553
13.152257910041829
13.214069585223015
13.275900817025176
13.337751721905468
13.399622416755781
13.461513018906448
13.523423646129974
13.585354416644801
13.64730544911911
13.709276862674653
13.771268776890613
13.833281311807507
13.895314587931125
13.95736872623648
14.019443848171829
14.081540075662701
14.143657531115974
14.205796337423985
14.267956617968675
14.33013849662578
14.39234209776904
14.454567546274475
14.516814967524672
14.579084487413123
14.641376232348609
14.703690329259617
14.766026905598785
14.828386089347422
14.890768009020027
14.953172793668884
15.015600572888689
15.078051476821203
15.140525636159985
15.20302318215513
15.265544246618077
15.32808896192646
15.390657461028988
15.453249877450395
15.515866345296413
15.578506999258822
15.641171974620518
15.703861407260643
15.766575433659774
15.829314190905142
15.892077816695926
15.954866449348566
16.017680227802167
16.08051929162392
16.143383781014602
16.206273836814113
16.269189600507087
16.332131214228525
16.395098820769533
16.458092563583058
16.52111258678975
16.58415903518382
16.647232054238973
16.710331790114456
16.77345838966107
16.836612000427326
16.89979277066563
16.963000849338524
17.02623638612501
17.089499531426917
17.152790436375366
17.216109252837267
17.2794561334219
17.342831231487573
17.406234701148332
17.469666697280744
17.533127375530768
17.59661689232068
17.660135404856074
17.723683071132946
17.787260049944845
17.850866500890103
17.91450258437915
17.97816846164188
18.04186429473513
18.105590246550232
18.169346480820625
18.233133162129565
18.296950455917937
18.3607985284921
18.424677547031884
18.488587679598634
18.552529095143324
18.616501963514832
18.680506455468223
18.74454274267318
18.80861099772251
18.872711394140744
18.936844106392837
19.001009309892964
19.065207181013417
19.129437897093595
19.193701636449116
19.257998578381
19.32232890318499
19.386692792160957
19.45109042762243
19.51552199290621
19.57998767238213
19.644487651462896
19.70902211661407
19.773591255364128
19.8381952563147
19.90283430915086
19.96750860465159
20.032218334700328
20.096963692295684
20.161744871562227
20.226562067761467
20.291415477302902
20.35630529775525
20.421231727857773
20.48619496753178
20.551195217892232
20.616232681259508
20.681307561171305
20.746420062394698
20.81157039093831
20.876758754064692
20.94198536030279
21.007250419460615
21.07255414263804
21.13789674223978
21.2032784319885
21.26869942693813
21.33415994348731
21.39966019939302
21.465200413784377
21.530780807176622
21.596401601485262
21.662063020040403
21.727765287601258
21.793508630370862
21.859293276010956
21.92511945365706
21.99098739393376
22.056897328970177
22.122849492415646
22.18884411945559
22.254881446827625
22.320961712837832
22.387085157377292
22.453252021938827
22.51946254963392
22.585716985209935
22.65201557506749
22.71835856727814
22.78474621160222
22.851178759506976
22.917656464184947
22.98417958057256
23.050748365369014
23.11736307705538
23.184023975914023
23.25073132404824
23.317485385402165
23.384286425781017
23.451134712871532
23.518030516262765
23.58497410746713
23.651965759941753
23.71900574911013
23.78609435238409
23.85323184918605
23.920418520971594
23.987654651252424
24.054940525619546
24.122276431766863
24.18966265951508
24.25709950083596
24.32458724987692
24.392126202986017
24.45971665873725
24.52735891795628
24.5950532837465
24.662800061515494
24.730599559001895
24.798452086302657
24.86635795590068
24.9343174826929
25.00233098401881
25.070398779689334
25.13852119201625
25.206698545841938
25.27493116856969
25.343219390194417
25.411563543333838
25.479963963260168
25.548420987932296
25.61693495802842
25.68550621697925
25.754135111001688
25.822821989133054
25.89156720326584
25.960371108183026
26.02923406159394
26.098156424170718
26.16713855958529
26.23618083454704
26.305283618840985
26.374447285366653
26.443672210177514
26.512958772521124
26.58230735487987
26.651718343012412
26.721192125995803
26.790729096268297
26.860329649672888
26.929994185501542
26.999723106540184
27.069516819114465
27.139375733136266
27.20930026215098
27.279290823385658
27.34934783779791
27.419471730125668
27.489662928937815
27.559921866685684
27.630248979755425
27.70064470852132
27.771109497400005
27.841643794905654
27.912248053706115
27.982922730680077
28.053668286975213
28.12448518806739
28.195373903820908
28.26633490854985
28.33736868108054
28.408475704815093
28.479656467796183
28.55091146277294
28.6222411872681
28.693646143646355
28.765126839184003
28.83668378613987
28.908317501827565
28.980028508689095
29.051817334369858
29.123684511795055
29.19563057924757
29.267656080447317
29.33976156463212
29.41194758664014
29.48421470699392
29.556563491986036
29.628994513766425
29.701508350431457
29.774105586114704
29.846786811079564
29.91955262181369
29.992403621125302
30.065340418241476
30.138363628908348
30.2114738754934
30.28467178708981
30.357957999622915
30.431333155958903
30.504797906015707
30.578352906876223
30.651998822903877
30.725736325860606
30.799566095027338
30.87348881732701
30.947505187450194
31.021615907983396
31.09582168954014
31.170123250894854
31.24452131911964
31.31901662972408
31.393609926798018
31.46830196315757
31.543093500494294
31.617985309527718
31.692978170161236
31.768072871641554
31.843270212721677
31.918571001827637
31.99397605722901
32.06948620721333
32.145102290264525
32.22082515524553
32.29665566158506
32.372594679468875
32.448643090035425
32.52480178557625
32.601071669741046
32.677453657747684
32.753948676597304
32.83055766529457
32.90728157507331
32.984121369627694
33.06107802534903
33.138152531568544
33.21534589080605
33.292659119025004
33.370093245893855
33.44764931505407
33.525328384395
33.60313152633575
33.68105982811435
33.7591143920844
33.837296336019456
33.91560679342544
33.99404691386126
34.072617863267936
34.15132082430657
34.23015699670538
34.30912759761611
34.38823386198017
34.4674770429048
34.54685841204961
34.626379260023846
34.706040896794725
34.78584465210731
34.865791875916194
34.945883938829546
35.026122232565804
35.106508170423645
35.18704318776552
35.26772874251536
35.34856631567099
35.429557411831624
35.510703559741195
35.59200631284798
35.673467249881135
35.75508797544487
35.836870120630785
35.918815343649136
36.000925330479824
36.083201795543715
36.16564648239519
36.24826116443671
36.33104764565635
36.414007761388994
36.49714337910247
36.58045639920928
36.66394875590527
36.74762241803606
36.83147938999269
36.915521712637364
36.99975146426083
37.08417076157256
37.16878176072521
37.253586658374786
37.3385876927781
37.423787144929086
37.509187339735746
37.59479064723946
37.68059948387867
37.76661631379873
37.85284365021025
37.93928405679801
38.02594014918285
38.11281459643893
38.199910122669074
38.287229508640834
38.3747755934863
38.46255127646862
38.55055951881864
38.63880334564482
38.727285847920506
38.816010184552
38.90497958453175
38.99419734918103
39.08366685448654
39.17339155353606
39.26337497905811
39.353620746071414
39.444132554649755
39.534914192808756
39.6259695395211
39.717302567867314
39.808917348329715
39.90081805223762
39.99300895537239
40.08549444174163
40.1782790075323
40.271367265253346
40.364763948079165
40.45847391440601
40.55250215263421
40.64685378619037
40.74153407880427
40.836548440056724
40.931902431215626
41.02760177137887
41.123652343944215
41.22006020342774
41.31683158265432
41.41397290034542
41.51149076913148
41.609392004018595
41.707683631341574
41.806372898238095
41.90546728268197
42.004974504116475
42.104902534732666
42.205259611441335
42.306054248591984
42.4072952514969
42.50899173082396
42.611153117927905
42.713789181196375
42.8169100434948
42.920526200802236
43.02464854213994
43.12928837090469
43.23445742773069
43.340167915017105
43.446432523272975
43.553264459448165
43.660677477437645
43.768685910968024
43.87730470909932
43.98654947460265
44.09643650550587
44.20698284013514
44.31820630602142
44.43012557308826
44.54276021159125
44.65613075534263
44.770258770826715
44.8851669328963
45.00087910783828
45.117420444711385
45.23481747599334
45.353098228732904
45.47229234758913
45.59243123136139
45.713548184877375
45.835678588421274
45.9588600872624
46.083132804300995
46.20853957940075
46.335126239651835
46.46294190563386
46.59203933976624
46.722475344095315
46.854311216443584
46.98761327582595
47.12245347054589
47.25891008558423
47.39706857001199
47.53702251050822
47.67887478407929
47.8227389323736
47.96874081244849
48.1170205957578
48.26773521038682
48.42106135401906
48.57719925114892
48.73637739449406
48.89885860836428
49.06494791889382
49.23500294294298
49.40944786717923
49.58879267741604
49.773660297048025
49.964826061697146
50.16327724872203
50.370306887320346
50.58766992456773
50.81786217522878
51.06466783945217
51.33438773410144
51.63923022841109
52.011092053500725