0.028866935465957824
0.08660083889345024
0.14433483980814854
0.20206900320310844
0.2598033940737635
0.3175380774188766
0.37527311824149073
0.4330085815498814
0.4907445323585079
0.5484810356889656
0.6062181565709384
0.663955960043151
0.7216945111543229
0.7794338749641213
0.8371741165441152
0.8949153009787298
0.9526574933662024
1.0104007588195367
1.0681451624674605
1.1258907694553815
1.1836376449463457
1.2413858541219962
1.299135462183531
1.3568865343526642
1.4146391358725872
1.4723933320089297
1.530149188050723
1.5879067693113638
1.645666141129579
1.7034273688703916
1.761190517926088
1.8189556537171867
1.8767228416934065
1.9344921473346384
1.992263636151917
2.0500373736883946
2.1078134255203147
2.16559185725799
2.223372734546778
2.2811561230680613
2.3389420885402297
2.396730696719658
2.454522013401696
2.5123161044216493
2.570113035655768
2.6279128730222387
2.6857156824821704
2.743521530040591
2.8013304817474407
2.8591426036985688
2.9169579620367325
2.974776622952598
3.032598652685741
3.090424117525656
3.1482530838127585
3.206085617939397
3.263921786350864
3.32176165554641
3.3796052920802597
3.4374527625626303
3.495304133660752
3.5531594720998934
3.611018844664385
3.6688823181986514
3.7267499596082376
3.7846218358608485
3.842498013987381
3.9003785610829667
3.958263544308013
4.016153030889247
4.074047088120767
4.131945783365089
4.189849184054205
4.247757357690641
4.305670371848507
4.363588294174577
4.421511192389342
4.4794391342880875
4.537372187741961
4.5953104206990565
4.6532539011854865
4.7112026973064705
4.769156877247422
4.827116509275035
4.885081661738384
4.943052403070018
5.001028801787066
5.059010926492335
5.116998845875432
5.174992628713863
5.232992343874161
5.290998060313004
5.349009847078337
5.407027773310507
5.465051908243394
5.52308232120555
5.581119081621336
5.6391622590120765
5.697211922997207
5.755268143295428
5.813330989725869
5.871400532209247
5.929476840769041
5.987559985532664
6.045650036732644
6.103747064707802
6.161851139904447
6.2199623328775635
6.278080714292017
6.336206354923749
6.394339325660993
6.452479697505486
6.510627541573683
6.568782929097991
6.62694593142799
6.685116620031672
6.743295066496683
6.8014813425315666
6.859675519967019
6.917877670757147
6.976087866980729
7.034306180842484
7.092532684674352
7.1507674509367725
7.20901055221997
7.267262061245253
7.32552205086631
7.383790594070516
7.442067763980247
7.500353633854197
7.558648277088709
7.616951767219099
7.675264177921001
7.733585583011711
7.791916056451537
7.850255672345166
7.90860450494302
7.966962628642639
8.025330117990054
8.083707047681182
8.142093492563212
8.200489527636021
8.258895228053568
8.317310669125325
8.375735926317693
8.434171075255446
8.492616191723153
8.551071351666652
8.60953663119448
8.66801210657936
8.726497854259659
8.78499395084088
8.84350047309714
8.90201749797268
8.960545102583364
9.019083364218188
9.077632360340825
9.136192168591135
9.19476286678672
9.253344532924462
9.311937245182103
9.370541081919793
9.42915612168168
9.487782443197494
9.546420125384143
9.605069247347325
9.663729888383136
9.722402127979702
9.781086045818817
9.839781721777582
9.898489235930066
9.957208668548976
10.015940100107324
10.074683611280125
10.133439282946089
10.192207196189331
10.25098743230109
10.30978007278146
10.368585199341133
10.427402893903151
10.486233238604669
10.545076315798726
10.603932208056044
10.662800998166816
10.72168276914252
10.780577604217742
10.839485586852007
10.898406800731632
10.957341329771578
11.016289258117327
11.075250670146758
11.134225650472057
11.19321428394161
11.252216655641941
11.311232850899634
11.370262955283287
11.429307054605484
11.488365234924753
11.54743758254757
11.606524184030354
11.665625126181485
11.724740496063342
11.783870380994342
11.843014868551004
11.902174046570018
11.961348003150345
12.020536826655311
12.079740605714731
12.13895942922705
12.198193386361476
12.257442566560167
12.316707059540398
12.375986955296767
12.4352823441034
12.494593316516191
12.553919963375039
12.613262375806118
12.672620645224153
12.731994863334721
12.791385122136559
12.850791513923898
12.910214131288816
12.9696530671236
13.029108414623131
13.088580267287288
13.148068718923374
13.207573863648541
13.267095795892269
13.326634610398825
13.38619040222977
13.445763266766479
13.505353299712656
13.564960597096919
13.624585255275347
13.6842273709341
13.743887041092012
13.803564363103254
13.863259434659966
13.92297235379495
13.982703218884375
14.042452128650483
14.10221918216435
14.162004478848639
14.221808118480395
14.281630201193858
14.341470827483292
14.401330098205841
14.46120811458442
14.521104978210602
14.581020791047566
14.640955655433032
14.700909674082254
14.760882950091004
14.82087558693861
14.880887688491013
14.940919359003827
15.00097070312546
15.061041825900235
15.121132832771549
15.181243829585053
15.241374922591866
15.301526218451812
15.36169782423668
15.42188984743353
15.482102395948
15.542335578107664
15.602589502665417
15.66286427880287
15.723160016133804
15.783476824707625
15.843814815012879
15.904174097980764
15.964554784988707
16.024956987863945
16.085380818887163
16.145826390796135
16.206293816789426
16.266783210530107
16.327294686149514
16.38782835825104
16.448384341913957
16.508962752697272
16.569563706643628
16.630187320283227
16.69083371063779
16.75150299522457
16.81219529206039
16.872910719665708
16.93364939706873
16.99441144380958
17.055196979944462
17.11600612604991
17.176839003227048
17.2376957331059
17.298576437849736
17.359481240159457
17.420410263278043
17.481363630995002
17.54234146765091
17.60334389814195
17.664371047924522
17.725423043019894
17.78650001001888
17.847602076086588
17.908729368967194
17.96988201698877
18.03106014906817
18.092263894715934
18.153493384041273
18.214748747757074
18.27603011718499
18.337337624260535
18.398671401538266
18.460031582197004
18.521418300045084
18.58283168952572
18.64427188572234
18.705739024364046
18.767233241831082
18.82875467516039
18.890303462051186
18.951879740870645
19.013483650659573
19.075115331138214
19.13677492271205
19.198462566477698
19.26017840422886
19.32192257846234
19.38369523238408
19.445496509915355
19.507326555698906
19.569185515105247
19.63107353423897
19.692990759945143
19.754937339815783
19.816913422196365
19.87891915619244
19.94095469167628
20.00302017929363
20.06511577047053
20.127241617420164
20.189397873149847
20.251584691468047
20.313802226991474
20.376050635152296
20.438330072205368
20.500640695235592
20.562982662165325
20.625356131761894
20.687761263645154
20.750198218295182
20.812667157059998
20.875168242163433
20.937701636713022
21.000267504708027
21.062866011047536
21.12549732153866
21.18816160290479
21.250859022793996
21.313589749787493
21.376353953408184
21.43915180412935
21.501983473383383
21.564849133570664
21.62774895806851
21.690683121240248
21.75365179844437
21.81665516604382
21.879693401415356
21.94276668295905
22.00587519010788
22.069019103337446
22.132198604175787
22.19541387521333
22.25866510011292
22.321952463620033
22.385276151573027
22.448636350913596
22.512033249697275
22.57546703710414
22.638937903449573
22.702446040195195
22.76599163995992
22.829574896531145
22.893196004876067
22.956855161153136
23.020552562723676
23.084288408163598
23.14806289727531
23.211876231099723
23.27572861192845
23.33962024331613
23.4035513300929
23.467522078377034
23.531532695587746
23.595583390458142
23.659674373048336
23.723805854758716
23.78797804834342
23.852191167923934
23.9164454290029
23.98074104847806
24.04507824465643
24.109457237268614
24.17387824748332
24.238341497922036
24.302847212673957
24.367395617311033
24.431986938903272
24.49662140603419
24.56129924881652
24.62602069890808
24.690785989527853
24.755595355472334
24.82044903313202
24.885347260508176
24.950290277229776
25.015278324570716
25.080311645467237
25.145390484535575
25.210515088089867
25.275685704160285
25.34090258251143
25.406165974660965
25.471476133898506
25.536833315304772
25.602237775771012
25.667689774018683
25.733189570619402
25.79873742801518
25.864333610538957
25.92997838443538
25.99567201788192
26.061414781010257
26.127206945927977
26.193048786740576
26.258940579573785
26.32488260259619
26.390875136042208
26.456918462235368
26.523012865611946
26.58915863274493
26.65535605236833
26.72160541540186
26.787907014975975
26.85426114645724
26.920668107474146
26.98712819794324
27.05364172009566
27.1202089785041
27.186830280110122
27.253505934251923
27.320236252692492
27.387021549648207
27.45386214181786
27.52075834841211
27.58771049118342
27.65471889445641
27.721783885158704
27.788905792852255
27.856084949765123
27.92332169082378
27.990616353685912
28.05796927877372
28.125380809307742
28.192851291341245
28.26038107379511
28.3279705084933
28.395619950198896
28.46332975665068
28.53110028860035
28.598931909850293
28.666824987291996
28.73477989094506
28.80279699399686
28.87087667284287
28.939019307127605
29.00722527978629
29.075494977087182
29.143828788674604
29.212227107612712
29.280690330429962
29.34921885716436
29.417813091409446
29.486473440361078
29.55520031486499
29.62399412946519
29.692855302453154
29.76178425591789
29.83078141579685
29.899847211927746
29.968982078101263
30.038186452114648
30.10746077582631
30.176805495211347
30.246221060418048
30.315707925825397
30.38526655010164
30.454897396263853
30.524600931738618
30.594377628423764
30.664227962751255
30.734152415751208
30.80415147311708
30.87422562527208
30.944375367436738
31.014601199697825
31.084903627078464
31.155283159609603
31.22574031240281
31.29627560572444
31.366889565071222
31.437582721247264
31.508355610442525
31.57920877431282
31.65014276006134
31.72115812052175
31.792255414242916
31.863435205575293
31.93469806475897
32.006044568013486
32.07747529762941
32.14899084206176
32.22059179602522
32.29227876059138
32.36405234328783
32.43591315819934
32.50786182607102
32.57989897441369
32.65202523761128
32.72424125703062
32.79654768113331
32.86894516559012
32.94143437339759
33.01401597499726
33.086690648397266
33.15945907929666
33.23232196121227
33.305279995608366
33.37833389202903
33.451484368233494
33.52473215033436
33.59807797293885
33.67152257929322
33.74506672143024
33.81871116032015
33.892456666024756
33.96630401785515
34.04025400453297
34.114307424355225
34.18846508536298
34.26272780551386
34.337096412858536
34.411571745721304
34.48615465288484
34.560845993779374
34.63564663867618
34.71055746888575
34.785579376960676
34.86071326690332
34.93596005437854
35.011320666931596
35.086796044211226
35.16238713819835
35.23809491344027
35.31392034729074
35.38986443015596
35.465928165746796
35.54211257133727
35.61841867802967
35.69484753102636
35.771400189908576
35.84807772892242
35.92488123727224
36.001811819421704
36.07887059540273
36.15605870113259
36.23337728873947
36.31082752689668
36.38841060116587
36.46612771434954
36.54398008685316
36.62196895705716
36.70009558169928
36.77836123626737
36.85676721540334
36.93531483331832
37.014005424219654
37.092840342750016
37.1718209644391
37.25094868616838
37.33022492664934
37.409651126915726
37.48922875083021
37.56895928560616
37.64884424234496
37.72888515658941
37.80908358889398
37.889441125412326
37.96995937850294
38.050639987353456
38.13148461862434
38.212494967112924
38.293672756438205
38.37501973974756
38.45653770044607
38.5382284529494
38.62009384346108
38.702135750775405
38.78435608710668
38.86675679894619
38.9493398679478
39.032107311843525
39.115061185390246
39.19820358134894
39.28153663149779
39.36506250768051
39.44878342289173
39.53270163240062
39.616819434914774
39.701139173786046
39.785663238260064
39.870394064771624
39.95533413828792
40.040485993701736
40.12585221727711
40.211435448149686
40.29723837988455
40.38326376209402
40.469514402118584
40.555993166773696
40.6427029841659
40.72964684558158
40.81682780745188
40.904248993397836
40.99191359635949
41.07982488081348
41.16798618508363
41.256400923749275
41.34507259015663
41.43400475903856
41.52320108924852
41.61266532661507
41.7024013069233
41.792412959030315
41.88270430812233
41.97327947912122
42.064142700249214
42.155298306760685
42.24675074485096
42.33850457575245
42.43056448002938
42.522935262082925
42.615621854879805
42.708629324917965
42.80196287744417
42.895627861939424
42.9896297778894
43.08397428085816
43.17866718888516
43.273714489226904
43.36912234546638
43.464897105015275
43.56104530703602
43.65757369081292
43.75448920460411
43.85179901500879
43.94951051688705
44.047631343873114
44.146169379526036
44.24513276916633
44.34452993245094
44.44436957674425
44.54466071134787
44.6454126626582
44.74663509032719
44.848338004509394
44.95053178428638
45.053227197369175
45.15643542118927
45.260168065500906
45.364437196629815
45.46925536351864
45.57463562573562
45.680591583631745
45.78713741085291
45.89428788943731
46.00205844775584
46.11046520158413
46.21952499863035
46.329255466883716
46.439675067195054
46.55080315055457
46.662660020594
46.77526700191191
46.88864651490435
47.002822157880004
47.11781879735221
47.23366266753333
47.350381480213116
47.468004546387206
47.586562911221094
47.706089504194985
47.826619306586466
47.94818953882185
48.070839870677744
48.19461265786122
48.31955320916318
48.445710089195515
48.573135462729
48.70188548789616
48.832020767080614
48.963606866271526
49.09671491614013
49.231422311258015
49.36781352794785
49.50598108654411
49.64602669077519
49.78806258616782
49.93221319169173
50.078617075577114
50.22742936922442
50.37882474520483
50.533001130841576
50.69018439452627
50.8506343385839
51.01465247793001
51.18259230800796
51.354873120989225
51.53199901089602
51.71458569536699
51.90339952933862
52.09941633885862
52.30391413398725
52.518627446795776
52.746023013014295
52.98984086915683
53.25630816675018
53.5574902630528
53.92490941117483