0.03697271094045064
0.11091824482401393
0.18486411471997408
0.2588105446512991
0.3327577586630139
0.4067059808310266
0.4806554352709583
0.5546063461469777
0.628558937680641
0.7025134341597382
0.776470059947148
0.8504290394897001
0.9243905973270478
0.9983549581005512
1.0723223465621723
1.1462929875833827
1.2202671061640848
1.2942449274415482
1.3682266766993614
1.4422125793764013
1.516202861075821
1.5901977475740527
1.6641974648298379
1.7382022389932708
1.8122122964148701
1.8862278636546705
1.9602491674913394
2.0342764349313196
2.1083098932179976
2.1823497698409002
2.2563962925449212
2.3304496893395727
2.404510188508273
2.4785780186176662
2.5526534085269685
2.626736587397358
2.7008277847013926
2.774927230232469
2.8490351541143153
2.9231517868105286
2.9972773591341455
3.0714121022572596
3.1455562477206795
3.219710027443628
3.2938736737334913
3.368047419295611
3.4422314972431227
3.5164261411068467
3.5906315848452253
3.6648480628543125
3.7390758099778174
3.813315061517199
3.88756605324182
3.96182902139915
4.036104202725034
4.110391834454018
4.184692154329729
4.259005400615328
4.333331812104016
4.407671628129612
4.482025088577189
4.556392433893789
4.630773905099196
4.7051697437967865
4.779580192184448
4.854005493065576
4.9284458898601375
5.002901626615823
5.077372948019264
5.151860099407345
5.226363326778578
5.300882876804577
5.375418996841614
5.44997193494225
5.52454193986707
5.599129261096493
5.673734148842692
5.748356854061582
5.822997628464931
5.8976567245325455
5.972334395524569
6.047030895493873
6.121746479298556
6.196481402614545
6.2712359219483
6.346010294649634
6.420804778924641
6.495619633848729
6.570455119379784
6.6453114963714315
6.720189026586434
6.795087972710197
6.870008598364405
6.944951168120782
7.019915947514979
7.094903203060591
7.169913202263309
7.2449462136352025
7.320002506709145
7.395082352053375
7.4701860212861995
7.545313787090845
7.620465923230453
7.69564270456323
7.7708444070577425
7.846071307808374
7.921323685050939
7.9966018181784575
8.071905987757093
8.147236475542254
8.222593564494872
8.297977538797852
8.373388683872689
8.448827286396275
8.524293634317882
8.599788016876328
8.675310724617347
8.750862049411124
8.826442284470053
8.902051724366675
8.97769066505183
9.053359403873
9.129058239592888
9.20478747240818
9.280547403968544
9.356338337395842
9.432160577303575
9.508014429816544
9.583900202590756
9.65981820483356
9.735768747324027
9.811752142433582
9.88776870414687
9.963818748082897
10.03990259151641
10.116020553399563
10.192172954383826
10.268360116842198
10.344582364891663
10.420840024415966
10.49713342308865
10.5734628903964
10.64982875766268
10.726231358071692
10.802671026692611
10.879148100504171
10.955662918419556
11.032215821311619
11.108807152038437
11.185437255469212
11.262106478510502
11.338815170132824
11.415563681397597
11.49235236548448
11.569181577719037
11.64605167560083
11.722963018831871
11.799915969345468
11.876910891335486
11.953948151286012
12.03102811800142
12.108151162636894
12.185317658729353
12.262527982228837
12.339782511530327
12.417081627506038
12.494425713538165
12.571815155552121
12.649250342050246
12.726731664146012
12.804259515598744
12.881834292848838
12.959456395053524
13.037126224123142
13.11484418475797
13.192610684485624
13.270426133698999
13.348290945694801
13.42620553671267
13.504170325974906
13.582185735726792
13.660252191277564
13.738370121042012
13.816539956582716
13.894762132652973
13.973037087240392
14.051365261611165
14.129747100355065
14.208183051431158
14.286673566214244
14.365219099542061
14.443820109763243
14.52247705878606
14.60119041212798
14.679960638966007
14.758788212187888
14.837673608444147
14.916617308201005
14.995619795794168
15.074681559483532
15.153803091508818
15.232984888146143
15.312227449765553
15.391531280889556
15.470896890252659
15.550324790861923
15.62981550005859
15.709369539580768
15.788987435627233
15.868669718922334
15.948416924782077
16.02822959318135
16.10810826882238
16.188053501204397
16.268065844694558
16.34814585860018
16.428294107242245
16.508511160030288
16.588797591538647
16.6691539815841
16.749580915304982
16.830078983241744
16.91064878141903
16.991290911429303
17.072005980518046
17.152794601670575
17.233657393700515
17.31459498133998
17.395607995331467
17.47669707252155
17.557862855956387
17.639105994979086
17.720427145328998
17.801826969242946
17.883306135558488
17.96486531981922
18.046505204382186
18.128226478527438
18.21002983856985
18.29191598797316
18.37388563746636
18.455939505162462
18.538078316679737
18.620302805265432
18.702613711922083
18.785011785536476
18.867497783011302
18.9500724693996
19.032736618042087
19.115491010707355
19.198336437735154
19.2812736981827
19.3643035999742
19.447426960053612
19.530644604540772
19.613957368890926
19.697366098057845
19.78087164666052
19.86447487915361
19.94817667000175
20.031977903857733
20.11587947574481
20.199882291243128
20.28398726668046
20.368195329327325
20.452507417596667
20.536924481248185
20.621447481597464
20.706077391730044
20.790815196720576
20.875661893857224
20.960618492871433
21.04568601617327
21.13086549909246
21.21615799012534
21.30156455118785
21.387086257874802
21.472724199725576
21.55847948049647
21.64435321843988
21.73034654659058
21.81646061305926
21.902696581333558
21.98905563058689
22.075538955995267
22.16214776906233
22.24888329795297
22.335746787835696
22.422739501234144
22.509862718387915
22.597117737623154
22.68450587573315
22.77202846836926
22.859686870442594
22.94748245653671
23.03541662133181
23.123490780040758
23.211706368857335
23.300064845417204
23.38856768927198
23.477216402376886
23.566012509592497
23.654957559201026
23.744053123437737
23.83330079903799
23.922702207800494
24.01225899716739
24.101972840821745
24.191845439303147
24.28187852064204
24.372073841013552
24.46243318541152
24.55295836834349
24.643651234547523
24.734513659731643
24.8255475513368
24.91675484932431
25.008137526988676
25.099697591796918
25.19143708625536
25.283358088805063
25.37546271474707
25.467753117198672
25.560231488081985
25.65290005914622
25.745761103025046
25.838816934330524
25.932069910785238
26.025522434394222
26.119176952658417
26.213035959831544
26.307101998222237
26.401377659543535
26.4958655863118
26.59056847329737
26.685489069029273
26.780630177356514
26.87599465906859
26.971585433578028
27.067405480667833
27.163457842307015
27.259745624537477
27.356271999435727
27.453040207153087
27.550053558038336
27.647315434846913
27.744829295040997
27.842598673185233
27.94062718344292
28.03891852217795
28.13747647066808
28.236304897935376
28.335407763700246
28.434789121465613
28.534453121738476
28.634404015396385
28.734646157206974
28.835184009509195
28.93602214606547
29.037165256094625
29.138618148496192
29.240385756277334
29.342473141194464
29.444885498622575
29.547628162666115
29.65070661152633
29.7541264731411
29.857893531114474
29.96201373095443
30.066493186638784
30.171338187530786
30.276555205667524
30.38215090344625
30.488132141735576
30.594505988440932
30.701279727555846
30.808460868733516
30.91605715741582
31.02407658556037
31.132527403009497
31.241418129549224
31.350757567710318
31.460554816368486
31.570819285205953
31.6815607101025
31.79278916953053
31.90451510203599
32.01674932489496
32.129503054044626
32.242787925397565
32.356616017659185
32.47099987678095
32.58595254219608
32.70148757500019
32.81761908825734
32.93436177963216
33.05173096657167
33.16974262428609
33.28841342680803
33.40776079144247
33.52780292695889
33.64855888592059
33.77004862159697
33.89229304996268
34.015314117354706
34.13913487443598
34.26377955720495
34.38927367589476
34.51564411272953
34.64291922964829
34.771128987277315
34.90030507663111
35.0304810652599
35.161692559843495
35.29397738756908
35.42737579903559
35.561930695916104
35.69768788720253
35.83469637857857
35.973008700352395
36.11268128047077
36.25377487048892
36.39635503405899
36.540492709621695
36.6862648616731
36.83375523840794
36.98305525795509
37.13426505115415
37.28749469634136
37.44286569157849
37.60051272311692
37.76058580701682
37.92325290577266
38.08870315659073
38.25715089730789
38.42884074716837
38.60405410452833
38.7831175813217
38.96641413739386
39.15439806348719
39.34761559275208
39.546733991616755
39.75258387702712
39.96622303683282
40.18903700842417
40.42290652399879
40.670506629451474
40.93589383436122
41.225823356144296
41.55338612336212
41.95279104839113