0.04289488689742902
0.12868489611633704
0.21447561162419274
0.3002675043362904
0.3860610452519304
0.47185670548804587
0.5576549563128544
0.6434562691795407
0.7292611157599781
0.8150699679784955
0.9008832980456974
0.9867015784923427
1.0725252822032916
1.1583548824515255
1.244190852932248
1.3300336677970759
1.4158838016883235
1.5017417297733906
1.5876079277792625
1.6734828720271242
1.7593670394671028
1.8452609077131408
1.9311649550780083
2.0170796606084664
2.1030055041205813
2.188942966235206
2.274892528413627
2.360854672993397
2.446829883224346
2.5328186433047954
2.6188214384179664
2.704838754768606
2.7908710796198277
2.8769189013301824
2.9629827093909635
3.0490629944637586
3.1351602484182512
3.221274964370288
3.3074076367202134
3.393558761191489
3.479728834869596
3.565918356241241
3.6521278252338676
3.7383577432554844
3.824608613234822
3.9108809396618267
3.9971752286284974
4.083491987870086
4.169831726806658
4.256194956585037
4.342582190121135
4.428993942142679
4.515430729232356
4.601893069871367
4.688381484483429
4.774896495479211
4.861438627301223
4.948008406469191
5.034606361625891
5.12123302358349
5.207888925370389
5.294574602278584
5.38129059191156
5.468037434232729
5.5548156716144295
5.641625848887496
5.72846851339142
5.815344215025109
5.902253506298267
5.989196942383402
6.076175081168484
6.163188483310267
6.250237712288293
6.3373233344595805
6.424445919114048
6.511606038530645
6.598804268034241
6.686041186053289
6.773317374178255
6.86063341722087
6.947989903274192
7.035387423773512
7.12282657355813
7.210307950934008
7.297832157737329
7.3853997993989795
7.47301148500999
7.560667827387933
7.648369443144326
7.736116952753048
7.8239109806197975
7.911752155152624
7.999641108833545
8.08757847829129
8.175564904375179
8.263601032230195
8.351687511373234
8.439824995770614
8.528014143916813
8.616255618914531
8.704550088556049
8.792898225405962
8.881300706885288
8.969758215357
9.058271438213028
9.14684106796273
9.235467802322923
9.32415234430944
9.41289540233034
9.501697690280722
9.590559927639251
9.679482839566402
9.768467157004473
9.857513616779421
9.946622961704556
10.035795940686135
10.125033308830933
10.214335827555788
10.303704264699238
10.393139394635243
10.482641998389079
10.572212863755443
10.661852785418853
10.751562565076362
10.841343011562678
10.931194940977743
11.021119176816828
11.111116550103223
11.20118789952358
11.291334071565988
11.38155592066084
11.471854309324584
11.562230108306412
11.652684196738004
11.743217462286351
11.833830801309809
11.924525119017416
12.01530132963159
12.106160356554296
12.197103132536775
12.28813059985293
12.379243710476493
12.47044342626203
12.561730719129962
12.653106571255645
12.74457197526268
12.836127934420533
12.927775462846622
13.019515585712965
13.111349339457558
13.203277772000591
13.295301942965661
13.387422923906124
13.479641798536722
13.571959662970675
13.664377625962386
13.756896809155892
13.849518347339306
13.94224338870537
14.035073095118328
14.128008642387325
14.221051220546503
14.314202034142035
14.407462302526294
14.500833260159375
14.594316156918222
14.687912258413581
14.781622846315056
14.875449218684476
14.969392690317912
15.063454593096562
15.157636276346826
15.251939107209873
15.346364471020987
15.440913771699059
15.535588432146525
15.63038989466012
15.725319621352813
15.820379094587304
15.915569817421474
16.010893314066195
16.10635113035596
16.201944834232734
16.297676016243514
16.393546290052115
16.48955729296561
16.585710686476034
16.682008156817833
16.778451415541692
16.875042200105295
16.97178227448163
17.06867342978557
17.165717484919305
17.262916287237402
17.36027171323223
17.457785669240494
17.55546009217172
17.653296950259513
17.751298243836516
17.849466006133937
17.947802304106673
18.04630923928502
18.144988948654017
18.24384360556161
18.34287542065672
18.442086642858488
18.541479560357978
18.641056501653722
18.740819836622446
18.84077197762654
18.940915380659817
19.04125254653315
19.14178602210185
19.242518401536437
19.34345232763883
19.44459049320595
19.545935642442828
19.64749057242746
19.74925813462981
19.85124123648736
19.953442843039912
20.055865978626343
20.158513728646263
20.261389241389672
20.36449572993782
20.467836474138785
20.571414822661364
20.675234195131157
20.779298084352924
20.883610058623546
20.988173764140182
21.092992927508494
21.198071358356064
21.30341295205658
21.409021692570516
21.51490165540857
21.621057010724428
21.727492026543867
21.834211072137677
21.941218621546348
22.048519257265042
22.156117674097867
22.264018683191182
22.37222721625621
22.480748329992057
22.589587210720957
22.698749179248384
22.808239695961635
22.918064366181426
23.02822894578211
23.138739347097328
23.249601645129086
23.36082208407975
23.472407084227736
23.584363249169545
23.69669737345234
23.80941645062337
23.92252768172456
24.036038484262942
24.14995650169015
24.264289613426957
24.379045945471955
24.494233881636745
24.609862075453865
24.72593946280757
24.84247527534231
24.959479054708574
25.07696066771138
25.19493032243275
25.31339858540646
25.432376399930654
25.55187510561262
25.671906459249215
25.79248265715702
25.913616359078
26.03532071379972
26.157609386643774
26.280496588992943
26.403997110046227
26.528126351012173
26.652900361974876
26.778335881694364
26.90445038063391
27.031262107542272
27.158790139959063
27.287054439057634
27.41607590929301
27.545876463383205
27.676479093222916
27.807907947409973
27.940188416159714
28.073347224492668
28.20741253470978
28.342414059320525
28.478383185766997
28.615353114496898
28.753359012187307
28.89243818221725
29.032630254841205
29.17397739994078
29.316524565744807
29.460319747529766
29.605414291070403
29.751863236538824
29.899725709694945
30.049065368630547
30.19995091610088
30.35245668970479
30.506663344994465
30.662658650195166
30.82053841584834
30.98040758870881
31.142381547119093
31.306587645543917
31.473167069969747
31.642277084902574
31.814093778868294
31.98881545184503
32.16666683985705
32.347904446735356
32.53282336312943
32.72176611848768
32.91513436713972
33.11340461455509
33.31714985248701
33.52707009623982
33.744036808395165
33.969159899927256
34.20389332783378
34.45021090698544
34.71092039508932
34.99028006193991
35.29538203423677
35.63997210546027
36.059976357579295