0.030752671403511747
0.09225805880030774
0.15376357996726173
0.2152693240872807
0.27677538034747434
0.33828183794083655
0.39978878606792684
0.46129631393855275
0.5228045107734526
0.5843134658059783
0.6458232682837799
0.7073340074704895
0.7688457726474078
0.83035865311519
0.8918727381955337
0.9533881172328678
1.0149048795960423
1.0764231146800198
1.1379429119075686
1.1994643607309567
1.2609875506336483
1.3225125711320005
1.3840395117769644
1.445568462155785
1.5070995118937054
1.568632750655673
1.6301682681480454
1.6917061541203027
1.7532464983667582
1.8147893907282735
1.8763349210939775
1.9378831794029843
1.999434255646118
2.0609882398676374
2.122545222166965
2.184105292700419
2.2456685416829485
2.3072350593898716
2.368804936158616
2.430378262390465
2.4919551285523074
2.5535356251783865
2.615119842872059
2.6767078723075537
2.738299804231736
2.7998957294658737
2.861495738907413
2.923099923531751
2.984708374394018
3.046321182630863
3.107938439462244
3.169560236193218
3.2311866642157474
3.2928178150104994
3.3544537801486545
3.4160946512937245
3.4777405202033678
3.5393914787312175
3.601047618828709
3.6627090325469176
3.724375812038398
3.786048049559034
3.8477258374698877
3.909409268239063
3.9710984344435674
4.032793428771184
4.094494344022348
4.156201273112034
4.217914309071643
4.279633545050904
4.3413590743197705
4.403090990270339
4.464829386418764
4.526574356407181
4.5883259940056424
4.650084393114056
4.71184964776413
4.773621852121331
4.835401100486846
4.897187487299548
4.958981107137983
5.02078205472235
5.082590424916497
5.144406312729927
5.2062298133198075
5.268061021992987
5.329900034208035
5.391746945577267
5.453601851868799
5.515464849008606
5.57733603308258
5.63921550033861
5.701103347188665
5.762999670210891
5.824904566151708
5.886818131927934
5.948740464628901
6.010671661518594
6.072611820037794
6.134561037806235
6.1965194126247685
6.258487042477543
6.32046402553419
6.382450460152024
6.444446444878256
6.50645207845221
6.568467459807561
6.630492688074581
6.692527862582394
6.754573082861247
6.816628448644794
6.878694059872385
6.940770016691379
7.0028564194594605
7.0649533687469726
7.127060965339266
7.1891793102390515
7.25130850466878
7.313448650073025
7.3755998481208795
7.437762200708379
7.499935809960921
7.5621207782357125
7.624317208124226
7.686525202454668
7.748744864294473
7.810976296952797
7.873219603983043
7.935474889185386
7.997742256609326
8.060021810556252
8.122313655582019
8.18461789649955
8.246934638381441
8.3092639865626
8.371606046642889
8.433960924489782
8.49632872624106
8.558709558307497
8.621103527375585
8.683510740410256
8.745931304657653
8.808365327647886
8.870812917197826
8.933274181413916
8.995749228694995
9.05823816773515
9.120741107526575
9.183258157362468
9.245789426839924
9.308335025862872
9.370895064645026
9.433469653712837
9.496058903908501
9.558662926392953
9.621281832648915
9.683915734483937
9.746564744033481
9.809228973764018
9.871908536476148
9.934603545307747
9.99731411373713
10.060040355586247
10.122782385023898
10.185540316568966
10.248314265093688
10.311104345826937
10.37391067435754
10.436733366637618
10.499572538985937
10.562428308091315
10.62530079101603
10.688190105199261
10.751096368460566
10.814019699003365
10.87696021541848
10.939918036687681
11.002893282187257
11.065886071691647
11.128896525377058
11.19192476382514
11.254970908026687
11.318035079385355
11.381117399721433
11.444217991275615
11.507336976712834
11.570474479126103
11.633630622040405
11.6968055294166
11.759999325655386
11.823212135601263
11.886444084546564
11.94969529823549
12.012965902868205
12.07625602510494
12.13956579207016
12.202895331356745
12.266244771030212
12.329614239632985
12.393003866188685
12.45641378020647
12.519844111685407
12.583294991118883
12.646766549499063
12.710258918321369
12.773772229589015
12.837306615817589
12.900862210039643
12.964439145809363
13.028037557207258
13.091657578844892
13.155299345869675
13.218962993969685
13.282648659378525
13.34635647888025
13.41008658981431
13.47383913008057
13.537614238144352
13.601412053041525
13.665232714383665
13.729076362363235
13.792943137758838
13.856833181940493
13.92074663687499
13.984683645131279
14.048644349885908
14.112628894928527
14.17663742466743
14.240670084135154
14.304727018994145
14.36880837554246
14.43291430071954
14.497044942112023
14.561200447959633
14.625380967161115
14.689586649280225
14.753817644551793
14.818074103887833
14.882356178883727
14.946664021824448
15.010997785690876
15.07535762416615
15.139743691642108
15.204156143225768
15.26859513474589
15.333060822759613
15.397553364559126
15.462072918178453
15.526619642400275
15.591193696762824
15.655795241566873
15.720424437882768
15.785081447557555
15.849766433222175
15.914479558298723
15.97922098700781
16.04399088437597
16.10878941624317
16.173616749270394
16.238473050947302
16.30335848959997
16.36827323439872
16.433217455366048
16.498191323384585
16.56319501020521
16.628228688455216
16.693292531646566
16.758386714184237
16.823511411374675
16.88866679943432
16.953853055498236
17.019070357628852
17.084318884824754
17.149598817029624
17.214910335141255
17.280253621020677
17.345628857501364
17.41103622839858
17.476475918518794
17.541948113669232
17.60745300066752
17.672990767351433
17.73856160258879
17.804165696287406
17.869803239405215
17.93547442396047
18.001179443042084
18.066918490820083
18.13269176255617
18.198499454614453
18.26434176447224
18.330218890731
18.396131033127464
18.462078392544814
18.528061171024042
18.59407957177543
18.66013379919018
18.72622405885215
18.792350557549774
18.85851350328811
18.924713105301013
18.990949574063492
19.05722312130419
19.123533960018026
19.189882304479003
19.256268370253146
19.32269237421163
19.38915453454407
19.455655070771925
19.52219420376215
19.588772155740966
19.655389150307787
19.72204541244939
19.7887411685542
19.855476646426784
19.922252075302524
19.989067685862484
20.055923710248454
20.1228203820782
20.189757936460904
20.256736610012798
20.323756640873018
20.39081826871965
20.457921734785977
20.525067281876968
20.592255154385963
20.65948559831157
20.7267588612748
20.794075192536436
20.86143484301461
20.92883806530263
20.99628511368706
21.063776244165997
21.131311714467643
21.198891784069104
21.266516714215463
21.334186767939062
21.40190221007913
21.4696633073016
21.53747032811925
21.605323542912107
21.673223223948114
21.74116964540412
21.80916308338714
21.877203815955916
21.945292123142778
22.01342828697582
22.081612591501393
22.149845322806893
22.218126769043906
22.28645722045167
22.354836969380848
22.4232663103177
22.49174553990854
22.560274956984596
22.6288548625872
22.697485559993368
22.766167354741736
22.834900554658887
22.90368546988606
22.97252241290628
23.04141169857182
23.110353644132175
23.179348569262363
23.248396796091694
23.31749864923298
23.386654455812142
23.455864545498333
23.525129250534434
23.594448905768115
23.663823848683272
23.733254419432033
23.80274096086719
23.87228381857519
23.941883340909595
24.011539879025094
24.08125378691202
24.15102542143145
24.220855142350814
24.290743312380098
24.360690297208613
24.430696465542354
24.50076218914195
24.57088784286123
24.64107380468641
24.711320455775933
24.781628180500913
24.85199736648628
24.922428404652596
24.992921689258523
25.06347761794405
25.13409659177437
25.204779015284554
25.275525296524933
25.346335847107234
25.41721108225152
25.4881514208339
25.559157285435088
25.630229102389727
25.701367301836616
25.772572317769768
25.84384458809035
25.915184554659547
25.98659266335232
26.058069364112097
26.12961511100645
26.20123036228375
26.272915580430784
26.344671232231438
26.416497788826423
26.488395725774026
26.560365523112015
26.63240766542062
26.70452264188665
26.776710946368823
26.848973077464233
26.92130953857608
26.993720837982625
27.066207488907438
27.138770009590928
27.21140892336323
27.284124758718466
27.356918049390373
27.429789334429387
27.50273915828119
27.57576807086674
27.648876627663856
27.722065389790362
27.795334924088838
27.868685803213026
27.94211860571591
28.01563391613954
28.0892323251066
28.16291442941383
28.23668083212725
28.310532142679318
28.384468976968044
28.458491957458094
28.532601713283903
28.606798880354958
28.681084101463174
28.75545802639249
28.82992131203075
28.90447462248387
28.979118629192403
29.053854011050536
29.12868145452759
29.203601653792113
29.27861531083855
29.353723135616683
29.428925846163803
29.50422416873976
29.5796188379649
29.655110596961055
29.730700197495587
29.80638840012859
29.882175974363385
29.95806369880033
30.03405236129406
30.11014275911427
30.186335699110153
30.26263199787849
30.339032481935664
30.41553798789356
30.492149362639523
30.56886746352052
30.64569315853154
30.72262732650846
30.7996708573254
30.876824652096797
30.954089623384252
31.031466695408348
31.108956804265556
31.1865608981504
31.26427993758302
31.3421148956423
31.42006675820475
31.49813652418929
31.576325205808118
31.65463382882388
31.733063432813292
31.81161507143747
31.890289812719118
31.96908873932682
32.0480129488667
32.12706355418159
32.20624168365803
32.28554848154134
32.364985108259006
32.444552740752606
32.52425257281868
32.60408581545873
32.684053697238724
32.764157464658304
32.84439838253023
32.92477773437021
33.00529682279757
33.085956969947105
33.166759517892544
33.24770582908193
33.32879728678549
33.410035295556234
33.491421281703985
33.57295669378301
33.65464300309409
33.7364817042012
33.8184743154637
33.9006223795842
33.98292746417304
34.0653911623298
34.14801509324256
34.23080090280551
34.313750264255646
34.396864878829355
34.48014647643953
34.563596816374044
34.64721768801654
34.73101091159021
34.81497833892566
34.899121854253735
34.983443375024315
35.067944852752134
35.152628273890784
35.23749566073599
35.32254907235943
35.40779060557429
35.49322239593408
35.57884661876591
35.66466549023977
35.750681268475546
35.836896254689115
35.92331279437948
36.00993327855865
36.096760145026195
36.183795879690514
36.27104301793889
36.35850414605864
36.44618190271164
36.53407898046475
36.62219812737881
36.710542148658924
36.79911390836899
36.88791633121355
36.976952404390374
37.06622517951702
37.155737774635284
37.245493376297276
37.3354952417374
37.42574670113441
37.51625115996847
37.60701210147791
37.69803308922106
37.78931776974874
37.88086987539325
37.972693227180294
38.06479173787049
38.157169415137645
38.249830364891416
38.34277879475265
38.436019017689866
38.52955545582644
38.623392644428236
38.717535236082526
38.811988005079385
38.90675585200793
39.00184380858054
39.09725704269884
39.193000863776994
39.28908072833807
39.385502245901314
39.48227118517893
39.5793934806027
39.676875239202275
39.77472274785886
39.87294248095959
39.971541108480366
40.070525504527
40.16990275636696
40.269680173986956
40.36986530021451
40.47046592144491
40.57149007901895
40.672946081300374
40.774842516507015
40.87718826635422
40.97999252057465
41.083264792384924
41.187014934976126
41.29125315911279
41.39599005193356
41.50123659705604
41.60700419609892
41.71330469174629
41.82015039249243
41.92755409922025
42.03552913378338
42.144089369781014
42.25324926573638
42.363023900913646
42.473429014036554
42.584481045203304
42.69619718132855
42.80859540548502
42.92169455056464
43.03551435773395
43.150075540221984
43.265399853051676
43.38151016941143
43.49843056446178
43.616186407488556
43.73480446344895
43.854313005116836
43.97474193722208
44.0961229342019
44.21848959344831
44.34187760625348
44.46632494903657
44.591872097895745
44.718562270087475
44.84644169671501
44.97555993174146
45.105970203469866
45.23772981590642
45.37090060901257
45.50554948885011
45.64174904115344
45.779578245092395
45.9191233081451
46.060478648398494
46.20374805767329
46.349046088252486
46.4964997185687
46.64625037027089
46.79845637256181
46.95329600245039
47.110971276012734
47.27171273280113
47.435785554235586
47.603497505306045
47.775209417884014
47.95134929693368
48.132431724860254
48.319085247128044
48.51209220673692
48.71244881681697
48.92145982728288
49.14089611803435
49.3732762003617
49.622418747704295
49.8946820841864
50.20238623389407
50.57772033220633