0.032831973915629045
0.0984959835921189
0.16416017880581857
0.22982468325324956
0.2954896206385064
0.3611551146762864
0.4268212890949205
0.49248826763940456
0.5581561740744329
0.6238251321874316
0.6894952657915955
0.755166698728925
0.820839554873266
0.8865139581333527
0.952190032455851
1.0178679018284067
1.0835476902826955
1.149229521897476
1.2149135208016468
1.2805998111773065
1.346288517262818
1.4119797633558775
1.4776736738165852
1.5433703730705233
1.6090699856118382
1.6747726360063255
1.7404784488945229
1.806187548994807
1.8719000611064955
1.9376161101129565
2.0033358209847223
2.069059318782611
2.1347867286608535
2.200518175870227
2.2662537857611973
2.331993683787066
2.397737995507127
2.4634868465898303
2.529240362815952
2.5949986700817744
2.660761894402275
2.726530161914321
2.792303598879876
2.8580823316892148
2.923866486864146
2.989656191061247
3.055451571075106
3.1212527538415755
3.187059866441037
3.252873036101674
3.3186923902027594
3.384518056277949
3.4503501620185903
3.516188835277043
3.582034204070008
3.647886396581872
3.7137455411680627
3.7796117663584172
3.845485200860564
3.911365973563314
3.977254213540074
4.043150050052263
4.109053612552752
4.174965030689309
4.24088443430807
4.306811953457012
4.3727477183894505
4.43869185956755
4.504644507665847
4.570605793574794
4.6365758484043145
4.702554803487382
4.768542790383605
4.8345399408828404
4.900546387008817
4.966562261022782
5.032587695427156
5.098622822969221
5.164667776644817
5.230722689702054
5.296787695645057
5.362862928237722
5.428948521507487
5.495044609749134
5.561151327528606
5.6272688096868455
5.693397191343656
5.759536607901581
5.825687195049811
5.891849088768107
5.958022425330752
6.02420734131052
6.090403973582675
6.156612459328989
6.222832936041783
6.289065541527998
6.355310413913287
6.421567691646132
6.48783751350199
6.554120018587462
6.6204153463444895
6.686723636554576
6.753045029343038
6.819379665183288
6.885727684901133
6.952089229679115
7.018464441060873
7.084853460955534
7.151256431642138
7.217673495774091
7.284104796383646
7.350550476886422
7.417010681085944
7.4834855531782285
7.549975237756387
7.616479879815275
7.682999624756164
7.749534618391457
7.816085006949431
7.882650937079018
7.949232555854616
8.015830010780947
8.082443449797942
8.14907302128566
8.215718874069259
8.282381157423984
8.34906002108022
8.415755615228553
8.4824680905249
8.549197598095654
8.615944289542892
8.682708316949606
8.749489832884986
8.816288990409744
8.883105943081476
8.949940844960075
9.016793850613182
9.083665115121686
9.150554794085267
9.217463043627985
9.284390020403917
9.351335881602841
9.418300784955969
9.485284888741727
9.552288351791582
9.619311333495926
9.686353993810005
9.753416493259904
9.820498992948576
9.887601654561932
9.954724640374987
10.021868113258048
10.089032236682968
10.156217174729452
10.223423092091425
10.290650154083439
10.357898526647173
10.425168376357952
10.492459870431361
10.559773176729887
10.627108463769659
10.694465900727213
10.761845657446356
10.829247904445062
10.896672812922455
10.964120554765858
11.031591302557887
11.09908522958364
11.166602509837945
11.234143318032665
11.301707829604094
11.369296220720418
11.436908668289242
11.504545349965195
11.572206444157617
11.63989213003831
11.707602587549383
11.775337997411153
11.843098541130141
11.91088440100715
11.978695760145417
12.046532802458843
12.114395712680329
12.18228467637017
12.250199879924558
12.318141510584155
12.38610975644277
12.454104806456114
12.522126850450658
12.590176079132576
12.658252684096784
12.726356857836075
12.794488793750354
12.862648686155964
12.930836730295125
12.999053122345462
13.067298059429637
13.135571739625096
13.20387436197391
13.272206126492732
13.340567234182858
13.4089578870404
13.477378288066571
13.545828641278092
13.614309151717702
13.68282002546479
13.751361469646156
13.819933692446874
13.8885369031213
13.95717131200419
14.025837130521944
14.094534571203992
14.163263847694294
14.232025174762986
14.300818768318157
14.369644845417751
14.438503624281626
14.507395324303749
14.57632016606452
14.645278371343256
14.714270163130827
14.783295765642425
14.85235540433049
14.921449305897806
14.990577698310734
15.059740810812613
15.128938873937326
15.198172119523026
15.267440780726028
15.336745092034878
15.40608528928458
15.47546160967102
15.544874291765547
15.614323575529744
15.68380970233039
15.753332914954585
15.822893457625103
15.892491576015892
15.962127517267811
16.03180153000454
16.1015138643487
16.171264771938183
16.24105450594269
16.310883321080464
16.38075147363528
16.4506592214736
16.520606824061993
16.59059454248478
16.660622639461867
16.73069137936687
16.800801028245452
16.870951853833876
16.94114412557786
17.011378114651638
17.0816540939773
17.151972338244367
17.222333123929666
17.292736729317436
17.363183434519733
17.4336735214971
17.504207274079512
17.574784977987644
17.64540692085438
17.71607339224665
17.78678468368757
17.85754108867889
17.928342902723728
17.999190423349667
18.07008395013213
18.141023784718133
18.21201023085032
18.283043594391405
18.354124183348887
18.42525230790018
18.49642828041809
18.567652415496624
18.638925029977223
18.710246442975343
18.781616975907436
18.853036952518313
18.924506698908942
18.996026543564607
19.06759681738352
19.13921785370585
19.210889988343176
19.28261355960839
19.35438890834604
19.426216377963136
19.498096314460433
19.570029066464162
19.642014985258268
19.714054424817128
19.78614774183879
19.858295295778692
19.930497448883933
20.002754566228074
20.075067015746452
20.147435168272082
20.219859397572108
20.292340080384825
20.36487759645729
20.437472328583546
20.51012466264342
20.582834987641995
20.65560369574965
20.728431182342817
20.801317846045343
20.87426408877056
20.947270315764005
21.020336935646906
21.093464360460295
21.166653005709932
21.239903290411924
21.313215637139116
21.38659047206827
21.460028225028033
21.533529329547687
21.607094222906774
21.680723346185513
21.75441714431611
21.828176066134944
21.90200056443564
21.97589109602305
22.04984812176822
22.123872106664248
22.197963519883146
22.272122834833745
22.346350529220537
22.420647085103628
22.49501298895973
22.569448731744238
22.643954808954444
22.718531720693846
22.793179971737686
22.867900071599603
22.942692534599566
23.017557879933012
23.092496631741284
23.167509319183345
23.24259647650883
23.317758643132493
23.39299636370999
23.468310188215135
23.5437006720186
23.619168375968094
23.6947138664701
23.770337715573145
23.846040501052713
23.921822806497737
23.997685221398832
24.07362834123822
24.1496527675814
24.22575910817066
24.3019479770204
24.378219994514385
24.454575787504893
24.531015989413888
24.60754124033622
24.68415218714491
24.760849483598562
24.837633790450987
24.914505775563082
24.991466114017
25.06851548823268
25.145654588086817
25.22288411103433
25.300204762232354
25.377617254666873
25.45512230928205
25.53272065511227
25.610413029417074
25.68820017781896
25.766082854444186
25.844061822066617
25.922137852254753
26.000311725521954
26.07858423148
26.156956168996075
26.23542834635322
26.314001581414434
26.392676701790432
26.471454545011227
26.550335958701638
26.6293218007608
26.7084129395458
26.787610254059597
26.866914634143303
26.946326980672954
27.025848205760933
27.105479232962143
27.18522099748511
27.265074446408104
27.345040538900484
27.425120246449406
27.505314553092013
27.58562445565336
27.666050963990124
27.746595101240413
27.827257904079755
27.908040422983504
27.988943722495854
28.06996888150567
28.15111699352934
28.232389167000875
28.313786525569494
28.395310208404926
28.47696137051066
28.55874118304545
28.64065083365326
28.72269152680203
28.804864484131457
28.887170944810144
28.969612165902422
29.052189422745148
29.134904009334825
29.217757238725426
29.300750443437238
29.383884975877113
29.467162208770574
29.550583535606112
29.634150371092147
29.717864151627108
29.80172633578306
29.885738404803373
29.969901863114988
30.05421823885573
30.138689084417255
30.22331597700424
30.308100519210345
30.39304433961161
30.478149093377976
30.563416462903515
30.648848158456214
30.734445918847914
30.82021151212533
30.906146736282825
30.99225341999794
31.07853342339042
31.164988638805816
31.25162099162455
31.338432441097464
31.42542498120904
31.51260064156929
31.599961488335556
31.68750962516548
31.775247194202443
31.863176377094792
31.951299396050384
32.03961851492785
32.12813604036632
32.21685432295508
32.3057757584451
32.394902789004256
32.484237904518054
32.5737836439381
32.66354259668039
32.75351740407566
32.84371076087432
32.93412541680843
33.0247641782134
33.11562990971235
33.20672553596593
33.29805404349104
33.38961848255153
33.481421969124625
33.57346768694673
33.66575888964262
33.758298902942286
33.85109112698982
33.94413903874916
34.037446194511695
34.131016232511165
34.22485287565142
34.318959934353245
34.413341309526594
34.508000995675125
34.602943084140435
34.69817176649363
34.793691338082766
34.88950620174487
34.98562087169219
35.08203997758268
35.17876826878577
35.2758106188549
35.37317203021939
35.470857639109
35.568872720725494
35.66722269467671
35.76591313068962
35.86494975462031
35.96433845478002
36.06408528859789
36.16419648964293
36.26467847502908
36.36553785322957
36.466781432328666
36.56841622874145
36.67044947643447
36.772888636683426
36.875741408406576
36.97901573911652
37.08271983653627
37.18686218093004
37.29145153820349
37.396496973833464
37.502007867692726
37.607993929841456
37.714465217364314
37.82143215233953
37.928905541035014
38.036896594436364
38.14541695022218
38.25447869631427
38.364094396144026
38.47427711579129
38.585040453169476
38.696398569450146
38.80836622294201
38.9209588056648
39.03419238288636
39.14808373592409
39.26265040854868
39.377910757370394
39.493884006637
39.61059030792822
39.728050805296256
39.84628770647691
39.96532436088235
40.08518534518802
40.20589655744424
40.32748532078158
40.44998049794221
40.57341261806189
40.69781401735536
40.82321899562985
40.94966399087567
41.077187774573105
41.2058316708249
41.33563980299388
41.46665937221981
41.59894097304128
41.732538952397334
41.86751181958489
42.003922716372145
42.14183995850956
42.281337662464765
42.42249647450729
42.565404423514465
42.710157924385584
42.856862966183535
43.00563652870934
43.156608284063424
43.30992265718411
43.465741343333036
43.62424641396281
43.78564418986026
43.950170128963066
44.1180950770892
44.289733381544735
44.46545360153228
44.64569292018244
44.83097696992595
45.02194781280181
45.219404640694286
45.42436515469092
45.63816229289997
45.862605258143894
46.100267160284126
46.35504961285254
46.63344931863948
46.948055018789894
47.33175970288945