0.04510134818865873
0.1353043470980808
0.22550825363019888
0.3157136729547574
0.4059212103734449
0.49613147137271874
0.5863450616766768
0.6765625872999896
0.7667846546009066
0.8570118703343498
0.9472448417051088
1.0374841764211507
1.1277304827470578
1.2179843695576087
1.3082464463915144
1.3985173235053254
1.488797611927522
1.5790879235128026
1.669388870996586
1.7597010680497385
1.8500251293335426
1.9403616705549214
2.0307113085219344
2.1210746611995557
2.211452347765756
2.301844988667897
2.3922532056794568
2.482677621957102
2.5731188620981236
2.6635775521982437
2.754054319909825
2.8445497945004807
2.93506460691212
3.025599389820427
3.1161547776948098
3.206731406858817
3.297329915551054
3.387950943986612
3.478595134419026
3.569263131202779
3.6599555808563773
3.75067313212601
3.841416436049813
3.932186146022758
4.022982917862188
4.113807409874016
4.204660282919608
4.295542200483375
4.386453828741092
4.4773958366289675
4.5683688959134825
4.659373681262027
4.7504108703143535
4.841481143754873
4.932585185385812
5.023723682201269
5.114897324462177
5.206106805772211
5.297352823154666
5.388636077130325
5.479957271796349
5.57131711490622
5.6627163179507605
5.75415559624026
5.845635668987741
5.9371572593933974
6.028721094730219
6.120327906430875
6.2119784301758285
6.303673405982785
6.3954135782974495
6.487199696085667
6.579032512926963
6.670912787109532
6.762841281726702
6.8548187647749295
6.946846009253345
7.038923793264909
7.131052900119211
7.223234118436959
7.315468242256199
7.407756071140319
7.500098410287879
7.5924960706443105
7.684949869015552
7.777460628183655
7.8700291770244135
7.962656350627091
8.055342990416275
8.148089944275934
8.240898066675726
8.333768218799625
8.426701268676924
8.519698091315684
8.61275956883869
8.705886590621981
8.799080053436029
8.89234086158963
8.985669927076612
9.079068169725375
9.172536517351404
9.26607590591282
9.359687279669012
9.453371591342508
9.547129802284099
9.640962882641375
9.734871811530711
9.828857577212851
9.922921177272146
10.01706361879958
10.111285918579688
10.20558910328146
10.299974209653369
10.394442284722619
10.488994385998755
10.58363158168175
10.6783549508747
10.773165583801271
10.868064582028023
10.963053058691772
11.058132138732125
11.153302959129363
11.24856666914779
11.343924430584778
11.439377418025607
11.53492681910435
11.630573834770914
11.726319679564488
11.822165581893575
11.918112784322773
12.014162543866597
12.110316132290489
12.206574836419271
12.302939958453296
12.399412816292491
12.495994743868623
12.592687091485953
12.689491226170652
12.786408532029187
12.883440410616009
12.980588281310855
13.07785358170594
13.175237768003425
13.272742315423473
13.370368718623244
13.46811849212722
13.565993170769246
13.663994310146682
13.762123487087068
13.860382300127783
13.9587723700091
14.057295340181158
14.155952877325296
14.254746671890308
14.35367843864412
14.452749917241468
14.551962872808131
14.651319096542384
14.750820406334228
14.850468647403112
14.950265692954826
15.050213444858285
15.15031383434293
15.2505688227176
15.350980402111619
15.451550596239016
15.552281461186764
15.653175086227963
15.754233594660974
15.855459144675534
15.956853930246929
16.058420182059354
16.160160168459676
16.26207619644279
16.364170612669973
16.466445804521467
16.568904201184893
16.671548274780864
16.774380541527503
16.87740356294543
16.98061994710508
17.084032349918093
17.187643476474822
17.291456082429917
17.395472975438196
17.49969701664304
17.60413112221973
17.708778264976218
17.813641476014027
17.918723846452036
18.024028529216203
18.129558740898226
18.235317763686613
18.341308947373495
18.44753571144104
18.554001547231234
18.660710020203325
18.767664772283226
18.87486952430956
18.982328078581336
19.090044321512437
19.198022226398553
19.30626585630241
19.414779367063673
19.523567010440136
19.632633137387387
19.741982201484483
19.851618762513773
19.961547490203454
20.071773168142077
20.182300697874837
20.293135103192142
20.40428153462167
20.515745274135952
20.627531740088358
20.739646492391216
20.852095237950916
20.964883836375822
21.078018305974066
21.19150483005951
21.305349763585664
21.419559640128686
21.534141179242447
21.64910129421027
21.764447100220032
21.880185922991434
21.996325307886554
22.11287302953747
22.229837102027517
22.34722578966581
22.465047618398216
22.583311387901574
22.702026184412244
22.821201394344545
22.9408467187598
23.060972188752288
23.18158818182459
23.30270543933175
23.424335085081445
23.54648864518571
23.669178069269535
23.792415753152124
23.91621456312874
24.040587861994208
24.1655495369644
24.29111402966881
24.417296368406483
24.544112202878974
24.67157784163865
24.799710292518068
24.9285273063378
25.05804742422589
25.188290028923134
25.319275400495183
25.451024776926538
25.583560420133328
25.716905688003443
25.851085113155435
25.986124489203846
26.122050965430606
26.258893150893215
26.39668122915376
26.535447084993713
26.67522444469248
26.816049031700835
26.957958739841203
27.100993826526725
27.24519712892306
27.390614306498183
27.537294114037323
27.685288709970454
27.834654005803326
27.985450063606425
28.137741549958648
28.291598256543313
28.44709569985753
28.604315815362327
28.763347765059137
28.924288882187284
29.087245782853202
29.252335682424054
29.419687965150313
29.589446069734283
29.761769772903033
29.93683797964629
30.11485216590683
30.29604067216541
30.480664122371845
30.669022354571034
30.861463417943874
31.058395450622836
31.26030266428728
31.467767335155315
31.68150084416465
31.902388833273356
32.13155931296969
32.370490006100354
32.62118707125205
32.88650439705055
33.17077041406262
33.48119445927863
33.831750266474366
34.25896196167486