0.06962436642084933
0.20887575171143058
0.34813509566251966
0.48740770842922143
0.6266989067454423
0.766014016568735
0.9053583757385136
1.0447373366515265
1.1841562689585206
1.3236205622861004
1.4631356289878499
1.6027069069288769
1.7423398623080386
1.8820399925222162
2.021812829077134
2.161663940549359
2.3015989356042734
2.4416234660749754
2.581743230107273
2.721963975376112
2.8622915023790294
3.002731667812455
3.1432903880369585
3.283973642637819
3.4247874780876173
3.565738011517889
3.706831434607238
3.8480740175937247
3.989472113419751
4.131032162018162
4.272760694748756
4.414664338994972
4.556749822931093
4.69902398047095
4.84149375640982
4.984166211771926
5.127048529376804
5.270148019638649
5.413472126613717
5.557028434311919
5.700824673289818
5.8448687275435365
5.989168641721334
6.133732628677126
6.278569077387755
6.423686561258565
6.569093846843683
6.714799903009489
6.860813910571975
7.007145272441141
7.153803624308277
7.3007988459149065
7.448141072945404
7.5958407095888445
7.743908441819553
7.8923552514501205
8.0411924310154
8.190431599551221
8.340084719337389
8.49016411368092
8.64068248582258
8.791652939057727
8.943088998171199
9.09500463229583
9.247414279315048
9.400332871942247
9.553775865623273
9.707759268423702
9.86229967307977
10.017414291411209
10.173120991316079
10.329438336592382
10.48638562985915
10.643982958881473
10.802251246639937
10.961212305526049
11.12088889609223
11.281304790838675
11.442484843581157
11.604455065014953
11.767242705172118
11.930876343564362
12.095385987914137
12.260803182505027
12.427161127332772
12.594494809414348
12.762841147819778
12.932239154236072
13.102730111162995
13.274357770185707
13.44716857318249
13.621211899821624
13.796540345300091
13.973210033002173
14.151280967640568
14.330817435526377
14.51188845995042
14.694568321315403
14.878937153727273
15.065081632354818
15.25309576916034
15.443081838808686
15.6351514619745
15.829426880298586
16.026042466467157
16.22514652511328
16.426903456630264
16.6314963782332
16.83913032720616
17.05003621398704
17.264475753329634
17.482747689256133
17.705195758306147
17.932219029411083
18.164285557656093
18.401950763207868
18.64588272248457
18.89689787545104
19.15601298488622
19.424523525420973
19.704127266127486
19.997130089920127
20.30681380609996
20.63815843764793
20.999463347233007
21.40682539219858
21.902349549385686