0.045863893665373814
0.13759200998309903
0.22932111329243623
0.3210518616900656
0.412784913426105
0.5045209269655433
0.5962605610497324
0.6880044747579543
0.7797533275690809
0.8715077794233415
0.9632684907842172
1.0550361227004779
1.1468113368683786
1.2385947956940335
1.3303871623559838
1.4221891008679772
1.5140012761419777
1.6058243540514192
1.697659001494727
1.7895058864591196
1.88136567808471
1.9732390467289285
2.0651266640312795
2.157029202978456
2.2489473379698244
2.34088174488331
2.4328331011416866
2.524802085779302
2.6167893795092567
2.7087956647910496
2.800821625898718
2.8928679489894913
2.984935322172972
3.0770244355808773
3.1691359814373516
3.2612706541298757
3.3534291502807996
3.445612168819511
3.537820411055272
3.630054580750743
3.7223153841962144
3.814603530284579
3.9069197305870564
3.9992646994297107
4.091639153970771
4.184043814278789
4.276479403411662
4.368946647496542
4.461446275810659
4.553979020863094
4.646545618477522
4.739146807875954
4.8317833317635195
4.924455936414301
5.017165371758268
5.109912391469338
5.202697753054592
5.295522217944675
5.388386551585438
5.481291523530826
5.574237907537063
5.667226481658177
5.760258028342888
5.853333334532903
5.946453191762666
6.039618396260588
6.132829749051802
6.226088056062506
6.319394128225899
6.412748781589792
6.5061528374259145
6.599607122340975
6.693112468389523
6.786669713188656
6.880279700034627
6.973943278021409
7.067661302161253
7.161434633507317
7.25526413927841
7.349150692985901
7.443095174562878
7.5370984704955895
7.631161473957248
7.725285084944266
7.819470210414972
7.9137177644308885
8.00802866830065
8.102403850726613
8.196844247954246
8.291350803924386
8.38592447042842
8.480566207266488
8.575276982408788
8.670057772160073
8.76490956132743
8.859833343391424
8.954830120680718
9.049900904550256
9.145046715563119
9.240268583676148
9.335567548429456
9.430944659139941
9.526400975098886
9.621937565773816
9.717555511014696
9.8132559012646
9.909039837775017
10.004908432825875
10.100862809950488
10.196904104165505
10.293033462206067
10.389252042766296
10.485561016745294
10.581961567498793
10.678454891096665
10.775042196586453
10.871724706263084
10.968503655945005
11.065380295256897
11.162355887919203
11.259431712044654
11.35660906044204
11.453889240927449
11.551273576643187
11.648763406384672
11.746360084935505
11.84406498341103
11.941879489610628
12.039805008379027
12.137842961976968
12.235994790461477
12.334261952076103
12.432645923651439
12.531148201016281
12.629770299419771
12.728513753964918
12.827380120053851
12.926370973845259
13.025487912724394
13.1247325557861
13.22410654433131
13.3236115423775
13.423249237183596
13.523021339789821
13.622929585573068
13.72297573481832
13.823161573306708
13.923488912920856
14.02395959226808
14.124575477322177
14.22533846208445
14.32625046926472
14.427313450983062
14.52852938949308
14.629900297927529
14.731428221067162
14.833115236133702
14.934963453607882
15.03697501807356
15.139152109088936
15.241496942085952
15.344011769299035
15.446698880724368
15.54956060511093
15.652599310984648
15.755817407707003
15.85921734656958
15.962801621926047
16.06657277236318
16.170533381912602
16.274686081305017
16.37903354926876
16.483578513874694
16.58832375392937
16.693272100418802
16.798426438004956
16.903789706577488
17.00936490286319
17.11515508209586
17.221163359749404
17.327392913337132
17.433846984280432
17.54052887985013
17.647441975184023
17.754589715384398
17.861975617699343
17.969603273792153
18.07747635210316
18.18559860030872
18.2939738478823
18.402606008762955
18.51149908413681
18.620657165337427
18.730084436871508
18.839785179576523
18.949763773917542
19.06002470343081
19.170572558322252
19.28141203922958
19.392547961157177
19.50398525759375
19.6157289848232
19.727784326440055
19.840156598081553
19.952851252389248
20.065873884214056
20.17923023607957
20.292926203919624
20.406967843107193
20.521361374793116
20.636113192574392
20.751229869513452
20.866718165531342
20.98258503519972
21.09883763595833
21.21548333678705
21.332529727363728
21.449984627741763
21.567856098584183
21.686152451994154
21.80488226298516
21.924054381638076
22.04367794599636
22.163762395755267
22.28431748680615
22.40535330670241
22.526880291120072
22.648909241392772
22.77145134320876
22.89451818656612
23.018121787091896
23.142274608841685
23.2669895887082
23.392280162580672
23.51816029341222
23.64464450136925
23.7717478962561
23.899486212429856
24.027875846444786
24.156933897693644
24.28667821234477
24.417127430909915
24.548301039819
24.680219427425097
24.81290394491717
24.94637697268036
25.08066199271565
25.215783667814073
25.351767928277173
25.48864206708843
25.626434844571616
25.76517660372675
25.904899397615708
26.045637130384062
26.187425713760078
26.33030324117432
26.47431018200519
26.619489598890123
26.76588739156626
26.91355257133975
27.062537571057184
27.21289859640159
27.36469602550473
27.51799486531815
27.67286527499562
27.82938316881557
27.98763091405402
28.147698142896523
28.309682702212502
28.47369177116462
28.639843184691568
28.80826701159259
28.97910745027228
29.15252512465132
29.32869988949654
29.50783429175373
29.69015788740943
29.87593268983437
30.065460138071966
30.25909014283071
30.45723302900576
30.660375607463386
30.869103286140952
31.084131279986558
31.30635001455951
31.53689360706127
31.77724779973078
32.02942966632543
32.29630866554122
32.58223691203154
32.8944633157701
33.24703858270086
33.67668883277728