0.027729052197761447
0.08318718316966768
0.1386453938710551
0.1941037374560149
0.24956226708029408
0.30502103590195767
0.3604800970820513
0.4159395037852637
0.47139930918058937
0.5268595664419915
0.5823203287490651
0.6377816492877002
0.6932435812507448
0.7487061778386694
0.8041694922602309
0.859633577733136
0.9150984874847068
0.9705642747525456
1.0260309927851998
1.0814986948428285
1.1369674341978673
1.1924372641356962
1.2479082379553061
1.303380408969967
1.3588538305078948
1.4143285559129215
1.4698046385451633
1.525282131781691
1.5807610890172
1.6362415636646817
1.6917236091560957
1.747207278943041
1.8026926264974303
1.8581797053121634
1.9136685689018014
1.9691592708032437
2.0246518645764024
2.0801464038048807
2.1356429420966507
2.1911415330847315
2.2466422304278697
2.30214508781122
2.357650158947027
2.4131574975753085
2.468667157464537
2.5241791924123276
2.5796936562461203
2.6352106028238715
2.690730086034737
2.746252159799765
2.8017768780725847
2.8573042948400986
2.9128344641231747
2.968367439977341
3.0239032764934812
3.0794420277985304
3.1349837480561735
3.190528491467545
3.2460763122719296
3.3016272647474634
3.3571814032118388
3.4127387820230086
3.4682994555798934
3.523863478323089
3.5794309047355757
3.635001789343431
3.690576186716541
3.746154151469314
3.8017357382614008
3.857321001798407
3.9129099968326155
3.968502778163708
4.0240994006394875
4.079699919156601
4.135304388661273
4.190912864150022
4.246525400670403
4.3021420533217345
4.357762877255833
4.413387927677746
4.469017259846499
4.524650929075826
4.58028899073492
4.635931500249171
4.691578513100915
4.747230084830187
4.8028862710354625
4.85854712737442
4.914212709564692
4.969883073384622
5.025558274674026
5.0812383693349545
5.136923413332458
5.192613462695353
5.24830857351699
5.304008801956031
5.359714204237216
5.415424836652148
5.471140755560067
5.526862017388635
5.582588678634719
5.638320795865182
5.6940584257176665
5.749801624901397
5.805550450197966
5.8613049584621395
5.917065206622655
5.972831251683027
6.028603150722351
6.084380960896122
6.140164739437036
6.195954543655814
6.25175043094202
6.3075524587648815
6.363360684674113
6.419175166300752
6.474995961357979
6.530823127641966
6.586656723032703
6.6424968054948454
6.6983434330785565
6.754196663920359
6.810056556243983
6.865923168361221
6.921796558672791
6.977676785669193
7.033563907931576
7.089457984132613
7.145359073037366
7.201267233504166
7.2571825244854935
7.313105005028864
7.369034734277713
7.4249717714722925
7.480916175950558
7.536868007149079
7.592827324603935
7.6487941879516255
7.704768656929986
7.760750791379094
7.816740651242197
7.87273829656664
7.9287437875047795
7.984757184314933
8.040778547362308
8.096807937119939
8.152845414169644
8.20889103920297
8.264944873022143
8.321006976541037
8.377077410786132
8.433156236897485
8.489243516129699
8.545339309852913
8.60144367955377
8.657556686836415
8.71367839342349
8.769808861157117
8.825948151999922
8.882096328036027
8.938253451472068
8.994419584638216
9.050594789989196
9.10677913010532
9.162972667693518
9.219175465588378
9.275387586753194
9.33160909428101
9.387840051395683
9.444080521452943
9.500330567941457
9.556590254483904
9.612859644838053
9.669138802897852
9.72542779269451
9.781726678397604
9.83803552431617
9.894354394899825
9.950683354739866
10.007022468570403
10.063371801269486
10.119731417860232
10.176101383511963
10.232481763541365
10.28887262341363
10.345274028743617
10.401686045297023
10.458108738991546
10.51454217589808
10.570986422241887
10.627441544403796
10.683907608921404
10.74038468249028
10.796872831965189
10.853372124361298
10.909882626855422
10.966404406787245
11.022937531660576
11.079482069144591
11.136038087075098
11.192605653455804
11.249184836459582
11.305775704429756
11.362378325881398
11.418992769502616
11.47561910415586
11.53225739887925
11.588907722887877
11.645570145575146
11.702244736514116
11.758931565458841
11.815630702345727
11.872342217294898
11.92906618061157
11.985802662787426
12.042551734502018
12.099313466624151
12.156087930213307
12.212875196521052
12.269675336992467
12.326488423267584
12.38331452718283
12.440153720772486
12.497006076270146
12.553871666110192
12.610750562929285
12.66764283956785
12.724548569071583
12.781467824692973
12.838400679892807
12.895347208341729
12.952307483921762
13.009281580727881
13.066269573069569
13.12327153547239
13.180287542679595
13.237317669653697
13.294361991578096
13.351420583858696
13.408493522125532
13.46558088223442
13.522682740268605
13.579799172540433
13.636930255593029
13.694076066201976
13.751236681377033
13.808412178363838
13.865602634645636
13.922808127945018
13.980028736225673
14.03726453769415
14.09451561080163
14.151782034245725
14.209063886972272
14.266361248177146
14.323674197308097
14.381002814066584
14.438347178409629
14.495707370551697
14.553083470966563
14.610475560389219
14.66788371981778
14.725308030515412
14.782748574012267
14.84020543210744
14.897678686870933
14.955168420645641
15.012674716049354
15.07019765597676
15.12773732360148
15.185293802378116
15.242867176044296
15.300457528622765
15.35806494442347
15.415689508045661
15.473331304380025
15.53099041861082
15.588666936218027
15.646360942979538
15.70407252497333
15.761801768579682
15.819548760483395
15.877313587676037
15.935096337458205
15.992897097441794
16.050715955552306
16.108553000031147
16.16640831943798
16.224282002653062
16.28217413887961
16.34008481764621
16.398014128809205
16.45596216255514
16.51392900940318
16.571914760207626
16.629919506160356
16.687943338793357
16.745986349981244
16.80404863194382
16.862130277248642
16.920231378813593
16.97835202990953
17.036492324162886
17.094652355558356
17.152832218441542
17.21103200752169
17.269251817874384
17.32749174494431
17.38575188454802
17.444032332876724
17.50233318649911
17.560654542364187
17.618996497804137
17.67735915053722
17.73574259867069
17.794146940703712
17.85257227553035
17.911018702442544
17.969486321133136
18.027975231698903
18.086485534643625
18.1450173308812
18.203570721738732
18.26214580895971
18.320742694707178
18.37936148156693
18.438002272550765
18.496665171099725
18.5553502810874
18.614057706823253
18.67278755305596
18.731539924976797
18.790314928223047
18.849112668881443
18.90793325349164
18.96677678904972
19.025643383011733
19.084533143297246
19.143446178292965
19.202382596856364
19.261342508319323
19.320326022491884
19.379333249665923
19.438364300618968
19.49741928661797
19.55649831942316
19.615601511291914
19.674728974982667
19.73388082375886
19.793057171392924
19.8522581321703
19.911483820893498
19.970734352886193
20.030009843997373
20.089310410605492
20.148636169622705
20.207987238499125
20.267363735227093
20.326765778345553
20.386193486944393
20.445646980668897
20.505126379724196
20.564631804879763
20.624163377473995
20.683721219418775
20.743305453204133
20.802916201902924
20.862553589175562
20.922217739274792
20.981908777050524
21.041626827954698
21.10137201804621
21.161144473995876
21.22094432309146
21.280771693242738
21.340626712986616
21.40050951149231
21.460420218566558
21.520358964658907
21.58032588086704
21.640321098942152
21.700344751294402
21.7603969709984
21.820477891798753
21.880587648115682
21.940726375050676
22.000894208392225
22.061091284621593
22.12131774091867
22.181573715167872
22.241859345964087
22.302174772618738
22.36252013516584
22.42289557436817
22.48330123172347
22.54373724947076
22.60420377059665
22.664700938841797
22.725228898707346
22.785787795461534
22.84637777514628
22.90699898458389
22.96765157138383
23.028335683949564
23.08905147148547
23.14979908400382
23.210578672331867
23.271390388118963
23.3322343838438
23.393110812821696
23.454019829211983
23.514961588025457
23.575936245131935
23.636943957267878
23.697984882044093
23.759059177953546
23.820167004379233
23.881308521602154
23.942483890809388
24.003693274102233
24.06493683450445
24.126214735970606
24.187527143394508
24.24887422261773
24.310256140438234
24.371673064619102
24.43312516389735
24.49461260799287
24.556135567617442
24.617694214483873
24.67928872131525
24.740919261854252
24.80258601087266
24.864289144180862
24.926028838637578
24.987805272159633
25.049618623731856
25.111469073417137
25.17335680236653
25.235281992829552
25.297244828164548
25.359245492849208
25.42128417249122
25.48336105383901
25.545476324792652
25.607630174414897
25.669822792942327
25.73205437179665
25.794325103596147
25.856635182167242
25.91898480255621
25.98137416104104
26.043803455143458
26.10627288364107
26.16878264657967
26.231332945285704
26.29392398237889
26.356555961784974
26.419229088748704
26.481943569846887
26.544699613001672
26.607497427493993
26.67033722397714
26.733219214490575
26.796143612473852
26.859110632780776
26.9221204916937
26.98517340693802
27.04826959769688
27.111409284626042
27.174592689868955
27.23782003707202
27.301091551400066
27.36440745955203
27.427767989776825
27.491173371889417
27.554623837287167
27.618119618966308
27.681660951538724
27.745248071248884
27.808881215991057
27.872560625326727
27.93628654050227
28.000059204466822
28.063878861890462
28.127745759182584
28.191660144510546
28.25562226781857
28.319632380846908
28.383690737151266
28.447797592122498
28.511953203006588
28.576157828924888
28.640411730894662
28.704715171849895
28.76906841666243
28.83347173216337
28.89792538716479
28.962429652481795
29.026984800954832
29.091591107472382
29.156248848993922
29.220958304573287
29.285719755382296
29.350533484734772
29.415399778110903
29.48031892318194
29.54529120983529
29.610316930199943
29.6753963786723
29.74052985194239
29.805717649020444
29.870960071263898
29.93625742240479
30.001610008577565
30.067018138347304
30.132482122738395
30.1980022752636
30.263578911953616
30.329212351387042
30.394902914720856
30.460650925721307
30.526456710795326
30.592320599022425
30.65824292218705
30.724224014811497
30.79026421418931
30.856363860419215
30.922523296439582
30.988742868063454
31.05502292401412
31.121363815961256
31.187765898557647
31.25422952947651
31.320755069449415
31.387342882304814
31.45399333500721
31.52070679769696
31.58748364373074
31.654324249722645
31.721228995586042
31.788198264576014
31.855232443332618
31.922331921924776
31.98949709389498
32.05672835630469
32.12402610978053
32.19139075856129
32.25882271054569
32.326322377340944
32.39389017431227
32.46152652063311
32.52923183933631
32.597006557366214
32.664851105631556
32.73276591905939
32.80075143664993
32.868808101532366
32.93693636102163
33.005136666676265
33.07340947435723
33.14175524428782
33.21017444111471
33.27866753396996
33.34723499653432
33.41587730710159
33.484594948644194
33.553388408879954
33.62225818034008
33.691204760438524
33.76022865154248
33.82933036104429
33.89851040143478
33.96776929037778
34.03710755078629
34.10652571089992
34.176024304363956
34.245603870309814
34.31526495343716
34.385008104097565
34.45483387837985
34.52474283819702
34.594735551374995
34.66481259174304
34.73497453922603
34.80522197993853
34.875555506280776
34.9459757170366
35.016483217473336
35.087078619443695
35.15776254148986
35.22853560894957
35.29939845406451
35.37035171609085
35.44139604141219
35.512532083654776
35.58376050380519
35.655081970330514
35.726497159301076
35.798006754515754
35.86961144763002
35.94131193828674
36.01310893424977
36.08500315154052
36.15699531457743
36.22908615631861
36.301276418407525
36.37356685132204
36.44595821452664
36.51845127662825
36.59104681553538
36.66374561862105
36.73654848288931
36.80945621514564
36.88246963217123
36.955589560901394
37.028816838607966
37.102152313086165
37.175596842845714
37.24915129730654
37.32281655699915
37.396593513769744
37.47048307099031
37.54448614377382
37.618603659194555
37.69283655651399
37.767185787412075
37.84165231622436
37.916237120184924
37.99094118967547
38.06576552848063
38.14071115404978
38.21577909776549
38.29097040521887
38.36628613649201
38.44172736644771
38.51729518502685
38.592990697553496
38.66881502504803
38.74476930454871
38.82085468944171
38.897072349800084
38.973423472731916
39.04990926273792
39.12653094207883
39.20328975115298
39.28018694888426
39.357223813121
39.434401641046016
39.511721749598266
39.5891854759065
39.666794177735355
39.74454923394435
39.82245204496011
39.900504033262514
39.978706643885076
40.05706134493022
40.13556962809983
40.21423300924187
40.293053028913434
40.37203125296099
40.451169273118474
40.530468707623776
40.60993120185448
40.68955842898347
40.769352090655346
40.8493139176842
40.92944567077389
41.00974914126145
41.09022615188475
41.17087855757528
41.251708246277076
41.33271713979294
41.413907194658975
41.4952804030487
41.57683879370793
41.65858443292171
41.74051942551473
41.82264591588659
41.9049660890835
41.98748217190785
42.07019643406752
42.15311118936653
42.23622879693894
42.31955166252798
42.403082239812335
42.48682303178196
42.57077659216547
42.65494552691173
42.73933249572802
42.82394021367758
42.90877145283929
42.99382904403257
43.07911587861064
43.1646349103254
43.25038915726773
43.336381703886765
43.42261570309218
43.50909437844387
43.59582102643334
43.682799018861694
43.770031805319256
43.857522915772314
43.945275963262524
44.03329464672533
44.121582753933716
44.21014416457436
44.29898285346346
44.38810289391024
44.4775084612365
44.56720383646118
44.65719341015966
44.74748168650798
44.838073287523166
44.928972957511235
45.02018556773583
45.111716121320875
45.20356975840196
45.29575176154215
45.38826756142904
45.48112274287138
45.574323051114746
45.66787439849744
45.76178287146954
45.85605473799963
45.95069645539597
46.04571467857108
46.14111626878088
46.23690830287254
46.33309808307791
46.42969314739255
46.526701280584284
46.624130525878634
46.72198919737328
46.820285893238285
46.91902950976394
47.01822925632463
47.11789467133289
47.21803563926576
47.31866240885339
47.41978561252916
47.521416287250545
47.623565896811684
47.72624635578128
47.82947005521391
47.93324989029933
48.037599290132476
48.14253224980811
48.24806336506726
48.35420786974994
48.46098167633904
48.568401419915276
48.67648450588348
48.785249161876074
48.894714494293034
49.004900549998524
49.115828383765276
49.227520132139965
49.339999094498665
49.45328982217316
49.56741821666009
49.68241163807937
49.798299025230236
49.91511102880934
50.03288015961259
50.15164095384933
50.2714301580668
50.39228693662743
50.51425310522148
50.63737339455454
50.761695749155415
50.887271667242416
51.01415658881751
51.14241034069429
51.272097649097745
51.40328873291887
51.5360599938292
51.67049482347733
51.80668455320746
51.94472957858246
52.08474070006286
52.226840733348716
52.3711664593858
52.51787100672259
52.667126790561575
52.81912917774129
52.9741011116858
53.1322990267445
53.29402052485989
53.459614508789706
53.62949481691861
53.804158978698666
53.98421468379502
54.1704182824951
54.3637328449199
54.56541965234106
54.777190500010526
55.00147974053992
55.24197823376238
55.50483111307552
55.801944527082334
56.16442389717322