0.030359575949137702
0.09107876965927282
0.15179808880573567
0.21251761701524013
0.27323743791824323
0.3339576351504428
0.39467829235427515
0.45539949318041345
0.5161213212892661
0.5768438603524759
0.6375671940544202
0.6982914060937103
0.7590165801846935
0.8197428000589547
0.8804701494668192
0.9411987121788563
1.0019285719873845
1.0626598127079776
1.1233925181809716
1.1841267722729734
1.2448626588783704
1.3056002619208427
1.366339665354875
1.4270809531672712
1.487824209378672
1.5485695180450707
1.609316963259335
1.670066629152727
1.7308185998964285
1.7915729597030663
1.85232979282824
1.9130891835720527
1.9738512162806434
2.034615975347722
2.0953835452161083
2.156154010379269
2.216927455382864
2.27770396482629
2.338483623364229
2.3992665157082023
2.4600527266281196
2.5208423409538425
2.5816354435767397
2.6424321194512554
2.7032324535964736
2.7640365310976898
2.824844437107985
2.885656256849804
2.946472075616536
3.007291978774101
3.068116051762537
3.128944380097596
3.189777049372337
3.2506141452587323
3.311455753509269
3.3723019599585586
3.433152850524955
3.4940085112121695
3.5548690281108954
3.6157344874004353
3.676604975350335
3.737480578322019
3.7983613827704352
3.859247475245701
3.920138942394756
3.9810358709630207
4.041938347796058
4.102846459841243
4.16376029414944
4.224679937876674
4.285605478285826
4.346537002748319
4.407474598745813
4.468418353871914
4.52936835583388
4.5903246924543355
4.651287451672998
4.712256721548397
4.773232590259622
4.834215146108051
4.895204477519109
4.956200673044014
5.017203821361546
5.078214011279812
5.139231331738022
5.2002558718082765
5.261287720697352
5.322326967748501
5.383373702443262
5.4444280144032655
5.50548999339206
5.566559729316942
5.627637312230789
5.688722832333909
5.749816379975895
5.810918045657482
5.872027920032423
5.933146093909362
5.994272658253731
6.05540770418964
6.116551323001783
6.177703606137359
6.238864645207987
6.300034531991648
6.361213358434625
6.422401216653455
6.483598198936892
6.544804397747878
6.606019905725532
6.667244815687131
6.728479220630125
6.789723213734141
6.850976888363011
6.912240338066809
6.973513656583888
7.034796937842947
7.096090275965088
7.157393765265904
7.218707500257561
7.280031575650904
7.341366086357571
7.402711127492115
7.464066794374143
7.525433182530466
7.5868103876972555
7.648198505822226
7.709597633066814
7.7710078658083805
7.832429300642422
7.8938620343847985
7.955306164073968
8.016761786973241
8.078229000573046
8.139707902593209
8.201198590985241
8.262701163934656
8.324215719863282
8.385742357431603
8.447281175541107
8.50883227333665
8.57039575020884
8.63197170579643
8.693560239988726
8.755161452928018
8.816775445012018
8.878402316896324
8.940042169496879
9.001695103992478
9.063361221827268
9.125040624713264
9.186733414632902
9.248439693841583
9.310159564870256
9.371893130528008
9.433640493904669
9.495401758373449
9.55717702759357
9.618966405512941
9.680769996370836
9.742587904700592
9.804420235332335
9.866267093395717
9.92812858432267
9.990004813850192
10.051895888023136
10.113801913197042
10.17572299604096
10.237659243540323
10.299610762999816
10.361577662046285
10.423560048631657
10.485558031035886
10.547571717869916
10.609601218078671
10.671646640944068
10.733708096088051
10.79578569347564
10.857879543418017
10.919989756575632
10.98211644396132
11.044259716943467
11.106419687249167
11.168596466967438
11.230790168552437
11.293000904826714
11.355228788984492
11.417473934594959
11.479736455605606
11.542016466345567
11.604314081529019
11.666629416258578
11.728962586028734
11.791313706729321
11.853682894649
11.91607026647879
11.978475939315604
12.04090003066584
12.103342658448977
12.165803941001215
12.228283997079147
12.290782945863459
12.353300906962643
12.415838000416773
12.478394346701295
12.540970066730845
12.603565281863105
12.666180113902701
12.728814685105117
12.791469118180654
12.854143536298423
12.916838063090363
12.97955282265531
13.042287939563083
13.105043538858624
13.167819746066154
13.230616687193388
13.29343448873577
13.35627327768075
13.419133181512105
13.482014328214293
13.544916846276845
13.607840864698801
13.670786512993182
13.733753921191504
13.796743219848334
13.859754540045891
13.92278801339867
13.985843772058143
14.048921948717467
14.112022676616261
14.175146089545414
14.238292321851947
14.301461508443904
14.36465378479531
14.427869286951168
14.491108151532483
14.554370515741377
14.6176565173662
14.680966294786735
14.744299986979426
14.807657733522664
14.871039674602127
14.93444595101616
14.997876704181229
15.061332076137397
15.124812209553886
15.188317247734664
15.251847334624117
15.315402614812733
15.378983233542902
15.442589336714715
15.506221070891856
15.569878583307542
15.63356202187052
15.69727153517113
15.761007272487426
15.82476938379135
15.888558019754994
15.952373331756885
16.016215471888373
16.080084592960073
16.143980848508352
16.207904392801904
16.271855380848393
16.33583396840116
16.39984031196599
16.463874568807963
16.52793689695837
16.592027455221707
16.656146403182728
16.720293901213594
16.784470110481077
16.84867519295386
16.912909311409877
16.97717262944379
17.041465311474504
17.105787522752756
17.170139429368813
17.234521198260254
17.2989329972198
17.363374994903268
17.427847360837596
17.492350265428943
17.55688387997091
17.62144837665282
17.686043928568093
17.750670709722755
17.815328895043958
17.880018660388686
17.944740182552508
18.00949363927841
18.074279209265804
18.13909707217954
18.20394740865909
18.268830400327825
18.333746229802358
18.398695080702044
18.463677137658564
18.52869258632561
18.593741613388698
18.6588244065751
18.72394115466386
18.789092047495956
18.85427727598458
18.919497032125506
18.984751509007626
19.05004090082356
19.11536540288044
19.180725211610785
19.24612052458352
19.31155154051513
19.37701845928093
19.442521481926484
19.508060810679172
19.57363664895987
19.63924920139477
19.70489867382739
19.77058527333067
19.83630920821925
19.902070688061894
19.967869923694057
20.033707127230617
20.099582512078758
20.165496292951012
20.23144868587847
20.297439908224145
20.363470178696524
20.42953971736326
20.495648745665054
20.561797486429732
20.62798616388645
20.694215003680117
20.76048423288601
20.826794080024534
20.89314477507621
20.959536549496832
21.025969636232848
21.092444269736898
21.15896068598359
21.225519122485473
21.292119818309203
21.35876301409194
21.425448952057952
21.492177876035434
21.558950031473564
21.625765665459777
21.692625026737254
21.75952836572268
21.826475934524204
21.893467986959667
21.960504778575064
22.02758656666325
22.094713610282916
22.16188617027782
22.22910450929627
22.29636889181088
22.363679584138602
22.431036854461038
22.498440972845028
22.565892211263513
22.633390843616713
22.70093714575359
22.768531395493596
22.83617387264877
22.9038648590461
22.971604638550225
23.039393497086483
23.10723172266424
23.175119605400575
23.24305743754434
23.311045513500503
23.37908412985491
23.44717358539934
23.515314181156985
23.583506220408278
23.651750008717084
23.720045853957316
23.788394066339904
23.8567949584402
23.925248845225767
23.99375604408458
24.0623168748537
24.130931659848294
24.199600723891177
24.268324394342745
24.337103001131407
24.40593687678444
24.47482635645935
24.5437717779757
24.61277348184743
24.681831811315693
24.750947112382168
24.820119733842944
24.889350027322884
24.958638347310554
25.02798505119372
25.09739049929537
25.16685505491033
25.236379084342477
25.305962956942526
25.37560704514643
25.44531172451441
25.515077373770602
25.584904374843376
25.65479311290628
25.724743976419674
25.79475735717306
25.864833650328084
25.934973254462264
26.00517657161347
26.075444007325096
26.14577597069204
26.216172874407434
26.28663513481016
26.357163171933205
26.42775740955278
26.498418275238354
26.56914620040349
26.639941620357586
26.710804974358503
26.781736705666116
26.852737261596783
26.9238070935788
26.994946657208803
27.066156412309173
27.137436822986473
27.20878835769092
27.280211489276923
27.351706695064696
27.423274456903002
27.494915261233025
27.56662959915341
27.63841796648648
27.710280863845682
27.782218796704274
27.854232275465275
27.926321815532724
27.998487937384265
28.070731166645103
28.14305203416334
28.215451076086744
28.28792883394098
28.360485854709328
28.433122690913915
28.505839900698568
28.578638047913174
28.651517702199794
28.724479439080344
28.797523840046097
28.870651492648857
28.943862990594017
29.017158933835415
29.09053992867209
29.16400658784701
29.237559530647744
29.311199383009225
29.38492677761855
29.45874235402195
29.53264675873399
29.606640645348925
29.680724674654485
29.754899514747937
29.82916584115462
29.903524336948973
29.9779756928781
30.05252060748799
30.127159787252385
30.20189394670448
30.27672380857139
30.351650103911574
30.426673572255254
30.50179496174788
30.577015029296756
30.652334540720936
30.727754270904427
30.80327500395279
30.87889753335333
30.954622662138803
31.030451203054923
31.106383978731643
31.182421821858373
31.25856557536323
31.334816092596455
31.411174237518082
31.48764088489003
31.564216920472685
31.64090324122616
31.717700755516326
31.794610383325804
31.87163305647
31.94876971881839
32.026021326521175
32.103388848241515
32.180873265393416
32.25847557238558
32.336196776871276
32.41403790000447
32.49199997670244
32.57008405591498
32.64829120090054
32.72662248950935
32.805079014473975
32.883661883707234
32.96237222060803
33.04121116437517
33.120179870329416
33.19927951024416
33.27851127268492
33.35787636335794
33.43737600546824
33.517011440087444
33.59678392653164
33.67669474274968
33.75674518572228
33.836936571872215
33.91727023748609
33.997747539148065
34.07836985418581
34.15913858112942
34.24005514018344
34.32112097371267
34.402337546742096
34.48370634747168
34.565228887806285
34.64690670390145
34.72874135672561
34.81073443263926
34.89288754399186
34.975202329736945
35.05768045606635
35.14032361706412
35.22313353538093
35.30611196292982
35.38926068160405
35.47258150401797
35.55607627427176
35.63974686874116
35.723595196892944
35.80762320212736
35.891832862648684
35.97622619236486
36.06080524181756
36.14557209914397
36.230528891071486
36.31567778394693
36.4010209848016
36.486560742453726
36.572299348650084
36.65823913924832
36.74438249544194
36.83073184502973
36.91728966373173
37.004058476553816
37.09104085920311
37.17823943955662
37.26565689918553
37.35329597493779
37.44115946058176
37.52925020851388
37.61757113153339
37.706125204687346
37.794915467189576
37.88394502441695
37.97321704998715
38.06273478792181
38.152501554899565
38.24252074260353
38.33279582016818
38.42333033673087
38.51412792409353
38.60519229950041
38.69652726853823
38.78813672816544
38.880024669877606
38.97219518301673
39.06465245823242
39.1574007911038
39.25044458593114
39.343788359707524
39.43743674628068
39.53139450071674
39.62566650387784
39.720257767226705
39.81517343787222
39.91041880387099
40.00599929980111
40.10192051262546
40.198188187863344
40.294808236090574
40.39178673978984
40.48912996057486
40.58684434681359
40.684936541678255
40.783413391651585
40.882281955521904
40.98154951390166
41.081223579307796
41.18131190684493
41.28182250553664
41.382763650353645
41.48414389499255
41.58597208546346
41.68825737455052
41.79100923721524
41.89423748701955
41.99795229365278
42.10216420165529
42.206884150441006
42.312123495731285
42.41789403252468
42.52420801974024
42.631078206686816
42.7385178615278
42.846540801929585
42.955161428103615
43.06439475847605
43.174256468247094
43.28476293113336
43.39593126462275
43.5077793791128
43.620326031350565
43.73359088264705
43.847594562401795
43.96235873754655
44.07790618860129
44.194260893134654
44.31144811753609
44.42949451814184
44.54842825291619
44.66827910507671
44.789078620274914
44.910860259208484
45.03365956785762
45.157514367918374
45.28246497046388
45.40855441642047
45.53582874812276
45.664337317041586
45.794133133801516
45.925273267873
46.057819305907095
46.191837879670686
46.327401277059735
46.464588152883316
46.603484360250235
46.74418392876517
46.886790222790694
47.03141732237442
47.17819168196337
47.32725413902159
47.478762368038005
47.63289390802693
47.78984993787634
47.94986004066213
48.11318829632404
48.280141189965335
48.45107805103989
48.62642510014598
48.806694771578805
48.992512983419346
49.18465880383039
49.384124269816986
49.59220865353029
49.81067538840877
50.04203237794776
50.29008218328386
50.561156249893486
50.86752241355921
51.241233133847125