0.055363309689166446
0.1660907722831515
0.27682076469105904
0.3875549740121535
0.49829508818101126
0.6090427963023213
0.7197997889863623
0.8305677586853519
0.9413484000308621
1.0521434101724996
1.162954489118048
1.2737833400752745
1.384631669795597
1.495501188919825
1.606393612326174
1.7173106594807628
1.8282540547908122
1.9392255279607522
2.050226814351463
2.1612596553428705
2.2723257987001193
2.3834269989435612
2.49456501772279
2.605741624194961
2.716958595407649
2.8282177166864853
2.9395207820278406
3.0508695944968105
3.1622659666307777
3.2737117208488242
3.3852086898672806
3.4967587171217045
3.608363657195587
3.7200253762560953
3.831745752497174
3.943526676590329
4.05537005214343
4.1672777961678875
4.279251839554556
4.391294127558742
4.503406620294689
4.615591293239957
4.72785013775008
4.840185161583956
4.952598389440379
5.065091863506196
5.177667644016549
5.2903278098276845
5.403074459002857
5.515909709411843
5.628835699344616
5.7418545881397485
5.854968556828148
5.968179808792725
6.0814905704446405
6.194903091916806
6.308419647775324
6.4220425377496015
6.535774087481871
6.6496166492969335
6.763572602992921
6.877644356653947
6.9918343474855345
7.106145042673758
7.220578940269065
7.335138570095817
7.449826494688596
7.564645310256386
7.679597647675843
7.794686173514799
7.909913591087359
8.025282641541871
8.140796104983202
8.256456801630804
8.372267593014078
8.4882313832067
8.60435112010158
8.720629796728284
8.83707045261473
8.953676175195223
9.07045010126683
9.187395418496338
9.304515366980056
9.421813240858928
9.539292389991475
9.656956221687285
9.774808202503873
9.892851860109943
10.011090785218158
10.129528633590837
10.248169128122031
10.367016060999777
10.48607329595244
10.605344770583349
10.724834498798122
10.844546573329408
10.964485168363973
11.084654542277445
11.205059040482274
11.325703098394873
11.44659124452823
11.56772810371672
11.689118400480222
11.810766962535174
11.932678724460612
12.054858731527844
12.177312143702924
12.300044239831749
12.423060422018251
12.546366220206846
12.66996729698115
12.793869452591716
12.91807863022653
13.042600921538947
13.16744257244882
13.292609989233739
13.418109744928524
13.54394858605253
13.67013343968574
13.796671420916285
13.923569840683765
14.050836214044704
14.178478268888476
14.306503955134476
14.434921454443666
14.563739190480517
14.692965839764275
14.822610343151876
14.952681917998426
15.083190071045236
15.214144612089763
15.345555668496777
15.477433700615387
15.609789518172656
15.742634297721066
15.875979601224541
16.009837395875877
16.1442200752476
16.279140481888394
16.414611931488736
16.550648238751876
16.687263745120926
16.824473348528475
16.962292535353487
17.100737414790476
17.23982475585888
17.37957202730676
17.519997440692283
17.6611199969602
17.802959536868688
17.945536795665724
18.088873462464175
18.23299224482231
18.377916939102644
18.52367250725837
18.670285160785117
18.81778245267847
18.9661933783573
19.115548486652767
19.265880002126636
19.417221960175574
19.569610356605654
19.723083313631456
19.87768126457543
20.033447159927544
20.190426697886547
20.34866858306081
20.508224817681647
20.669151030504434
20.831506849580794
20.995356326327546
21.160768419858833
21.327817552471455
21.496584249591162
21.667155880549785
21.839627520471215
22.01410295857526
22.19069588474309
22.36953129475918
22.550747166005568
22.734496470614047
22.920949613751738
23.110297413145272
23.302754775629484
23.4985652827855
23.69800697897971
23.90139977472883
24.109115058309218
24.321588386107038
24.53933656231899
24.762981138855434
24.993281588688415
25.231183570430428
25.47789173174392
25.73498446708563
26.00460500702743
26.289802845829737
26.595204088642202
26.92851569828444
27.30467988082481
27.762763986324693