0.0318980414069161
0.09569417775617
0.15949047471285704
0.22328703935249297
0.28708397875643415
0.35088140001421436
0.41467941022588234
0.47847811650433925
0.5422776259776781
0.6060780457915231
0.6698794831113707
0.7336820451249314
0.7974858390444741
0.8612909721091702
0.9250975515874412
0.9889056847793073
1.0527154790187376
1.116527041676004
1.1803404801600352
1.2441559019207753
1.3079734144515434
1.371793125291397
1.4356151420274987
1.499439572297484
1.5632665237918335
1.6270961042562506
1.690928421494038
1.7547635833684831
1.8186016978052422
1.8824428727947335
1.946287216394531
2.0101348367317637
2.073985842005519
2.137840340489251
2.2016984405331956
2.2655602505667853
2.3294258791010747
2.3932954347311663
2.457169026138649
2.521046762094032
2.5849287514591937
2.6488151031898317
2.7127059263379185
2.7766013300541674
2.8405014235905
2.9044063163025244
2.9683161176520163
3.0322309372094103
3.096150884656297
3.1600760697879258
3.2240066025157184
3.2879425928697867
3.351884151001461
3.4158313871858237
3.479784411824253
3.543743335446973
3.607708268715616
3.6716793224257898
3.735656607509652
3.799640235038501
3.8636303162253673
3.927626962427621
3.9916302851495855
4.055640396045159
4.119657406920451
4.183681429736428
4.24771257661156
4.311750959824497
4.375796691816731
4.439849885195295
4.5039106527354535
4.567979107383407
4.632055362259024
4.69613953065856
4.760231726057412
4.8243320621128625
4.888440652666859
4.952557611748787
5.016683053578264
5.080817092567947
5.144959843326349
5.209111420660675
5.273271939579665
5.337441515296452
5.401620263231439
5.465808299015183
5.530005738491304
5.59421269771939
5.658429292977938
5.722655640767298
5.786891857812633
5.851138061066898
5.915394367713834
5.979660895170972
6.043937761092668
6.108225083373135
6.172522980149507
6.236831569804914
6.301150970971573
6.3654813025339
6.429822683631639
6.494175233663005
6.558539072287849
6.622914319430845
6.6873010952846865
6.7516995203133074
6.816109715255127
6.880531801126304
6.944965899224019
7.009412131129771
7.073870618712703
7.138341484132935
7.2028248498449345
7.267320838600892
7.331829573454127
7.39635117776252
7.460885775191956
7.525433489719794
7.589994445638366
7.654568767558492
7.719156580413019
7.783758009460387
7.848373180288216
7.913002218816919
7.9776452513033425
8.042302404344424
8.10697380488088
8.171659580200924
8.236359857944002
8.301074766104565
8.365804433035846
8.430548987453705
8.49530855844045
8.560083275448733
8.62487326830544
8.689678667215627
8.75449960276649
8.819336205931341
8.88418860807364
8.949056940951033
9.01394133671945
9.078841927937201
9.143758847569128
9.20869222899078
9.273642205992612
9.338608912784238
9.403592483998695
9.468593054696749
9.53361076037124
9.598645736951456
9.663698120807537
9.72876804875493
9.79385565805886
9.858961086438851
9.924084472073284
9.989225953603977
10.054385670140823
10.119563761266454
10.184760367040944
10.249975628006556
10.315209685192526
10.380462680119885
10.445734754806331
10.511026051771125
10.576336714040048
10.641666885150388
10.707016709155976
10.772386330632258
10.837775894681425
10.903185546937571
10.968615433571909
11.034065701298024
11.099536497377182
11.165027969623676
11.230540266410229
11.296073536673436
11.361627929919262
11.42720359622859
11.492800686262814
11.558419351269483
11.624059743088006
11.689722014155402
11.755406317512096
11.821112806807784
11.88684163630735
11.952592960896817
12.018366936089388
12.084163718031517
12.149983463509047
12.215826329953408
12.281692475447871
12.347582058733867
12.413495239217351
12.479432176975253
12.545393032761973
12.611377968015935
12.677387144866223
12.743420726139275
12.809478875365627
12.875561756786754
12.941669535361942
13.007802376775272
13.073960447442627
13.140143914518806
13.206352945904692
13.272587710254497
13.338848376983075
13.40513511627332
13.471448099083625
13.537787497155444
13.60415348302089
13.670546230010446
13.736965912260752
13.803412704722456
13.869886783168159
13.936388324200442
14.00291750525998
14.069474504633732
14.136059501463226
14.202672675752932
14.269314208378724
14.335984281096419
14.402683076550439
14.469410778282523
14.53616757074058
14.602953639287602
14.669769170210687
14.736614350730164
14.80348936900882
14.870394414161211
14.9373296762631
15.00429534636098
15.071291616481716
15.138318679642287
15.205376729859639
15.272465962160652
15.33958657259221
15.406738758231404
15.473922717195821
15.541138648653988
15.60838675283589
15.675667231043663
15.742980285662357
15.810326120170854
15.877704939152917
15.945116948308334
16.012562354464233
16.080041365586503
16.14755419079136
16.21510104035704
16.282682125735644
16.350297659565104
16.417947855681323
16.485632929130414
16.553353096181148
16.621108574337473
16.68889958235126
16.75672634023517
16.824589069275643
16.892487992046128
16.960423332420383
17.02839531558602
17.096404168058157
17.16445011769326
17.232533393703168
17.30065422666928
17.36881284855691
17.43700949272985
17.50524439396509
17.573517788467722
17.64182991388607
17.71018100932696
17.77857131537122
17.84700107408937
17.915470529057508
17.983979925373408
18.052529509672816
18.121119530145958
18.189750236554293
18.25842188024742
18.32713471418028
18.395888992930534
18.464684972716185
18.533522911413435
18.602403068574784
18.671325705447348
18.740291084991455
18.809299471899465
18.878351132614846
18.947446335351525
19.016585350113473
19.085768448714582
19.154995904798806
19.22426799386056
19.29358499326544
19.362947182271167
19.432354842048884
19.501808255704717
19.571307708301628
19.640853486881596
19.7104458804881
19.7800851801889
19.849771679099195
19.919505672405016
19.98928745738706
20.05911733344478
20.12899560212086
20.19892256712604
20.268898534364276
20.3389238119583
20.408998710275515
20.4791235419543
20.549298621930674
20.61952426746537
20.689800798171284
20.760128536041375
20.83050780547693
20.90093893331627
20.9714222488639
21.041958083920072
21.11254677281081
21.183188652418377
21.25388406221222
21.324633344280368
21.395436843361328
21.46629490687645
21.53720788496281
21.6081761305066
21.679199999177012
21.75027984946068
21.821416042696637
21.89260894311185
21.963858917857273
22.03516633704451
22.106531573783037
22.17795500421802
22.249437007568737
22.320977966167632
22.392578265499978
22.464238294244197
22.53595844431281
22.60773911089411
22.679580692494422
22.75148359098118
22.823448211626598
22.895474963152136
22.967564257773695
23.039716511247526
23.111932142916974
23.18421157575994
23.256555236437194
23.32896355534149
23.40143696664751
23.47397590836267
23.546580822378814
23.61925215452474
23.691990354619726
23.7647958765279
23.83766917821361
23.91061072179774
23.983620973615043
24.056700404272434
24.129849488708388
24.20306870625333
24.276358540691152
24.349719480321802
24.42315201802503
24.496656651325253
24.57023388245765
24.643884218435403
24.717608171118226
24.791406257282116
24.865278998690435
24.939226922166267
25.013250559666147
25.0873504483552
25.161527130683627
25.235781154464714
25.310113072954255
25.38452344493155
25.45901283478189
25.533581812580707
25.60823095417927
25.6829608412921
25.757772061586085
25.83266520877131
25.907640882693713
25.982699689429534
26.057842241381692
26.13306915737803
26.20838106277157
26.283778589542763
26.359262376403837
26.434833068905224
26.51049131954421
26.586237787875785
26.662073140625772
26.737998051806333
26.81401320283386
26.890119282649334
26.966316987841203
27.042607022770905
27.118990099700977
27.195466938925982
27.272038268906176
27.348704826404102
27.42546735662412
27.50232661335498
27.5792833591155
27.65633836530349
27.733492412347907
27.810746289864444
27.88810079681456
27.965556741668095
28.043114942569556
28.12077622750815
28.198541434491734
28.276411411724705
28.354387017790053
28.432469121835542
28.51065860376432
28.58895635442992
28.667363275835918
28.745880281340227
28.824508295864362
28.903248256107624
28.98210111076648
29.06106782075925
29.140149359456252
29.219346712915584
29.298660880124714
29.37809287324802
29.457643717880547
29.53731445330806
29.61710613277369
29.697019823751297
29.777056608225834
29.85721758298085
29.93750385989346
30.017916566236917
30.0984568449911
30.179125855161164
30.25992477210455
30.340854787866764
30.421917111526053
30.503112969547413
30.584443606146124
30.66591028366124
30.747514282939264
30.829256903728442
30.911139465083973
30.993163305784556
31.075329784760637
31.157640281534793
31.24009619667461
31.322698952258623
31.405449992355617
31.488350783517927
31.571402815289115
31.654607600726614
31.737966676939884
31.821481605644596
31.9051539737335
31.988985393864578
32.07297750506707
32.1571319733662
32.241450492427056
32.32593478421872
32.41058659969904
32.49540771952113
32.58039995476231
32.665565147676446
32.75090517247052
32.836421936106504
32.92211737912953
33.00799347652339
33.094052238594436
33.18029571188526
33.26672598011913
33.353345165176655
33.44015542810592
33.52715897016763
33.61435803391669
33.701754904321746
33.78935190992454
33.877151424040555
33.96515586600301
34.053367702452014
34.141789448670984
34.23042366997242
34.31927298313532
34.40834005789664
34.497627618499294
34.5871384452994
34.67687537643548
34.76684130956271
34.85703920365525
34.94747208088011
35.03814302854589
35.12905520113026
35.22021182239007
35.31161618755832
35.40327166563228
35.495181701757666
35.587349819713765
35.67977962450476
35.77247480506308
35.86543913707051
35.95867648590382
36.05219080971129
36.14598616262776
36.24006669813567
36.33443667258056
36.42910044884963
36.52406250022295
36.619327414407266
36.714899897763246
36.81078477973767
36.906987017512975
37.003511700887245
37.10036405739912
37.19754945771271
37.29507342127901
37.39294162229145
37.49115989595474
37.58973424508722
37.68867084707927
37.78797606123123
37.88765643649685
37.98771871966033
38.08816986397678
38.18901703830931
38.29026763679794
38.39192928909925
38.494009871238475
38.59651751711997
38.69946063074575
38.802847899196514
38.906688306434496
39.010991147993046
39.115766046624216
39.22102296898225
39.32677224342861
39.43302457905291
39.53979108601337
39.64708329731129
39.75491319212594
39.86329322084976
39.972236331978884
40.08175600103098
40.1918662616819
40.30258173933419
40.41391768735544
40.525890026252696
40.63851538608092
40.75181115242044
40.86579551630026
40.98048752849207
41.09590715865551
41.21207535987915
41.32901413923572
41.44674663505619
41.56529720172766
41.684691502936694
41.8049566144176
41.92612113742603
42.04821532434945
42.171271218091896
42.29532280713952
42.4204061985352
42.54655981137661
42.673824593918006
42.80224426792089
42.93186560458687
43.062738737249376
43.19491751704054
43.32845991903803
43.46342850800614
43.599890974867144
43.73792075759987
43.877597763530446
44.01900921418636
44.162250639348144
44.30742705409768
44.45465436215755
44.60406104154376
44.755790185825965
44.910001998043086
45.06687686747152
45.22661920645408
45.38946229235484
45.5556744595948
45.725567137015254
45.899505457560885
46.07792253466581
46.26133910087778
46.45039122438098
46.645870625199464
46.848785474886554
47.06045621000343
47.28267503621635
47.51799084633011
47.77026846397765
48.045943207387275
48.35748460739266
48.7374733809195