0.025681833612232762
0.0770455189480455
0.12840925861806593
0.17977308884565263
0.23113704585499445
0.2825011658714426
0.3338654851218428
0.3852300398348675
0.43659486624134797
0.4879600005746071
0.539325479070791
0.590691337969202
0.6420576135126314
0.6934243419476911
0.7447915595251474
0.7961593025002532
0.8475276071330814
0.8988965096888574
0.9502660464382929
1.0016362536579189
1.0530071676304193
1.1043788246449653
1.1557512609975475
1.207124512991312
1.258498616936893
1.3098736091527485
1.3612495259654944
1.412626403710239
1.4640042787309184
1.5153831873806325
1.5667631660219792
1.6181442510273916
1.6695264787794732
1.720909885671335
1.7722945081069308
1.823680382501396
1.8750675452813839
1.9264560328854023
1.9778458817641535
2.029237128380871
2.0806298092116577
2.1320239607458267
2.183419619486238
2.234816821949641
2.286215604667011
2.3376160041838934
2.3890180570607407
2.440421799873257
2.4918272692127377
2.5432345016864106
2.5946435339177816
2.646054402546974
2.6974671442310743
2.7488817956444738
2.8002983934792156
2.851716974445337
2.9031375752712147
2.9545602327039133
3.005984983509528
3.0574118644735324
3.1088409124011274
3.160272164117587
3.2117056564686077
3.2631414263206575
3.3145795105613236
3.366019946099665
3.4174627698665616
3.468908018815065
3.5203557299207513
3.571805940182074
3.6232586866207153
3.674714006281941
3.7261719362349544
3.777632513573252
3.8290957754149777
3.880561758903281
3.932030501206672
3.983502039519381
4.034976411061716
4.08645365308042
4.137933802849036
4.189416897668261
4.240902974866313
4.29239207179929
4.343884225851531
4.3953794744359875
4.446877854994578
4.498379404998559
4.549884161948892
4.601392163376605
4.652903446843165
4.704418049940846
4.755936010293095
4.807457365554907
4.858982153413192
4.910510411587148
4.962042177828637
5.0135774899225565
5.065116385687212
5.116658902974695
5.168205079671261
5.219754953697706
5.271308563009741
5.32286594559838
5.3744271394903125
5.4259921827482875
5.4775611134714985
5.529133969795964
5.580710789894915
5.632291611979175
5.683876474297555
5.735465415137232
5.787058472824147
5.838655685723388
5.890257092239582
5.9418627308172915
5.993472639941405
6.0450868581375286
6.096705423972386
6.148328376054214
6.199955753033156
6.251587593601672
6.303223936494926
6.354864820491195
6.406510284412272
6.458160367123866
6.50981510753601
6.561474544603468
6.613138717326142
6.664807664749478
6.716481425964884
6.768160040110132
6.819843546369782
6.8715319839755855
6.923225392206909
6.974923810391148
7.026627277904146
7.078335834170616
7.130049518664558
7.181768370909685
7.233492430479848
7.2852217369994605
7.336956330143922
7.388696249640054
7.440441535266524
7.492192226854281
7.543948364286987
7.595709987501449
7.647477136488063
7.699249851291245
7.751028172009871
7.802812138797724
7.854601791863928
7.9063971714734
7.958198317947292
8.01000527166344
8.061818073056813
8.113636762619961
8.165461380903476
8.21729196851644
8.269128566126875
8.320971214462222
8.372819954309778
8.424674826517167
8.476535871992805
8.528403131706368
8.580276646689247
8.632156458035029
8.684042606899961
8.735935134503428
8.787834082128422
8.839739491122021
8.891651402895869
8.943569858926654
8.995494900756592
9.04742656999391
9.099364908313335
9.15130995745658
9.20326175923283
9.25522035551925
9.30718578826146
9.359158099474048
9.411137331241056
9.463123525716494
9.51511672512483
9.567116971761507
9.61912430799344
9.671138776259534
9.723160419071197
9.775189279012842
9.82722539874242
9.879268820991928
9.931319588567932
9.983377744352092
10.035443331301689
10.087516392450151
10.139596970907586
10.191685109861313
10.243780852576394
10.295884242396184
10.34799532274286
10.400114137117964
10.452240729102957
10.504375142359764
10.556517420631318
10.608667607742122
10.660825747598796
10.712991884190648
10.765166061590223
10.81734832395387
10.869538715522317
10.921737280621224
10.973944063661774
11.02615910914123
11.078382461643526
11.130614165839841
11.182854266489183
11.23510280843898
11.287359836625653
11.339625396075233
11.391899531903936
11.444182289318771
11.496473713618132
11.548773850192413
11.601082744524605
11.653400442190916
11.705726988861372
11.758062430300443
11.810406812367658
11.862760181018233
11.915122582303688
11.96749406237248
12.019874667470642
12.072264443942405
12.12466343823085
12.177071696878544
12.229489266528184
12.281916193923252
12.334352525908658
12.386798309431411
12.43925359154126
12.491718419391374
12.544192840238997
12.596676901446122
12.649170650480166
12.701674134914644
12.754187402429855
12.80671050081356
12.85924347796168
12.911786381878976
12.964339260679758
13.016902162588572
13.069475135940916
13.122058229183938
13.174651490877151
13.227254969693155
13.279868714418345
13.33249277395364
13.385127197315214
13.437772033635222
13.49042733216254
13.543093142263505
13.595769513422653
13.648456495243476
13.701154137449173
13.753862489883401
13.806581602511045
13.859311525418976
13.912052308816827
13.964804003037766
14.017566658539277
14.070340325903937
14.123125055840214
14.175920899183255
14.228727906895683
14.281546130068401
14.334375619921401
14.38721642780457
14.440068605198515
14.49293220371538
14.545807275099671
14.598693871229088
14.651592044115368
14.70450184590512
14.757423328880675
14.81035654546093
14.86330154820222
14.916258389799163
14.969227123085547
15.022207801035181
15.07520047676279
15.12820520352489
15.181222034720685
15.234251023892948
15.287292224728937
15.340345691061287
15.39341147686893
15.446489636278013
15.499580223562807
15.552683293146655
15.605798899602897
15.658927097655804
15.712067942181536
15.765221488209084
15.818387790921241
15.871566905655552
15.924758887905293
15.977963793320448
16.03118167770869
16.08441259703637
16.137656607429513
16.19091376517482
16.244184126720683
16.297467748678187
16.35076468782215
16.40407500109213
16.457398745593487
16.51073597859839
16.56408675754691
16.61745114004803
16.670829183880745
16.724220946995114
16.777626487513334
16.831045863730843
16.884479134117385
16.937926357318133
16.991387592154783
17.04486289762667
17.098352332911883
17.15185595736841
17.205373830535258
17.258906012133604
17.312452562067943
17.36601354042726
17.41958900748618
17.47317902370616
17.52678364973665
17.580402946416317
17.634036974774222
17.68768579603103
17.741349471600234
17.79502806308938
17.84872163230129
17.902430241235326
17.956153952088616
18.009892827257325
18.063646929337935
18.1174163211285
18.171201065629948
18.225001226047375
18.27881686579135
18.33264804847922
18.386494837936446
18.44035729819793
18.494235493509354
18.54812948832855
18.602039347326823
18.65596513539037
18.709906917621637
18.763864759340706
18.817838726086702
18.87182888361922
18.92583529791972
18.979858035192976
19.033897161868524
19.0879527446021
19.142024850277117
19.196113546006135
19.250218899132342
19.30434097723106
19.358479848111255
19.41263557981704
19.46680824062922
19.52099789906683
19.575204623888695
19.62942848409498
19.683669548928776
19.737927887877692
19.792203570675454
19.84649666730351
19.900807247992667
19.955135383224714
20.009481143734092
20.063844600509533
20.11822582479576
20.172624888095157
20.227041862169465
20.281476819041522
20.33592983099696
20.39040097058598
20.444890310625066
20.49939792419878
20.553923884661547
20.608468265639424
20.66303114103194
20.717612585013892
20.772212672037206
20.82683147683278
20.88146907441234
20.93612554007035
20.990800949385868
21.0454953782245
21.100208902740306
21.15494159937773
21.209693544873584
21.264464816259004
21.31925549086145
21.374065646306697
21.428895360520876
21.483744711732488
21.538613778474478
21.5935026395863
21.648411374216007
21.70334006182234
21.75828878217688
21.81325761536615
21.868246641793807
21.92325594218279
21.97828559757754
22.03333568934617
22.088406299182743
22.143497509109473
22.19860940147903
22.25374205897679
22.30889556462317
22.364070001775932
22.419265454132532
22.474482005732476
22.529719740959717
22.584978744545037
22.640259101568493
22.695560897461835
22.750884218010988
22.806229149358536
22.861595778006222
22.91698419081747
22.972394475019943
23.027826718208125
23.08328100834588
23.13875743376911
23.19425608318836
23.2497770456915
23.305320410746383
23.360886268203593
23.416474708299145
23.47208582165723
23.527719699293044
23.583376432615538
23.639056113430268
23.69475883394226
23.75048468675887
23.80623376489269
23.862006161764487
23.917801971206156
23.973621287463693
24.029464205200217
24.085330819498992
24.141221225866502
24.19713552023554
24.253073798968316
24.309036158859612
24.36502269713996
24.421033511478836
24.477068699987896
24.533128361224257
24.589212594193754
24.645321498354296
24.7014551736192
24.757613720360574
24.813797239412754
24.870005832075723
24.926239600118603
24.982498645783167
25.038783071787382
25.09509298132899
25.15142847808909
25.207789666235836
25.264176650428062
25.32058953581903
25.377028428060154
25.433493433304804
25.489984658212112
25.546502209950834
25.60304619620324
25.659616725169045
25.716213905569376
25.772837846650773
25.829488658189245
25.886166450494333
25.94287133441325
25.99960342133505
26.05636282319479
26.113149652477826
26.169964022224068
26.22680604603231
26.283675838064596
26.340573513050646
26.397499186292304
26.45445297366804
26.51143499163748
26.568445357246016
26.625484188129438
26.68255160251859
26.739647719244136
26.796772657741307
26.85392653805474
26.911109480843336
26.96832160738519
27.025563039582558
27.08283389996689
27.14013431170388
27.197464398598605
27.254824285100703
27.312214096309585
27.369633957979744
27.42708399652607
27.48456433902924
27.542075113241193
27.599616447590606
27.657188471188466
27.71479131383369
27.772425106018805
27.830089978935682
27.887786064481332
27.945513495263764
28.003272404607916
28.06106292656163
28.118885195901683
28.176739348139943
28.234625519529487
28.29254384707088
28.350494468518484
28.40847752238681
28.466493147956992
28.52454148528327
28.582622675199598
28.640736859326307
28.6988841800768
28.757064780664386
28.81527880510914
28.873526398244863
28.931807705726097
28.990122874035247
29.04847205048976
29.10685538324937
29.165273021323472
29.22372511457852
29.282211813745562
29.3407332704278
29.399289637108303
29.457881067157743
29.516507714842255
29.575169735331393
29.633867284706128
29.692600519966994
29.75136959904231
29.810174680796447
29.86901592503828
29.92789349252965
29.98680754499398
30.045758245124972
30.1047457565954
30.163770244066008
30.222831873194508
30.281930810644706
30.3410672240957
30.400241282251212
30.459453154849015
30.518703012670485
30.57799102755025
30.637317372385965
30.696682221148205
30.756085748890456
30.815528131759265
30.875009547004463
30.934530172989554
30.994090189202204
31.053689776264854
31.113329115945486
31.173008391168512
31.232727786025762
31.292487485787667
31.352287676914518
31.412128547067915
31.472010285122312
31.531933081176764
31.591897126566735
31.651902613876135
31.711949736949474
31.772038690904147
31.832169672142914
31.89234287836651
31.952558508586417
32.01281676313782
32.073117843692685
32.133461953273056
32.193849296264474
32.2542800784296
32.314754506922014
32.37527279030016
32.43583513854149
32.49644176305682
32.55709287670482
32.617788693806745
32.678529430161305
32.73931530305979
32.80014653130134
32.861023335208436
32.92194593664265
32.98291455902048
33.04392942732953
33.10499076814484
33.1660988096454
33.22725378163099
33.28845591553916
33.34970544446245
33.41100260316589
33.47234762810469
33.53374075744222
33.59518223106815
33.656672290616974
33.71821117948667
33.77979914285766
33.841436427712054
33.90312328285313
33.964859958925125
34.02664670843325
34.088483785764026
34.15037144720592
34.21230995097021
34.274299557212224
34.336340528052844
34.39843312760029
34.46057762197227
34.52277427931843
34.58502336984312
34.647325165828455
34.70967994165783
34.77208797383963
34.83454954103139
34.89706492406426
34.959634405967876
35.022258271995526
35.084936809649776
35.14767030870841
35.21045906125082
35.273303361684704
35.336203506773245
35.3991597956627
35.462172529910326
35.525242013512845
35.588368552935236
35.65155245714004
35.714794037617104
35.77809360841375
35.84145148616543
35.90486799012691
35.96834344220383
36.031878166984846
36.095472491774274
36.15912674662518
36.22284126437307
36.28661638067011
36.350452434019786
36.41434976581228
36.47830872036029
36.54232964493549
36.60641288980555
36.67055880827175
36.73476775670727
36.79904009459604
36.86337618457221
36.927776392460395
36.9922410873164
37.056770641468816
37.12136543056116
37.186025833594805
37.25075223297256
37.31554501454309
37.380404567645996
37.44533128515768
37.51032556353803
37.57538780287787
37.64051840694723
37.70571778324449
37.770986343046275
37.83632450145837
37.90173267746739
37.967211293993415
38.03276077794356
38.09838156026647
38.1640740760078
38.22983876436666
38.29567606875313
38.36158643684672
38.42757032065596
38.49362817657905
38.55976046546559
38.62596765267947
38.69225020816293
38.758608606501724
38.82504332699158
38.89155485370588
38.95814367556449
39.02481028640412
39.09155518504973
39.158378875387506
39.22528186643912
39.29226467243741
39.35932781290356
39.42647181272572
39.49369720223917
39.56100451730802
39.62839429940856
39.69586709571417
39.763423459181936
39.831063948641024
39.89878912888273
39.966599570752386
40.034495851243086
40.10247855359131
40.170548267374485
40.23870558861052
40.3069511198594
40.375285470326816
40.443709255970006
40.51222309960572
40.580827631020504
40.6495234870832
40.71831131185992
40.78719175673136
40.85616548051265
40.92523314957578
40.99439543797459
41.0636530275725
41.13300660817302
41.202456877653034
41.272004542099104
41.34165031594666
41.41139492212233
41.48123909218944
41.55118356649674
41.62122909433043
41.69137643406973
41.76162635334584
41.83197962920461
41.90243704827293
41.97299940692893
42.04366751147613
42.11444217832167
42.18532423415863
42.256314516152784
42.32741387213363
42.39862316079006
42.469943251870646
42.541375026388806
42.6129193768329
42.68457720738142
42.756349434123514
42.8282369852848
42.90024080145896
42.97236183584491
43.04460105449002
43.11695943653943
43.189437974491646
43.26203767446069
43.33475955644495
43.407604654602935
43.4805740175362
43.55366870857967
43.62688980609952
43.700238403798984
43.773715611032245
43.84732255312669
43.92106037171392
43.9949302250696
44.068933288462645
44.1430707545139
44.21734383356479
44.29175375405614
44.36630176291753
44.44098912596773
44.51581712832631
44.59078707483705
44.66590029050346
44.741158120936866
44.8165619328175
44.89211311436909
44.96781307584739
45.04366325004319
45.119665092800346
45.195820083549386
45.272129725857184
45.34859554799348
45.42521910351472
45.5020019718659
45.57894575900123
45.65605209802414
45.73332264984761
45.81075910387536
45.888363178704985
45.966136622853675
46.044081215507624
46.12219876729591
46.200491121089954
46.27896015282953
46.35760777237653
46.43643592439751
46.51544658927621
46.594641784057536
46.674023563424086
46.75359402070665
46.83335528893039
46.913309541897924
46.993458995311144
47.07380590793348
47.154352582794274
47.23510136843734
47.31605466021559
47.39721490163385
47.47858458574222
47.5601662565821
47.641962510687605
47.72397599864484
47.806209426711824
47.88866555850209
47.97134721673487
48.05425728505543
48.137398709928696
48.220774502610155
48.30438774119771
48.38824157276874
48.47233921560678
48.55668396152233
48.641279178272974
48.726128312087894
48.811234890302394
48.89660252410858
48.98223491142824
49.06813583991501
49.15430919009276
49.24075893863816
49.327489161815386
49.414504039071936
49.501807856804945
49.58940501230783
49.677300017908365
49.76549750530939
49.85400223014475
49.94281907676358
50.03195306325726
50.12140934674444
50.21119322893034
50.30131016195843
50.39176575457336
50.48256577861586
50.57371617587184
50.66522306529989
50.757092750663034
50.84933172859299
50.94194669711766
51.034944564684665
51.128332459717306
51.22211774074181
51.316308007128654
51.41091111049434
51.50593516681434
51.60138856930253
51.69728000211775
51.7936184549637
51.89041323865501
51.98767400172928
52.08541074819301
52.18363385649802
52.28235409985521
52.38158266800334
52.48133119056341
52.58161176212292
52.682436969210606
52.783819919339926
52.885774272320006
52.98831427405589
53.09145479308606
53.19521136013527
53.29960021099462
53.40463833308017
53.510343516066186
53.61673440704074
53.72383057069112
53.831652555095545
53.940221963777766
54.049561534774604
54.15969522757557
54.27064831892139
54.3824475085991
54.495121036548724
54.60869881280721
54.72321256206624
54.83869598491987
54.95518493823802
55.07271763753543
55.191334884732385
55.3110803253441
55.43200073992152
55.5541463755344
55.677571324288095
55.80233395736406
55.92849742495758
56.056130234871084
56.18530692556526
56.31610885338729
56.44862511878367
56.58295366297687
56.71920257542841
56.85749166426266
56.997954357909784
57.14074002834477
57.2860168571665
57.433975409533545
57.5848331441547
57.738840180536165
57.89628678461483
58.05751324966383
58.22292319139093
58.393001835792674
58.5683418279824
58.74968077150908
58.937957837245435
59.13440296764112
59.340685369571716
59.55917874715261
59.793481873557894
60.049586322005595
60.33910021108913
60.69234883027183