0.026762413081360674
0.08028726150007798
0.1338121766870238
0.1873372031551525
0.24086238541862157
0.2943877679932728
0.34791339539711386
0.40143931215079925
0.4549655627781125
0.508492191806447
0.5620192437672882
0.6155467631966953
0.6690747946357833
0.7226033826312049
0.7761325717356332
0.8296624065082439
0.8831929315151978
0.9367241913301246
0.9902562305346051
1.0437890937186551
1.097322825481209
1.1508574704306038
1.2043930731850632
1.2579296783731821
1.3114673306344127
1.3650060746195474
1.4185459549912063
1.4720870164243232
1.5256293036066302
1.579172861239147
1.6327177340366654
1.6862639667282395
1.7398116040576719
1.793360690784003
1.846911271682
1.9004633915426463
1.954017095173632
2.0075724273998437
2.061129433063856
2.1146881570264235
2.1682486441669724
2.2218109393840946
2.275375087596039
2.328941133741208
2.3825091227786497
2.436079099688557
2.489651109472759
2.5432251971552216
2.5968014077825425
2.650379786424451
2.7039603781743065
2.7575432281495966
2.8111283814924404
2.8647158833700876
2.918305778975421
2.97189811352746
3.0254929322718622
3.0790902804814313
3.1326902034566206
3.1862927465260387
3.2398979550469575
3.2935058744058208
3.3471165500187516
3.4007300273320658
3.4543463518227777
3.5079655689991176
3.56158772440104
3.6152128636007412
3.6688410322031726
3.7224722758465574
3.776106640202906
3.8297441709785387
3.883384913914599
3.937028914787579
3.990676219409839
4.04432687363013
4.09798092333412
4.151638414444915
4.20529939292359
4.258963904769713
4.312631996021877
4.366303712758227
4.419979101096994
4.473658207197027
4.527341077258327
4.5810277575225795
4.634718294273699
4.6884127338383585
4.742111122586534
4.795813506932046
4.849519933333099
4.903230448292824
4.9569450983598315
5.01066393012875
5.064386990240781
5.118114325384242
5.171845982295125
5.225582007757644
5.279322448604793
5.333067351718903
5.386816764032194
5.440570732527343
5.494329304238037
5.548092526249545
5.601860445699272
5.655633109777335
5.709410565727124
5.7631928608458765
5.816980042485249
5.870772158051887
5.924569255008002
5.978371380871953
6.032178583218818
6.085990909680982
6.139808407948714
6.193631125770759
6.247459110954916
6.301292411368635
6.355131074939604
6.408975149656341
6.462824683568793
6.516679724788929
6.57054032149134
6.624406521913842
6.67827837435808
6.732155927190131
6.78603922884111
6.839928327807789
6.893823272653201
6.947724112007254
7.001630894567356
7.055543669099026
7.109462484436519
7.163387389483451
7.217318433213423
7.271255664670651
7.325199132970598
7.379148887300603
7.433104976920523
7.487067451163372
7.541036359435955
7.595011751219519
7.648993676070395
7.702982183620652
7.75697732357874
7.810979145730155
7.864987699938087
7.919003036144087
7.973025204368722
8.027054254712247
8.08109023735527
8.135133202559423
8.189183200668037
8.243240282106816
8.297304497384522
8.351375897093652
8.405454531911124
8.459540452598974
8.513633710005033
8.567734355063635
8.621842438796309
8.67595801231248
8.730081126810175
8.784211833576725
8.838350183989485
8.892496229516542
8.94665002171743
9.000811612243849
9.054981052840406
9.109158395345313
9.163343691691146
9.21753699390556
9.271738354112035
9.325947824530612
9.380165457478647
9.434391305371545
9.488625420723526
9.542867856148368
9.597118664360176
9.65137789817414
9.705645610507299
9.75992185437932
9.81420668291326
9.86850014933636
9.922802306980804
9.977113209284534
10.031432909792013
10.085761462155032
10.14009892013351
10.194445337596292
10.248800768521946
10.303165266999596
10.357538887229708
10.411921683524938
10.466313710310926
10.520715022127147
10.575125673627731
10.629545719582302
10.683975214876812
10.738414214514398
10.792862773616221
10.847320947422324
10.901788791292494
10.956266360707119
11.010753711268057
11.065250898699514
11.119757978848915
11.17427500768779
11.228802041312662
11.283339135945933
11.337886347936792
11.392443733762102
11.447011350027323
11.50158925346741
11.556177500947742
11.610776149465037
11.665385256148282
11.720004878259667
11.77463507319552
11.829275898487257
11.883927411802325
11.93858967094516
11.993262733858142
12.047946658622573
12.102641503459632
12.157347326731365
12.212064186941666
12.266792142737254
12.321531252908686
12.376281576391344
12.431043172266445
12.485816099762054
12.540600418254103
12.595396187267413
12.650203466476729
12.705022315707751
12.759852794938183
12.81469496429878
12.86954888407441
12.9244146147051
12.979292216787124
13.034181751074073
13.089083278477926
13.143996860070157
13.198922557082819
13.253860430909652
13.308810543107185
13.363772955395866
13.41874772966117
13.473734927954746
13.528734612495539
13.583746845670946
13.638771690037967
13.693809208324359
13.74885946342981
13.80392251842711
13.858998436563333
13.914087281261034
13.969189116119438
14.024304004915646
14.079432011605855
14.134573200326578
14.189727635395865
14.244895381314555
14.300076502767507
14.355271064624862
14.410479131943305
14.465700769967336
14.520936044130545
14.576185020056906
14.631447763562067
14.686724340654662
14.742014817537617
14.797319260609482
14.852637736465756
14.907970311900227
14.963317053906334
15.018678029678512
15.074053306613564
15.129442952312049
15.18484703457966
15.24026562142862
15.295698781079098
15.351146581960618
15.40660909271349
15.462086382190245
15.51757851945708
15.57308557379532
15.628607614702881
15.684144711895748
15.739696935309466
15.795264355100633
15.85084704164842
15.906445065556076
15.962058497652473
16.01768740899364
16.07333187086433
16.128991954779547
16.184667732486172
16.240359275964522
16.296066657429943
16.35178994933444
16.407529224368286
16.463284555461655
16.519056015786287
16.574843678757112
16.630647618033958
16.68646790752321
16.74230462137951
16.79815783400747
16.854027620063384
16.90991405445698
16.96581721235314
17.021737169173683
17.077674000599128
17.133627782570475
17.18959859129102
17.245586503228154
17.301591595115198
17.357613943953254
17.41365362701303
17.46971072183675
17.52578530624
17.58187745831366
17.63798725642579
17.694114779223582
17.75026010563528
17.80642331487216
17.862604486430484
17.918803700093505
17.975021035933466
18.031256574313613
18.087510395890245
18.143782581614758
18.200073212735713
18.256382370800928
18.31271013765957
18.369056595464276
18.4254218266733
18.481805914052654
18.538208940678278
18.594630989938228
18.651072145534886
18.707532491487186
18.76401211213283
18.820511092130587
18.877029516462535
18.933567470436376
18.99012503968775
19.046702310182557
19.10329936821932
19.15991630043157
19.216553193790197
19.273210135605915
19.329887213531652
19.386584515565026
19.44330213005081
19.500040145683425
19.556798651509446
19.61357773693016
19.670377491704105
19.72719800594965
19.7840393701476
19.840901675143815
19.897785012151864
19.95468947275567
20.011615148912238
20.06856213295432
20.12553051759319
20.18252039592139
20.23953186141551
20.296565007939005
20.353619929745022
20.410696721479248
20.467795478182815
20.524916295295185
20.58205926865709
20.639224494513496
20.69641206951658
20.753622090728733
20.810854655625626
20.86810986209923
20.925387808460954
20.982688593444728
21.040012316210163
21.097359076345732
21.15472897387196
21.212122109244667
21.269538583358226
21.32697849754884
21.384441953597893
21.441929053735265
21.499439900642738
21.556974597457398
21.614533247775075
21.672115955653826
21.729722825617436
21.78735396265896
21.84500947224428
21.90268946031573
21.960394033295728
22.018123298090433
22.07587736209347
22.133656333189656
22.191460319758782
22.24928943067943
22.307143775332797
22.365023463606608
22.42292860589901
22.480859313122544
22.53881569670813
22.596797868609112
22.654805941305305
22.712840027807136
22.770900241659763
22.828986696947286
22.887099508296963
22.945238790883483
23.00340466043329
23.06159723322891
23.119816626113373
23.178062956494635
23.23633634235007
23.29463690223099
23.352964755267212
23.411320021171687
23.469702820245143
23.528113273380804
23.586551502069145
23.64501762840268
23.703511775080827
23.7620340654148
23.82058462333254
23.879163573383742
23.93777104074487
23.99640715122428
24.055072031267343
24.11376580796168
24.172488609042382
24.231240562897337
24.290021798572596
24.348832445777763
24.407672634891505
24.466542496967055
24.525442163737804
24.584371767622947
24.643331441733196
24.702321319876507
24.761341536563954
24.820392227015567
24.87947352716629
24.93858557367201
24.99772850391559
25.05690245601303
25.116107568819665
25.17534398193641
25.234611835716123
25.293911271269973
25.35324243047393
25.412605455975296
25.472000491199307
25.531427680355833
25.59088716844609
25.65037910126951
25.709903625430613
25.76946088834598
25.829051038251308
25.888674224208554
25.948330596113113
26.008020304701116
26.067743501556805
26.127500339119965
26.187290970693454
26.247115550450836
26.306974233444052
26.366867175611226
26.42679453378453
26.486756465698146
26.54675312999631
26.606784686241465
26.666851294922477
26.726953117462994
26.787090316229833
26.84726305454152
26.90747149667691
26.967715807883877
27.027996154388163
27.08831270340227
27.148665623134505
27.209055082798084
27.269481252620373
27.329944303852233
27.390444408777476
27.450981740722405
27.5115564740655
27.57216878424722
27.63281884777988
27.693506842257694
27.75423294636691
27.814997339896067
27.875800203746394
27.93664171994231
27.99752207164205
28.058441443148467
28.119400019919894
28.180397988581184
28.24143553693488
28.3025128539725
28.363630129886
28.424787556079323
28.485985325180142
28.547223631051715
28.60850266880491
28.669822634810366
28.731183726710796
28.792586143433475
28.854030085202854
28.915515753553347
28.97704335134228
29.038613082763
29.10022515335815
29.161879770033117
29.22357714106965
29.28531747613966
29.347100986319163
29.408927884102468
29.47079838341648
29.532712699635223
29.59467104959457
29.656673651607107
29.718720725477258
29.780812492516556
29.842949175559156
29.90513099897752
29.96735818869832
30.029630972218573
30.091949578621964
30.15431423859539
30.21672518444575
30.27918265011693
30.341686871207045
30.40423808498588
30.466836530412614
30.529482448153747
30.592176080601284
30.654917671891173
30.717707467922004
30.780545716373936
30.84343266672792
30.906368570285174
30.969353680186927
31.03238825143444
31.095472540909324
31.15860680739411
31.221791311593144
31.28502631615376
31.348312085687763
31.4116488867932
31.47503698807646
31.538476660174705
31.601968175778584
31.665511809655296
31.729107838672007
31.792756541819575
31.856458200236638
31.920213097234054
31.984021518319697
32.04788375122363
32.11180008592361
32.17577081467105
32.23979623201727
32.303876634840236
32.368012322371605
32.432203596224284
32.4964507604203
32.56075412141918
32.625113988146666
32.68953067202399
32.7540044869975
32.81853574956879
32.88312477882525
32.94777189647115
33.01247742685917
33.07724169702241
33.14206503670693
33.20694777840482
33.27189025738769
33.33689281174082
33.40195578239779
33.46707951317564
33.53226435081063
33.59751064499456
33.66281874841169
33.728189016776234
33.79362180887046
33.859117486583465
33.924676414950504
33.99029896219302
34.055985499759345
34.121736402366
34.18755204803975
34.25343281816038
34.31937909750407
34.385391274287656
34.4514697402135
34.517614890515205
34.583827124004074
34.650106843116376
34.716454453961404
34.78287036637036
34.84935499394613
34.91590875411386
34.982532068172425
35.04922536134686
35.11598906284162
35.182823605894846
35.24972942783354
35.3167069701298
35.38375667845794
35.45087900275276
35.518074397268755
35.58534332064048
35.65268623594395
35.72010361075919
35.7875959172339
35.855163632148354
35.9228072369814
35.99052721797776
36.05832406621657
36.126198277681155
36.194150353330166
36.262180799170025
36.33029012632878
36.39847885113128
36.46674749517593
36.53509658541273
36.603526654223025
36.67203823950059
36.74063188473446
36.80930813909329
36.87806755751139
36.94691070077646
37.01583813561903
37.08485043480374
37.15394817722239
37.22313194798886
37.29240233853601
37.3617599467144
37.43120537689321
37.50073924006305
37.57036215394097
37.64007474307764
37.709877638966724
37.779771480156526
37.84975691236399
37.91983458859113
37.990005169243844
38.06026932225332
38.13062772320001
38.201081055440234
38.2716300102356
38.3422752868851
38.413017592860186
38.48385764394278
38.554796164366266
38.62583388695968
38.69697155329505
38.76820991383802
38.83954972810188
38.910991764805075
38.98253680203229
39.054185627399164
39.12593903822081
39.197797841684235
39.269762855024744
39.34183490570641
39.41401483160685
39.48630348120623
39.55870171378092
39.63121039960156
39.70383042013601
39.77656266825713
39.84940804845559
39.92236747705782
39.995441882449406
40.06863220530384
40.141939398817016
40.215364428947574
40.28890827466318
40.3625719281931
40.4363563952871
40.51026269548097
40.58429186236884
40.65844494388254
40.73272300257816
40.807127115930115
40.88165837663292
40.9563178929109
41.03110678883621
41.10602620465522
41.18107729712382
41.25626123985167
41.33157922365592
41.407032456924554
41.48262216598978
41.55834959551178
41.63421600887315
41.71022268858447
41.786370936701296
41.862662075253056
41.939097446684215
42.01567841430821
42.092406362774504
42.16928269854933
42.24630885041061
42.32348626995747
42.40081643213504
42.478300835774945
42.55594100415221
42.633738485559086
42.7116948538965
42.789811709283775
42.86809067868734
42.94653341656909
43.025141605555305
43.10391695712675
43.18286121233094
43.26197614251736
43.341263550096635
43.420725269324485
43.500363167111665
43.58017914386074
43.660175134330984
43.74035310853246
43.82071507265051
43.90126307000202
43.981999182024694
44.06292552930089
44.14404427261734
44.22535761406251
44.30686779816305
44.38857711306128
44.47048789173539
44.55260251326429
44.634923404139236
44.71745303962427
44.80019394516778
44.88314869786759
44.96631992799199
45.049710320559534
45.1333226169802
45.2171596167611
45.3012241792797
45.38551922562801
45.47004774053115
45.55481277434415
45.639817445130795
45.72506494082881
45.810558521505804
45.89630152171072
45.98229735292574
46.068549506124086
46.15506155443931
46.24183715595211
46.32888005660124
46.41619409322519
46.503783196741985
46.59165139547511
46.67980281863353
46.76824169995506
46.856972381522326
46.94599931776171
47.035327079636026
47.12496035904269
47.214903973429905
47.30516287064428
47.395742134024346
47.48664698775549
47.577882802503034
47.66945510134133
47.761369565998486
47.8536320434373
47.94624855279535
48.03922529270827
48.132568649042845
48.22628520306846
48.3203817400977
48.41486525862997
48.50974298003436
48.60502235881161
48.70071109347833
48.79681713812052
48.8933487146677
48.99031432594398
49.0877227695571
49.18558315269298
49.28390490788926
49.38269780986898
49.48197199352316
49.581737973140584
49.682006662992734
49.782789399393394
49.88409796436501
49.98594461105832
50.088342091087775
50.19130368396355
50.29484322882151
50.398975158675995
50.50371453744669
50.60907710004135
50.715079295810675
50.82173833573124
50.929072243717926
51.037099912519714
51.145841164713154
51.25531681937765
51.36554876511824
51.47656004019603
51.58837492063686
51.70101901731872
51.81451938319073
51.92890463195659
52.04420506976906
52.16045284173585
52.277682095341284
52.39592916325275
52.515232768420574
52.635634254913576
52.7571778485823
52.87991095243798
53.00388448261704
53.12915325201748
53.2557764102128
53.383817950158026
53.51334729462002
53.64443997834945
53.777178445982415
53.91165299081725
54.047962866375215
54.18621761161716
54.32653864270294
54.46906118048337
54.61393660533581
54.76133536224387
54.911450583392785
55.064502659598624
55.2207450861663
55.380472050615694
55.54402844842814
55.7118233596881
55.88434858681145
56.06220481623475
56.24613967131227
56.43710509619778
56.636347782185645
56.84555969637001
57.06714695350588
57.30475753586102
57.56446507200474
57.858036925592145
58.216215206114406