0.05482118291188114
0.1644643514668198
0.27410992836810166
0.38375951968942057
0.4934147322689649
0.6030771740158104
0.7127484542169078
0.8224301838448375
0.9321239758665032
1.041831445552937
1.1515542107903907
1.2612938923928907
1.3710521144164307
1.4808305044749845
1.5906306940585182
1.7004543188531878
1.8103030190639056
1.9201784397394654
2.0300822311004194
2.1400160488698985
2.249981554607578
2.3599804160469886
2.4700143074363763
2.5800849098833263
2.6901939117033606
2.800343008772729
2.91053390488562
3.020768312116017
3.131047951184439
3.241374551829799
3.351749853186636
3.462175604167967
3.5726535638540224
3.683185501887131
3.7937731988730268
3.9044184467888714
4.015123049398266
4.125888822673573
4.236717595225835
4.34761120874264
4.458571518434225
4.569600393488201
4.680699717533206
4.791871389111897
4.903117322163618
5.014439446517158
5.125839708393986
5.2373200709224035
5.34888251466302
5.460529038146021
5.572261658420688
5.684082411617653
5.795993353524396
5.907996560174489
6.020094128451164
6.132288176705724
6.244580845391423
6.356974297713402
6.469470720295318
6.582072323863342
6.694781343948198
6.807600041605965
6.920530704158401
7.033575645953557
7.146737209147499
7.260017764507998
7.373419712241056
7.486945482841219
7.600597537966629
7.714378371339835
7.828290509675425
7.942336513635582
8.05651897881473
8.170840536754481
8.285303855990167
8.399911643130272
8.514666643970179
8.629571644641695
8.744629472799886
8.85984299884885
8.97521513720811
9.090748847621425
9.206447136509869
9.322313058371181
9.438349717227414
9.55456026812311
9.670947918676248
9.787515930684416
9.90426762178875
10.021206367198294
10.138335601477658
10.255658820400923
10.373179582874963
10.490901512935524
10.60882830181956
10.726963710117555
10.845311570009782
10.963875787590638
11.082660345285499
11.201669304364723
11.320906807559817
11.440377081786966
11.56008444098352
11.680033289063376
11.800228122997526
11.920673536026454
12.041374221011502
12.162334973932795
12.283560697541741
12.40505640517674
12.526827224751239
12.648878402923918
12.771215309461459
12.893843441805004
13.016768429852299
13.13999604096823
13.26353218523744
13.387382920973675
13.511554460501555
13.63605317622764
13.760885607018874
13.886058464907922
14.011578642146283
14.137453218627778
14.263689469706712
14.390294874436913
14.517277124259996
14.64464413217342
14.772404042411464
14.900565240674963
15.029136364948666
15.158126316948369
15.287544274243643
15.41739970310595
15.54770237213637
15.678462366732056
15.809690104455871
15.941396351379701
16.073592239478494
16.20628928515945
16.339499409018952
16.47323495692892
16.607508722564454
16.742333971495874
16.877724466981125
17.01369449760857
17.150258906956307
17.28743312545209
17.42523320463823
17.563675854068702
17.70277848109187
17.842559233801303
17.983037047471026
18.12423169482942
18.266163840569725
18.408855100544987
18.55232810615254
18.69660657447919
18.841715384854368
18.9876806625467
19.134529870441845
19.282291909658678
19.43099723020023
19.58067795289924
19.73136800411034
19.883103264827945
20.03592173617815
20.189863723553266
20.34497204204071
20.501292246257854
20.65887288825943
20.81776580785671
20.978026460507706
21.139714288942365
21.30289314592516
21.467631777093565
21.634004374728217
21.802091215720917
21.971979400058938
22.143763710039956
22.317547615447168
22.493444456427977
22.671578844364024
22.85208833234501
23.03512542204058
23.22085999436861
23.409482279698032
23.601206522878844
23.796275554492052
23.9949665607004
24.197598463313437
24.404541501099494
24.616229880069675
24.8331787991657
25.05600787572201
25.285474213548635
25.522520514085944
25.76834764796242
26.02452904658743
26.293201180576478
26.577403893575504
26.881748597410994
27.21391767867948
27.588805483898515
28.045353590948505