0.03547162613514524
0.1064149694443586
0.1773585858733781
0.24830265751219993
0.31924736646600943
0.3901928948612588
0.46113942485174697
0.532087138624702
0.6030362184068669
0.673986846470589
0.7449392051399144
0.8158934767966861
0.8868498438866499
0.9578084889255644
1.0287695945053192
1.09973334330006
1.1706999180723214
1.2416695016791692
1.3126422770783517
1.3836184273344598
1.4545981356250992
1.525581585247072
1.5965689596225716
1.6675604423053885
1.7385562169871303
1.8095564675034534
1.8805613778403114
1.9515711321402152
2.022585914708512
2.0936059100196758
2.164631302723621
2.235662277652026
2.30669901982468
2.3777417144558473
2.4487905469606477
2.5198457029614616
2.590907368294353
2.661975729015513
2.7330509714077267
2.804133281986863
2.8752228475083856
2.94631985497389
3.0174244916376614
3.0885369450132654
3.1596574028801556
3.2307860532903137
3.301923084574915
3.3730686853510226
3.4442230445283095
3.515386351315812
3.58655879522871
3.657740566095142
3.7289318540630476
3.8001328496070506
3.8713437435353613
3.942564726996729
4.013795991487416
4.0850377288582145
4.156290131321497
4.227553391458305
4.298827702225475
4.370113256962801
4.441410249400241
4.512718873665162
4.584039324289621
4.655371796217696
4.726716484812856
4.798073585865376
4.8694432955997895
4.9408258106824
5.012221328228824
5.083630045811594
5.1550521614678
5.226487873706785
5.2979373815178885
5.369400884378242
5.440878582260616
5.5123706756413196
5.583877365508151
5.655398853368409
5.726935341256956
5.798487031744335
5.870054127944951
5.941636833525309
6.013235352712304
6.084849890301584
6.156480651665969
6.22812784276393
6.29979167014814
6.371472340974078
6.443170063008718
6.514885044639261
6.586617494881961
6.658367623391002
6.730135640467456
6.801921757068306
6.873726184815551
6.945549136005377
7.017390823617414
7.089251461324056
7.161131263499875
7.233030445231105
7.304949222325206
7.376887811320521
7.448846429496006
7.52082529488105
7.592824626265379
7.664844643209055
7.736885566052556
7.80894761592695
7.881031014764166
7.953135985307352
8.025262751121332
8.097411536603161
8.169582566992782
8.241776068383768
8.313992267734188
8.386231392877562
8.458493672533924
8.530779336320998
8.603088614765468
8.675421739314382
8.747778942346645
8.820160457184643
8.892566518105973
8.964997360355293
9.037453220156298
9.109934334723816
9.182440942276013
9.254973282046752
9.32753159429805
9.40011612033269
9.472727102506951
9.545364784243473
9.618029410044267
9.690721225503848
9.763440477322535
9.836187413319864
9.908962282448169
9.981765334806303
10.054596821653504
10.127456995423431
10.200346109738332
10.273264419423393
10.346212180521231
10.41918965030656
10.492197087301017
10.565234751288163
10.63830290332865
10.71140180577557
10.784531722289964
10.857692917856534
10.93088565879953
11.00411021279881
11.077366848906113
11.150655837561501
11.22397745061002
11.297331961318541
11.370719644392814
11.444140775994725
11.517595633759766
11.59108449681471
11.664607645795511
11.738165362865418
11.811757931733327
11.885385637672334
11.959048767538546
12.032747609790123
12.106482454506544
12.18025359340813
12.254061319875825
12.327905928971202
12.40178771745675
12.475706983816423
12.549664028276423
12.6236591528263
12.697692661240294
12.771764859098973
12.845876053811137
12.920026554636046
12.994216672705909
13.068446721048689
13.142717014611222
13.217027870282628
13.291379606918053
13.365772545362733
13.440207008476369
13.514683321157873
13.589201810370412
13.663762805166824
13.738366636715387
13.813013638325936
13.887704145476345
13.962438495839399
14.037217029310028
14.11204008803293
14.186908016430602
14.26182116123174
14.336779871500095
14.411784498663689
14.486835396544503
14.56193292138857
14.637077431896515
14.712269289254536
14.78750885716586
14.862796501882642
14.938132592238347
15.013517499680626
15.088951598304662
15.164435264887038
15.239968878920104
15.315552822646874
15.391187481096441
15.466873242119958
15.542610496427143
15.61839963762336
15.694241062247292
15.77013516980916
15.846082362829579
15.922083046879
15.998137630617773
16.074246525836866
16.150410147499198
16.22662891378166
16.30290324611779
16.37923356924115
16.45562031122938
16.532063903549002
16.608564781100917
16.685123382266667
16.761740148955468
16.838415526651975
16.91514996446489
16.99194391517636
17.06879783529217
17.14571218509283
17.22268742868549
17.299724034056734
17.37682247312629
17.453983221801636
17.531206760033566
17.608493571872682
17.68584414552689
17.76325897341988
17.84073855225063
17.918283383053964
17.99589397126215
18.0735708267676
18.151314463986704
18.22912540192476
18.30700416424211
18.384951279321413
18.462967280336212
18.541052705320656
18.619208097240552
18.697434004065713
18.775730978843598
18.85409957977437
18.932540370287292
19.011053919118588
19.089640800390733
19.16830159369326
19.247036884165077
19.32584726257834
19.404733325423955
19.48369567499869
19.562734919493973
19.641851673086418
19.721046556030085
19.80032019475056
19.879673221940894
19.959106276659377
20.038620004429323
20.11821505734077
20.197892094154266
20.277651780406696
20.35749478851929
20.43742179790776
20.517433495094746
20.59753057382453
20.67771373518008
20.757983687702602
20.838341147513457
20.918786838438745
20.999321492136396
21.079945848226004
21.160660654421406
21.241466666666053
21.322364649271307
21.403355375057703
21.48443962549927
21.56561819087096
21.646891870399344
21.72826147241658
21.809727814517792
21.891291723721924
21.972954036636217
22.05471559962432
22.136577268978243
22.218539911094155
22.30060440265222
22.38277163080054
22.465042493343315
22.547417898933382
22.629898767269218
22.71248602929655
22.795180627414712
22.87798351568788
22.96089566006134
23.043918038582888
23.12705164162962
23.210297472140134
23.293656545852436
23.377129891547625
23.460718551299582
23.544423580730854
23.62824604927487
23.712187040444746
23.796247652108843
23.880428996773283
23.964732201871715
24.049158410062425
24.133708779533162
24.218384484313855
24.303186714597448
24.388116677069217
24.473175595244694
24.558364709816672
24.643685279011375
24.729138578954295
24.81472590404585
24.90044856734735
24.986307900977458
25.072305256519638
25.15844200544089
25.244719539522183
25.331139271300987
25.417702634526314
25.504411084626742
25.591266099191838
25.678269178467477
25.765421845865557
25.852725648488608
25.94018215766987
26.02779296952937
26.11555970554658
26.20348401315033
26.291567566326542
26.379812066244494
26.468219241902315
26.556790850792435
26.64552867958775
26.73443454484928
26.82351029375624
26.91275780485929
27.00217898885794
27.091775789403076
27.18155018392558
27.271504184492116
27.361639838689175
27.45195923053657
27.54246448143152
27.633157751124692
27.72404123872946
27.81511718376582
27.906387867240444
27.997855612764397
28.08952278771017
28.181391804409714
28.27346512139532
28.365745244685215
28.458234729115865
28.550936179723124
28.64385225317441
28.736985659254277
28.830339162405853
28.92391558333072
29.017717800650004
29.111748752629605
29.2060114389726
29.300508922682077
29.395244331997855
29.490220862410695
29.58544177875789
29.680910417404267
29.77663018851296
29.872604578410563
29.96883715205143
30.065331555586436
30.16209151904155
30.259120859112183
30.35642348207941
30.45400338685474
30.55186466816048
30.650011519853145
30.748448238397938
30.847179226502877
30.946208996921573
31.045542176434548
31.145183510019343
31.245137865220713
31.34541023673268
31.446005751205416
31.546929672290464
31.648187405939154
31.749784505969995
31.85172667992196
31.954019795212044
32.0566698856167
32.15968315809838
32.26306600000015
32.3668249866329
32.47096688928206
32.57549868366256
32.680427558853346
32.78576092674538
32.89150643203986
32.99767196283664
33.10426566185626
33.21129593834295
33.3187714807
33.4267012699139
33.53509459382856
33.64396106233687
33.75331062356317
33.86315358111735
33.97350061250924
34.08436278882072
34.19575159574301
34.3076789560974
34.420157253970345
34.53319936060764
34.64681866222802
34.76102908993425
34.875845151919734
34.991281968191316
35.10735530805425
35.224081630635084
35.34147812875062
35.45956277646985
35.57835438075845
35.697872637645894
35.81813819341233
35.93917271135863
36.060998944799856
36.183640817011366
36.30712350896051
36.43147355577798
36.55671895306518
36.682889274300855
36.810015800807896
36.93813166597502
37.0672720157068
37.19747418740827
37.328777910210356
37.461225529624386
37.59486226039885
37.72973647206391
37.865900012522424
38.00340857612194
38.14232212397698
38.28270536597623
38.424628316003
38.568166934548415
38.713403876280104
38.86042936448434
39.00934221995548
39.16025107932498
39.313275847653514
39.46854944328828
39.626219910871285
39.78645300297955
39.94943536520357
40.115378508147906
40.28452382010418
40.45714897758277
40.63357626652188
40.81418356697511
40.999419134537945
41.189821934318516
41.38605033970856
41.588923878682856
41.799486192238426
42.01910425318571
42.249633545012195
42.49371312746674
42.75534482052892
43.041192554140444
43.36416989508313
43.75802091650056