0.028578835067022083
0.08573653610711104
0.14289432986576886
0.20005227815682317
0.2572104427962741
0.31436888560316356
0.3715276684004445
0.42868685301585024
0.48584650128276435
0.5430066750410902
0.6001674361381214
0.6573288464294119
0.7144909677796473
0.7716538620635153
0.8288175911665778
0.885982216986143
0.9431478014321373
1.0003144064279788
1.0574820939114504
1.114650925835575
1.171820964169489
1.2289922708993182
1.2861649080290545
1.3433389375814322
1.4005144215988052
1.4576914221440271
1.5148700013013285
1.5720502211771985
1.6292321439012654
1.6864158316271787
1.743601346533492
1.8007887508245481
1.857978106731362
1.9151694765125096
1.9723629224550134
2.0295585068752313
2.086756292119747
2.1439563405662607
2.201158714624481
2.2583634767370193
2.3155706893802837
2.372780415065376
2.4299927163389903
2.487207655784311
2.544425296021914
2.6016456997106694
2.658868929548645
2.7160950482740134
2.773324118665956
2.8305562035455747
2.8877913657768026
2.9450296682673147
3.0022711739694445
3.0595159458810977
3.1167640470466718
3.174015540557976
3.2312704895551536
3.288528957227604
3.3457910068149124
3.4030567016077735
3.460326104948926
3.5175992802340823
3.574876290912865
3.6321572004897424
3.6894420725249697
3.7467309706355283
3.8040239584960718
3.861321099839872
3.9186224584597675
3.9759280982091156
4.033238083002746
4.090552476817917
4.147871343695277
4.2051947477398235
4.26252275312187
4.319855424078012
4.3771928249120995
4.434535019996206
4.49188207377161
4.54923405074977
4.606591015513309
4.663953032716997
4.721320167088742
4.7786924834305795
4.8360700466196676
4.893452921609284
4.950841173429827
5.008234867189823
5.06563406807693
5.123038841358948
5.18044925238484
5.237865366585744
5.295287249475996
5.352714966654155
5.410148583804035
5.467588166695733
5.52503378118667
5.5824854932226255
5.639943368838787
5.697407474160795
5.754877875405797
5.812354638883498
5.869837830997229
5.9273275182450025
5.984823767220587
6.042326644614577
6.099836217215468
6.15735255191074
6.214875715687944
6.272405775635786
6.32994279894523
6.387486852910588
6.445038004930631
6.502596322509692
6.560161873258781
6.617734724896701
6.6753149452511735
6.732902602259964
6.790497763972012
6.848100498548571
6.905710874264352
6.963328959508667
7.020954822786584
7.078588532720087
7.136230158049232
7.193879767633324
7.2515374304520845
7.3092032156068365
7.366877192321682
7.424559429944701
7.482249997949141
7.539948965934621
7.597656403628344
7.655372380886301
7.7130969676945
7.770830234170186
7.828572250563074
7.886323087256588
7.944082814769104
8.0018515037552
8.05962922500691
8.117416049454997
8.17521204817021
8.233017292364567
8.290831853392634
8.348655802752821
8.406489212088673
8.46433215319017
8.522184697995046
8.580046918590098
8.637918887212514
8.695800676251201
8.753692358248129
8.811594005899671
8.869505692057963
8.927427489732251
8.985359472090279
9.043301712459648
9.101254284329203
9.159217261350436
9.217190717338868
9.27517472627547
9.333169362308068
9.391174699752773
9.449190813095413
9.507217776992965
9.565255666275014
9.623304555945202
9.681364521182696
9.739435637343663
9.797517979962752
9.855611624754582
9.913716647615253
9.97183312462384
10.029961132043928
10.088100746325129
10.146252044104624
10.204415102208708
10.262589997654349
10.32077680765075
10.37897560960093
10.437186481103302
10.49540949995328
10.553644744144869
10.611892291872296
10.670152221531628
10.72842461172241
10.78670954124931
10.84500708912378
10.903317334565719
10.96164035700516
11.019976236083954
11.078325051657469
11.13668688379631
11.195061812788037
11.253449919138895
11.311851283575573
11.37026598704695
11.428694110725877
11.48713573601094
11.545590944528271
11.604059818133354
11.662542438912828
11.72103888918633
11.779549251508332
11.838073608670003
11.896612043701069
11.955164639871702
12.013731480694416
12.072312649925959
12.130908231569256
12.189518309875327
12.248142969345244
12.306782294732086
12.365436371042927
12.424105283540808
12.482789117746758
12.541487959441806
12.60020189466901
12.65893100973551
12.717675391214591
12.77643512594776
12.835210301046835
12.894001003896058
12.952807322154216
13.011629343756784
13.070467156918074
13.129320850133407
13.188190512181311
13.24707623212571
13.305978099318153
13.364896203400047
13.423830634304913
13.482781482260657
13.541748837791856
13.600732791722065
13.659733435176136
13.71875085958257
13.777785156675867
13.836836418498896
13.89590473740531
13.954990206061941
14.014092917451249
14.07321296487376
14.132350441950544
14.191505442625708
14.250678061168902
14.309868392177846
14.36907653058089
14.428302571639577
14.487546610951231
14.546808744451583
14.606089068417385
14.665387679469076
14.724704674573456
14.784040151046378
14.843394206555475
14.902766939122888
14.962158447128047
15.021568829310443
15.08099818477244
15.140446612982114
15.199914213776104
15.259401087362484
15.318907334323683
15.378433055619395
15.437978352589544
15.497543326957256
15.557128080831859
15.616732716711914
15.676357337488263
15.736002046447112
15.795666947273139
15.855352144052615
15.915057741276572
15.974783843843985
16.034530557064986
16.094297986664106
16.15408623878353
16.21389541998642
16.273725637260217
16.33357699802001
16.39344961011192
16.453343581816494
16.51325902185218
16.57319603937878
16.63315474400096
16.6931352457718
16.75313765519633
16.813162083235166
16.873208641308118
16.933277441297864
16.993368595553648
17.05348221689501
17.11361841861554
17.173777314486706
17.23395901876165
17.294163646179083
17.354391311967184
17.41464213184754
17.474916222039106
17.535213699262243
17.59553468074276
17.655879284215985
17.716247627930912
17.776639830654364
17.837056011675173
17.897496290808455
17.95796078839987
18.018449625329946
18.07896292301846
18.13950080342882
18.200063389072536
18.26065080301369
18.321263168873475
18.38190061083478
18.442563253646796
18.503251222629686
18.563964643679302
18.624703643271925
18.685468348469087
18.746258886922398
18.807075386878452
18.867917977183783
18.928786787289823
18.989681947257992
19.050603587764737
19.11155184010672
19.172526836205975
19.233528708615182
19.29455759052294
19.355613615759133
19.41669691880032
19.477807634775214
19.53894589947017
19.60011184933478
19.66130562148747
19.722527353721212
19.783777184509244
19.84505525301088
19.90636169907736
19.96769666325779
20.029060286805098
20.090452711682083
20.151874080567538
20.21332453686239
20.27480422469597
20.33631328893226
20.397851875176315
20.459420129780646
20.521018199851753
20.58264623325667
20.64430437862962
20.705992785378704
20.767711603692703
20.82946098454791
20.891241079715073
20.95305204176638
21.01489402408254
21.07676718085994
21.13867166711787
21.200607638705826
21.262575252310913
21.324574665465295
21.386606036553765
21.448669524821355
21.510765290381073
21.5728934942217
21.63505429821568
21.697247865127093
21.75947435861972
21.82173394326521
21.88402678455132
21.94635304889025
22.00871290362708
22.071106517048317
22.1335340583905
22.195995697848915
22.25849160658646
22.32102195674253
22.38358692144206
22.446186674804654
22.508821391953827
22.571491249026334
22.63419642318163
22.69693709261144
22.759713436549408
22.8225256352809
22.88537387015291
22.948258323584056
23.011179179074734
23.074136621217356
23.137130835706756
23.200162009350645
23.263230330080283
23.326335986961194
23.389479170204076
23.452660071175796
23.515878882410544
23.57913579762111
23.642431011710297
23.705764720782494
23.769137122155357
23.83254841437165
23.895998797211252
23.959488471703267
24.02301764013832
24.086586506080994
24.150195274382423
24.213844151193037
24.27753334397546
24.34126306151761
24.40503351394589
24.468844912738643
24.532697470739663
24.596591402171995
24.660526922651815
24.72450424920254
24.788523600269105
24.852585195732438
24.91668925692407
24.980836006641017
25.045025669160776
25.10925847025656
25.17353463721273
25.237854398840412
25.30221798549333
25.366625629083845
25.431077563099205
25.495574022618026
25.56011524432696
25.6247014665376
25.689332929203655
25.75400987393826
25.818732544031622
25.883501184468827
25.948316041947937
26.013177364898308
26.07808540349917
26.143040409698447
26.208042637231852
26.273092341642243
26.338189780299235
26.403335212419094
26.468528899084898
26.533771103267
26.599062089843745
26.664402125622512
26.729791479361044
26.795230421789043
26.86071922563013
26.926258165624088
26.991847518549406
27.05748756324618
27.123178580639326
27.18892085376212
27.254714667780103
27.320560310015313
27.38645806997087
27.45240823935594
27.518411112111043
27.58446698443374
27.65057615480472
27.716738924014244
27.782955595188994
27.849226473819336
27.915551867786963
27.981932087392988
28.04836744538644
28.114858256993184
28.18140483994532
28.248007514510956
28.31466660352454
28.381382432417556
28.44815532924976
28.514985624740877
28.581873652302786
28.648819748072217
28.71582425094395
28.78288750260454
28.850009847566582
28.917191633203494
28.98443320978488
29.051734930512428
29.119097151556424
29.186520232092803
29.254004534340815
29.321550423601327
29.38915826829571
29.456828440005374
29.524561313511946
29.592357266838132
29.6602166812892
29.7281399414952
29.79612743545386
29.864179554574214
29.932296693720925
30.000479251259396
30.068727629101613
30.13704223275278
30.20542347135874
30.273871757754186
30.34238750851175
30.410971143991873
30.479623088393584
30.548343769806138
30.61713362026155
30.685993075788073
30.754922576464566
30.82392256647588
30.892993494169172
30.962135812111253
31.031349977146935
31.10063645045845
31.16999569762591
31.23942818868888
31.308934398209047
31.378514805334063
31.448169893862516
31.51790015231012
31.58770607397712
31.65758815701695
31.727546904506152
31.79758282451563
31.867696430183198
31.937888239787547
32.00815877682357
32.078508570079144
32.14893815371337
32.21944806733627
32.29003885609016
32.36071107073239
32.43146526771988
32.502302009295164
32.57322186357427
32.644225404636146
32.715313212614035
32.786485873788564
32.8577439806827
32.929088132158654
33.000518933516695
33.07203699659598
33.14364293987747
33.21533738858887
33.28712097481181
33.35899433759119
33.43095812304679
33.50301298448724
33.57515958252634
33.64739858520185
33.71973066809676
33.7921565144632
33.864676815348915
33.93729226972651
34.010003584625466
34.08281147526699
34.155716665201865
34.228719886451245
34.301821879650575
34.37502339419672
34.44832518839833
34.52172802962956
34.595232694487265
34.66883996895174
34.74255064855106
34.81636553852926
34.890285454018255
34.964311220213816
35.038443672555594
35.11268365691131
35.18703202976527
35.261489658411364
35.336057421150564
35.410736207493166
35.48552691836588
35.56043046632383
35.6354477757678
35.710579783166686
35.78582743728538
35.861191699418335
35.936673543628835
36.01227395699429
36.08799393985758
36.16383450608486
36.23979668332973
36.31588151330428
36.39209005205701
36.46842337025791
36.54488255349096
36.621468702554246
36.698182933767946
36.77502637929045
36.8520001874429
36.92910552304234
37.00634356774392
37.08371552039229
37.16122259738257
37.23886603303121
37.316647079957114
37.39456700947329
37.472627111989475
37.550828697426034
37.62917309563963
37.707661656860935
37.78629575214497
37.86507677383438
37.944006136036194
38.02308527511251
38.10231565018562
38.18169874365815
38.26123606174866
38.340929135043396
38.420779519064666
38.500788794856625
38.58095856958896
38.661290477179264
38.74178617893476
38.82244736421419
38.90327575111054
38.984273087155515
39.06544115004657
39.14678174839742
39.228296722513015
39.30998794518974
39.391857322542215
39.47390679485749
39.55613833747793
39.63855396171389
39.721155715787475
39.803945685808685
39.88692599678535
39.97009881366823
40.05346634243286
40.1370308311998
40.22079457139478
40.30475989895072
40.38892919555342
40.47330488993282
40.55788945920199
40.642685430246004
40.72769538116299
40.81292194275983
40.89836780010503
40.98403569414147
41.06992842336201
41.15604884555081
41.24239987959372
41.32898450736105
41.415805775666385
41.502866798305135
41.59017075817704
41.67772090949673
41.765520580096954
41.85357317382943
41.94188217306816
42.03045114132096
42.11928372595479
42.208383661041196
42.297754770328304
42.387400970346484
42.4773262736551
42.567534792238284
42.6580307410583
42.74881844177556
42.83990232664503
42.931286942599336
43.02297695552986
43.11497715477765
43.20729245784693
43.29992791535502
43.392888716233365
43.48618019319554
43.57980782848924
43.67377725995079
43.76809428738172
43.862764879268994
43.95779517987176
44.053191516699705
44.14896040840984
44.245108573150915
44.341642937387164
44.438570645235615
44.53589906835432
44.63363581642193
44.73178874825284
44.83036598359593
44.92937591566938
45.028827224488886
45.128728891051885
45.229090212446636
45.32992081796121
45.43123068627525
45.53303016382541
45.635329984444475
45.73814129038488
45.84147565484834
45.945345106156736
46.04976215371396
46.15473981592448
46.260291650253656
46.36643178563522
46.47317495745584
46.58053654537329
46.688532614256275
46.79717995856875
46.906496150562575
47.01649959268852
47.12720957468923
47.238646335899645
47.350831133351626
47.463786316362885
47.57753540838667
47.69210319701187
47.807515833135376
47.923800940484874
48.04098773685343
48.15910716862614
48.27819206043831
48.398277282114925
48.51939993541408
48.64159956354612
48.76491838698544
48.889401569755584
49.01509752118213
49.142058239110426
49.27033970182861
49.40000231748868
49.53111144176866
49.66373797698964
49.797959069053334
49.93385892262362
50.07152976024499
50.211072958002035
50.35260039948287
50.496236102086534
50.6421181863736
50.790401282070285
50.94125949631015
51.0948901150384
51.25151827395206
51.41140293168917
51.57484462293053
51.74219569258075
51.913874066516506
52.09038219414304
52.27233378179773
52.46049267780963
52.65583151220011
52.85962410345318
53.073599286487116
53.30021568250865
53.543201004908596
53.808761851514426
54.10892368010835
54.4751042754986