0.04115192298452906
0.12345596027933099
0.20576057156292832
0.28806613953306676
0.3703730469453223
0.45268167663624775
0.5349924115465332
0.6173056347441852
0.6996217294477285
0.7819410790494336
0.8642640671385758
0.9465910775247296
1.0289224942610995
1.1112587016678974
1.1936000843557641
1.275947027249245
1.3582999156103188
1.4406591350619882
1.5230250716119336
1.605398111676235
1.6877786421031682
1.7701670501970754
1.8525637237423191
1.9349690510273214
2.0173834208686925
2.099807222635454
2.1822408462733627
2.2646846823293356
2.3471391219759847
2.4296045570362628
2.5120813800082287
2.5945699840899317
2.677070763204425
2.7595841120249096
2.8421104260000143
2.9246501013792154
3.0072035352384057
3.0897711255056115
3.1723532709868647
3.25495037139224
3.3375628273620555
3.420191040493242
3.5028354133658945
3.585496349570002
3.6681742537323636
3.7508695315437017
3.8335825897859683
3.916313836359859
3.9990636803125335
4.081832531865556
4.164620802443051
4.2474289047000875
4.330257252551306
4.413106261199764
4.495976347166051
4.578867928317637
4.661781423898487
4.744717254558942
4.827675842385864
4.910657610933067
4.9936629852520245
5.076692391922877
5.159746259085734
5.242825016472283
5.325929095437705
5.409058928992928
5.492214951837184
5.57539760039093
5.658607312829084
5.7418445291146405
5.825109691032619
5.908403242224407
5.991725628222453
6.075077296485371
6.158458696433416
6.241870279484378
6.325312499089879
6.408785810772094
6.492290672160907
6.575827543031497
6.659396885342385
6.742999163273933
6.826634843267317
6.91030439406398
6.9940082867455775
7.077746994774423
7.161520994034449
7.245330762872692
7.32917678214131
7.4130595352401585
7.496979508159912
7.580937189525772
7.664933070641748
7.748967645535551
7.833041411004079
7.917154866659549
8.001308514976243
8.08550286133793
8.169738414085943
8.254015684567932
8.338335187187328
8.422697439453506
8.507102962032688
8.591552278799574
8.676045916889745
8.760584406752848
8.845168282206558
8.929798080491365
9.01447434232619
9.09919761196485
9.183968437253384
9.268787369688273
9.353654964475563
9.438571780590925
9.523538380840648
9.608555331923617
9.693623204494271
9.778742573226582
9.863914016879072
9.949138118360885
10.034415464798956
10.119746647606272
10.205132262551288
10.290572909828494
10.376069194130176
10.461621724719382
10.547231115504154
10.632897985113011
10.718622956971751
10.80440665938158
10.89024972559861
10.976152793914748
11.062116507740026
11.148141515686389
11.234228471652981
11.320378034912979
11.406590870201972
11.492867647807993
11.579209043663152
11.665615739437
11.752088422631596
11.838627786678357
11.925234531036729
12.011909361294707
12.098652989271274
12.185466133120777
12.272349517439338
12.359303873373278
12.446329938729672
12.53342845808906
12.620600182920363
12.707845871698057
12.79516629002171
12.882562210737857
12.970034414064369
13.057583687717287
13.14521082704028
13.232916635136707
13.320701923004405
13.408567509673272
13.496514222345692
13.584542896539896
13.672654376236341
13.760849514027182
13.849129171268906
13.937494218238237
14.025945534291399
14.114484008026803
14.203110537451277
14.291826030149942
14.380631403459793
14.469527584647151
14.558515511089032
14.647596130458595
14.736770400914732
14.826039291295988
14.91540378131885
15.004864861780595
15.094423534766815
15.184080813863723
15.273837724375422
15.363695303546251
15.453654600788374
15.543716677914766
15.633882609377748
15.724153482513234
15.814530397790897
15.905014469070364
15.995606823863714
16.086308603604373
16.177120963922693
16.268045074928352
16.359082121499842
16.45023330358122
16.541499836486373
16.632882951211048
16.724383894752865
16.81600393043958
16.907744338265893
16.999606415238997
17.09159147573327
17.1837008518543
17.275935893812612
17.368297970307406
17.46078846892064
17.553408796521783
17.646160379683643
17.739044665109617
17.832063120072743
17.925217232866984
18.01850851327119
18.11193849302608
18.20550872632485
18.29922079031776
18.39307628563126
18.487076836902155
18.581224093327396
18.675519729229954
18.769965444641517
18.864562965902476
18.959314046279975
19.05422046660459
19.149284035926403
19.244506592191186
19.339890002937437
19.435436166015123
19.5311470103269
19.627024496592735
19.72307061813883
19.819287401711815
19.915676908319174
20.012241234097033
20.108982511206342
20.205902908758638
20.303004633772588
20.40028993216261
20.49776108976088
20.595420433374105
20.693270331876615
20.791313197341214
20.88955148620947
20.98798770050318
21.08662438907872
21.185464148926254
21.28450962651573
21.3837635191918
21.483228576619833
21.582907602285378
21.6828034550495
21.782919050762597
21.883257363939432
21.983821429498207
22.08461434456681
22.185639270359378
22.28689943412662
22.388398131183486
22.490138727017964
22.59212465948511
22.694359441090498
22.796846661367677
22.89958998935444
23.00259317617296
23.10586005771928
23.20939455746781
23.313200689397064
23.41728256104306
23.521644376687338
23.626290440686947
23.731225160954317
23.83645305259534
23.941978741714596
24.04780696939738
24.15394259587856
24.26039060490934
24.3671561083335
24.474244350885694
24.581660715225098
24.689410727218892
24.797500061490908
24.905934547252077
25.0147201744304
25.12386310011971
25.233369655367703
25.34324635232566
25.453499891783665
25.564137171117313
25.675165292673906
25.786591572628318
25.898423550341406
26.01066899825647
26.12333593237227
26.236432623334558
26.34996760819158
26.463949702863218
26.578388015377673
26.693291959934793
26.8086712718603
26.9245360235215
27.040896641281538
27.15776392357687
27.2751490602109
27.39306365296595
27.51151973764615
27.630529807675412
27.75010683938763
27.870264319160885
27.99101627256381
28.11237729570088
28.234362588964217
28.356987993423264
28.48027003011059
28.604225942492537
28.72887374244836
28.854232260121265
28.980321198050326
29.10716119004452
29.2347738653204
29.363181918494487
29.492409186101703
29.622480730404913
29.75342293136917
29.88526358780162
30.01803202880694
30.15175923688361
30.28647798419357
30.422222983783126
30.559031057825432
30.696941325304177
30.835995411977617
30.97623768596816
31.117715522936226
31.26047960554486
31.404584262837695
31.55008785628216
31.697053220630202
31.84554816949691
31.995646077754667
32.14742655562284
32.30097623288426
32.45638967623051
32.613770468675064
32.77323248775968
32.9349014295992
33.09891663964366
33.265433329809376
33.43462528745024
33.60668821767429
33.78184391161422
33.960345507028926
34.142484216209986
34.32859805956663
34.519083395232975
34.71441043451527
34.91514458667849
35.12197658589638
35.33576631734286
35.55760891580082
35.788938939036285
36.03170380516262
36.288673629636435
36.56404944310132
36.864827769347464
37.20456852651168
37.61871025408606