0.03701374615649873
0.11104135109508802
0.18506929391490787
0.25909779988496295
0.33312709429653614
0.4071574024721034
0.48118894977425236
0.5552219616146052
0.6292566634627478
0.7032932808551647
0.777332039404183
0.8513731648069237
0.9254168828542635
0.999463419439808
1.0735130005688756
1.1475658523674948
1.2216222010914166
1.2956822731351398
1.3697462950409542
1.4438144935079995
1.5178870954013446
1.591964327761083
1.6660464178114518
1.740133592969969
1.8142260808565973
1.8883241093029264
1.962427906361384
2.0365377003144722
2.1106537196840276
2.1847761932405136
2.2589053500123395
2.3330414192952085
2.407184630661501
2.4813352139696874
2.555493399373774
2.629659417332787
2.70383349862029
2.7780158743339363
2.8522067759050675
2.9264064351083423
3.000615084071411
3.074832955284631
3.1490602816108275
3.2232972962950934
3.2975442329746394
3.37180132568869
3.446068808888425
3.5203469174469757
3.594635886669465
3.6689359523031047
3.7432473505473443
3.817570318064073
3.891905091987882
3.9662519099363776
4.040611010020558
4.11498263085525
4.189367011569602
4.263764391817647
4.338175011788923
4.412599112219168
4.487036934401068
4.56148872019509
4.635954712040373
4.7104351529656965
4.7849302866005194
4.859440357186094
4.93396560958666
5.00850628930071
5.083062642472339
5.157634915902674
5.232223357061385
5.306828214098282
5.381449735854994
5.456088171876747
5.5307437724242146
5.605416788485474
5.68010747178805
5.754816074811051
5.829542850797404
5.904288053766193
5.979051938525088
6.053834760682887
6.12863677666215
6.203458243711953
6.278299419920739
6.353160564229284
6.428041936443774
6.502943797249003
6.577866408221673
6.652810031843825
6.727774931516391
6.802761371572857
6.877769617293066
6.952799934917141
7.027852591659532
7.102927855723213
7.178025996313994
7.25314728365498
7.328291989001172
7.403460384654202
7.478652743977218
7.553869341409918
7.629110452483725
7.704376353837123
7.7796673232311475
7.85498363956503
7.930325582892003
8.005693434435274
8.081087476604162
8.156507993010408
8.231955268484642
8.307429589093058
8.38293124215423
8.458460516256139
8.534017701273367
8.609603088384493
8.685216970089671
8.760859640228404
8.836531393997522
8.912232527969365
8.987963340110154
9.063724129798596
9.13951519784468
9.215336846508709
9.291189379520537
9.36707310209904
9.442988320971818
9.51893534439512
9.594914482174007
9.670926045682776
9.746970347885604
9.823047703357453
9.899158428305233
9.975302840589215
10.051481259744724
10.12769400700408
10.203941405318826
10.280223779382233
10.35654145565208
10.432894762373738
10.509284029603537
10.585709589232424
10.66217177500995
10.738670922568545
10.815207369448117
10.891781455120979
10.968393521017092
11.045043910549643
11.12173296914098
11.198461044248873
11.275228485393127
11.35203564418258
11.42888287434243
11.50577053174197
11.582698974422675
11.659668562626686
11.736679658825706
11.813732627750253
11.890827836419378
11.96796565417075
12.045146452691197
12.122370606047669
12.199638490718643
12.276950485625973
12.35430697216721
12.431708334248377
12.509154958317225
12.586647233396977
12.664185551120559
12.741770305765339
12.819401894288392
12.897080716362261
12.974807174411284
13.052581673648444
13.13040462211278
13.208276430707375
13.28619751323791
13.36416828645181
13.44218917007799
13.520260586867225
13.598382962633137
13.676556726293807
13.754782309914074
13.833060148748462
13.911390681284807
13.989774349288563
14.068211597847826
14.146702875419072
14.225248633873628
14.3038493285449
14.382505418276363
14.461217365470336
14.539985636137558
14.61881069994757
14.697693030279936
14.776633104276328
14.855631402893447
14.934688410956866
15.013804617215754
15.092980514398537
15.172216599269502
15.251513372686373
15.330871339658858
15.41029100940822
15.489772895427874
15.56931751554503
15.648925391983422
15.728597051427135
15.80833302508555
15.888133848759447
15.968000062908278
16.047932212718646
16.127930848174003
16.207996524125626
16.288129800364853
16.36833124169665
16.448601418014523
16.528940904376785
16.609350281084268
16.689830133759447
16.770381053427037
16.851003636596126
16.93169848534381
17.012466207400447
17.093307416236524
17.174222731151136
17.255212777362235
17.33627818609855
17.417419594693325
17.498637646679857
17.579932991888924
17.661306286548093
17.74275819338302
17.82428938172073
17.905900527594984
17.987592313853703
18.069365430268626
18.15122057364711
18.233158447946252
18.315179764389327
18.39728524158458
18.479475605646538
18.56175159031975
18.644113937105185
18.726563395389203
18.80910072257529
18.89172668421855
18.974442054163067
19.05724761468219
19.140144156621837
19.223132479546884
19.306213391890736
19.38938771110815
19.472656263831407
19.556019886029937
19.639479423173448
19.723035730398728
19.806689672680132
19.89044212500395
19.97429397254668
20.05824611085738
20.14229944604417
20.226454894965038
20.31071338542304
20.395075856366027
20.47954325809109
20.56411655245372
20.648796713081992
20.733584725595783
20.818481587831258
20.903488310070724
20.98860591527804
21.073835439339774
21.159177931312207
21.24463445367444
21.330206082587743
21.415893908161344
21.501699034724886
21.58762258110771
21.673665680925218
21.75982948287251
21.846115151025572
21.932523865150152
22.01905682101871
22.105715230735605
22.192500323070767
22.27941334380224
22.366455556067777
22.453628240725823
22.54093269672623
22.628370241490963
22.71594221130519
22.803649961719078
22.891494867960667
22.979478325360173
23.06760174978618
23.155866578094066
23.244274268587088
23.33282630149064
23.421524179440087
23.510369427982653
23.599363596093912
23.688508256709376
23.777805007271724
23.86725547029425
23.956861293941152
24.046624152625224
24.13654574762366
24.226627807712635
24.316872089821313
24.407280379706137
24.497854492646056
24.588596274159578
24.679507600744472
24.770590380640996
24.861846554619593
24.953278096794023
25.044887015460933
25.136675353966986
25.228645191604578
25.3207986445374
25.41313786675704
25.505665051071894
25.59838243012978
25.691292277475675
25.784396908646023
25.877698682301247
25.971200001398064
26.06490331440339
26.15881111655162
26.25292595114722
26.347250410914654
26.441787139397825
26.536538832411182
26.631508239544978
26.726698165727075
26.82211147284404
26.91775108142421
27.013619972385793
27.109721188852994
27.206057838043538
27.302633093231066
27.39945019578606
27.49651245729918
27.593823261791247
27.691386068014125
27.789204411847237
27.887281908794627
27.985622256587803
28.084229237899912
28.183106723177193
28.282258673594004
28.38168914413805
28.48140228683307
28.581402354106462
28.68169370231002
28.782280795402464
28.883168208802864
28.984360633425034
29.085862879903235
29.187679883020643
29.28981670635259
29.392278547137547
29.49507074138978
29.598198769268535
29.70166826071984
29.805485001408073
29.909654938955885
30.014184189512395
30.119079044671157
30.224345978761118
30.32999165653556
30.436022941286176
30.542446903411424
30.649270829471018
30.756502231760773
30.864148858445162
30.97221870428808
31.080720022025798
31.18966133443012
31.2990514471139
31.408899462135967
31.519214792467753
31.63000717738968
31.741286698891965
31.85306379916163
31.965349299245606
32.078154418988696
32.19149079835526
32.3053705202547
32.41980613500318
32.53481068656857
32.65039774076092
32.76658141554916
32.88337641370471
33.0007980579955
33.118862329180345
33.23758590708236
33.35698621505473
33.477081468189674
33.59789072566626
33.71943394768275
33.841732057477564
33.96480700901022
34.08868186095117
34.21338085771979
34.338929518415206
34.46535473460694
34.592684878097145
34.72094991993494
34.85018156216417
34.98041338402266
35.11168100459384
35.2440222642489
35.37747742762326
35.51208941136003
35.64790404044574
35.78497033768648
35.92334085175742
36.063072030349915
36.20422464629349
36.346864286218725
36.49106191345007
36.63689451950559
36.784445882011525
36.93380745125529
37.08507939333598
37.23837182539334
37.393806288365425
37.55151751608841
37.71165557768605
37.874388495137445
38.03990547271774
38.208420924368994
38.38017955631106
38.55546286709383
38.73459758511341
38.917966806976324
39.106024985913876
39.299318550768895
39.49851500742723
39.70444527143717
39.918167511614975
40.14106776531507
40.37502744475472
40.622722565106194
40.88821110911035
41.17825075337715
41.50593720485416
41.905491900681675