0.033122656683333425
0.09936803468192708
0.1656136065779407
0.23185950164178606
0.29810584915207317
0.3643527783988904
0.4306004186870854
0.49684889933954707
0.5630983497004892
0.6293488991387355
0.6956006770510058
0.7618538128652059
0.8281084360437178
0.8943646760866941
0.9606226625353541
1.0268825249752838
1.0931443930397384
1.159408396412949
1.2256746648334325
1.2919433280973058
1.3582145160616053
1.4244883586476078
1.490764985844161
1.5570445277110136
1.6233271143821562
1.689612876069162
1.7559019430645388
1.822194445745083
1.8884905145752415
1.9547902801104806
2.0210938730006602
2.087401423993416
2.1537130639375515
2.2200289237864297
2.2863491346013833
2.352673827555125
2.4190031339351687
2.4853371851472605
2.5516761127188174
2.6180200483023732
2.6843691236790397
2.7507234707619697
2.8170832215998374
2.8834485083803236
2.9498194634336135
3.016196219235907
3.0825789084129362
3.1489676637434982
3.215362618162996
3.2817639047669935
3.3481716568147837
3.4145860077329653
3.481007091119036
3.5474350407449973
3.6138699905609744
3.680312074698843
3.746761427475882
3.8132181833984284
3.8796824771655536
3.9461544436727536
4.012634218015652
4.079121935493722
4.1456177316140215
4.212121742094941
4.2786341028699795
4.345154950091523
4.41168442013465
4.478222649600947
4.544769775322351
4.611325934364999
4.6778912640331045
4.744465901872849
4.811049985676292
4.877643653485301
4.944247043595504
5.0108602945602545
5.077483545194629
5.14411693457943
5.210760602065226
5.277414687276399
5.344079330115221
5.410754670765957
5.4774408496989775
5.544138007674905
5.610846285748782
5.677565825274261
5.7442967679078105
5.811039255612967
5.877793430664587
5.944559435653144
6.011337413489033
6.078127507406923
6.1449298609701115
6.211744618074929
6.278571922955153
6.345411920186458
6.412264754690892
6.479130571741388
6.546009516966287
6.612901736353915
6.679807376257162
6.746726583398122
6.813659504872734
6.88060628815548
6.947567081104095
7.01454203196432
7.0815312893746825
7.14853500237132
7.215553320392821
7.282586393285115
7.349634371306389
7.416697405132041
7.483775645859671
7.550869245014108
7.617978354552468
7.68510312686926
7.752243714801518
7.819400271633985
7.88657295110432
7.9537619074083565
8.020967295205399
8.088189269623555
8.155427986265117
8.222683601211973
8.289956271031073
8.357246152779938
8.424553404012197
8.491878182783188
8.559220647655586
8.626580957705098
8.693959272526179
8.76135575223782
8.828770557489362
8.89620384946637
8.96365578989656
9.031126541055755
9.09861626577392
9.166125127441225
9.233653290014173
9.301200918021772
9.368768176571766
9.436355231356917
9.503962248661342
9.571589395366912
9.639236838959695
9.706904747536464
9.774593289811266
9.842302635122037
9.910032953437298
9.977784415362887
10.045557192148767
10.1133514556959
10.181167378563165
10.249005133974364
10.316864895825276
10.384746838690775
10.452651137832039
10.520577969203789
10.588527509461631
10.656499935969455
10.724495426806886
10.79251416077685
10.860556317413161
10.928622076988226
10.996711620520795
11.06482512978381
11.1329627873123
11.201124776411397
11.26931128116439
11.337522486440879
11.405758577905019
11.474019742023819
11.54230616607556
11.610618038158266
11.67895554719828
11.747318882958927
11.815708236049257
11.88412379793288
11.952565760936904
12.021034318260956
12.089529663986285
12.158051993084996
12.22660150142934
12.295178385801131
12.363782843901257
12.432415074359273
12.501075276743132
12.569763651568989
12.638480400311126
12.70722572541198
12.775999830292287
12.844802919361323
12.913635198027269
12.982496872707692
13.051388150840133
13.120309240892809
13.189260352375456
13.258241695850264
13.327253482942963
13.396295926354004
13.4653692398699
13.534473638374672
13.603609337861428
13.672776555444086
13.741975509369219
13.811206419028045
13.880469504968557
13.949764988907782
14.0190930937442
14.088454043570293
14.15784806368525
14.227275380607828
14.296736222089343
14.366230817126846
14.435759395976426
14.5053221901667
14.574919432512441
14.64455135712839
14.714218199443225
14.783920196213698
14.853657585538949
14.923430606875005
14.993239501049429
15.063084510276186
15.132965878170664
15.202883849764898
15.272838671522972
15.342830591356634
15.41285985864108
15.482926724230957
15.553031440476566
15.623174261240266
15.693355441913083
15.76357523943155
15.83383391229474
15.904131720581534
15.974468925968113
16.044845791745665
16.115262582838334
16.185719565821405
16.25621700893971
16.326755182126313
16.397334357021393
16.467954806991425
16.53861680714858
16.609320634370413
16.680066567319795
16.75085488646512
16.821685874100794
16.892559814367992
16.963476993275687
17.034437698722
17.105442220515815
17.17649085039869
17.24758388206709
17.31872161119492
17.389904335456368
17.461132354549065
17.53240597021758
17.603725486277245
17.67509120863829
17.74650344533038
17.817962506527426
17.88946870457281
17.961022354004943
18.032623771583204
18.104273276314235
18.17597118947864
18.24771783465806
18.31951353776265
18.391358627058942
18.46325343319814
18.53519828924483
18.607193530706095
18.67923949556109
18.75133652429104
18.823484959909702
18.89568514799426
18.967937436716735
19.040242176875807
19.112599721929183
19.185010428026427
19.25747465404228
19.329992761610537
19.402565115158406
19.475192081941437
19.547874032078933
19.620611338590017
19.693404377430145
19.766253527528303
19.839159170824704
19.912121692309153
19.985141480059976
20.0582189252836
20.13135442235475
20.204548368857306
20.277801165625824
20.351113216787716
20.424484929806145
20.49791671552358
20.571408988206127
20.644962165588534
20.718576668919983
20.792252923010622
20.86599135627888
20.939792400799586
21.013656492352883
21.08758407047398
21.161575578503758
21.235631463640203
21.30975217699077
21.3839381736256
21.45818991263171
21.532507857168053
21.606892474521597
21.68134423616436
21.755863617811453
21.830451099480126
21.905107165549886
21.979832304823674
22.05462701059013
22.129491780686987
22.204427117565576
22.279433528356535
22.354511524936704
22.429661623997205
22.50488434711282
22.580180220812604
22.655549776651835
22.730993551285263
22.806512086541762
22.882105929500362
22.957775632567706
23.03352175355697
23.10934485576829
23.185245508070736
23.261224284985797
23.337281766772556
23.41341853951442
23.489635195207615
23.56593233185135
23.64231055353976
23.718770470555683
23.795312699466244
23.871937863220385
23.948646591248302
24.0254395195629
24.102317290863272
24.179280554640286
24.25632996728431
24.33346619219513
24.410689899894145
24.488001768138854
24.565402482039726
24.642892734179483
24.720473224734917
24.798144661601224
24.875907760518995
24.953763245203888
25.031711847479066
25.10975430741048
25.187891373445073
25.26612380255194
25.344452360366628
25.4228778213385
25.501400968881438
25.580022595527797
25.658743503085816
25.737564502800538
25.816486415518334
25.895510071855142
25.974636312368528
26.05386598773366
26.133199958923296
26.21263909739197
26.2921842852644
26.37183641552829
26.451596392231647
26.53146513068477
26.611443557666973
26.69153261163826
26.77173324295606
26.852046414097163
26.932473099885048
27.013014287722708
27.093670977831223
27.174444183494156
27.255334931308013
27.336344261438956
27.41747322788591
27.498722898750326
27.580094356512745
27.661588698316443
27.743207036258305
27.824950497687237
27.906820225510277
27.988817378506738
28.070943131650537
28.153198676441097
28.23558522124298
28.318103991634676
28.400756230766657
28.483543199729258
28.566466177930458
28.649526463484097
28.732725373608744
28.816064245037673
28.899544434440266
28.983167318855273
29.066934296136345
29.150846785410234
29.23490622754813
29.31911408565063
29.403471845546772
29.487981016307664
29.57264313077525
29.657459746106763
29.74243244433538
29.827562832947805
29.912852545479275
29.998303242126727
30.083916610380765
30.169694365677202
30.25563825206885
30.34175004291839
30.428031541613134
30.51448458230252
30.60111103065923
30.687912784664945
30.774891775421576
30.862049967989154
30.949389362251356
31.036911993809852
31.124619934908626
31.21251529538956
31.30060022368054
31.388876907817497
31.47734757650181
31.5660145001946
31.654879992249477
31.74394641008546
31.833216156401818
31.922691680436685
32.01237547927139
32.102270099182604
32.192378137044464
32.28270224178292
32.373245115884764
32.46400951696391
32.554998259387574
32.646214215965166
32.73766031970305
32.82933956562814
32.921255012683865
33.01340978570197
33.10580707745396
33.198450150786165
33.291342340842654
33.38448705738048
33.477887787182084
33.571548096569764
33.66547163402782
33.759662132937805
33.854123414433225
33.94885939037996
34.04387406648938
34.139171545571514
34.23475603093602
34.33063182994942
34.42680335775737
34.52327514118166
34.620051822801976
34.71713816523349
34.81453905561174
34.91225951029751
35.01030467981507
35.10867985403804
35.20739046763855
35.306442105816146
35.405840510324495
35.50559158581492
35.60570140651772
35.706176223283634
35.80702247100951
35.90824677647439
36.00985596661427
36.11185707726607
36.214257362414095
36.3170643039748
36.42028562215913
36.523929286454745
36.62800352727462
36.73251684832219
36.83747803972824
36.942896192019575
37.0487807109852
37.155141333512006
37.26198814446901
37.36933159472667
37.47718252040692
37.58555216346863
37.69445219374459
37.80389473255782
37.91389237805888
38.02445823244096
38.135605931207074
38.24734967468294
38.359704261991375
38.47268512772909
38.58630838161514
38.700590851413
38.815550129465095
38.93120462322131
39.04757361019154
39.16467729780869
39.28253688875338
39.4011746523663
39.52061400286165
39.640879585156306
39.76199736924793
39.88399475421424
40.00690068306908
40.13074576990406
40.25556244097337
40.38138509165175
40.50825026152133
40.63619683023389
40.765266237266886
40.895502729263235
41.026953639341734
41.15966970361859
41.293705421233156
41.429119465475445
41.565975155242256
41.70434099809573
41.84429131879069
41.985906990445706
42.12927628979121
42.274495903458956
42.42167211953077
42.57092224817791
42.72237632810857
42.876179193027475
43.032492996360894
43.19150032606234
43.35340808891042
43.51845241241287
43.68690491356561
43.85908083588188
44.03534979074308
44.216150211100924
44.40200923422062
44.59357076302911
44.791636284337926
44.997226426296756
45.2116779671378
45.43680533100217
45.67518906734431
45.93074209239059
46.20997996886791
46.52552806694799
46.91037533404657