0.038357771758239664
0.11507344988833154
0.19178953186540257
0.2685062869412447
0.3452239843983614
0.42194289356225817
0.4986632838137386
0.5753854246012078
0.6521095854529846
0.7288360359896253
0.8055650459362583
0.8822968851349339
0.9590318235569892
1.0357701313154302
1.1125120786773324
1.1892579360762638
1.2660079741247272
1.342762463626629
1.4195216755897728
1.496285881238379
1.573055352025636
1.6498303596462798
1.7266111760492067
1.8033980734501212
1.8801913243442179
1.9569912015189028
2.0337979780665525
2.1106119273973163
2.187433323251958
2.2642624397147473
2.341099551226393
2.4179449325970257
2.494798859019235
2.5716616060811504
2.6485334497795825
2.7254146665332204
2.8023055331958795
2.879206327069817
2.956117325919105
3.0330388079830644
3.10997105198977
3.186914337169619
3.2638689432689674
3.3408351505638416
3.41781323987372
3.494803492575392
3.5718061906168916
3.648821616531514
3.7258500534519117
3.8028917851242734
3.879947095922591
3.9570162708630114
4.034099595618284
4.111197356532293
4.188309840634694
4.265437335655633
4.342580130040588
4.4197385129652815
4.496912774350727
4.5741032048783605
4.651310096005296
4.7285337399796745
4.80577442985615
4.88303245951147
4.960308123660187
5.0376017178704915
5.114913538580163
5.192243883112651
5.269593049693289
5.3469613374656335
5.424349046507945
5.501756477849804
5.579183933488864
5.656631716407758
5.734100130591139
5.8115894810428825
5.889100073803432
5.966632215967306
6.044186215700761
6.121762382259622
6.199361026007266
6.2769824584327925
6.354626992169347
6.4322949410126355
6.509986619939608
6.5877023451273296
6.665442433972034
6.74320720510837
6.820996978428841
6.898812075103439
6.976652817599482
7.0545195297016505
7.132412536532249
7.21033216457166
7.288278741679025
7.3662525971131485
7.444254061553625
7.522283467122195
7.60034114740433
7.678427437471073
7.756542673901099
7.8346871948030445
7.912861339838076
7.991065450242721
8.069299868851958
8.147564940122587
8.225861010156848
8.304188426726336
8.382547539296203
8.460938699049626
8.539362258912593
8.61781857357897
8.69630799953589
8.774830895089433
8.853387620390649
8.93197853746187
9.01060401022339
9.089264404520451
9.167960088150583
9.24669143089129
9.325458804528095
9.404262582882945
9.48310314184298
9.561980859389688
9.640896115628436
9.719849292818399
9.798840775402875
9.877870950040021
9.956940205634
10.036048933366537
10.115197526728924
10.194386381554457
10.273615896051313
10.352886470835895
10.432198508966632
10.51155241597827
10.590948599916626
10.670387471373845
10.74986944352417
10.829394932160207
10.908964355729731
10.988578135373007
11.06823669496068
11.147940461132197
11.227689863334813
11.307485333863163
11.387327307899437
11.46721622355414
11.547152521907488
11.627136647051412
11.707169046132204
11.787250169393833
11.867380470221901
11.947560405188305
12.027790434096572
12.10807102002791
12.188402629387992
12.268785731954463
12.349220800925206
12.429708312967385
12.510248748267255
12.590842590580808
12.671490327285195
12.752192449431021
12.832949451795479
12.91376183293635
12.994630095246924
13.075554745011784
13.156536292463576
13.237575251840685
13.318672141445905
13.3998274837061
13.481041805232879
13.562315636884295
13.643649513827627
13.725043975603233
13.806499566189501
13.888016834068951
13.96959633229549
14.051238618562836
14.132944255274175
14.214713809613041
14.296547853615463
14.378446964243418
14.460411723459591
14.542442718303517
14.624540540969077
14.706705788883438
14.78893906478744
14.87124097681746
14.953612138588808
15.03605316928067
15.118564693722657
15.20114734248297
15.283801751958258
15.366528564465154
15.449328428333601
15.532201998001947
15.615149934113878
15.698172903617257
15.781271579864857
15.86444664271711
15.947698778646844
16.03102868084612
16.1144370493352
16.197924591073665
16.28149202007381
16.365140057516292
16.448869431868168
16.532680879003305
16.616575142325296
16.700552972892883
16.78461512954801
16.868762379046508
16.95299549619158
17.037315263970022
17.12172247369138
17.206217925130062
17.290802426670478
17.375476795455295
17.460241857536932
17.545098448032316
17.630047411281023
17.715089601006895
17.800225880483254
17.885457122701737
17.97078421054493
18.05620803696287
18.14172950515354
18.227349528747418
18.31306903199631
18.398888949966427
18.484810228735988
18.57083382559736
18.656960709263938
18.743191860081858
18.829528270246712
18.915970944025396
19.002520897983274
19.08917916121674
19.175946775591438
19.262824795986234
19.349814290543154
19.436916340923446
19.52413204256997
19.611462504976096
19.698908851961313
19.78647222195379
19.87415376828003
19.961954659461934
20.04987607952142
20.137919228292933
20.226085321743962
20.314375592304007
20.402791289202067
20.491333678813092
20.580004045013588
20.668803689546746
20.757733932397333
20.846796112176754
20.935991586518583
21.02532173248489
21.114787946983792
21.20439164719858
21.2941342710288
21.38401727754373
21.47404214744871
21.564210383564667
21.65452351132148
21.744983079265474
21.835590659581715
21.92634784863155
22.017256267505957
22.108317562595314
22.199533406176133
22.290905497015476
22.382435560993592
22.47412535174558
22.56597665132271
22.657991270874188
22.750171051350144
22.842517864226643
22.935033612253637
23.027720230226652
23.120579685783234
23.213613980225126
23.306825149367143
23.40021526441392
23.493786432865573
23.587540799453524
23.68148054710769
23.77560789795637
23.869925114360193
23.964434499981547
24.059138400891033
24.154039206712508
24.24913935180838
24.34444131650696
24.43994762837364
24.53566086352793
24.631583648008323
24.72771865918721
24.82406862723807
24.920636336657374
25.017424627843695
25.11443639873674
25.211674606519054
25.309142269383475
25.406842468369366
25.504778349271067
25.602953124621997
25.701370075758195
25.800032554965224
25.898943987712588
25.99810787498016
26.097527795681252
26.197207409187378
26.29715045795996
26.397360770294632
26.49784226318411
26.59859894530601
26.69963492014237
26.800954389238097
26.902561655606046
27.004461127286888
27.106657321072536
27.20915486640252
27.311958509443187
27.41507311736049
27.51850368279775
27.622255328570624
27.72633331259237
27.830743033043507
27.935490033800868
28.040580010142367
28.146018814744767
28.2518124639933
28.357967144623228
28.46448922071515
28.57138524106747
28.678661946971395
28.786326280415796
28.894385392751545
29.00284665384743
29.11171766177234
29.221006253041455
29.330720513467412
29.440868789660968
29.55145970122961
29.662502153727015
29.774005352410946
29.88597881687263
29.998432396606457
30.111376287595498
30.22482104999559
30.338777627008845
30.453257365046564
30.5682720352916
30.683833856781625
30.799955521147357
30.916650219154207
31.033931669211746
31.151814148033644
31.270312523651025
31.3894422910055
31.509219610374362
31.629661348910254
31.750785125611817
31.872609360080524
31.995153325463697
32.1184372060346
32.24248215991958
32.36731038755002
32.492945206495676
32.61941113342718
32.74673397406193
32.87494092207195
33.004060668077784
33.13412352002432
33.265161536436516
33.39720867429338
33.53030095354396
33.66447664063079
33.79977645379639
33.93624379344281
34.0739250014142
34.212869653803104
34.353130892776775
34.49476580402349
34.63783584778783
34.78240735317228
34.928552087530434
35.07634791549616
35.225879565664535
35.37723952740727
35.530529106108204
35.68585967271432
35.84335415358385
36.003148820132644
36.165395456127186
36.33026400570585
36.49794584042529
36.66865783357053
36.842647502058554
37.02019958238926
37.20164456677727
37.38736997182478
37.577835502460594
37.7735939126343
37.97532044824642
38.18385567706265
38.4002700831371
38.625965866693065
38.862846424943086
39.11361911171078
39.382389543188246
39.67599491781946
40.00768547171038
40.41208772090216