0.0540370485946974
0.16211189272420065
0.2701889778082593
0.3782697982640808
0.48635584918037494
0.5944486265864476
0.7025496277217884
0.8106603513062941
0.9187822978112696
1.0269169697313514
1.1350658718574957
1.2432305115511806
1.3514123990199631
1.4596130475945457
1.5678339740074971
1.6760766986737836
1.7843427459732584
1.8926336445352714
2.000950927525552
2.1092961329355284
2.217670803874243
2.3260764888630368
2.4345147421331608
2.542987123926497
2.6514952007995576
2.7600405459309445
2.868624739432451
2.9772493686639936
3.085916028552564
3.194626321915396
3.303381859787555
3.4121842617541422
3.521035156287341
3.629936181088508
3.738888983435538
3.8478952205357335
3.9569565598844068
4.0660746796294625
4.17525126894221
4.284488028394653
4.393786670343541
4.503148919321426
4.612576512435035
4.722071199771232
4.831634744810877
4.941268924850879
5.05097553143479
5.160756370792237
5.270613264287574
5.3805480488780715
5.490562577582038
5.600658719957244
5.71083836259005
5.821103409595632
5.931455783129758
6.04189742391253
6.152430291764563
6.263056366156076
6.373777646769391
6.484596154075347
6.595513929924167
6.706533038151346
6.8176555651991135
6.928883620754103
7.040219338401832
7.15166487629866
7.263222417861899
7.374894172478795
7.486682376235116
7.598589292664114
7.710617213516686
7.82276845955356
7.935045381360389
8.047450360186689
8.159985808809555
8.27265417242319
8.385457929555272
8.498399593011287
8.611481710847952
8.724706867376964
8.838077684200316
8.95159682127852
9.065266978033112
9.179090894484927
9.293071352429632
9.407211176652154
9.521513236181685
9.635980445589016
9.750615766328094
9.865422208123727
9.980402830407524
10.09556074380423
10.210899111670708
10.32642115169004
10.442130137523211
10.558029400521075
10.674122331499438
10.790412382580199
10.906903069101697
11.023597971601598
11.140500737875799
11.257615085117065
11.374944802137312
11.492493751677697
11.610265872810874
11.728265183440113
11.84649578290016
11.96496185466512
12.083667669168877
12.202617586743951
12.321816060685078
12.44126764044412
12.560976974963449
12.680948816155272
12.801188022534982
12.921699563017045
13.042488520882573
13.163560097928299
13.284919618807331
13.406572535572845
13.528524432436514
13.650781030754443
13.773348194254183
13.8962319345174
14.019438416733873
14.142973965743549
14.266845072384724
14.391058400167717
14.515620792294891
14.64053927904946
14.7658210855773
14.891473640087883
15.017504582502466
15.143921773580079
15.270733304554204
15.397947507315871
15.525572965181842
15.653618524289866
15.782093305666601
15.911006718017777
16.040368471294617
16.170188591095307
16.300477433965746
16.43124570366971
16.56250446850516
16.69426517975074
16.826539691334627
16.959340280826993
17.092679671867405
17.226571058149755
17.36102812910007
17.49606509739653
17.631696728497147
17.767938372358262
17.904805997547427
18.042316227976855
18.180486382509585
18.319334517719792
18.45887947412196
18.599140926221654
18.74013943678403
18.88189651576587
19.024434684414
19.16777754509868
19.311949857526272
19.45697762206335
19.60288817100629
19.74971026874912
19.897474221941028
20.046212000887714
20.19595737364197
20.346746054455043
20.498615868528073
20.651606935322068
20.80576187306595
20.96112602756021
21.117747728925924
21.275678580618663
21.434973785842928
21.595692517502854
21.75789833905784
21.921659685180504
22.087050413023135
22.254150437297845
22.42304646541393
22.593832852793923
22.766612603481672
22.941498547639757
23.118614736038136
23.29809810290839
23.480100463649162
23.664790934377
23.85235888852497
24.043017605061937
24.23700881874467
24.434608463425626
24.636134018116348
24.84195404408785
25.052500776689634
25.268287072224016
25.489929724790304
25.718182380779222
25.95398342618021
26.198528219877495
26.453382951063595
26.720674226463014
27.003427808613008
27.306233671773324
27.636738348355173
28.009766368467655
28.464075854520242