0.027885911705304
0.08365776245254387
0.1394296952100278
0.195201764652413
0.2509740254560988
0.3067465322999232
0.36251933986586016
0.4182925028397163
0.47406607591182853
0.529840113777761
0.5856146711390032
0.6413898027036674
0.6971655631871866
0.7529420073130132
0.8087191898133176
0.8644971654296868
0.9202759889138239
0.9760557150282481
1.0318363985469938
1.0876180942563127
1.143400856955373
1.1991847414569623
1.2549698025881881
1.310756095191182
1.3665436741238013
1.4223325942603333
1.4781229104921996
1.5339146777286603
1.5897079508975205
1.6455027849458361
1.7012992348406204
1.7570973555695524
1.812897202141685
1.868698829588154
1.9245022929628888
1.9803076473433232
2.036114947831107
2.091924249552818
2.147735607660678
2.2035490773332653
2.2593647137762303
2.3151825722230135
2.371002707935562
2.4268251762050497
2.4826500323525953
2.5384773317299847
2.594307129720392
2.6501394817391044
2.7059744432342447
2.761812069687499
2.8176524166148416
2.8734955395672666
2.929341494131513
2.9851903359308003
3.041042120625558
3.09689690391416
3.152754741533659
3.208615689260527
3.264479802911387
3.3203471383437586
3.376217751456797
3.4320916981920337
3.487969034534125
3.543849816511596
3.5997341001975873
3.655621941710606
3.7115133972152767
3.7674085229230942
3.823307375093177
3.8792100100330273
3.935116484099285
3.991026853698491
4.046941175287849
4.102859505375987
4.158781900523727
4.214708417344853
4.270639112506877
4.326574042731815
4.3825132647969625
4.438456835535663
4.494404811838099
4.550357250652062
4.606314208983739
4.662275743898501
4.718241912521687
4.774212772039394
4.83018837969927
4.886168792811311
4.9421540687486525
4.998144264948375
5.054139438912302
5.110139648207806
5.166144950468615
5.2221554033956235
5.2781710647577045
5.334191992392523
5.390218244207355
5.4462498781799065
5.50228695235914
5.558329524866097
5.614377653894729
5.670431397712726
5.726490814662356
5.7825559631613
5.838626901703492
5.894703688859961
5.950786383279685
6.006875043690432
6.062969728899615
6.119070497795155
6.17517740934633
6.231290522604645
6.287409896704695
6.343535590865033
6.399667664389044
6.455806176665823
6.511951187171051
6.568102755467878
6.624260941207813
6.680425804131608
6.736597404070158
6.792775800945395
6.848961054771187
6.905153225654247
6.961352373795038
7.0175585594886885
7.073771843125904
7.129992285193892
7.186219946277282
7.242454887059055
7.29869716832148
7.354946850947039
7.411203995919379
7.467468664324251
7.523740917350457
7.580020816290806
7.63630842254307
7.692603797610948
7.7489070031050264
7.805218100743755
7.861537152354417
7.917864219874117
7.974199365350752
8.030542650944012
8.086894138926368
8.143253891684072
8.199621971718155
8.255998441645444
8.312383364199567
8.368776802231972
8.425178818712952
8.481589476732676
8.53800883950221
8.594436970354565
8.650873932745741
8.70731979025577
8.76377460658977
8.82023844557901
8.876711371181969
8.933193447485408
8.989684738705444
9.046185309188637
9.10269522341307
9.159214545989446
9.215743341662183
9.272281675310523
9.328829611949637
9.385387216731745
9.44195455494724
9.498531692025805
9.555118693537564
9.611715625194208
9.668322552850155
9.724939542503687
9.781566660298127
9.838203972522995
9.894851545615179
9.95150944616012
10.008177740892998
10.06485649669992
10.121545780619119
10.178245659842167
10.234956201715185
10.29167747374006
10.348409543575674
10.405152479039138
10.46190634810704
10.518671218916683
10.57544715976735
10.632234239121566
10.689032525606361
10.745842088014566
10.80266299530608
10.859495316609182
10.916339121221819
10.973194478612923
11.030061458423726
11.086940130469092
11.143830564738845
11.200732831399112
11.257647000793677
11.314573143445335
11.371511330057267
11.428461631514407
11.485424118884838
11.542398863421171
11.599385936561962
11.656385409933113
11.7133973553493
11.770421844815392
11.827458950527902
11.88450874487642
11.94157130044509
11.998646690014057
12.055734986560953
12.112836263262384
12.169950593495416
12.227078050839097
12.284218709075951
12.341372642193527
12.398539924385911
12.455720630055291
12.512914833813502
12.570122610483597
12.627344035101421
12.684579182917206
12.74182812939716
12.79909095022508
12.856367721303979
12.913658518757709
12.970963418932604
13.028282498399143
13.085615833953609
13.142963502619766
13.200325581650546
13.257702148529757
13.315093280973793
13.37249905693335
13.429919554595177
13.487354852383813
13.544805028963362
13.602270163239249
13.659750334360021
13.717245621719147
13.774756104956818
13.832281863961787
13.889822978873198
13.947379530082443
14.004951598235026
14.062539264232447
14.120142609234085
14.177761714659113
14.235396662188418
14.293047533766536
14.350714411603603
14.408397378177307
14.466096516234888
14.523811908795116
14.581543639150306
14.639291790868334
14.697056447794687
14.75483769405451
14.812635614054676
14.870450292485875
14.928281814324714
14.986130264835834
15.043995729574043
15.101878294386468
15.159778045414727
15.217695069097097
15.275629452170735
15.333581281673881
15.391550644948099
15.449537629640528
15.507542323706152
15.565564815410093
15.623605193329908
15.681663546357926
15.739739963703576
15.797834534895761
15.855947349785234
15.914078498546994
15.972228071682714
16.030396160023166
16.0885828547307
16.14678824730169
16.20501242956906
16.263255493704797
16.32151753222248
16.37979863797984
16.438098904181356
16.496418424380842
16.55475729248407
16.61311560275143
16.671493449800575
16.729890928609134
16.788308134517397
16.846745163231073
16.90520211082404
16.963679073741112
17.022176148800863
17.08069343319844
17.139231024508426
17.197789020687697
17.256367520078342
17.31496662141058
17.3735864238057
17.432227026779064
17.49088853024307
17.549571034510205
17.608274640296095
17.666999448722574
17.725745561320803
17.78451308003439
17.84330210722256
17.902112745663334
17.960945098556767
18.01979926952816
18.07867536263136
18.13757348235205
18.19649373361108
18.25543622176784
18.314401052623634
18.37338833242512
18.432398167867742
18.49143066609923
18.55048593472311
18.609564081802247
18.668665215862426
18.727789445895965
18.786936881365357
18.846107632206948
18.905301808834647
18.96451952214367
19.023760883514335
19.08302600481585
19.142314998410175
19.20162797715592
19.26096505441225
19.320326344042847
19.379711960419915
19.439122018428197
19.498556633469057
19.55801592146459
19.617499998861764
19.6770089826366
19.736542990298425
19.796102139894103
19.855686550012383
19.915296339788206
19.974931628907136
20.034592537609758
20.094279186696184
20.153991697530547
20.21373019204558
20.27349479274722
20.333285622719252
20.393102805628025
20.45294646572717
20.512816727862415
20.572713717476404
20.632637560613592
20.692588383925177
20.75256631467408
20.81257148073998
20.872604010624396
20.93266403345581
20.99275167899488
21.052867077639625
21.11301036043078
21.17318165905709
21.233381105860712
21.293608833842693
21.353864976668454
21.41414966867336
21.47446304486835
21.53480524094559
21.59517639328424
21.655576638956234
21.71600611573213
21.776464962087047
21.836953317206614
21.897471320993045
21.958019114071206
22.018596837794817
22.079204634252662
22.139842646274893
22.200511017439393
22.261209892078217
22.32193941528408
22.382699732916937
22.443490991610613
22.50431333877952
22.565166922625448
22.626051892144403
22.686968397133548
22.7479165881982
22.80889661675894
22.86990863505872
22.93095279617015
22.992029254002777
23.053138163310503
23.114279679699052
23.17545395963353
23.236661160446065
23.297901440343555
23.359174958415455
23.420481874641688
23.48182234990064
23.543196545977235
23.604604625571106
23.666046752304847
23.727523090732394
23.78903380634744
23.850579065592004
23.912159035865074
23.973773885531344
24.03542378393005
24.097108901383933
24.15882940920827
24.22058547972002
24.28237728624711
24.344205003137777
24.40606880577004
24.467968870561307
24.529905374978057
24.59187849754565
24.65388841785827
24.715935316588947
24.778019375499746
24.84014077745203
24.902299706416894
24.96449634748566
25.02673088688057
25.089003511965554
25.151314411257157
25.21366377443557
25.276051792355833
25.338478657059156
25.40094456178435
25.463449700979442
25.525994270313426
25.58857846668812
25.651202488250213
25.71386653440345
25.776570805820953
25.83931550445771
25.902100833563203
25.964926997694235
26.02779420272786
26.090702655874534
26.15365256569137
26.216644142095635
26.27967759637835
26.3427531412181
26.405870990695025
26.469031360304964
26.532234466973797
26.59548052907199
26.65876976642928
26.72210240034961
26.785478653626203
26.848898750556884
26.912362916959555
26.97587138018791
27.039424369147348
27.103022114311077
27.16666484773646
27.230352803081562
27.294086215621917
27.35786532226754
27.42169036158013
27.48556157379055
27.549479200816517
27.61344348628051
27.677454675527983
27.741513015645772
27.805618755480783
27.869772145658914
27.933973438604273
27.998222888558622
28.062520751601117
28.126867285668315
28.191262750574467
28.255707408032073
28.32020152167276
28.384745357068432
28.449339181752713
28.513983265242718
28.57867787906113
28.64342329675856
28.708219793936276
28.77306764826923
28.837967139529404
28.90291854960954
28.967922162547186
29.032978264549076
29.0980871440159
29.16324909156742
29.228464400067967
29.293733364652304
29.359056282751865
29.424433454121427
29.48986518086611
29.555351767468867
29.6208935208183
29.68649075023697
29.752143767510088
29.817852886914668
29.883618425249114
29.94944070186326
30.015320038688873
30.081256760270627
30.147251193797572
30.21330366913505
30.279414518857156
30.345584078279675
30.411812685493558
30.47810068139891
30.544448409739513
30.610856217137915
30.677324453131064
30.743853470206524
30.810443623839245
30.877095272528976
30.943808777838218
31.01058450443085
31.07742282011135
31.14432409586469
31.211288705896834
31.278317027675957
31.345409441974322
31.412566332910846
31.479788087994397
31.547075098167777
31.614427757852514
31.681846464994322
31.749331621109402
31.816883631331486
31.88450290445971
31.95218985300729
32.01994489325106
32.08776844528183
32.15566093305564
32.22362278444591
32.29165443129648
32.359756309475614
32.427928858930926
32.49617252374528
32.5644877521937
32.63287499680129
32.7013347144022
32.76986736619959
32.8384734178268
32.90715333940948
32.975907605629025
33.04473669578697
33.113641093870754
33.18262128862057
33.25167777359749
33.320811047252946
33.39002161299931
33.459309979282025
33.52867665965292
33.59812217284501
33.667647042848685
33.73725179898935
33.806936976006575
33.876703114134756
33.94655075918532
34.016480462630575
34.086492781689124
34.15658827941306
34.22676752477676
34.29703109276751
34.367379564477936
34.43781352720024
34.508333574522354
34.57894030642601
34.64963432938684
34.72041625647647
34.79128670746669
34.862246308935845
34.933295694377314
35.004435504310315
35.075666386393
35.14698899553789
35.21840399402976
35.28991205164605
35.361513845779754
35.433210061565006
35.50500139200534
35.57688853810467
35.64887220900118
35.72095312210407
35.79313200323333
35.8654095867626
35.9377866157651
36.01026384216294
36.082842026879646
36.15552193999617
36.2283043609104
36.30119007850032
36.374179891290815
36.447274607624415
36.52047504583583
36.59378203443068
36.66719641226827
36.74071902874868
36.814350744004315
36.88809242909589
36.961944966213174
37.03590924888046
37.109986182167034
37.18417668290271
37.25848167989862
37.332902114173415
37.407438939184985
37.48209312106799
37.55686563887722
37.63175748483714
37.706769664597616
37.78190319749619
37.857159116827034
37.932538470116725
38.00804231940723
38.083671741546134
38.159427828484496
38.23531168758251
38.311324441923226
38.3874672306346
38.46374120922016
38.54014754989858
38.61668744195237
38.6933620920862
38.77017272479485
38.847120582741496
38.92420692714635
39.00143303818624
39.07880021540535
39.15630977813766
39.23396306594133
39.31176143904561
39.38970627881057
39.46779898820026
39.546040992269624
39.624433738665836
39.7029786981444
39.78167736510071
39.86053125811759
39.939541920529365
40.01871092100311
40.09803985413778
40.177530341081834
40.257184030170045
40.337002597580316
40.41698774801122
40.4971412153811
40.577464763549514
40.65796018706205
40.73862931191928
40.81947399637099
40.9004961317365
40.98169764325245
41.06308049094883
41.14464667055471
41.22639821443477
41.30833719255798
41.39046571349975
41.47278592547905
41.555300017431975
41.638010220123334
41.72091880729797
41.80402809687352
41.88734045217654
41.97085828322382
42.05458404805115
42.13852025409147
42.22266945960486
42.30703427516273
42.391617365188736
42.47642144955916
42.561449305265576
42.64670376814277
42.73218773466519
42.81790416381523
42.90385607902688
42.990046570208676
43.07647879584971
43.16315598521319
43.250081440621926
43.33725853984059
43.42469073855971
43.512381572987046
43.60033466255185
43.68855371272829
43.77704251798448
43.865804964864125
43.9548450352081
44.04416680952399
44.13377447051192
44.22367230675574
44.3138647165892
44.4043562121475
44.49515142361508
44.58625510368175
44.677672132219605
44.769407521194516
44.86146641982673
44.95385412001645
45.04657606205111
45.139637840612735
45.23304521110503
45.32680409632122
45.42092059347573
45.51540098162422
45.610251729498906
45.70547950378795
45.8010911778904
45.897093841180705
45.993494808819754
46.09030163215273
46.1875221097374
46.285164299050756
46.38323652892585
46.48174741277582
46.58070586266725
46.680121104310984
46.78000269304505
46.88036053089187
46.981204884779785
47.08254640602836
47.18439615120699
47.28676560448795
47.38966670162762
47.493111855724514
47.5971139849187
47.701686542215896
47.806843547640355
47.9125996229443
48.0189700291287
48.125970707060915
48.23361832150959
48.3419303089578
48.450924929601065
48.5606213239903
48.671039574840854
48.782200774599936
48.89412709944666
49.00684189049545
49.120369743085035
49.23473660516703
49.34996988596253
49.46609857623763
49.58315338176519
49.70116687179792
49.82017364468519
49.94021051313616
50.061316712077385
50.183534132593515
50.30690758609852
50.43148510369199
50.557318276649426
50.68446264522935
50.812978144519356
50.942929617978386
51.074387411782986
51.20742806621225
51.342135124331115
51.47860008345903
51.61692352176657
51.75721644142784
51.899601881934835
52.04421687370524
52.19121482484214
52.34076846561986
52.49307352024706
52.64835334037841
52.80686483041056
52.96890613837954
53.13482680797808
53.305041438673854
53.48004847598379
53.660456729813724
53.84702394647268
54.04071497594423
54.242793433615695
54.45497428700912
54.679696406678495
54.920657513049036
55.18401418123266
55.48169476861236
55.84486283889113