0.09114701412187143
0.2734512421901062
0.45578608457752007
0.6381720003789977
0.8206295232339131
1.0031792915885485
1.1858420794076876
1.3686388274702972
1.55159067538927
1.734718994501542
1.9180454217825835
2.101591894948467
2.2853806889194863
2.469434453831921
2.65377625479908
2.8384296136395832
3.0234185528101056
3.208767641801936
3.3945020462860156
3.5806475803201043
3.7672307619648824
3.9542788726937905
4.141820021024948
4.32988321085348
4.518498415020037
4.707696654717493
4.8975100854141935
5.087972090060499
5.2791173804478735
5.470982107708933
5.663603983085874
5.857022410257259
6.051278630703912
6.246415883819336
6.44247958373547
6.639517515149542
6.837580050812692
7.036720393789551
7.236994848136629
7.438463122297456
7.641188670300858
7.845239076809843
8.050686493246735
8.25760813367261
8.466086840900982
8.676211735575366
8.888078963769056
9.101792562248306
9.317465465114319
9.53522068142861
9.755192681077656
9.977529036170472
10.202392378570206
10.429962752004187
10.660440461418379
10.894049555564964
11.13104212533123
11.371703666311571
11.616359849416588
11.86538518363793
12.119214266294843
12.378356641882881
12.64341680733241
12.915121747251229
13.19435981852219
13.482237346726032
13.780164032724846
14.08998763428991
14.414218332528858
14.756429806104775
15.12204707857068
15.520115371292016
15.968188077282482
16.512211841757207