0.06908358513487244
0.207253306428062
0.34543068201639404
0.4836208188477074
0.6218288300024672
0.7600598371588542
0.8983189730699329
1.0366113840564082
1.1749422325185235
1.3133166994707082
1.4517399871026455
1.5902173213705082
1.7287539546221964
1.8673551682605092
2.0060262754482894
2.1447726238597102
2.2835995984819952
2.4225126244720343
2.56151717007249
2.700618749592207
2.8398229264558967
2.9791353163283074
3.11856159031831
3.2581074782685824
3.3977787721368506
3.5375813294749374
3.6775210770121842
3.8176040143501684
3.9578362177759963
4.098223844201867
4.238773135239023
4.3794904214147055
4.520382126541183
4.661454772246543
4.8027149826774655
4.944169489384887
5.085825136404119
5.227688885541779
5.369767821882664
5.5120691595306015
5.654600247598282
5.797368576462071
5.940381784298972
6.08364766392411
6.227174169948431
6.370969426277774
6.5150417339760445
6.65939957951693
6.804051643450466
6.949006809512824
7.09427417420992
7.239863056907873
7.385783010466047
7.5320438324513255
7.678655576975515
7.825628567201279
7.972973408565943
8.120701002776773
8.26882256263608
8.417349627759732
8.566294081258414
8.715668167457423
8.865484510737833
9.01575613558978
9.16649648797741
9.31771945812469
9.469439404842365
9.621671181528301
9.774430163987283
9.927732280231485
10.081594042440067
10.236032581275655
10.391065682777276
10.5467118280739
10.702990236190669
10.859920910251512
11.017524687417795
11.175823292943681
11.334839398775738
11.49459668717792
11.655119919924719
11.81643501367616
11.978569122230192
12.141550726442857
12.305409732716592
12.47017758108539
12.63588736407519
12.802573957693744
12.97027416611077
13.139026881833523
13.308873263472313
13.479856933535176
13.652024199102945
13.825424298730711
14.000109679518696
14.176136309019318
14.353564027529513
14.532456947398494
14.712883907313978
14.894918991182884
15.078642123286231
15.264139753982342
15.451505653518032
15.64084183570168
15.83225963859116
16.025880996363387
16.22183994573224
16.42028442247687
16.621378419992286
16.8253046039652
17.03226750780342
17.242497476055274
17.45625558349199
17.67383984478135
17.8955931581519
18.12191361978464
18.3532681438532
18.59021079595991
18.833408021562843
19.083674264480994
19.342023796648295
19.609748911273545
19.888543195827186
20.180706834437096
20.489513493928484
20.819930786357023
21.18023728668231
21.586489300798124
22.080685011616158