0.06054977023923061
0.18165063017232913
0.30275544884315864
0.4238668666565794
0.5449875258880926
0.6661200714342634
0.7872671515653129
0.908431418680507
1.0296155300669732
1.1508221486625798
1.2720539438235232
1.3933135920972726
1.5146037780015345
1.6359271948099035
1.7572865453448858
1.8786845427789847
2.0001239114445593
2.121607387653177
2.2431377205252003
2.364717672830363
2.4863500218401136
2.6080375601925185
2.7297830967705505
2.851589457594594
2.973459486730047
3.095396047210903
3.2174020219802424
3.3394803148485894
3.461633851471114
3.58386558034471
3.706178473826003
3.828575529171388
3.9510597696002407
4.073634245382483
4.19630203495174
4.319066246045375
4.441930016872721
4.564896517312939
4.687968950143912
4.811150552303725
4.934444596186308
5.057854390972891
5.181383284001017
5.305034662172914
5.428811953405148
5.552718628121525
5.676758200791346
5.800934231515208
5.925250327660652
6.04971014555007
6.174317392203429
6.299075827138472
6.4239892642312215
6.549061573639756
6.674296683794369
6.79969858345742
6.925271323856352
7.051019020893535
7.176945857436828
7.303056085694943
7.429354029681949
7.555844087775496
7.682530735373613
7.809418527655233
7.936512102449862
8.063816183222208
8.19133558217788
8.319075203496677
8.447040046700396
8.575235210162493
8.703665894767461
8.832337407728232
8.961255166570508
9.090424703293454
9.2198516687169
9.349541837025795
9.479501110523449
9.609735524605881
9.74025125297044
9.871054613072813
10.002152071847531
10.133550251708185
10.265255936844738
10.397276079836644
10.529617808601806
10.662288433703043
10.795295456035268
10.928646574918508
11.062349696623762
11.196412943360952
11.330844662760464
11.465653437882493
11.600848097791092
11.736437728733046
11.872431685965038
12.008839606276325
12.145671421258301
12.282937371376866
12.420648020908521
12.558814273806712
12.697447390571067
12.836559006199007
12.976161149306767
13.116266262515355
13.256887224206233
13.398037371762138
13.539730526420005
13.681981019876128
13.824803722798377
13.968214075416755
14.112228120382111
14.256862538103844
14.402134684800965
14.548062633527726
14.694665218465397
14.841962082806251
14.989973730595239
15.138721582939795
15.288228039049667
15.438516542627868
15.58961165420184
15.741539130062586
15.894326008570413
16.048000704691635
16.202593113753608
16.358134725549217
16.514658750090586
16.672200256510127
16.83079632684131
16.990486226689352
17.151311595132622
17.313316656590942
17.47654845787155
17.641057134176233
17.806896208547453
17.97412293007764
18.142798657242732
18.31298929399952
18.48476578787177
18.65820470122931
18.83338886945237
19.010408162824294
19.189360373017784
19.370352250217003
19.553500723643044
19.73893434707148
19.926795022622912
20.117240071782586
20.31044474387911
20.506605281514656
20.70594270328242
20.908707522037215
21.115185700617605
21.325706270048567
21.540651220543907
21.760468561385427
21.98568989885171
22.216954622883428
22.45504405170796
22.700931112272986
22.95585528360995
23.221440734656458
23.49989305394193
23.79435077749393
24.109575613102713
24.4535014016808
24.841512325173607
25.313837712747876