0.050461256814202174
0.15138430085811097
0.25230893622101636
0.35323622402388916
0.45416722575026125
0.5551030033914521
0.6560446195919983
0.7569931377953436
0.8579496223898485
0.9589151388551765
1.0598907539091191
1.1608775356549141
1.261876553729122
1.362888879450117
1.463915585967254
1.5649577484107737
1.666016444042508
1.767092752407445
1.8681877554862194
1.9693025378485942
2.070438186807992
2.1715957925771474
2.2727764484249433
2.3739812508345026
2.4752112996625972
2.5764676983004517
2.6777515538360066
2.779063977217713
2.8804060834199383
2.981778991610052
3.083183825317263
3.184621712603301
3.286093786235005
3.387601183858908
3.4891450481779005
3.590726527130052
3.6923467740696827
3.7940069479507694
3.8957082135127776
3.997451741469009
4.099238708697567
4.2010702984350266
4.302947700472913
4.404872111357098
4.506844734590201
4.608866780837121
4.710939468133799
4.813064022099328
4.915241676151521
5.01747367172607
5.119761258499401
5.22210569461537
5.324508246915919
5.426970191175826
5.529492812341697
5.632077404775331
5.734725272501613
5.837437729461087
5.940216099767352
6.043061717969469
6.145975929319512
6.248960090045466
6.3520155676296275
6.455143741092702
6.558346001283786
6.6616237511764265
6.764978406170965
6.868411394403372
6.971924157060792
7.0755181487040195
7.179194837597142
7.282955706044585
7.386802250735825
7.490735983097995
7.59475842965669
7.6988711324052215
7.803075649182622
7.907373554060686
8.011766437740379
8.116255907957905
8.220843589900799
8.325531126634361
8.43032017953882
8.53521242875756
8.640209573656865
8.745313333297497
8.85052544691862
8.955847674434429
9.061281796943984
9.166829617254713
9.272492960420077
9.378273674291885
9.484173630087838
9.590194722974825
9.696338872668562
9.80260802405018
9.909004147800395
10.015529241051906
10.12218532806073
10.228974460897168
10.33589872015717
10.442960215694862
10.550161087377079
10.657503505860733
10.764989673393911
10.872621824641673
10.980402227537471
11.08833318416126
11.196417031645344
11.30465614310911
11.41305292862377
11.521609836208416
11.630329352858618
11.739214005608954
11.848266362630886
11.957489034367471
12.066884674706479
12.176455982193552
12.286205701287166
12.396136623657164
12.506251589528826
12.616553489074457
12.727045263854608
12.83772990831118
12.948610471314764
13.05969005776865
13.170971830272187
13.282459010846178
13.394154882723267
13.506062792206368
13.61818615059837
13.730528436206576
13.843093196425452
13.955884049901565
14.068904688784755
14.182158881069803
14.29565047303321
14.409383391769843
14.523361647834642
14.637589337994742
14.752070648097844
14.866809856062925
14.981811334999824
15.097079556464614
15.212619093858146
15.328434625975648
15.444530940715696
15.560912938957538
15.677585638616268
15.79455417888605
15.911823824682221
16.029399971293948
16.147288149259847
16.265494029479896
16.384023428577898
16.50288231452984
16.62207681257455
16.74161321142431
16.86149796979438
16.981737723271923
17.102339291546173
17.22330968602372
17.344656117854303
17.46638600639483
17.588506988141386
17.711026926161505
17.8339539200617
17.957296316528023
18.081062720480865
18.20526200688855
18.329903333288303
18.454996153067455
18.58055022956244
18.70657565103848
18.833082846618584
18.960082603237012
19.087586083699456
19.21560484594017
19.34415086357515
19.473236547860342
19.60287477117496
19.733078892162258
19.86386278267405
19.99524085668088
20.127228101327116
20.259840110330234
20.393093119945686
20.527004047744118
20.661590534476442
20.79687098933473
20.932864638954246
21.069591580544213
21.207072839583745
21.34533043257498
21.484387435409925
21.62426805798156
21.764997725755737
21.90660316912008
22.049112521442257
22.192555426905763
22.336963159350383
22.48236875353188
22.62880715043649
22.77631535854797
22.924932633277024
23.074700677136008
23.225663863689654
23.37786948885305
23.531368053763227
23.686213584249188
23.84246399290367
24.000181490965964
24.159433058720833
24.32029098498563
24.48283348860479
24.647145437842884
24.813319187360907
24.981455557343565
25.151664985687688
25.324068892480877
25.498801307025335
25.676010822442738
25.85586296295531
26.038543076528406
26.224259904066738
26.41325003096991
26.60578350569209
26.802171026017756
27.00277326841532
27.208013205162295
27.418392680959165
27.634515219550025
27.857118216830024
28.08711977688999
28.32568935691314
28.57435911651795
28.835209321167873
29.111199591062764
29.406819223730945
29.729546410183854
30.093877970334514
30.537711187114812