0.027356492257388298
0.08206950161051678
0.1367825854789941
0.19149579354069673
0.24620917547496715
0.30092278096320013
0.35563665968942937
0.4103508613409141
0.46506543560872576
0.5197804321883348
0.574495900780198
0.6292118910903449
0.6839284528309661
0.7386456357210003
0.793363489486722
0.8480820638623298
0.9028014085905349
0.9575215734231494
1.0122426081216753
1.0669645624578938
1.1216874862144552
1.1764114291854686
1.2311364411770922
1.2858625720081245
1.3405898715105953
1.3953183895303571
1.4500481759276787
1.5047792805778355
1.559511753371705
1.614245644216359
1.668981003035659
1.7237178797708501
1.7784563243811575
1.8331963868443815
1.887938117157495
1.9426815653372411
1.9974267814207305
2.0521738154660407
2.1069227175528153
2.1616735377828653
2.216426326280768
2.271181133194471
2.325938008695894
2.380697002981533
2.4354581662730617
2.4902215488179413
2.544987200890023
2.5997551727901573
2.6545255148468
2.7092982774166225
2.764073510885122
2.818851265667231
2.87363159220793
2.9284145409828604
2.98320016249894
3.037988507294976
3.0927796259422826
3.1475735690452966
3.2023703872421994
3.2571701312055334
3.3119728516428255
3.3667785992972066
3.4215874249480382
3.4763993794115344
3.53121451354139
3.5860328782294064
3.640854524406121
3.695679503041436
3.7505078651452535
3.805339661768103
3.86017494400178
3.91501376297998
3.969856169878936
4.024702215918055
4.079551952360566
4.13440543051415
4.189262701731593
4.244123817411428
4.2989888289985805
4.3538577879850155
4.408730745910395
4.463607754362719
4.518488864978986
4.573374129445848
4.628263599500263
4.683157326930158
4.738055363575089
4.792957761326899
4.847864572130389
4.902775847983978
4.957691640940378
5.012612003107256
5.067536986647911
5.122466643781949
5.177401026785955
5.232340187994175
5.287284179799193
5.342233054652615
5.3971868650657555
5.452145663610319
5.5071095029190955
5.562078435686644
5.617052514669992
5.672031792689328
5.727016322628702
5.782006157436723
5.837001350127261
5.892001953780157
5.947008021541922
6.002019606626458
6.05703676231576
6.112059541960636
6.167087998981424
6.222122186868711
6.277162159184058
6.332207969560718
6.387259671704375
6.442317319393865
6.497380966481915
6.552450666895871
6.607526474638451
6.662608443788473
6.717696628501605
6.772791083011111
6.827891861628603
6.882999018744796
6.938112608830256
6.993232686436167
7.048359306195092
7.103492522821734
7.158632391113706
7.213778965952307
7.268932302303292
7.32409245521765
7.3792594798323865
7.434433431371306
7.489614365145803
7.544802336555651
7.599997401089794
7.65519961432715
7.710409031937408
7.765625709681834
7.820849703414081
7.876081069080994
7.931319862723438
7.986566140477104
8.041819958573337
8.097081373339964
8.152350441202124
8.2076272186831
8.262911762405155
8.318204129090379
8.373504375561527
8.428812558742878
8.484128735661082
8.539452963446015
8.594785299331653
8.650125800656916
8.705474524866561
8.760831529512046
8.8161968722524
8.87157061085512
8.926952803197047
8.982343507265265
9.037742781157988
9.093150683085469
9.148567271370897
9.203992604451313
9.259426740878515
9.314869739319985
9.370321658559801
9.42578255749958
9.481252495159396
9.536731530678725
9.592219723317381
9.647717132456473
9.703223817599342
9.758739838372534
9.814265254526752
9.869800125937822
9.92534451260767
9.980898474665299
10.036462072367767
10.092035366101184
10.147618416381693
10.203211283856476
10.25881402930476
10.314426713638822
10.370049397905003
10.425682143284737
10.481325011095565
10.536978062792182
10.59264135996746
10.648314964353506
10.703998937822696
10.759693342388745
10.815398240207763
10.87111369357932
10.926839764947523
10.982576516902096
11.038324012179466
11.094082313663854
11.149851484388376
11.205631587536152
11.261422686441401
11.317224844590587
11.37303812562352
11.428862593334495
11.48469831167344
11.540545344747047
11.596403756819933
11.652273612315796
11.70815497581858
11.764047912073655
11.819952485988987
11.87586876263633
11.931796807252429
11.987736685240206
12.043688462169984
12.099652203780696
12.155627975981112
12.211615844851073
12.26761587664273
12.323628137781787
12.379652694868767
12.435689614680264
12.491738964170228
12.547800810471225
12.60387522089575
12.659962262937503
12.716062004272702
12.772174512761394
12.828299856448783
12.884438103566547
12.940589322534185
12.996753581960371
13.052930950644296
13.10912149757704
13.165325291942949
13.221542403121015
13.277772900686273
13.33401685441119
13.390274334267096
13.446545410425587
13.502830153259964
13.559128633346674
13.615440921466753
13.671767088607291
13.728107205962901
13.784461344937194
13.840829577144275
13.897211974410236
13.953608608774672
14.010019552492201
14.066444878033987
14.122884658089298
14.179338965567036
14.235807873597324
14.292291455533066
14.348789784951531
14.40530293565596
14.461830981677167
14.518373997275159
14.574932056940767
14.63150523539729
14.688093607602147
14.744697248748542
14.80131623426715
14.857950639827797
14.914600541341168
14.97126601496052
15.027947137083414
15.084643984353443
15.141356633662001
15.198085162150035
15.254829647209826
15.311590166486793
15.368366797881277
15.425159619550374
15.481968709909768
15.538794147635564
15.595636011666157
15.652494381204104
15.70936933571801
15.76626095494443
15.823169318889784
15.88009450783229
15.9370366023239
15.993995683192278
16.050971831542757
16.107965128760338
16.164975656511693
16.222003496747188
16.279048731702918
16.336111443902755
16.393191716160427
16.45028963158159
16.507405273565933
16.564538725809307
16.621690072305828
16.678859397350067
16.736046785539187
16.793252321775142
16.850476091266867
16.907718179532512
16.964978672401674
17.02225765601764
17.079555216839683
17.136871441645326
17.19420641753268
17.251560231922745
17.308932972561777
17.366324727523647
17.42373558521223
17.4811656343638
17.53861496404946
17.596083663677604
17.65357182299634
17.711079532096022
17.76860688141173
17.826153961725787
17.883720864170332
17.94130768022987
17.99891450174387
18.05654142090937
18.114188530283617
18.17185592278672
18.229543691704322
18.287251930690307
18.34498073376953
18.402730195340546
18.460500410178394
18.518291473437383
18.57610348065392
18.63393652774933
18.691790711032755
18.749666127204005
18.80756287335651
18.865481046980243
18.923420745964677
18.98138206860181
19.039365113589145
19.09736998003276
19.15539676745037
19.213445575774433
19.271516505355265
19.329609656964205
19.38772513179679
19.445863031475955
19.504023458055297
19.562206514022325
19.620412302301748
19.678640926258826
19.7368924897027
19.795167096889802
19.853464852527246
19.911785861776302
19.970130230255855
20.02849806404593
20.086889469691226
20.145304554204692
20.20374342507114
20.262206190250872
20.32069295818339
20.379203837791053
20.437738938482866
20.496298370158236
20.55488224321078
20.6134906685322
20.67212375751613
20.730781622062086
20.78946437457942
20.848172127991305
20.90690499573877
20.965663091784787
21.024446530618352
21.08325542725866
21.14208989725929
21.200950056712415
21.259836022253094
21.31874791106357
21.377685840877625
21.436649929984974
21.4956402972357
21.554657062044733
21.61370034439638
21.67277026484889
21.731866944539057
21.79099050518689
21.850141069100307
21.909318759179886
21.968523698923676
22.027756012432018
22.087015824412447
22.146303260184645
22.205618445685413
22.26496150747372
22.324332572735795
22.383731769290268
22.443159225593362
22.502615070744135
22.5620994344898
22.62161244723105
22.681154240027492
22.74072494460309
22.800324693351698
22.859953619342637
22.919611856326313
22.979299538739927
23.039016801713213
23.09876378107426
23.158540613355374
23.21834743579901
23.27818438636377
23.338051603730456
23.397949227308196
23.45787739724063
23.517836254412153
23.577825940454233
23.6378465977518
23.6978983694497
23.757981399459208
23.818095832464618
23.87824181392991
23.93841949010549
23.99862900803498
24.0588705155621
24.119144161337633
24.17945009482645
24.23978846631461
24.30015942691655
24.360563128582346
24.420999724105055
24.481469367128145
24.541972212152988
24.602508414546463
24.663078130548616
24.723681517280433
24.78431873275167
24.844989935868803
24.905695286443027
24.966434945198397
25.027209073780014
25.088017834762326
25.14886139165752
25.20973990892401
25.270653551975023
25.331602487187276
25.392586881909764
25.45360690447264
25.514662724196196
25.575754511399964
25.636882437411902
25.6980466745777
25.75924739627019
25.820484776898866
25.881758991919522
25.943070217843992
26.00441863225001
26.065804413791202
26.127227742207165
26.18868879833369
26.250187764113104
26.311724822604734
26.37330015799549
26.434913955610583
26.496566401924365
26.558257684571313
26.61998799235714
26.68175751527003
26.743566444492025
26.80541497241056
26.8673032926301
26.92923159998398
26.99120009054631
27.05320896164415
27.115258411869675
27.17734864109266
27.23947985047297
27.30165224247334
27.3638660208722
27.42612139077675
27.48841855863614
27.55075773225487
27.6131391208063
27.675562934846386
27.73802938632757
27.80053868861285
27.863091056490013
27.925686706186095
27.98832585538199
28.051008723227262
28.11373553035515
28.17650649889777
28.239321852501526
28.302181816342696
28.365086617143255
28.42803648318689
28.491031644335234
28.554072332044303
28.61715877938118
28.680291221040907
28.74346989336358
28.806695034351726
28.869966883687873
28.933285682752384
28.996651674641505
29.0600651041857
29.1235262179682
29.18703526434383
29.250592493458086
29.31419815726647
29.37785250955412
29.441555805955684
29.50530830397547
29.569110263007932
29.63296194435835
29.696863611263897
29.76081552891495
29.82481796447671
29.88887118711115
29.952975467999252
30.01713108036358
30.081338299491176
30.145597402756778
30.209908669646385
30.274272381781156
30.33868882294167
30.403158279092523
30.4676810384073
30.532257391293907
30.596887630420305
30.66157205074057
30.726310949521395
30.791104626368963
30.855953383256228
30.920857524550613
30.9858173570421
31.05083318997179
31.11590533506085
31.181034106539954
31.24621982117911
31.311462798318
31.37676335989678
31.44212183048732
31.507538537324983
31.573013810340846
31.638547982194474
31.704141388307168
31.76979436689577
31.835507259006974
31.901280408552214
31.96711416234307
32.033008870127276
32.098964884625275
32.16498256156741
32.23106225973164
32.29720434098194
32.36340917030733
32.429677115861445
32.496008549002866
32.56240384433609
32.62886337975311
32.69538753647579
32.76197669909885
32.82863125563363
32.89535159755259
32.96213811983452
33.028991221010536
33.0959113032109
33.16289877221255
33.22995403748753
33.2970775122522
33.364269613517344
33.43153076213906
33.49886138287067
33.566261904415384
33.63373275948001
33.70127438482957
33.76888722134285
33.83657171406899
33.90432831228504
33.972157469554574
34.04005964378736
34.10803529730008
34.17608489687818
34.24420891383883
34.31240782409507
34.38068210822104
34.44903225151855
34.517458744084784
34.58596208088128
34.65454276180423
34.72320129175606
34.79193818071842
34.86075394382645
34.929649101444596
34.998624179243734
35.067679708279904
35.136816225074426
35.206034271695714
35.27533439584253
35.34471715092898
35.41418309617114
35.483732796675355
35.55336682352833
35.62308575388898
35.69289017108214
35.76278066469417
35.832757830670396
35.902822271414664
35.97297459589081
36.04321541972623
36.11354536531762
36.18396506193883
36.25447514585103
36.325076260415095
36.395769056206404
36.46655419113202
36.53743233055035
36.60840414739337
36.67947032229143
36.75063154370075
36.82188850803366
36.89324191979167
36.96469249170145
37.03624094485371
37.107888008845265
37.17963442192411
37.251480931137834
37.323428292485204
37.39547727107133
37.46762864126618
37.539883186866774
37.61224170126304
37.6847049876075
37.75727385898883
37.82994913860948
37.90273165996738
37.97562226704196
38.04862181448453
38.12173116781309
38.194951203611936
38.26828280973587
38.34172688551946
38.41528434199126
38.488956102093326
38.562743100906026
38.63664628587847
38.71066661706455
38.784805067364914
38.85906262277499
38.93344028263924
39.007939059911834
39.08255998142404
39.15730408815835
39.23217243552977
39.30716609367437
39.38228614774534
39.45753369821683
39.53290986119581
39.60841576874223
39.6840525691977
39.75982142752304
39.83572352564494
39.91176006281206
39.987932255960914
40.06424134009182
40.140688568655236
40.217275213948994
40.294002567526576
40.37087194061702
40.44788466455677
40.52504209123385
40.60234559354493
40.679796565865594
40.75739642453443
40.83514660835127
40.91304857909033
40.99110382202852
41.06931384648973
41.14768018640554
41.22620440089301
41.30488807485022
41.38373281957018
41.46274027337388
41.54191210226316
41.62125000059418
41.70075569177236
41.7804309289695
41.860277495864146
41.94029720740593
42.02049191060504
42.10086348534765
42.1814138452386
42.262144938472204
42.34305874873251
42.42415729612426
42.50544263813571
42.586916870634816
42.668582128900105
42.75044058868778
42.83249446733668
42.914746024912624
42.997197565394046
43.07985143790067
43.162710037967145
43.24577580886378
43.32905124296644
43.41253888317791
43.49624132440314
43.5801612150809
43.66430125877455
43.7486642158246
43.83325290506628
43.91807020561517
44.00311905872417
44.08840246971544
44.17392350999115
44.259685319126746
44.34569110705133
44.431944156319254
44.51844782447802
44.60520554653728
44.692220837544504
44.77949729527291
44.86703860302778
44.95484853257764
45.042930947217265
45.13128980496972
45.219929161935504
45.30885317579697
45.39806610948716
45.487572335032546
45.57737633757993
45.66748271961852
45.757896205408954
45.848621645631816
45.9396640222693
46.03102845373443
46.122720200263636
46.21474466958932
46.30710742291069
46.39981418118225
46.49287083174116
46.58628343529594
46.68005823330141
46.77420165574617
46.86872032938152
46.96362108642298
47.058910973758294
47.15459726269852
47.25068745931241
47.3471893153873
47.4441108400642
47.54146031219861
47.63924629350361
47.737477642537115
47.83616352960092
47.93531345262576
48.034937254123996
48.135045139299436
48.23564769541323
48.33675591251449
48.438381205656185
48.54053543872913
48.643230950061856
48.746480579949825
48.85029770029626
48.95469624656726
49.059690752287786
49.16529638633151
49.271528993288356
49.37840513722826
49.485942149219625
49.59415817900684
49.70307225130387
49.81270432722204
49.92307537142026
50.03420742564823
50.14612368944814
50.25884860889177
50.37240797436077
50.486829028531
50.6021405859037
50.7183731654409
50.8355591381187
50.953732891517674
51.0729310139373
51.193192500964074
51.31455898796028
51.43707501259492
51.56078831234012
51.685750162845274
51.81201576432618
51.939644684637194
52.06870136961676
52.19925573373201
52.33138384715545
52.46516873940648
52.60070134488487
52.738081622435985
52.87741989011568
53.018838428424516
53.16247342170241
53.30847732995874
53.457021814929455
53.60830138884597
53.762538018912586
53.919987015451014
54.08094467454635
54.24575836633206
54.41484010929727
54.58868524244538
54.767898776826364
54.95323372475392
55.145648900671866
55.346400005062726
55.557191248556094
55.78044618200363
56.019839262935534
56.28148827061954
56.57724625983844
56.93807965759095