0.033947794039580155
0.10184345521231307
0.16973933566780974
0.23763558160139936
0.3055323392186416
0.37342975473942014
0.4413279744020373
0.5092271444673098
0.5771274112226671
0.6450289209862511
0.7129318201110187
0.7808362549888481
0.848742372054646
0.916650317790461
0.9845602387295987
1.0524722814607428
1.1203865926320786
1.188303318955424
1.256222607210363
1.3241446042483875
1.392069456997042
1.459997312464077
1.5279283177416079
1.5958626200102812
1.6638003665434475
1.7317417047113428
1.7996867819852767
1.8676357459418298
1.9355887442670607
2.003545924760719
2.0715074353404708
2.139473424046133
2.207444039043916
2.2754194286306793
2.3433997412381973
2.4113851254374343
2.4793757299428343
2.54737170361662
2.6153731954731048
2.6833803546830186
2.7513933305778453
2.819412272654173
2.887437330578062
2.955468654189421
3.0235063935064024
3.0915506987298116
3.1596017202475277
3.2276596086389477
3.2957245146794403
3.363796589344816
3.4318759838158197
3.4999628494826354
3.5680573379494103
3.636159601038796
3.704269790796513
3.7723880594959245
3.8405145596426404
3.908649443979132
3.9767928654893745
4.044944977403503
4.113105933202495
4.181275886622871
4.2494549916614215
4.317643402579947
4.385841273910031
4.454048760457832
4.5222660173089
4.590493199833014
4.658730463689045
4.726977964829852
4.795235859507191
4.863504304276658
4.931783456002656
5.000073471863395
5.068374509355903
5.136686726301084
5.205010280848798
5.273345331482961
5.341692037026687
5.410050556647452
5.478421049862296
5.5468036765430435
5.615198596921572
5.683605971595097
5.7520259615315
5.820458728074686
5.888904432949972
5.957363238269518
6.0258353065377825
6.094320800657021
6.162819883932819
6.231332720079657
6.299859473226522
6.368400307922542
6.43695538914268
6.505524882293445
6.574108953218657
6.642707768205247
6.7113214939891
6.779950297760936
6.84859434717224
6.917253810341222
6.98592885585884
7.054619652794847
7.123326370703898
7.1920491796316925
7.26078825012117
7.329543753218749
7.398315860480614
7.467104743979056
7.535910576308851
7.604733530593699
7.673573780492713
7.74243150020695
7.811306864486007
7.880200048634658
7.949111228519559
8.018040580575988
8.086988281814666
8.155954509828605
8.224939442800041
8.293943259507408
8.362966139332373
8.432008262266939
8.501069808920594
8.570150960527544
8.63925189895398
8.708372806705437
8.777513866934198
8.846675263446766
8.915857180711413
8.985059803865784
9.05428331872458
9.123527911787301
9.192793770246059
9.262081081993479
9.33139003563065
9.400720820475161
9.470073626569222
9.539448644687834
9.60884606634706
9.678266083812366
9.747708890107038
9.817174679020686
9.886663645117824
9.956175983746535
10.02571189104722
10.095271563961436
10.164855200240813
10.234462998456069
10.304095158006097
10.373751879127171
10.443433362902216
10.513139811270182
10.582871427035524
10.652628413877755
10.722410976361118
10.792219319944346
10.862053650990523
10.93191417677706
11.001801105505747
11.071714646312941
11.141655009279846
11.211622405442897
11.281617046804264
11.351639146342468
11.4216889180231
11.491766576809663
11.561872338674537
11.632006420610047
11.702169040639669
11.772360417829345
11.842580772298929
11.912830325233758
11.983109298896354
12.053417916638255
12.123756402911969
12.194124983283082
12.264523884442486
12.334953334218746
12.405413561590626
12.475904796699732
12.546427270863319
12.616981216587238
12.68756686757904
12.758184458761217
12.828834226284618
12.899516407542004
12.970231241181775
13.040978967121855
13.111759826563738
13.182574062006701
13.253421917262203
13.32430363746844
13.395219469105067
13.466169660008132
13.537154459385162
13.608174117830435
13.67922888734046
13.750319021329625
13.821444774646054
13.89260640358764
13.963804165918313
14.035038320884475
14.106309129231654
14.177616853221384
14.24896175664827
14.320344104857297
14.391764164761335
14.463222204858893
14.534718495252074
14.606253307664787
14.67782691546118
14.749439593664315
14.821091618975085
14.892783269791394
14.96451482622756
15.036286570134004
15.108098785117184
15.179951756559792
15.25184577164123
15.32378111935836
15.395758090546524
15.467776977900854
15.539838075997878
15.611941681317399
15.684088092264702
15.756277609193042
15.82851053442645
15.900787172282856
15.973107829097534
16.045472813246867
16.11788243517245
16.190337007405525
16.262836844591774
16.33538226351645
16.407973583129856
16.480611124573223
16.553295211204915
16.62602616862704
16.698804324712427
16.771630009632016
16.84450355588261
16.917425298315074
16.990395574162918
17.063414723071297
17.13648308712647
17.209601010885663
17.28276884140739
17.355986928282224
17.429255623664037
17.5025752823017
17.575946261571247
17.64936892150859
17.72284362484263
17.79637073702897
17.869950626284094
17.943583663620082
18.01727022287986
18.091010680773007
18.164805416912113
18.238654813849703
18.312559257115744
18.386519135255753
18.46053483986948
18.534606765650246
18.60873531042486
18.682920875194235
18.7571638641746
18.831464684839414
18.90582374796194
18.980241467658523
19.054718261432583
19.129254550219297
19.203850758431052
19.278507314003644
19.353224648443216
19.428003196874023
19.50284339808696
19.577745694588916
19.65271053265299
19.727738362369493
19.8028296376979
19.877984816519625
19.953204360691725
20.028488736101544
20.103838412722272
20.17925386466951
20.254735570258763
20.330284012064023
20.4058996769773
20.481583056269248
20.557334645650876
20.63315494533634
20.709044460106856
20.78500369937577
20.861033177254818
20.937133412621552
21.01330492918803
21.089548255570744
21.165863925361837
21.242252477201625
21.318714454852493
21.39525040727412
21.471860888700153
21.54854645871631
21.625307682339937
21.702145130101098
21.779059378125186
21.856051008217147
21.93312060794728
22.01026877073873
22.087496095956645
22.16480318899911
22.2421906613898
22.31965913087252
22.397209221507573
22.474841563770042
22.55255679465004
22.630355557754964
22.70823850341381
22.786206288783585
22.8642595779579
22.942399042077756
23.020625359444622
23.098939215635827
23.17734130362235
23.255832323889056
23.334412984557456
23.413084001511034
23.49184609852322
23.57070000738807
23.64964646805378
23.728686228758985
23.80782004617205
23.88704868553337
23.966372920800726
24.045793534797866
24.12531131936634
24.20492707552064
24.284641613606887
24.364455753464927
24.444370324594193
24.524386166323218
24.604504127983006
24.684725069084415
24.765049859499495
24.84547937964712
24.926014520682827
25.006656184693117
25.087405284894302
25.168262745836028
25.249229503609598
25.330306506061273
25.41149471301067
25.492795096474406
25.574208640895172
25.655736343376343
25.73737921392237
25.819138275685063
25.901014565215974
25.98300913272504
26.065123042345757
26.147357372406965
26.229713215711552
26.31219167982225
26.394793887354748
26.477520976278367
26.560374100224543
26.643354428803317
26.726463147928182
26.809701460149466
26.89307058499659
26.97657175932948
27.06020623769942
27.14397529271965
27.22788021544611
27.31192231576857
27.396102922812553
27.480423385352445
27.564885072236095
27.6494893728214
27.734237697425204
27.81913147778502
27.904172167533957
27.989361242689366
28.074700202155693
28.160190568242022
28.245833887194877
28.331631729746803
28.41758569168134
28.503697394414957
28.589968485596625
28.676400639725664
28.762995558788518
28.84975497291526
28.936680641056526
29.023774351681652
29.111037923498902
29.19847320619857
29.286082081219956
29.373866462543045
29.461828297506003
29.549969567649413
29.638292289588442
29.726798515914002
29.815490336124146
29.90436987758694
29.993439306536132
30.082700829101007
30.172156692371864
30.26180918550269
30.35166064085256
30.44171343516757
30.531969990804924
30.622432777001208
30.713104311186722
30.803987160347976
30.895083942440547
30.986397327854576
31.077930040935385
31.169684861561752
31.26166462678455
31.353872232528666
31.446310635361133
31.538982854328815
31.631891972868885
31.725041140795806
31.818433576368523
31.91207256844196
32.00596147870701
32.100103744023635
32.19450287885178
32.28916247778529
32.38408621819414
32.47927786298088
32.574741263457256
32.67048036234764
32.76649919692619
32.862801902295075
32.95939271481176
33.05627597567366
33.15345613466922
33.250937754104996
33.34872551291904
33.44682421099147
33.54523877366421
33.643974256482196
33.74303585016988
33.84242888585732
33.94215884057156
34.042231343009966
34.142652179613684
34.243427300960455
34.34456282849782
34.44606506163926
34.54794048524761
34.65019577753208
34.75283781838742
34.855873698205905
34.95931072719585
35.06315644524258
35.16741863235158
35.27210531971633
35.377224801457814
35.48278564708619
35.588796714740255
35.69526716526531
35.80220647719551
35.909624462713474
36.017531284666546
36.12593747472733
36.23485395279438
36.34429204773911
36.454263519615495
36.56478058346171
36.6758559348363
36.78750277724702
36.899734851648
37.01256646820037
37.12601254051392
37.240088622612504
37.354810948894766
37.47019647739435
37.58626293668132
37.703028876789126
37.82051372460091
37.93873784418519
38.057722602636666
38.17749044205311
38.29806495836748
38.41947098785634
38.541734702265344
38.66488371363257
38.78894719005521
38.91395598383979
39.03994277370688
39.16694222299574
39.29499115614258
39.424128756100416
39.55439678584373
39.68583983767759
39.81850561477339
39.9524452502138
40.087713669890526
40.224370006913745
40.3624780768341
40.502106925042014
40.643331460322294
40.78623319187744
40.93090109142584
41.07743260755658
41.225934866835196
41.3765261058456
41.52933739134399
41.68451470332877
41.842221480074464
42.00264175801191
42.16598408731905
42.33248647334689
42.502422695960995
42.67611051228129
42.85392248484656
43.03630055223283
43.223776072767635
43.41699811326492
43.61677459830757
43.82413436743716
44.040424972200164
44.2674754856273
44.50788733068027
44.765605137623396
45.047197391033755
45.36539225040493
45.75344796225854