0.052682828657413035
0.15804914389117275
0.263417432988551
0.36878901221473626
0.47416519836925813
0.5795473090000784
0.6849366626180368
0.7903345789117533
0.8957423789630904
1.0011613854632766
1.106592922929796
1.212038317924148
1.3174988992705818
1.4229759982759118
1.5284709489505224
1.633985088230667
1.7395197562021751
1.845076296325676
1.950656055663448
2.0562603851080166
2.1618906396126056
2.2675481784235667
2.3732343653149046
2.4789505688250166
2.584698162495775
2.6904785251140733
2.7962930409559683
2.902143100033548
3.008030098344655
3.113955438125612
3.219920528107078
3.325926783773183
3.43197562762409
3.5380684894421273
3.6442068065616544
3.750392024142809
3.8566255954493003
3.962908982130418
4.0692436545074235
4.175631091864499
4.282072782744431
4.388570225249226
4.495124927345831
4.601738407177167
4.708412193378679
4.815147825400603
4.921946853836165
5.028810840755946
5.135741360048625
5.242739997768352
5.349808352488979
5.456948035665415
5.564160672002362
5.671447899830692
5.77881137149176
5.886252753729925
5.9937737280936
6.101375991345103
6.209061255879681
6.31683125015399
6.424687719124407
6.53263242469552
6.64066714617917
6.748793680764419
6.857013843998871
6.9653294702817234
7.073742413369012
7.182254546891484
7.290867764885559
7.39958398233788
7.508405135743944
7.617333183681336
7.726370107398133
7.835517911417015
7.9447786241557035
8.054154298564336
8.163647012780407
8.273258870801971
8.382992003179794
8.492848567729167
8.602830750262202
8.712940765341319
8.823180857054854
8.933553299815568
9.044060399183032
9.154704492710804
9.265487950819402
9.376413177696104
9.487482612222694
9.598698728932241
9.710064038996169
9.821581091242805
9.933252473208777
10.045080812224585
10.15706877653584
10.269219076461635
10.381534465591672
10.494017742023807
10.606671749643779
10.719499379448923
10.832503570917888
10.945687313428309
11.059053647724665
11.172605667438521
11.286346520663578
11.400279411588027
11.514407602186848
11.628734413976861
11.743263229837483
11.857997495900262
11.972940723510533
12.088096491264622
12.20346844712631
12.319060310626394
12.434875875149523
12.55091901031259
12.667193664439369
12.783703867136216
12.90045373197409
13.017447459282348
13.134689339060174
13.252183754011883
13.369935182712657
13.487948202911777
13.606227494980788
13.724777845514595
13.843604151093967
13.962711422218474
14.08210478741954
14.201789497563915
14.321770930358568
14.442054595068809
14.562646137462226
14.683551344991931
14.804776152233616
14.926326646591875
15.048209074292508
15.170429846678646
15.292995546829948
15.415912936525551
15.539188963573052
15.662830769527542
15.78684569782658
15.91124130236909
16.036025356568395
16.161205862912098
16.286791063064225
16.41278944854799
16.53920977205085
16.666061059397112
16.79335262223722
16.921094071507362
17.04929533171773
17.177966656133123
17.30711864291552
17.436762252304707
17.566908824920386
17.697570101277197
17.828758242613077
17.96048585314144
18.092766003848823
18.22561225797226
18.359038698304495
18.493059956491265
18.627691244502326
18.762948388478144
18.8988478651767
19.035406841270554
19.172643215773373
19.310575665908086
19.449223696766737
19.588607695154895
19.72874898806295
19.869669906263184
20.011393853596594
20.153945382588734
20.29735027712088
20.441635642983933
20.58683000726018
20.73296342761572
20.88006761274762
21.028176055419728
21.177324179745213
21.327549504639766
21.478891825685693
21.631393418025343
21.785099263356575
21.940057304650658
22.096318732877478
22.253938310832325
22.4129747401507
22.573491078820286
22.735555218015932
22.899240428976398
23.06462599302151
23.231797930821894
23.400849850879837
23.571883942131254
23.745012142009802
23.9203575197496
24.0980559258835
24.278257973881864
24.461131440217887
24.646864197123083
24.835667831345035
25.02778215760146
25.223480915374626
25.423079055393533
25.626942199266278
25.835499128861176
26.04925859509738
26.26883244449719
26.494968264618112
26.72859687923766
26.970903989137796
27.22344309388755
27.488323518200076
27.768546355934276
28.068664028629215
28.396260269234997
28.766037339049348
29.216432127649057