0.028750653270965626
0.08625199165922895
0.14375342558694706
0.2012550187486184
0.2587568348410345
0.3162589375641972
0.37376139062223607
0.43126425772432625
0.48876760258560614
0.5462714889280955
0.6037759804816141
0.6612811409847
0.7187870341855291
0.7762937238428345
0.8338012737268258
0.8913097476201108
0.9488192093186155
1.0063297226325056
1.0638413513871092
1.1213541594238388
1.1788682106011155
1.2363835687952924
1.2939002979015803
1.3514184618349723
1.408938124531171
1.4664593499475165
1.5239822020639133
1.5815067448837608
1.6390330424348825
1.6965611587704583
1.754091157969956
1.8116231041400654
1.8691570614156323
1.9266930939605948
1.9842312659689205
2.041771641665544
2.099314285307307
2.156859261183899
2.2144066336188004
2.2719564669702264
2.3295088256320695
2.387063774034851
2.4446213766466647
2.50218169797413
2.559744802563342
2.617310755000825
2.674879619914488
2.7324514619745806
2.790026345894652
2.847604336432511
2.9051854983911896
2.9627698966199048
3.0203575960150273
3.0779486615210474
3.1355431581315476
3.1931411508901735
3.2507427048916075
3.3083478852825476
3.3659567572626847
3.423569386085685
3.4811858370601723
3.538806175550714
3.5964304669788105
3.6540587768238857
3.711691170624279
3.7693277139782415
3.8269684725449356
3.8846135120454357
3.9422628982637296
3.9999166970477282
4.057574974310272
4.115237796030145
4.172905228253089
4.2305773370928215
4.288254188732054
4.34593584942352
4.403622385490999
4.4613138633303455
4.519010349410527
4.576711910274655
4.634418612541025
4.692130522904164
4.749847708135869
4.807570235086265
4.865298170684851
4.92303158194156
4.980770535947819
5.038515099877611
5.096265340988545
5.154021326622922
5.211783124208815
5.269550801261147
5.327324425382767
5.385104064265547
5.442889785691461
5.500681657533689
5.5584797477577075
5.616284124422398
5.67409485568115
5.731912009782972
5.78973565507361
5.847565859996664
5.905402693094711
5.963246223010437
6.0210965184877665
6.078953648373002
6.136817681615966
6.194688687271148
6.252566734498853
6.310451892566362
6.368344230849091
6.426243818831759
6.484150726109555
6.54206502238932
6.599986777490724
6.657916061347452
6.715852944008402
6.773797495638873
6.831749786521777
6.889709887058835
6.947677867771804
7.005653799303685
7.063637752419952
7.121629798009783
7.179630007087293
7.23763845079278
7.295655200393965
7.353680327287257
7.411713902999002
7.469755999186753
7.527806687640545
7.585866040284167
7.643934129176452
7.702011026512564
7.760096804625296
7.818191535986376
7.876295293207774
7.934408149043024
7.992530176388542
8.050661448284963
8.10880203791847
8.166952018622148
8.225111463877331
8.283280447314958
8.341459042716947
8.399647324017558
8.457845365304781
8.516053240821726
8.57427102496801
8.632498792301165
8.690736617538052
8.748984575556277
8.807242741395612
8.865511190259442
8.923789997516197
8.982079238700807
9.040378989516164
9.09868932583458
9.157010323699271
9.215342059325845
9.273684609103778
9.332038049597935
9.39040245755007
9.448777909880347
9.507164483688864
9.5655622562572
9.623971305049954
9.6823917077163
9.740823542091558
9.799266886198764
9.85772181825025
9.916188416649252
9.974666759991498
10.033156927066827
10.091658996860819
10.150173048556413
10.20869916153557
10.267237415380908
10.325787889877382
10.384350665013951
10.44292582098526
10.501513438193344
10.560113597249337
10.618726378975177
10.677351864405347
10.735990134788615
10.794641271589777
10.85330535649143
10.911982471395744
10.97067269842624
11.029376119929607
11.088092818477492
11.146822876868333
11.205566378129198
11.264323405517622
11.323094042523469
11.381878372870808
11.440676480519798
11.499488449668581
11.558314364755192
11.617154310459496
11.676008371705102
11.734876633661338
11.7937591817452
11.852656101623333
11.911567479214028
11.970493400689218
12.029433952476513
12.088389221261217
12.14735929398839
12.206344257864911
12.26534420036154
12.324359209215036
12.383389372430248
12.442434778282246
12.501495515318457
12.56057167236082
12.61966333850796
12.678770603137373
12.737893555907622
12.797032286760569
12.856186885923599
12.91535744391188
12.974544051530625
13.033746799877386
13.092965780344345
13.152201084620653
13.21145280469475
13.270721032856729
13.330005861700716
13.389307384127248
13.448625693345695
13.507960882876688
13.56731304655456
13.626682278529819
13.686068673271631
13.745472325570327
13.804893330539933
13.8643317836207
13.923787780581689
13.983261417523334
14.042752790880071
14.102261997422948
14.161789134262275
14.221334298850296
14.280897588983885
14.340479102807242
14.400078938814636
14.459697195853167
14.519333973125528
14.578989370192822
14.638663486977375
14.698356423765588
14.758068281210804
14.817799160336206
14.87754916253773
14.93731838958701
14.997106943634344
15.056914927211691
15.116742443235673
15.176589595010633
15.23645648623169
15.296343220987843
15.35624990376508
15.416176639449533
15.476123533330645
15.53609069110437
15.596078218876407
15.656086223165445
15.71611481090646
15.77616408945401
15.836234166585585
15.896325150504984
15.956437149845694
16.016570273674336
16.076724631494116
16.136900333248313
16.197097489323806
16.257316210554613
16.317556608225495
16.377818794075534
16.438102880301823
16.498408979563113
16.55873720498354
16.619087670156365
16.679460489147758
16.739855776500608
16.800273647238374
16.860714216868963
16.921177601388663
16.98166391728608
17.042173281546138
17.1027058116541
17.163261625599656
17.22384084188099
17.284443579508945
17.345069958011198
17.405720097436472
17.466394118358803
17.527092141881827
17.587814289643127
17.648560683818605
17.70933144712691
17.770126702833892
17.83094657475711
17.891791187270382
17.952660665308382
18.013555134371256
18.074474720529324
18.135419550427788
18.196389751291516
18.257385450929853
18.318406777741476
18.37945386071933
18.44052682945556
18.501625814146536
18.5627509455979
18.623902355229685
18.685080175081463
18.746284537817562
18.807515576732307
18.868773425755364
18.930058219457084
18.991370093053927
19.052709182413935
19.11407562406227
19.175469555186794
19.236891113643708
19.298340437963258
19.359817667355486
19.421322941716053
19.482856401632105
19.544418188388224
19.606008443972414
19.66762731108216
19.72927493313056
19.7909514542525
19.85265701931091
19.91439177390308
19.976155864367044
20.03794943778801
20.099772642004915
20.161625625616963
20.223508537990323
20.285421529264823
20.347364750360768
20.409338352985806
20.471342489641856
20.533377313632155
20.59544297906832
20.65753964087754
20.719667454809827
20.781826577445322
20.844017166201716
20.906239379341734
20.968493375980714
21.030779316094243
21.0930973605259
21.155447670995077
21.21783041010491
21.280245741350228
21.34269382912569
21.405174838733924
21.467688936393817
21.530236289248858
21.59281706537561
21.65543143379224
21.718079564467196
21.780761628327912
21.84347779726969
21.906228244164616
21.96901314287063
22.031832668240668
22.094686996131923
22.1575763034152
22.220500767984408
22.28346056876612
22.346455885729288
22.409486899895036
22.472553793346595
22.535656749239333
22.598795951810917
22.66197158639159
22.725183839414584
22.788432898426606
22.851718952098537
22.915042190236175
22.97840280379115
23.04180098487195
23.105236926755126
23.168710823896554
23.232222871942906
23.295773267743215
23.359362209360608
23.422989896084182
23.48665652844099
23.55036230820823
23.61410743842553
23.677892123407435
23.74171656875601
23.80558098137363
23.869485569475888
23.93343054260473
23.997416111641673
24.061442488821292
24.125509887744762
24.18961852339367
24.25376861214394
24.317960371779975
24.38219402150896
24.446469781975335
24.510787875275508
24.575148524972683
24.639551956111955
24.70399839523554
24.76848807039825
24.833021211183134
24.89759804871736
24.962218815688267
25.026883746359665
25.091593076588328
25.15634704384072
25.22114588720994
25.285989847432873
25.35087916690762
25.415814089711112
25.480794861616985
25.54582173011371
25.610894944422935
25.67601475551811
25.74118141614336
25.806395180832588
25.871656305928894
25.936965049604208
26.002321671879237
26.06772643464366
26.133179601676627
26.19868143866754
26.264232213237097
26.329832194958694
26.395481655380056
26.46118086804524
26.526930108516908
26.592729654398934
26.658579785359343
26.724480783153567
26.79043293164803
26.856436516844102
26.922491826902384
26.98859915216732
27.054758785192238
27.120971020764685
27.187236155932172
27.253554490028314
27.319926324699317
27.386351963930878
27.45283171407551
27.519365883880248
27.58595478451476
27.652598729599926
27.719298035236815
27.78605302003611
27.85286400514799
27.919731314292456
27.98665527379014
28.053636212593585
28.120674462318977
28.18777035727842
28.25492423451269
28.32213643382449
28.389407297812237
28.4567371719044
28.52412640439435
28.591575346475786
28.659084352278693
28.726653778905938
28.79428398647038
28.86197533813262
28.92972820013937
28.9975429418624
29.065419935838165
29.133359557808053
29.20136218675932
29.26942820496666
29.337557998034484
29.405751954939934
29.474010468076546
29.542333933298693
29.61072274996677
29.67917732099311
29.74769805288872
29.816285355810784
29.884939643610988
29.953661333884646
30.022450848020732
30.09130861125269
30.160235052710213
30.229230605471866
30.298295706618635
30.367430797288446
30.436636322731605
30.505912732367253
30.575260479840797
30.644680023082383
30.714171824366417
30.783736350372138
30.853374072245295
30.92308546566097
30.99287101088749
31.062731192851547
31.132666501204515
31.202677430389965
31.272764479712453
31.342928153407588
31.41316896071338
31.483487415942975
31.553884038558703
31.624359353247584
31.694913889998233
31.765548184179245
31.836262776619083
31.907058213687506
31.97793504737856
32.048893835395205
32.11993514123559
32.19105953428099
32.262267589885504
32.33355988946754
32.404937020603086
32.476399577120844
32.54794815919933
32.61958337346583
32.69130583309749
32.76311615792431
32.835014974534396
32.90700291638128
32.979080623893445
33.051248744586225
33.12350793317587
33.1958588516962
33.26830216961752
33.34083856396818
33.413468719458656
33.486193328608344
33.55901309187494
33.631928717786764
33.704940923077885
33.778050432826134
33.851257980594255
33.924564308574034
33.997970167733726
34.071476317968674
34.145083528255356
34.21879257680882
34.29260425124377
34.36651934873918
34.44053867620677
34.5146630504633
34.58889329840684
34.66323025719709
34.737674774439995
34.81222770837654
34.88688992807612
34.96166231363445
35.036545756376114
35.111541159062064
35.18664943610207
35.26187151377229
35.337208330438145
35.41266083678267
35.488229996040495
35.56391678423754
35.639722190436764
35.71564721699003
35.791692879796294
35.86786020856637
35.944150247094406
36.02056405353635
36.097102700695544
36.173767276315786
36.25055888338198
36.32747864042872
36.40452768185701
36.48170715825933
36.55901823675352
36.63646210132554
36.714039953181526
36.79175301110945
36.86960251185068
36.9475897104818
37.025715880806985
37.103982315761385
37.182390327825786
37.260941249453076
37.339636433506804
37.4184772537123
37.49746510512087
37.5766014045874
37.655887591262
37.735325127096054
37.8149154973633
37.8946602111965
37.97456080214014
38.054618828719946
38.13483587502971
38.21521355133612
38.295753494702325
38.37645736963081
38.457326868726575
38.538363713381074
38.61956965447807
38.700946473122016
38.78249598138998
38.86422002310796
38.94612047465279
39.0281992457803
39.11045828048125
39.19289955786575
39.27552509307775
39.358336938240534
39.44133718343468
39.52452795770991
39.60791143013215
39.69148981086743
39.775265352304196
39.859240350215664
39.94341714496414
40.02779812274894
40.112385716900235
40.19718240922042
40.28219073137568
40.367413266339774
40.452852649892485
40.53851157217546
40.624392779308025
40.71049907506589
40.7968333226258
40.88339844637933
40.970197433819244
41.057233337501934
41.1445092770899
41.23202844147822
41.319794091009314
41.40780955978054
41.49607825804953
41.58460367474232
41.67338938006977
41.762439028258115
41.851756360399705
41.94134520743073
42.03120949324272
42.121353237935466
42.21178056121926
42.302495685974954
42.3935029419811
42.48480676981771
42.576411724957154
42.66832248205339
42.7605438394414
42.853080723859655
42.945938195409525
43.03912145276614
43.13263583865681
43.22648684562405
43.32068012209155
43.41522147875294
43.51011689530483
43.605372527547125
43.70099471487559
43.796989988193765
43.89336507827331
43.99012692459461
44.08728268470195
44.18483974411062
44.28280572680662
44.381188506383005
44.47999621786127
44.57923727025016
44.67892035989943
44.77905448471129
44.879648959278434
44.98071343102397
45.082257897426196
45.18429272441924
45.28682866607003
45.38987688564212
45.49344897816869
45.59755699466997
45.702213468164956
45.80743144164383
45.91322449818611
46.019606793430654
46.12659309062758
46.234198798529505
46.34244001241025
46.45133355853494
46.56089704244568
46.67114890147384
46.78210846194345
46.89379600159203
47.00623281780705
47.11944130235926
47.23344502341086
47.34826881568998
47.463938879855405
47.58048289223165
47.697930126278884
47.81631158738074
47.93566016279312
48.05601078890817
48.17740063836071
48.299869329955
48.42345916493541
48.548215393790095
48.674186518591746
48.801424636884306
48.92998583437039
49.0599306352092
49.19132452068948
49.32423852951674
49.45874995611302
49.594943167392486
49.7329105637566
49.87275371697682
50.014584726810405
50.158527850495275
50.30472147596287
50.45332053256372
50.60449946513733
50.758455942688876
50.915415538512356
51.07563771513062
51.23942359265927
51.407126203147605
51.579164288471496
51.75604128025545
51.93837208604722
52.12692205119194
52.32266571445904
52.526879397636854
52.741295338096215
52.9683770031733
53.21185946579498
53.477961598664805
53.77873268778134
54.14565290661953