0.05664437973168043
0.16993408459014397
0.283226625839053
0.39652389508929303
0.5098277849780868
0.6231401895804394
0.7364630048214941
0.8497981288900631
0.9631474626535946
1.0765129100748436
1.189896378630514
1.303299779732142
1.4167250291494944
1.530174047436758
1.6436487603617997
1.757151099338783
1.8706830018644265
1.9842464119582006
2.097843280606758
2.2114755662129033
2.32514523504941
2.438854261718004
2.5526046296138314
2.6663983313957473
2.780237369462758
2.894123756436966
3.008059515653373
3.1220466816569057
3.236087300707034
3.3501834312903767
3.4643371446416804
3.578550525273588
3.6928256715156076
3.8071646960627277
3.9215697265341136
4.036042906042358
4.150586393773749
4.265202365580073
4.3798930145824295
4.494660551787616
4.609507206717625
4.724435228052801
4.839446884289273
4.954544464411255
5.069730278578862
5.185006658832091
5.300375959811651
5.415840559497372
5.531402859964907
5.647065288161522
5.76283029670177
5.878700364683881
5.9946779985277505
6.110765732835431
6.226966131275077
6.343281787489344
6.459715326029266
6.576269403314701
6.692946708622475
6.809749965103415
6.926681930829493
7.043745399872399
7.160943203414885
7.278278210896315
7.395753331193894
7.513371513841169
7.631135750285416
7.7490490751856465
7.867114567753052
7.985335353135761
8.103714603849932
8.222255541259274
8.34096143710519
8.459835615089885
8.57888145251489
8.69810238197756
8.817501893128279
8.937083534491247
9.056850915351848
9.17680770771381
9.29695764832953
9.417304540807102
9.537852257797843
9.658604743268276
9.779566014860789
9.900740166347441
10.022131370181627
10.14374388015261
10.265582034148249
10.38765025703155
10.509953063637
10.6324950618931
10.755280956077772
10.878315550213935
11.001603751612775
11.125150574572963
11.248961144244447
11.373040700666078
11.497394602986969
11.622028333882117
11.746947504173558
11.872157857669112
11.997665276231613
12.123475785092412
12.24959555842398
12.376030925187454
12.502788375272146
12.62987456594536
12.757296328632107
12.885060676045942
13.013174809693673
13.141646127778492
13.270482233528044
13.399690943976026
13.529280299228203
13.659258572246323
13.789634279186112
13.920416190328627
14.051613341647524
14.183235047058554
14.315290911401553
14.44779084420975
14.580745074326039
14.714164165431404
14.848059032556638
14.98244095965524
15.117321618322743
15.252713087756039
15.38862787605537
15.525078942982026
15.662079724296138
15.799644157811851
15.937786711321497
16.076522412556567
16.215866881371454
16.35583636435643
16.496447772109455
16.637718719422704
16.779667568669357
16.922313476710066
17.06567644567711
17.209777378038122
17.35463813639199
17.500281608507116
17.646731778179095
17.79401380256183
17.942154096715022
18.09118042621458
18.241122008792924
18.392009626116952
18.543875746976493
18.696754663350397
18.85068264104668
19.005698086885303
19.16184173471571
19.319156852948474
19.477689476745013
19.637488668570143
19.798606811491943
19.961099940442004
20.125028117664385
20.29045585983314
20.457452625870317
20.626093376434024
20.796459218481775
20.96863815139876
21.142725935117824
21.31882710572585
21.497056170634192
21.67753902402532
21.86041463473251
22.045837074052123
22.233977971810535
22.42502951764852
22.61920816446063
22.816759247624105
23.017962815502084
23.2231410872097
23.432668134964743
23.646982667992702
23.866605238353454
24.09216191468057
24.324417701358108
24.56432516141275
24.81309776142738
25.0723254845003
25.34416734650373
25.631695378595943
25.939570001796792
26.275555581590506
26.654706122195908
27.116382812667847