0.03240995151497745
0.09722991251624132
0.1620500474327801
0.22687047221260387
0.2916913028104633
0.35651265519054637
0.4213346453291759
0.48615738921750806
0.5509810028642314
0.6158056022982674
0.6806313035714727
0.7454582227613422
0.8102864759737144
0.875116179345478
0.9399474490472823
1.0047804012862476
1.069615152308679
1.134451818402785
1.1992905159013945
1.2641313611846805
1.3289744706828865
1.3938199608790545
1.4586679483117586
1.5235185495778407
1.5883718813351524
1.653228060305298
1.718087203276385
1.7829494271057769
1.8478148487228514
1.9126835851317647
1.9775557534142183
2.042431470732234
2.1073108543309322
2.1721940215413174
2.2370810897830684
2.301972176567335
2.3668673994995433
2.431766876282201
2.4966707247177182
2.561579062711228
2.626492008273416
2.6914096795233617
2.7563321946913795
2.821259672121873
2.886192230276195
2.9511299877355173
3.016073063203707
3.081021575510212
3.1459756436129553
3.2109353866012382
3.275900923698651
3.3408723742659987
3.4058498578042276
3.4708334939573695
3.5358234025154904
3.600819703417655
3.6658225167548926
3.7308319627731863
3.795848161876462
3.8608712346295926
3.925901301761416
3.9909384841677595
4.055982902914481
4.12103467924052
4.186093934560958
4.251160790470098
4.31623536874455
4.381317791346335
4.446408180425997
4.511506658325732
4.576613347582533
4.641728370931337
4.706851851308206
4.771983911853503
4.837124675915094
4.902274267051563
4.967432809035438
5.0326004258564385
5.097777241724732
5.162963381074215
5.228158968565802
5.293364129090737
5.358578987773913
5.423803669977225
5.489038301302921
5.554283007596983
5.6195379149525255
5.684803149713201
5.750078838476644
5.815365108097909
5.8806620856929515
5.945969898642108
6.011288674593614
6.076618541467124
6.1419596274572665
6.207312061037211
6.272675970962259
6.338051486273454
6.403438736301218
6.4688378506690025
6.534248959296966
6.599672192405678
6.665107680519833
6.730555554472001
6.7960159454063955
6.861488984782666
6.926974804379712
6.992473536299526
7.057985312971059
7.123510267154114
7.189048531943256
7.254600240771759
7.3201655274155755
7.385744525997329
7.451337370990337
7.516944197222662
7.582565139881186
7.648200334515722
7.71384991704314
7.779514023751536
7.845192791304424
7.910886356744955
7.976594857500175
8.042318431385304
8.10805721660805
8.173811351772951
8.239580975885769
8.305366228357878
8.37116724901072
8.436984178080278
8.502817156221584
8.568666324513265
8.634531824462119
8.700413798007732
8.76631238752712
8.832227735839426
8.898159986210628
8.964109282358306
9.030075768456438
9.096059589140228
9.162060889510991
9.228079815141053
9.294116512078707
9.360171126853206
9.426243806479796
9.49233469846479
9.558443950810677
9.624571712021293
9.690718131107008
9.756883357589983
9.82306754150945
9.889270833427055
9.955493384432224
10.021735346147599
10.087996870734509
10.154278110898483
10.22057921989482
10.286900351534207
10.353241660188381
10.419603300795842
10.485985428867622
10.5523882004931
10.61881177234587
10.68525630168966
10.751721946384313
10.818208864891805
10.884717216282338
10.951247160240479
11.017798857071345
11.084372467706869
11.150968153712101
11.217586077291582
11.28422640129577
11.350889289227533
11.417574905248696
11.484283414186653
11.551014981541044
11.6177697734905
11.68454795689943
11.751349699324908
11.818175169023604
11.885024534958779
11.951897966807365
12.018795634967107
12.085717710563765
12.152664365458403
12.219635772254746
12.286632104306594
12.353653535725348
12.420700241387562
12.487772396942614
12.554870178820426
12.621993764239283
12.689143331213717
12.756319058562475
12.82352112591658
12.890749713727455
12.95800500327515
13.025287176676645
13.092596416894242
13.159932907744041
13.227296833904514
13.294688380925164
13.362107735235266
13.429555084152732
13.497030615893024
13.564534519578212
13.632066985246086
13.699628203859401
13.767218367315202
13.834837668454256
13.902486301070583
13.970164459921104
14.037872340735381
14.105610140225469
14.173378056095883
14.24117628705367
14.309005032818586
14.376864494133418
14.444754872774372
14.512676371561625
14.580629194369974
14.648613546139604
14.716629632886992
14.78467766171592
14.852757840828632
14.920870379537108
14.989015488274465
15.057193378606506
15.125404263243384
15.193648356051423
15.26192587206506
15.330237027498937
15.398582039760138
15.46696112746056
15.535374510429445
15.603822409726051
15.67230504765248
15.740822647766663
15.809375434895493
15.877963635148127
15.94658747592944
16.01524718595366
16.08394299525813
16.152675135217315
16.221443838556883
16.290249339368053
16.359091873122043
16.42797167668477
16.496888988331666
16.565844047762745
16.634837096117792
16.703868375991807
16.772938131450605
16.842046608046626
16.91119405283495
16.98038071438951
17.049606842819525
17.11887268978613
17.188178508519236
17.2575245538346
17.326911082151113
17.396338351508334
17.46580662158423
17.535316153713158
17.604867210904114
17.674460057859164
17.74409496099217
17.813772188447754
17.883492010120502
17.953254697674453
18.02306052456282
18.092909766047995
18.162802699221842
18.23273960302622
18.30272075827385
18.37274644766941
18.442816955830953
18.512932569311623
18.58309357662166
18.653300268250707
18.723552936690457
18.793851876457577
18.864197384117002
18.934589758305506
19.00502929975567
19.075516311320115
19.146051097996153
19.216633966950763
19.2872652275459
19.357945191364216
19.428674172235127
19.499452486261262
19.57028045184531
19.641158389717237
19.712086622961934
19.78306547704725
19.85409527985244
19.925176361697073
19.996309055370304
20.06749369616065
20.138730621886186
20.210020172925176
20.281362692247228
20.352758525444848
20.42420802076553
20.495711529144323
20.567269404236896
20.6388820024531
20.710549682991083
20.7822728078719
20.85405174197469
20.92588685307239
20.99777851186802
21.069727092031528
21.141732970237225
21.213796526201833
21.285918142723105
21.358098205719113
21.430337104268098
21.502635230649044
21.57499298038286
21.647410752274233
21.719888948454198
21.792427974423365
21.865028239095892
21.937690154844177
22.010414137544267
22.08320060662207
22.156049985100296
22.228962699646218
22.301939180620217
22.374979862125176
22.448085182056683
22.52125558215412
22.59449150805259
22.6677934093358
22.74116173958979
22.81459695645763
22.888099521695096
22.96166990122725
23.035308565206073
23.109015988069114
23.182792648599126
23.256639029984836
23.330555619882745
23.40454291048005
23.478601398558723
23.55273158556073
23.626933977654424
23.701209085802187
23.77555742582927
23.84997951849394
23.924475889558884
23.99904706986397
24.073693595400357
24.148416007385993
24.22321485234251
24.298090682173637
24.37304405424501
24.448075531465594
24.52318568237059
24.598375081205994
24.673644308014758
24.74899394872463
24.824424595237712
24.899936845521772
24.975531303703338
25.05120858016267
25.126969291630562
25.20281406128714
25.27874351886258
25.3547583007399
25.4308590500598
25.507046416827677
25.583321058022747
25.659683637709513
25.73613482715143
25.812675304927
25.88930575704824
25.966026877081646
26.042839366271707
26.119743933667003
26.196741296249023
26.273832179063668
26.351017315355648
26.42829744670572
26.505673323170914
26.583145703427817
26.660715354919002
26.73838305400264
26.816149586105446
26.894015745879038
26.971982337359744
27.050050174132025
27.128220079495584
27.206492886636248
27.28486943880077
27.363350589475612
27.44193720256987
27.520630152602415
27.599430324893415
27.678338615760318
27.757355932718465
27.836483194686444
27.915721332196334
27.995071287608987
28.07453401533447
28.15411048205787
28.233801666970564
28.31360856200716
28.3935321720883
28.473573515369413
28.5537336234957
28.6340135418635
28.71441432988823
28.794937061279104
28.87558282432087
28.956352722162745
29.037247873114822
29.118269410952134
29.199418485226698
29.28069626158768
29.362103922110073
29.4436426656321
29.525313708101592
29.607118282931733
29.689057641366414
29.77113305285552
29.853345805440547
29.93569720615077
30.01818858141052
30.10082127745774
30.18359666077436
30.266516118528834
30.34958105903128
30.432792912201673
30.516153130051563
30.599663187179754
30.683324581282513
30.767138833678803
30.85110748985105
30.935232120002105
31.01951431962891
31.103955710113542
31.188557939332256
31.273322682283254
31.35825164173382
31.443346548887632
31.528609164072982
31.614041277452746
31.699644709756935
31.785421313038725
31.871372971454903
31.957501602071698
32.04380915569702
32.130297617740204
32.21696900910032
32.3038253870843
32.39086884635614
32.47810151991832
32.56552558012698
32.65314323974227
32.740956753015205
32.82896841681288
32.917180571783426
33.00559560356274
33.09421594402458
33.18304407257615
33.27208251750112
33.36133385735231
33.45080072239624
33.54048579611199
33.63039181674692
33.72052157893188
33.81087793535871
33.901463798523146
33.992282142536126
34.083336005006934
34.17462848900169
34.26616276508094
34.35794207342025
34.44996972601812
34.542249108995584
34.634783684992215
34.72757699566369
34.820632664286045
34.913954398472484
35.00754599300872
35.101411332813136
35.19555439602886
35.289979257254814
35.384690090923606
35.47969117483462
35.574986893851005
35.670581743770164
35.7664803353778
35.86268739869638
35.95920778743952
36.05604648368486
36.15320860277861
36.25069939848616
36.348524268404056
36.44668875964986
36.545198574847724
36.64405957842866
36.74327780326627
36.84285945767003
36.94281093276031
37.04313881025084
37.14384987066687
37.24495110202937
37.34644970903809
37.448353122789456
37.550669011067754
37.653405289252206
37.7565701318856
37.86017198495463
37.96421957893661
38.06872194267216
38.17368841812934
38.27912867613038
38.38505273311983
38.49147096905992
38.59839414654801
38.70583343126032
38.813800413836994
38.92230713333566
39.03136610239388
39.14099033425649
39.251193371840664
39.361989319031096
39.47339287441955
39.58541936772802
39.698084799182844
39.811405882139624
39.925400089295486
40.0400857028673
40.15548186916328
40.271608658030694
40.38848712772703
40.50613939583644
40.62458871693966
40.743859567846386
40.863977741316816
40.984970449337034
41.106866437175114
41.229696109636755
41.35349167116636
41.47828728170992
41.60411923057962
41.731026130947996
41.859049138068066
41.988232194883345
42.11862230938374
42.25026986891089
42.383228997661405
42.51755796493215
42.653319653269044
42.79058209771362
42.929419109915514
43.06991100416439
43.21214544662281
43.35621845453344
43.50223557937593
43.65031331749424
43.800580804509345
43.953181867194914
44.108277530371275
44.266049109696844
44.42670206849276
44.59047088495033
44.75762527648472
44.92847827907969
45.10339691243117
45.28281653102052
45.46726056556232
45.65736838476641
45.85393582298672
46.05797629906789
46.27081713324061
46.49425989007189
46.73086679640712
46.98452293218653
47.2616974128908
47.57492540286594
47.956959541995815