0.05833792891724473
0.1750148821836216
0.2916951220130839
0.40838084033928973
0.5250742304339658
0.6417774874434699
0.75849280892669
0.8752223953946662
0.9919684508523231
1.108733183342702
1.2255188054940902
1.3423275350704422
1.4591615955254995
1.5760232165610155
1.6929146346895003
1.8098380938019083
1.9267958457406942
2.0437901508786744
2.1608232787041426
2.2778975084126842
2.395015129506166
2.5121784423993647
2.629389759034725
2.7466514035057497
2.863965712689524
2.98133503688891
3.098761740484941
3.216248202599982
3.3337968177722237
3.451409996642104
3.569090166651259
3.6868397727546482
3.8046612781464875
3.922557165000682
4.040529935226436
4.158582111239781
4.276716236751763
4.394934877574057
4.513240622442839
4.631636083861729
4.7501238989646914
4.868706730399798
4.987387267234789
5.106168225885429
5.225052351067667
5.3440424167746805
5.463141227279909
5.582351618167248
5.701676457389617
5.821118646357161
5.940681121056432
6.060366853201921
6.180178851421403
6.300120162476623
6.420193872520901
6.540403108395348
6.66075103896543
6.781240876499732
6.901875878092849
7.022659347134432
7.143594634826525
7.264685141751434
7.385934319492484
7.507345672310158
7.628922758876216
7.75066919406856
7.872588650829745
7.994684862092203
8.116961622773399
8.239422791844346
8.362072294475075
8.484914124260852
8.607952345533217
8.731191095760034
8.854634588039133
8.978287113690277
9.10215304495052
9.226236837778341
9.350543034772244
9.475076268209857
9.599841263213955
9.724842841052254
9.850085922578208
9.975575531820546
10.101316799729782
10.227314968090443
10.3535753936084
10.48010355218321
10.606905043376205
10.733985595085608
10.861351068440925
10.989007462929566
11.116960921769673
11.245217737544055
11.373784358111273
11.502667392811047
11.631873618982457
11.76140998881477
11.891283636552265
12.021501886076035
12.152072258887554
12.283002482520738
12.414300499411377
12.545974476255115
12.67803281388773
12.810484157724286
12.943337408796706
13.076601735432835
13.210286585623585
13.344401700129033
13.478957126378667
13.613963233226073
13.749430726623775
13.885370666290079
14.021794483446461
14.158713999711583
14.296141447246308
14.434089490253372
14.572571247945767
14.711600319109346
14.851190808398215
14.991357354515932
15.13211516045181
15.273480025960064
15.415468382490081
15.558097330799626
15.701384681509113
15.845348998885193
15.990009648175999
16.13538684685931
16.28150172020934
16.428376361638758
16.576033898331023
16.72449856274531
16.873795770654123
17.02395220646345
17.1749959166698
17.32695641243013
17.479864782362615
17.633753816863077
17.788658145417667
17.944614388624213
18.101661326908992
18.25984008825254
18.419194357628825
18.579770611331107
18.74161837992389
18.904790544246588
19.069343669730692
19.23533838531727
19.40283981452485
19.571918067784534
19.74264880711503
19.915113896669183
20.089402155796957
20.26561023524455
20.443843642225062
20.624217946741734
20.80686021026132
20.991910689388735
21.1795248826828
21.36987600977407
21.563158040859662
21.759589435006472
21.95941780293334
22.162925792576328
22.370438617399465
22.58233383048596
22.799054229777802
23.02112522749177
23.249178749346644
23.483986972636426
23.726511413974755
23.97797697677877
24.23998867391608
24.514725995658395
24.80529020797346
25.11638625223223
25.455852977999168
25.838889482329478
26.305238386198464