0.1222870524151835
0.36690550971654434
0.611657233887523
0.8566317705902632
1.1019197273183627
1.3476132188376881
1.5938063340319313
1.8405956313004481
2.08808067049728
2.336364590509515
2.5855547430080743
2.835763394742432
3.0871085130972604
3.339714652623991
3.5937139640934337
3.8492473525444275
4.106465817180942
4.365532014284248
4.626622095240526
4.889927886304116
5.155659496209157
5.424048464225717
5.6953515977146445
5.9698556991575895
6.247883454906971
6.52980086228887
6.816026725456638
7.107044981893345
7.403420978651136
7.705823384037979
8.015054348202693
8.332092101428122
8.658152969960176
8.99478498813142
9.344015570749052
9.708597616973279
10.092449631556645
10.50152067950327
10.945733348554123
11.444355851257514
12.047870349469454