0.027608863782256885
0.08282661735216323
0.13804444893856577
0.1932624105535234
0.2484805542106873
0.3036989319259378
0.35891759571802156
0.41413659760918875
0.4693559896258301
0.5245758237991145
0.5797961521656269
0.6350170267680051
0.6902384996555793
0.745460622885009
0.800683448520922
0.8559070286365534
0.9111314153143846
0.9663566606467824
1.0215828167366392
1.076809935698013
1.132038069656768
1.1872672707512157
1.242497591132756
1.2977290829665191
1.352961798432009
1.4081957897237445
1.4634311090519039
1.5186678086429695
1.5739059407403704
1.6291455576051297
1.6843867115165088
1.7396294547726547
1.7948738396912471
1.8501199186101458
1.90536774388804
1.960617367905097
2.0158688430636125
2.071122221788662
2.126377556528752
2.181634899756472
2.2368943039691493
2.292155821689503
2.347419505466298
2.4026854078750026
2.4579535815184457
2.5132240790274727
2.5684969530616084
2.6237722563097137
2.6790500414906493
2.7343303613539356
2.789613268680419
2.844898816282934
2.9001870570069705
2.9554780437313406
3.0107718293688457
3.066068466866946
3.1213680092084326
3.1766705094120984
3.231976020533411
3.287284595665187
3.3425962879382696
3.397911150522204
3.4532292366259183
3.5085505994984
3.563875292429381
3.6192033687500214
3.6745348818335892
3.7298698850961514
3.7852084319972596
3.84055057604064
3.895896370774883
3.9512458697941373
4.006599126738804
4.061956195296231
4.117317129201415
4.172681982237693
4.228050808237453
4.2834236610828285
4.338800594706411
4.394181663091951
4.4495669202750685
4.504956420343964
4.560350217440133
4.615748365759075
4.671150919551017
4.726557933121622
4.781969460832724
4.837385557103037
4.892806276408887
4.948231673284938
5.00366180232492
5.059096718182361
5.114536475571322
5.169981129267128
5.225430734107112
5.280885344991353
5.336345016883419
5.39180980481111
5.447279763867211
5.502754949210237
5.5582354160651875
5.613721219724303
5.669212415547818
5.724709058964731
5.780211205473554
5.83571891064309
5.891232230113191
5.94675121959554
6.002275934874414
6.057806431807468
6.113342766326509
6.168884994438281
6.2244331722252495
6.27998735584639
6.335547601537974
6.3911139656143705
6.446686504468837
6.502265274574322
6.557850332484265
6.6134417348334065
6.669039538338594
6.724643799799595
6.780254576099914
6.835871924207607
6.891495901176113
6.947126564145068
7.002763970341141
7.058408177078863
7.114059241761464
7.169717221881715
7.225382175022765
7.281054158858988
7.33673323115684
7.392419449775703
7.448112872668748
7.5038135578837935
7.55952156356417
7.61523694794959
7.670959769377021
7.726690086281557
7.782427957197302
7.838173440758255
7.893926595699194
7.949687480856575
8.005456155169417
8.061232677680215
8.117017107535833
8.172809503988422
8.228609926396325
8.284418434225001
8.340235087047942
8.3960599445476
8.45189306651632
8.507734512857269
8.563584343585381
8.6194426188283
8.675309398827324
8.731184743938366
8.787068714632904
8.842961371498951
8.898862775242018
8.954772986686082
9.01069206677458
9.066620076571368
9.122557077261728
9.178503130153352
9.234458296677339
9.290422638389197
9.346396216969856
9.402379094226678
9.458371332094472
9.514372992636524
9.570384138045625
9.6264048306451
9.682435132889857
9.738475107367424
9.794524816799012
9.850584324040556
9.906653692083793
9.962732984057329
10.018822263227703
10.074921593000473
10.131031036921316
10.187150658677096
10.243280522096983
10.299420691153548
10.355571229963878
10.411732202790695
10.467903674043471
10.524085708279573
10.580278370205386
10.636481724677465
10.692695836703678
10.74892077144437
10.805156594213525
10.861403370479929
10.917661165868356
10.973930046160751
11.030210077297411
11.0865013253782
11.142803856663734
11.199117737576618
11.25544303470264
11.311779814792022
11.368128144760632
11.424488091691247
11.480859722834788
11.537243105611585
11.593638307612641
11.6500453966009
11.706464440512537
11.762895507458238
11.8193386657245
11.875793983774942
11.932261530251607
11.988741373976293
12.045233583951878
12.101738229363662
12.158255379580707
12.214785104157201
12.27132747283382
12.327882555539095
12.384450422390803
12.441031143697348
12.49762478995917
12.554231431870155
12.610851140319037
12.667483986390845
12.724130041368335
12.780789376733429
12.837462064168678
12.894148175558723
12.950847782991783
13.00756095876112
13.064287775366557
13.121028305515967
13.177782622126793
13.23455079832758
13.29133290745951
13.348129023077943
13.404939218953976
13.461763569076021
13.518602147651372
13.575455029107802
13.632322288095168
13.689203999487008
13.746100238382187
13.80301108010651
13.859936600214386
13.916876874490475
13.973831978951361
14.030801989847241
14.087786983663603
14.144787037122951
14.201802227186507
14.258832631055947
14.315878326175149
14.372939390231942
14.430015901159877
14.487107937140001
14.544215576602667
14.601338898229324
14.658477980954345
14.715632903966863
14.772803746712615
14.829990588895798
14.887193510480955
14.944412591694856
15.0016479130284
15.058899555238533
15.116167599350185
15.173452126658203
15.230753218729332
15.288070957404162
15.345405424799145
15.402756703308587
15.460124875606667
15.517510024649482
15.57491223367709
15.63233158621558
15.689768166079162
15.747222057372257
15.804693344491616
15.862182112128457
15.919688445270603
15.977212429204664
16.0347541495182
16.092313692101936
16.149891143151976
16.207486589172028
16.26510011697567
16.32273181368861
16.380381766750983
16.438050063919643
16.495736793270506
16.553442043200878
16.611165902431832
16.668908460010577
16.726669805312866
16.784450028045402
16.84224921824831
16.900067466297557
16.957904862907466
17.01576149913319
17.073637466373256
17.13153285637208
17.189447761222556
17.247382273368626
17.30533648560788
17.363310491094204
17.421304383340395
17.47931825622087
17.537352203974336
17.5954063212065
17.653480702892832
17.71157544438131
17.76969064139521
17.827826390035913
17.885982786785743
17.94415992851081
18.002357912463918
18.060576836287446
18.118816798016294
18.177077896080828
18.235360229309883
18.293663896933747
18.351988998587206
18.410335634312613
18.468703904562958
18.527093910205
18.585505752522398
18.64393953321888
18.70239535442145
18.760873318683608
18.819373528988596
18.877896088752703
18.93644110182856
18.995008672508483
19.05359890552785
19.11221190606851
19.170847779762205
19.229506632694044
19.288188571405982
19.34689370290037
19.405622134643497
19.4643739745692
19.523149331082454
19.58194831306308
19.640771029869388
19.699617591341944
19.758488107807295
19.817382690081786
19.876301449475385
19.935244497795544
19.99421194735111
20.053203910956256
20.11222050193446
20.171261834122507
20.230328021874563
20.289419180066236
20.34853542409873
20.407676869902996
20.46684363394393
20.526035833224647
20.585253585290747
20.644497008234644
20.70376622069995
20.763061341885876
20.822382491551682
20.88172979002119
20.941103358187323
21.000503317516674
21.059929790054163
21.119382898427684
21.17886276585286
21.23836951613778
21.297903273687837
21.357464163510585
21.417052311220644
21.476667843044666
21.536310885826342
21.59598156703148
21.655680014753077
21.71540635771652
21.77516072528478
21.83494324746368
21.89475405490722
21.95459327892295
22.014461051477397
22.074357505201544
22.134282773396386
22.194236990038508
22.254220289785753
22.314232807982926
22.374274680667572
22.43434604457581
22.49444703714822
22.554577796535792
22.614738461605953
22.674929171948637
22.735150067882437
22.795401290460802
22.855682981478324
22.915995283477052
22.976338339752928
23.036712294362246
23.097117292128196
23.157553478647483
23.218021000297007
23.27852000424062
23.339050638435964
23.399613051641353
23.460207393422785
23.520833814160962
23.58149246505844
23.64218349814683
23.7029070662941
23.763663323211908
23.824452423463097
23.88527452246919
23.946129776518024
24.007018342771445
24.06794037927308
24.128896044956225
24.189885499651805
24.25090890409641
24.311966419940436
24.373058209756344
24.434184437046937
24.49534526625383
24.556540862765914
24.617771392928024
24.6790370240496
24.74033792441352
24.801674263285022
24.863046210920697
24.92445393857762
24.985897618522575
25.047377424041382
25.108893529448352
25.170446110095817
25.23203534238381
25.293661403769836
25.35532447277877
25.417024729012855
25.47876235316185
25.54053752701326
25.60235043346272
25.66420125652448
25.726090181342038
25.788017394198878
25.849983082529363
25.91198743492973
25.974030641169247
26.036112892201484
26.09823438017574
26.160395298448588
26.222595841595588
26.28483620542313
26.347116586980412
26.409437184571587
26.471798197768056
26.5341998274209
26.59664227567349
26.65912574597423
26.72165044308949
26.78421657311667
26.846824343497456
26.90947396303123
26.97216564188864
27.034899591625383
27.097676025196115
27.160495156968576
27.22335720273788
27.286262379740986
27.34921090667138
27.41220300369392
27.475238892459885
27.538318796122233
27.60144293935104
27.66461154834914
27.72782485086801
27.79108307622381
27.854386455313676
27.917735220632224
27.981129606288242
28.04456984802166
28.108056183220704
28.1715888509393
28.23516809191472
28.29879414858544
28.362467265109274
28.42618768738173
28.489955663054648
28.553771441555053
28.61763527410431
28.681547413737498
28.745508115323105
28.80951763558297
28.873576233112477
28.9376841684011
29.001841703853167
29.06604910380896
29.130306634566104
29.19461456440125
29.258973163592067
29.323382704439585
29.38784346129079
29.452355710561616
29.51691973076021
29.58153580251059
29.646204208576584
29.710925233886183
29.7756991655562
29.840526292917314
29.905406907539483
29.970341303257737
30.035329776198324
30.100372624805303
30.165470149867463
30.2306226545457
30.2958304444008
30.3610938274216
30.426413114053627
30.491788617228156
30.557220652391685
30.622709537535904
30.68825559322808
30.753859142641975
30.819520511589147
30.88524002855084
30.9510180247103
31.016854833985622
31.08275079306313
31.148706241431224
31.21472152141485
31.280796978210446
31.346932959921457
31.413129817594463
31.47938790525582
31.54570757994896
31.612089201772232
31.678533133917398
31.745039742708745
31.811609397642833
31.878242471428898
31.944939340029926
32.0117003827044
32.07852598204873
32.145416524040435
32.21237239808198
32.27939399704542
32.346481717317715
32.413635958846925
32.48085712518907
32.54814562355586
32.615501864863255
32.6829262637808
32.75041923878185
32.817981212194695
32.88561261025448
32.953313863156176
33.02108540510831
33.08892767438781
33.156841113395686
33.22482616871379
33.29288329116253
33.36101293585966
33.429215562280106
33.49749163431686
33.56584162034302
33.63426599327493
33.70276523063645
33.7713398146245
33.83999023217566
33.908716975034174
33.977520539821114
34.046401428104836
34.1153601464728
34.18439720660475
34.25351312534721
34.32270842478948
34.391983632341024
34.461339280810385
34.530775908485566
34.600294059216026
34.669894282496244
34.739577133550895
34.80934317342174
34.87919296905616
34.94912709339755
35.01914612547738
35.08925065050921
35.159441259984504
35.22971855177045
35.3000831302097
35.37053560622215
35.44107659740886
35.51170672815802
35.582426629753165
35.653236940483616
35.72413830575721
35.79513137821541
35.86621681785083
35.93739529212723
36.00866747610207
36.080034052551696
36.151495712099184
36.22305315334498
36.29470708300029
36.366458216023474
36.43830727575937
36.51025499408168
36.58230211153851
36.654449377501166
36.726697550316246
36.79904739746115
36.87149969570312
36.944055231261856
37.01671479997586
37.089479207472586
37.16234926934252
37.23532581131729
37.3084096694519
37.381601690311264
37.454902731161134
37.52831366016349
37.60183535657666
37.67546871096018
37.74921462538458
37.82307401364628
37.89704780148767
37.971136926822645
38.04534233996757
38.11966500387812
38.19410589439187
38.26866600047704
38.34334632448747
38.41814788242408
38.49307170420296
38.56811883393033
38.643290330184605
38.71858726630579
38.79401073069234
38.86956182710594
38.945241674984196
39.021051409761725
39.09699218319979
39.1730651637248
39.24927153677598
39.32561250516248
39.4020892894303
39.47870312823931
39.55545527875073
39.63234701702546
39.70937963843355
39.78655445807531
39.86387281121437
39.94133605372319
40.01894556254135
40.09670273614724
40.17460899504352
40.25266578225677
40.33087456385213
40.40923682946309
40.487754092837406
40.566427892399346
40.6452597918292
40.72425138066048
40.80340427489567
40.882720117641
40.96220057976128
41.04184736055527
41.12166218845262
41.20164682173305
41.281803049268895
41.362132691291585
41.44263760018342
41.52331966129537
41.604180793792146
41.685222951525546
41.76644812393732
41.8478583369928
41.92945565414649
42.01124217734116
42.093220048041665
42.17539144830519
42.25775860188931
42.340323775399725
42.423089279479306
42.506057470040304
42.589230749541684
42.67261156831369
42.75620242593169
42.8400058726417
42.92402451083984
43.00826099660851
43.09271804131168
43.17739841325231
43.26230493939491
43.3474405071563
43.432808066267995
43.51841063071381
43.60425128074635
43.690333164986455
43.77665950260985
43.8632335856254
43.95005878124986
44.03713853438408
44.124476370196156
44.21207589681722
44.29994080815587
44.38807488683798
44.476482007278534
44.5651661388931
44.65413134945668
44.743381808618366
44.832921791580915
44.92275568295468
45.012887980796286
45.10332330084303
45.19406638095488
45.285122085776564
45.37649541163351
45.468191491676095
45.560215601287986
45.65257316377532
45.74526975635504
45.838311116461846
45.931703148394874
46.025451930327016
46.119563721701454
46.21404497104195
46.30890232420599
46.40414263311183
46.49977296497354
46.59580061208078
46.69223310216354
46.789078209385316
46.88634396601238
46.98403867481101
47.082170922229274
47.1807495924255
47.279783882211206
47.379283316983035
47.479257767725386
47.579717469173715
47.68067303923754
47.782135499792346
47.884116298961004
47.98662733501831
48.08968098206646
48.1932901176457
48.29746815246284
48.40222906244104
48.50758742331781
48.61355844804546
48.72015802727819
48.827402773265646
48.93531006751234
49.04389811260847
49.15318598869067
49.26319371505222
49.37394231749281
49.485453902080366
49.597751736092704
49.710860337018744
49.82480557062973
49.93961475928521
50.055316801820325
50.17194230657652
50.289523739394845
50.408095588697456
50.52769455015153
50.648359733854264
50.77013289751624
50.893058709777094
51.01718504859162
51.142563340616285
51.26924894875508
51.39730161655867
51.52678598009916
51.65777216038553
51.79033645250123
51.92456213165764
52.060540401566705
52.19837151736981
52.33816612441498
52.48004686631311
52.62415033217491
52.77062943558279
52.91965634946353
53.07142616585656
53.22616151428007
53.38411846764705
53.54559420799222
53.71093714524324
53.880560532575174
54.05496119506876
54.234745961033155
54.42067010736175
54.613695335662214
54.81508113255419
55.026536854226215
55.25049337962114
55.49063629379915
55.753101933305736
56.049779371994525
56.41172933054242