0.041095550443758
0.12328684135014585
0.2054787023245715
0.2876715134504696
0.3698656548683959
0.45206150679888996
0.5342594495653513
0.6164598636169344
0.6986631295514648
0.7808696281383827
0.8630797403417148
0.9452938473430821
1.027512330564745
1.109735571692691
1.1919639526997692
1.2741978558688736
1.3564376638161844
1.4386837595144641
1.5209365263164205
1.6031963479781328
1.685463608682553
1.7677386930630805
1.8500219862272165
1.9323138737803043
2.014614741849356
2.0969249771069745
2.1792449667953697
2.261575098750478
2.3439157614261896
2.4262673439186826
2.5086302359908763
2.5910048280969993
2.6733915114072877
2.7557906778328087
2.8382027200504174
2.9206280315278543
3.003067006548985
3.085520040239189
3.1679875285909
3.2504698684893034
3.332967457738202
3.4154806950860435
3.498009980252126
3.580555713952978
3.6631182979289285
3.745698134970857
3.8282956289471493
3.9109111848308427
3.993545208726984
4.076198107900196
4.158870290802465
4.241562167101142
4.324274147707182
4.4070066448036185
4.489760071874266
4.572534843732688
4.6553313765514055
4.738150087891366
4.820991396731688
4.903855723499665
4.98674349010106
5.0696551199506805
5.1525910380032505
5.235551670784576
5.318537446423026
5.4015487946813225
5.484586146988655
5.567649936473123
5.650740597994519
5.73385856817745
5.817004285444819
5.900178190051665
5.983380724119372
6.066612331670251
6.149873458662519
6.233164553025666
6.316486064696218
6.3998384456539394
6.48322214995842
6.566637633786129
6.650085355467887
6.733565775526797
6.817079356716639
6.900626564060733
6.984207864891282
7.067823728889207
7.151474628124495
7.235161037097044
7.318883432778051
7.4026422946519235
7.486438104758746
7.570271347737314
7.654142510868722
7.738052084120562
7.822000560191699
7.905988434557677
7.99001620551673
8.07408437423645
8.158193444801105
8.242343924259611
8.326536322674201
8.410771153169788
8.495048931984037
8.579370178518163
8.663735415388485
8.748145168478725
8.8325999669931
8.917100343510198
9.001646834037668
9.086239978067754
9.170880318633651
9.25556840236676
9.340304779554808
9.425090004200891
9.50992463408343
9.594809230817086
9.67974435991465
9.764730590849908
9.849768497121532
9.934858656318019
10.020001650183666
10.105198064685652
10.190448490082218
10.275753520992
10.361113756464492
10.446529800051742
10.532002259881223
10.617531748729968
10.703118884099995
10.788764288294994
10.874468588498388
10.960232416852737
11.046056410540551
11.131941211866527
11.21788746834125
11.303895832766399
11.389966963321491
11.476101523652185
11.562300182960204
11.648563616094915
11.734892503646577
11.821287532041342
11.90774939363801
11.99427878682661
12.080876416128847
12.167542992300433
12.254279232435401
12.341085860072402
12.42796360530306
12.514913204882431
12.60193540234163
12.68903094810264
12.776200599595434
12.863445121377373
12.950765285255034
13.038161870408455
13.125635663517903
13.21318745889322
13.3008180586058
13.388528272623288
13.476318918947056
13.564190823752543
13.652144821532518
13.740181755243364
13.828302476454438
13.916507845500627
14.004798731638143
14.093176013203685
14.181640577777024
14.270193322347138
14.35883515348197
14.44756698750192
14.536389750657179
14.625304379309
14.714311820115023
14.80341303021878
14.892608977443471
14.981900640490169
15.07128900914054
15.160775084464246
15.250359879031153
15.340044417128459
15.429829734982937
15.519716880988385
15.609706915938505
15.699800913265287
15.789999959283163
15.880305153439
15.970717608568199
16.061238451157028
16.1518688216114
16.24260987453231
16.33346277899808
16.424428718853708
16.51550889300747
16.60670451573505
16.69801681699139
16.78944704273056
16.880996455233866
16.972666333446476
17.064457973322835
17.156372688181154
17.248411809067278
17.340576685128234
17.432868683995782
17.525289192180328
17.617839615475464
17.710521379373635
17.803335929493148
17.896284732017058
17.98936927414424
18.082591064553107
18.175951633878416
18.269452535201626
18.363095344555262
18.456881661441816
18.55081310936767
18.64489133639261
18.739118015695496
18.833494846156654
18.92802355295764
19.022705888198967
19.11754363153654
19.21253859083743
19.307692602855738
19.403007533929365
19.498485280698404
19.594127770846058
19.689936963862916
19.78591485183555
19.88206346026032
19.978384848883472
20.074881112568537
20.171554382192117
20.26840682556925
20.365440648409557
20.462658095305418
20.560061450753544
20.657653040211308
20.755435231189345
20.853410434381942
20.95158110483682
21.049949743166064
21.148518896799967
21.24729116128566
21.346269181632543
21.445455653706617
21.54485332567587
21.644464999509104
21.74429353253062
21.844341839033348
21.944612891953135
22.04510972460714
22.145835432499265
22.246793175195943
22.34798617827564
22.449417735355635
22.55109121019997
22.653010038912516
22.755177732219455
22.857597877845766
22.960274142990404
23.06321027690537
23.16641011358405
23.26987757456454
23.373616671854133
23.477631510981436
23.58192629418302
23.68650532373204
23.791373005416585
23.89653385217625
24.001992487905763
24.107753651435278
24.213822200697525
24.32020311709269
24.42690151006274
24.533922621887655
24.64127183271698
24.748954665851052
24.85697679328731
24.96534404154823
25.074062397808763
25.18313801634229
25.292577225305838
25.40238653388671
25.51257263983454
25.623142437404628
25.734103025740538
25.845461717726227
25.957226049340473
26.06940378954911
26.182002950773597
26.295031799977817
26.408498870418594
26.522412974109475
26.636783215051814
26.75161900329206
26.866930069869625
26.982726482725774
27.099018663650643
27.21581740635299
27.33313389574554
27.450979728548173
27.56936693532133
27.688308004053894
27.80781590544254
27.92790412001426
28.048586667260274
28.169878136967775
28.291793722957262
28.414349259456554
28.537561260369657
28.661446961729112
28.78602436765533
28.91131230018609
29.037330453385103
29.164099452190587
29.291640916525242
29.419977531258308
29.549133122690886
29.679132742329166
29.81000275881879
29.941770959040834
30.07446665951887
30.208120829461723
30.342766226973854
30.47843755021043
30.61517160554652
30.75300749517897
30.89198682699877
31.032153950077802
31.173556219726795
31.316244296828938
31.460272487069286
31.60569912680882
31.752587023751843
31.901003962302724
32.05102328570421
32.202724569830785
32.356194407059995
32.51152732321376
32.668826856495656
32.82820683513329
32.98979290074997
33.15372433831756
33.320156292306415
33.48926247445678
33.661238504613536
33.83630607714669
34.01471821921585
34.19676601568449
34.382787338816726
34.57317837274584
34.768409121998786
34.969044746748196
35.175775676289284
35.38946141550821
35.6111966138588
35.84241519197635
36.08506370108767
36.34191102055381
36.6171563015666
36.91779292909336
37.25737471929864
37.671324208496884