0.07132623586956169
0.21398170048899517
0.3566461453822348
0.49932556284400365
0.6420259533464102
0.7847533288281469
0.9275137160020018
1.0703131596860174
1.2131577261637037
1.3560535065788084
1.4990066203702574
1.6420232187530106
1.785109488250724
1.9282716542862866
2.0715159848364855
2.214848794157268
2.3582764465863093
2.5018053604298545
2.6454420119410935
2.7891929393976422
2.9330647472860494
3.077064110601638
3.22119777927238
3.3654725827159817
3.5098954345398203
3.654473337393925
3.79921338798776
3.9441227822821996
4.0892088208687785
4.234478914549017
4.379940590127456
4.52560149643288
4.67146941058319
4.817552244510385
4.9638580517632755
5.110395034606714
5.257171551437539
5.404196124538798
5.551477448195452
5.699024397196454
5.846846035749989
5.994951626840717
6.143350642060105
6.292052771943409
6.44106793684952
6.5904062984229235
6.740078271680172
6.890094537766932
7.040466057435527
7.19120408529726
7.342320184908571
7.493826244755341
7.645734495205505
7.798057526506596
7.950808307911972
8.104000208027495
8.257647016479218
8.41176296701252
8.56636276214415
8.721461599500895
8.87707519999234
9.033219837980702
9.189912373627923
9.347170287619845
9.505011718489214
9.663455502784165
9.82252121835694
9.982229231079625
10.142600745329915
10.30365785863139
10.465423620880053
10.627922098643108
10.791178445078076
10.955218976092072
11.12007125344367
11.285764175585568
11.452328077157366
11.61979483816734
11.788198004053346
11.957572917990444
12.12795686702169
12.299389243835048
12.471911726301878
12.645568477240445
12.82040636728415
12.996475224233844
13.173828112876613
13.352521649984514
13.532616360097819
13.714177078789465
13.897273411453545
14.081980257330514
14.26837841056629
14.456555252723097
14.64660555447882
14.838632408488396
15.032748320834788
15.229076495582195
15.427752356237939
15.628925360249163
15.83276117917735
16.039444339611837
16.24918145072142
16.462205187388413
16.67877925892669
16.89920468153794
17.123827802454752
17.35305071905046
17.58734503746006
17.8272703929736
18.07349993632819
18.326856317145225
18.588364046016356
18.85932849280976
19.14146043232885
19.437083472056667
19.749504747167194
20.08374288531664
20.44816191627072
20.858984862130924
21.358649014760022