0.028712203697968335
0.08613664272785782
0.1435611766600588
0.20098586876428934
0.25841078231253295
0.31583598057994505
0.3732615268457596
0.4306874843941954
0.48811391651536334
0.5455408865061732
0.6029684576712412
0.6603966933237978
0.7178256567865955
0.7752554113928177
0.8326860204869873
0.890117547425876
0.9475500555794147
1.0049836083316035
1.0624182690814228
1.119854101243745
1.1772911682502472
1.2347295335503232
1.2921692606119992
1.3496104129228457
1.4070530539908952
1.4644972473455573
1.5219430565385363
1.5793905451447487
1.6368397767632428
1.6942908150181182
1.7517437235594477
1.8091985660641992
1.8666554062371579
1.9241143078118528
1.9815753345514808
2.0390385502498347
2.0965040187322304
2.1539718038564373
2.2114419695136087
2.268914579629216
2.326389698163978
2.383867389114802
2.4413477165157165
2.49883074443881
2.5563165369951735
2.613805158335839
2.671296672652725
2.7287911441795814
2.786288637192934
2.843789216013037
2.901292945004819
2.9587998885788407
3.016310111192245
3.073823677349714
3.131340651604429
3.188861098559029
3.2463850828665763
3.303912669231517
3.36144392241065
3.4189789072140977
3.476517688506274
3.534060331206861
3.591606900291782
3.649157460794184
3.7067120778054155
3.7642708164760097
3.8218337420166737
3.879400919699273
3.9369724148578267
3.9945482928894975
4.052128619255591
4.109713459482555
4.167302879162979
4.224896943956604
4.282495719591323
4.340099271864203
4.397707666642487
4.455320969864617
4.512939247541256
4.570562565756308
4.628190990667944
4.6858245885096315
4.7434634255911705
4.801107568299727
4.858757083100874
4.916412036539634
4.974072495241523
5.031738525913605
5.089410195345546
5.147087570410664
5.204770718066999
5.2624597053583715
5.320154599415455
5.377855467456844
5.435562376790136
5.493275394813006
5.5509945890142935
5.608720026975092
5.666451776369838
5.72418990496741
5.781934480632229
5.83968557132536
5.897443245105628
5.955207570130726
6.012978614658336
6.07075644704725
6.128541135758498
6.186332749356478
6.244131356510097
6.301937025993908
6.359749826689256
6.41756982758543
6.475397097780821
6.533231706484077
6.591073723015275
6.648923216807086
6.7067802574059545
6.764644914473278
6.822517257786597
6.880397357240778
6.938285282849222
6.996181104745055
7.05408489318235
7.111996718537325
7.169916651309575
7.227844762123292
7.285781121728492
7.343725801002262
7.401678870949989
7.459640402706622
7.5176104675379145
7.575589136841697
7.633576482149132
7.6915725751259965
7.749577487573957
7.807591291431858
7.865614058777009
7.9236458618264916
7.981686772938458
8.039736864613449
8.097796209495703
8.1558648803745
8.213942950185473
8.272030492011963
8.330127579086364
8.388234284791466
8.446350682661834
8.504476846385156
8.562612849803644
8.620758766915392
8.678914671875784
8.737080638998886
8.795256742758857
8.853443057791354
8.911639658894964
8.969846621032634
9.0280640193331
9.08629192909234
9.144530425775029
9.202779585016003
9.261039482621724
9.319310194571766
9.377591797020301
9.435884366297596
9.494187978911523
9.552502711549065
9.610828641077852
9.669165844547683
9.727514399192074
9.785874382429808
9.844245871866498
9.90262894529615
9.961023680702757
10.019430156261873
10.077848450342218
10.136278641507293
10.194720808516994
10.25317503032924
10.311641386101616
10.37011995519302
10.428610817165328
10.487114051785056
10.545629739025054
10.604157959066189
10.662698792299047
10.721252319325655
10.779818620961203
10.838397778235777
10.896989872396109
10.955594984907341
11.014213197454788
11.072844591945726
11.131489250511187
11.190147255507762
11.24881868951942
11.307503635359343
11.366202176071765
11.424914394933829
11.483640375457455
11.542380201391225
11.601133956722267
11.659901725678173
11.718683592728917
11.77747964258878
11.83628996021831
11.895114630826267
11.953953739871617
12.012807373065499
12.071675616373247
12.130558556016387
12.189456278474688
12.248368870488191
12.307296419059277
12.366239011454738
12.425196735207871
12.48416967812058
12.543157928265494
12.60216157398811
12.661180703908936
12.720215406925664
12.779265772215346
12.838331889236606
12.89741384773184
12.956511737729459
13.015625649546132
13.074755673789056
13.133901901358232
13.193064423448773
13.252243331553213
13.31143871746385
13.370650673275092
13.429879291385829
13.489124664501823
13.548386885638115
13.607666048121448
13.666962245592721
13.726275572009435
13.785606121648192
13.844953989107188
13.904319269308743
13.963702057501829
14.023102449264645
14.08252054050719
14.141956427473872
14.201410206746127
14.260881975245061
14.320371830234121
14.379879869321778
14.439406190464236
14.498950891968162
14.558514072493438
14.618095831055939
14.677696267030324
14.737315480152864
14.796953570524279
14.856610638612608
14.916286785256101
14.975982111666132
15.035696719430135
15.095430710514572
15.155184187267917
15.214957252423673
15.274750009103409
15.33456256081982
15.394395011479826
15.45424746538768
15.51412002724811
15.574012802169499
15.63392589566707
15.693859413666118
15.753813462505258
15.813788148939702
15.873783580144579
15.933799863718253
15.993837107685714
16.05389542050195
16.11397491105538
16.17407568867132
16.234197863115455
16.294341544597366
16.35450684377406
16.414693871753578
16.474902740098578
16.535133560829998
16.59538644643071
16.655661509849256
16.71595886450358
16.77627862428479
16.836620903560984
16.896985817181097
16.95737348047877
17.017784009276266
17.078217519888433
17.138674129126688
17.199153954303025
17.259657113234102
17.32018372424532
17.380733906174974
17.441307778378413
17.501905460732274
17.562527073638726
17.62317273802976
17.683842575371525
17.744536707668722
17.80525525746899
17.86599834786739
17.926766102510893
17.98755864560293
18.048376101907987
18.109218596756207
18.17008625604811
18.230979206259278
18.291897574445148
18.352841488245804
18.413811075890855
18.474806466204328
18.53582778860964
18.596875173134592
18.657948750416416
18.719048651706903
18.780175008877524
18.841327954424663
18.902507621474864
18.963714143790135
19.02494765577332
19.086208292473504
19.147496189591497
19.208811483485352
19.270154311175947
19.331524810352622
19.392923119378885
19.454349377298147
19.51580372383956
19.577286299423857
19.63879724516932
19.700336702897744
19.761904815140507
19.82350172514469
19.885127576879253
19.946782515041285
20.008466685062302
20.07018023311466
20.131923306117955
20.193696051745565
20.255498618431233
20.31733115537569
20.37919381255341
20.441086740719392
20.503010091416005
20.56496401697997
20.626948670549332
20.688964206070576
20.751010778305783
20.81308854283988
20.87519765608795
20.93733827530265
20.999510558581687
21.06171466487538
21.12395075399432
21.186218986617074
21.248519524298043
21.31085252947534
21.373218165478786
21.435616596537994
21.498047987790546
21.560512505290237
21.62301031601546
21.68554158787763
21.748106489729743
21.810705191375007
21.873337863575603
21.936004678061504
21.998705807539427
22.061441425701865
22.124211707236253
22.187016827834206
22.24985696420088
22.31273229406445
22.37564299618567
22.438589250367585
22.501571237465313
22.564589139395984
22.627643139148745
22.69073342079495
22.753860169498406
22.817023571525766
22.880223814257075
22.943461086196386
23.006735576982532
23.07004747740005
23.13339697939019
23.19678427606209
23.260209561704066
23.323673031795067
23.38717488301623
23.45071531326261
23.514294521655046
23.577912708552155
23.64157007556249
23.70526682555685
23.769003162680733
23.832779292366954
23.89659542134841
23.960451757671002
24.024348510706748
24.08828589116701
24.15226411111595
24.21628338398409
24.280343924582105
24.344445949114753
24.40858967519499
24.472775321858276
24.537003109577068
24.601273260275473
24.66558599734412
24.72994154565521
24.79434013157776
24.85878198299307
24.923267329310352
24.987796401482605
25.05236943202265
25.116986655019456
25.181648306154578
25.246354622718915
25.311105843629615
25.37590220944727
25.440743962393253
25.50563134636742
25.57056460696591
25.635543991499283
25.70056974901088
25.765642130295404
25.83076138791779
25.895927776232337
25.961141551402065
26.02640297141837
26.091712296120967
26.15706978721806
26.222475708306835
26.28793032489423
26.35343390441799
26.41898671626803
26.484589031808074
26.550241124397647
26.615943269414334
26.681695744276386
26.74749882846563
26.813352803550732
26.879257953210775
26.94521456325919
27.011222921668015
27.077283318592556
27.14339604639634
27.2095613996765
27.275779675289474
27.34205117237715
27.408376192393327
27.474755039130635
27.541188018747807
27.607675439797394
27.67421761325387
27.740814852542186
27.807467473566742
27.8741757947408
27.940940137016344
28.007760823914413
28.074638181555866
28.141572538692667
28.20856422673962
28.275613579806606
28.34272093473132
28.409886631112528
28.47711101134384
28.544394420648022
28.611737207111833
28.67913972172144
28.746602318398374
28.81412535403608
28.88170918853703
28.949354184850474
29.017060709010746
29.084829130176242
29.15265982066901
29.220553156014976
29.28850951498487
29.356529279635772
29.424612835353397
29.492760570895047
29.560972878433294
29.629250153600395
29.697592795533435
29.766001206920265
29.83447579404619
29.903016966841456
29.97162513892955
30.04030072767633
30.109044154239992
30.177855843621924
30.246736224718397
30.315685730373197
30.384704797431162
30.45379386679265
30.522953383468987
30.592183796638867
30.66148555970579
30.730859130356485
30.800304970620424
30.869823546930352
30.93941533018397
31.00908079580669
31.078820423815543
31.14863469888429
31.21852411040967
31.28848915257893
31.358530324438547
31.428648129964284
31.498843078132523
31.569115682992933
31.639466463742536
31.709895944801136
31.78040465588822
31.85099313210129
31.921661913995745
31.992411547666247
32.063242584829695
32.13415558290984
32.20515110512344
32.27622972056826
32.347392004312695
32.41863853748719
32.48996990737749
32.56138670751979
32.63288953779766
32.70447900454114
32.776155720627614
32.8479203055849
32.91977338569637
32.991715594108236
33.06374757093911
33.13586996339171
33.208083425867066
33.280388620080934
33.352786215182796
33.42527688787733
33.49786132254843
33.570540211385925
33.643314254514976
33.71618416012829
33.78915064462118
33.86221443272957
33.93537625767105
34.00863686128897
34.08199699419977
34.15545741594358
34.22901889513816
34.30268220963634
34.37644814668692
34.45031750309935
34.52429108541206
34.598369710064674
34.67255420357426
34.746845402715536
34.8212441547054
34.89575131739169
34.97036775944647
35.04509436056377
35.119932011662186
35.1948816150922
35.26994408484856
35.34512034678777
35.4204113388509
35.49581801129179
35.571341326910954
35.646982261295186
35.72274180306321
35.798620954117425
35.87462072990199
35.950742159667485
36.026986286742286
36.10335416881087
36.17984687819936
36.25646550216841
36.33321114321376
36.41008491937467
36.48708796455049
36.564221428825704
36.64148647880351
36.718884297948556
36.796416086938805
36.87408306402707
36.95188646541239
37.02982754562171
37.107907577902076
37.18612785462387
37.264489687695296
37.342994408988666
37.421643370778774
37.50043794619382
37.57937952967943
37.65846953747606
37.73770940811041
37.81710060290129
37.89664460648049
37.976342927329185
38.056197098330436
38.13620867733849
38.216379247765296
38.29671041918517
38.37720382795798
38.4578611378719
38.53868404080618
38.6196742574149
38.70083353783245
38.78216366240167
38.863666442425405
38.94534372094258
39.02719737352963
39.109229309128494
39.19144147090201
39.27383583711811
39.35641442206387
39.43917927699055
39.522132491091256
39.6052761925123
39.688612549399814
39.77214377098324
39.85587210869712
39.939799857343026
40.02392935629328
40.10826299073848
40.19280319298066
40.27755244377422
40.36251327371682
40.4476882646926
40.53308005137001
40.61869132275693
40.70452482381591
40.790583357142054
40.876869784707054
40.96338702967211
41.05013807827358
41.137125981784514
41.224353858556384
41.311824896144536
41.399542353522094
41.48750956338657
41.57572993456417
41.66420695451689
41.752944191957795
41.84194529958043
41.93121401690841
42.02075417327179
42.11056969091732
42.200664588259976
42.29104298328371
42.38170909710012
42.47266725767387
42.56392190372488
42.6554775888175
42.74733898564786
42.83951089054145
42.93199822817358
43.02480605652665
43.117939572098805
43.21140411538009
43.30520517661293
43.39934840185559
43.49383959936822
43.58868474634299
43.683889996001426
43.779461685083774
43.87540634175751
43.9717306939742
44.06844167830624
44.165546449298155
44.26305238936937
44.36096711930951
44.45929850940993
44.55805469128014
44.65724407040116
44.75687533947362
44.856957492623124
44.95749984053179
45.058512026571286
45.16000404402024
45.261986254456986
45.36446940742811
45.46746466150325
45.5709836068384
45.67503828938297
45.77964123688033
45.88480548682823
45.990544616583975
46.09687277582052
46.20380472156333
46.31135585606527
46.419542267807685
46.528380775951376
46.637888978601474
46.74808530529709
46.858989074190035
46.97062055443878
47.08300103441544
47.196152896406836
47.31009969858728
47.4248662651541
47.54047878564937
47.65696492464757
47.774353943172926
47.89267683342891
48.01196646868203
48.13225777045344
48.25358789554415
48.37599644587078
48.499525704633726
48.62422090300495
48.750130522337386
48.877306637902244
49.005805311405624
49.13568704109054
49.267017280184035
49.399867036923006
49.534313572549586
49.67044121773065
49.808342333133666
49.94811844681272
50.089881610231714
50.233756027047114
50.37988002545791
50.528408467876325
50.679515723695594
50.833399376341866
50.99028490134571
51.15043164865675
51.31414060759776
51.48176465670139
51.653722355538434
51.83051691629158
52.01276297813976
52.20122555197021
52.39687875010462
52.60099833504639
52.815315783990734
53.04229348154574
53.28566485635164
53.55164603860896
53.852280990479535
54.21903594608777