0.05025423525979345
0.15076322540331286
0.25127377448848004
0.35178692204258905
0.45230370794232244
0.5528251725536996
0.6533523568722152
0.7538863026632268
0.8544280526026433
0.954978650417973
1.0555391410297836
1.156110570693635
1.2566939871425353
1.3572904397299839
1.4579009795736533
1.5585266596997702
1.659168535188255
1.7598276633186767
1.860505103717084
1.9612019185037748
2.0619191724420607
2.162657933088094
2.2634192709418173
2.3642042595990955
2.465013975905105
2.5658495001090365
2.6667119160201813
2.767602311165471
2.868521776948535
2.9694714088103553
3.0704523063915774
3.1714655736965613
3.2725123192592434
3.373593656310883
3.474710702949778
3.575864582313017
3.6770564227503653
3.7782873580003526
3.8795585273686575
3.9808710759088695
4.082226154605723
4.18362492056089
4.285068537181422
4.386558174370951
4.4880950087237315
4.589680223721628
4.691315009934168
4.7930005652217345
4.894738094942046
4.996528812160002
5.098373937861032
5.200274701168054
5.302232339562177
5.404248099107258
5.506323234678456
5.608459010194913
5.710656698856692
5.812917583386126
5.915242956273715
6.017634120028732
6.1200923874346715
6.22261908180973
6.325215537272465
6.42788309901281
6.530623123568617
6.633436979107922
6.736326045717101
6.839291715695138
6.94233539385418
7.045458497826613
7.148662458378855
7.2519487197320975
7.355318739890233
7.458773990975197
7.562315959569981
7.665946147069569
7.769666070040072
7.873477260586323
7.977381266728237
8.08137965278622
8.185473999775938
8.289665905812779
8.393956986526318
8.498348875485151
8.602843224632453
8.707441704732615
8.81214600582938
8.91695783771585
9.0218789304168
9.126911034683738
9.232055922503143
9.337315387618384
9.442691246065788
9.548185336725375
9.653799521886805
9.759535687831068
9.865395745428529
9.971381630753898
10.077495305718784
10.183738758722475
10.290114005321627
10.39662308891959
10.503268081476115
10.610051084238213
10.716974228492996
10.824039676343352
10.931249621507327
11.038606290142178
11.146111941694052
11.253768869774309
11.361579403063583
11.469545906244674
11.577670780965464
11.685956466833087
11.794405442440615
11.903020226427667
12.011803378576309
12.120757500943752
12.229885239033447
12.339189283006153
12.44867236893277
12.55833728009073
12.668186848305819
12.778223955341533
12.888451534337968
12.998872571302565
13.109490106655006
13.22030723682876
13.331327115931856
13.44255295746969
13.553988036132697
13.665635689652014
13.777499320726339
13.889582399023425
14.001888463259826
14.1144211233627
14.227184062717761
14.340181040507641
14.453415894145216
14.56689254180673
14.6806149850698
14.794587311661752
14.908813698324051
15.023298413798923
15.138045821944692
15.253060384986766
15.368346666911606
15.483909337011552
15.599753173588867
15.7158830678279
15.832304027844899
15.949021182925621
16.066039787961625
16.183365228096807
16.301003023596675
16.41895883495357
16.537238468242204
16.65584788074069
16.774793186833584
16.894080664214446
17.013716760407004
17.13370809962521
17.254061489994157
17.374783931155598
17.495882622283457
17.617364970537054
17.7392385999817
17.861511361008958
17.984191340291463
18.107286871310077
18.230806545494488
18.35475922402182
18.47915405032167
18.60400046334047
18.729308211622577
18.85508736827097
18.981348346856027
19.108101918347526
19.235359229151875
19.36313182034487
19.491431648198773
19.620271106112725
19.749663048066235
19.87962081372808
20.010158255366644
20.141289766723364
20.273030314028432
20.405395469357632
20.538401446551518
20.67206513994332
20.806404166170783
20.941436909379455
21.077182570162293
21.213661218622782
21.35089385199726
21.488902457328013
21.627710079742812
21.76734089697071
21.9078203008096
22.04917498636083
22.191433049961848
22.334624096883783
22.47877936001944
22.623931830974488
22.770116405195147
22.917370043027844
23.06573194891762
23.21524377132483
23.365949826386995
23.51789734889229
23.671136774785495
23.82572206022465
23.981711043183854
24.139165854802044
24.2981533891713
24.45874584212296
24.621021331913617
24.785064617681275
24.950967935330358
25.11883197538091
25.288767033651244
25.46089437395121
25.635347852974594
25.812275872340226
25.991843742764114
26.174236572898273
26.359662833827507
26.548358804755935
26.740594184149195
26.936679266509966
27.136974259381144
27.341901584141915
27.551962430613692
27.76775953335633
27.990029321905077
28.21968869434706
28.457905567841742
28.706210078960183
28.966679738563027
29.24227023584965
29.53746488595045
29.85973187875298
30.223548569533733
30.666761125038583