0.0335735303452709
0.10072066018807621
0.16786799748952377
0.23501568056154742
0.3021638477253401
0.3693126373150584
0.4364621876815284
0.5036126371959523
0.5707641242536171
0.6379167872776055
0.7050707647225075
0.7722261950781364
0.8393832168732464
0.9065419686792527
0.973702589113957
1.0408652168452743
1.1080299905949653
1.1751970491423716
1.242366531328157
1.3095385760580527
1.3767133223066068
1.4438909091209415
1.5110714756245134
1.5782551610208815
1.6454421045974812
1.712632445729404
1.7798263238831853
1.8470238786205992
1.9142252496024594
1.9814305765924298
2.0486399994608426
2.1158536581885237
2.183071692870628
2.250294243720485
2.31752145107345
2.384753455390768
2.451990397263448
2.5192324174161445
2.586479656711052
2.6537322561518115
2.720990356887424
2.7882541002161814
2.855523627589602
2.922799080616387
2.990080601066381
3.057368330874552
3.1246624121449806
3.191962987154865
3.259270198358537
3.326584188391496
3.393905100074457
3.461233076417408
3.5285682606236914
3.5959107960940946
3.6632608264309576
3.7306184954423
3.797983947145961
3.865357325773758
3.932738775775664
4.000128441824
4.067526468817644
4.134933001886269
4.202348186394587
4.269772167946612
4.337205092389963
4.404647105820157
4.472098354584945
4.539558985288663
4.607029144796594
4.674508980239371
4.741998639017382
4.8094982688052115
4.877008017556097
4.944528033506416
5.012058465180186
5.079599461393596
5.147151171259567
5.214713744192322
5.282287329911999
5.3498720784492795
5.417468140150041
5.485075665680045
5.552694806029646
5.620325712518532
5.687968536800486
5.7556234308681855
5.823290547058021
5.890970038054956
5.958662056897403
6.0263667569821395
6.094084292069255
6.161814816287124
6.229558484137413
6.29731545050012
6.365085870638653
6.432869900204929
6.500667695244519
6.568479412201818
6.636305207925265
6.704145239672573
6.771999665116026
6.8398686423477875
6.907752329885258
6.975650886676471
7.04356447210552
7.111493245998036
7.17943736862669
7.2473970007167505
7.315372303451668
7.383363438478713
7.451370567914648
7.5193938543514465
7.5874334608620515
7.655489551006182
7.723562288836182
7.7916518389029115
7.859758366261691
7.927882036478289
7.996023015634952
8.06418147033649
8.132357567716404
8.200551475443074
8.268763361725982
8.336993395321992
8.405241745541696
8.473508582255782
8.541794075901487
8.610098397489084
8.678421718608424
8.746764211435554
8.815126048739359
8.883507403888288
8.95190845085713
9.020329364233843
9.08877031922645
9.157231491669988
9.225713058033529
9.294215195427258
9.362738081609605
9.431281894994463
9.49984681465845
9.568433020348246
9.637040692487998
9.705670012186793
9.774321161246197
9.842994322167867
9.911689678161228
9.980407413151234
10.049147711786189
10.117910759445655
10.186696742248422
10.255505847060565
10.324338261503573
10.393194173962561
10.462073773594556
10.530977250336868
10.599904794915544
10.668856598853903
10.73783285448116
10.806833754941126
10.875859494201004
10.944910267060278
11.013986269159677
11.083087696990237
11.152214747902468
11.221367620115588
11.290546512726884
11.359751625721135
11.428983159980172
11.498241317292496
11.56752630036304
11.63683831282299
11.706177559239746
11.775544245126975
11.844938576954759
11.914360762159873
11.983811009156165
12.053289527345042
12.122796527126075
12.192332219907728
12.261896818118185
12.331490535216313
12.401113585702745
12.47076618513107
12.540448550119171
12.610160898360665
12.679903448636496
12.74967642082664
12.819480035921947
12.889314516036125
12.959180084417854
13.02907696546304
13.099005384727205
13.168965568938038
13.238957746008062
13.308982145047484
13.379038996377153
13.44912853154172
13.51925098332291
13.589406585752965
13.659595574128264
13.729818185023076
13.8000746563035
13.870365227141566
13.940690138029494
14.011049630794151
14.081443948611659
14.151873336022193
14.222338038944965
14.292838304693376
14.36337438199037
14.433946520983975
14.504554973263033
14.575199991873127
14.645881831332717
14.716600747649462
14.78735699833676
14.858150842430502
14.928982540506029
14.999852354695305
15.070760548704317
15.1417073878307
15.212693138981578
15.283718070691657
15.35478245314153
15.425886558176229
15.497030659324043
15.568215031815537
15.639439952602874
15.710705700379354
15.782012555599232
15.853360800497802
15.92475071911173
15.996182597299695
16.06765672276328
16.139173385068155
16.21073287566555
16.282335487914022
16.35398151710153
16.425671260467787
16.497405017226946
16.569183088590595
16.64100577779106
16.712873390105056
16.78478623287765
16.856744615546564
16.92874884966684
17.00079924893582
17.072896129218538
17.145039808573394
17.217230607278285
17.289468847857037
17.361754855106277
17.43408895612265
17.50647148033047
17.57890275950975
17.65138312782464
17.723912921852317
17.79649248061227
17.86912214559602
17.94180226079732
18.014533172742752
18.087315230522826
18.160148785823534
18.233034192958385
18.30597180890091
18.378961993317677
18.452005108601828
18.525101519907093
18.598251595182358
18.671455705206757
18.744714223625316
18.81802752698515
18.891395994772218
18.964820009448676
19.038299956490796
19.11183622442751
19.18542920487955
19.259079292599232
19.332786885510846
19.406552384751727
19.48037619471398
19.554258723086885
19.628200380899983
19.70220158256688
19.776262745929756
19.850384292304625
19.924566646527346
19.99881023700036
20.073115495740268
20.147482858426166
20.221912764448785
20.29640565696051
20.370961982926197
20.445582193174882
20.520266742452375
20.595016089474736
20.66983069698271
20.74471103179707
20.819657564874944
20.894670771367114
20.96975113067633
21.044899126516647
21.120115246973803
21.195399984566695
21.270753836309915
21.346177303777438
21.421670893167438
21.497235115368294
21.572870486025764
21.648577525611408
21.724356759492267
21.80020871800179
21.876133936512115
21.95213295550766
22.028206320660086
22.10435458290468
22.18057829851817
22.25687802919799
22.33325434214305
22.409707810136094
22.486239011627564
22.562848530821103
22.63953695776074
22.71630488841971
22.793152924791052
22.87008167497996
22.947091753297926
23.024183780358808
23.10135838317673
23.178616195265988
23.255957856742924
23.333384014429875
23.410895321961203
23.488492439891495
23.566176035805963
23.64394678443311
23.72180536775971
23.799752475148203
23.87778880345648
23.955915057160215
24.034131948477743
24.1124401974976
24.19084053230874
24.269333689133553
24.347920412463715
24.426601455198973
24.505377578788952
24.584249553378
24.663218157953267
24.742284180495965
24.821448418136026
24.90071167731017
24.98007477392351
25.05953853351477
25.13910379142524
25.218771392971558
25.298542193622445
25.37841705917944
25.45839686596188
25.538482500996064
25.61867486220893
25.698974858626162
25.77938341057503
25.85990144989201
25.940529920135333
26.021269776802622
26.102121987553797
26.18308753243931
26.264167404134007
26.345362608176643
26.426674163215353
26.508103101259138
26.589650467935655
26.67131732275545
26.753104739382817
26.835013805913558
26.917045625159798
26.999201314942074
27.081482008389006
27.163888854244703
27.246423017184174
27.329085678137076
27.41187803461993
27.49480130107725
27.577856709231703
27.661045508443753
27.74436896608101
27.827828367897638
27.911425018424158
27.99516024136802
28.07903538002526
28.163051797703698
28.247210878157993
28.33151402603702
28.41596266734402
28.5005582499099
28.58530224388021
28.670196142216287
28.755241461211018
28.840439741019814
28.925792546207354
29.01130146631059
29.09696811641871
29.182794137770674
29.268781198370917
29.354930993623984
29.441245246988785
29.52772571065318
29.61437416622979
29.70119242547371
29.788182331023112
29.87534575716357
29.962684610617035
30.05020083135656
30.137896393447615
30.225773305917308
30.313833613652424
30.402079398327658
30.49051277936519
30.579135914926937
30.667951002940885
30.756960282162925
30.84616603327574
30.9355705800263
31.02517629040373
31.11498557785923
31.205000902569967
31.295224772748938
31.385659746002748
31.476308430739643
31.567173487629987
31.658257631121636
31.749563631012794
31.84109431408505
31.9328525657994
32.02484133205836
32.117063621037275
32.209522505088266
32.30222112272035
32.395162680659524
32.488350455992865
32.58178779840079
32.67547813248211
32.76942496017661
32.86363186329013
32.95810250612783
33.05284063824096
33.147850097293684
33.24313481205607
33.338698805530406
33.43454619821816
33.53068121153533
33.62710817138477
33.723831511894254
33.82085577932999
33.9181856361957
34.015825865528384
34.113781375402226
34.212057203653515
34.310658522839795
34.40959064544786
34.50885902936603
34.60846928363752
34.70842717451269
34.80873863181972
34.90940975567436
35.01044682355136
35.111856297741916
35.2136448332231
35.31581928596801
35.41838672172708
35.52135442531401
35.62472991043243
35.728520930082496
35.832735487590185
35.9373818483057
36.04246855202161
36.148004426166054
36.253998599831256
36.360460518703526
36.467399960966894
36.57482705425981
36.68275229377197
36.79118656157694
36.90014114730629
37.00962777028131
37.11965860323102
37.23024629773855
37.34140401157359
37.453145438085706
37.56548483785318
37.67843707280404
37.79201764305121
37.906242726712314
38.02112922301727
38.1366947990441
38.25295794046611
38.36993800674238
38.48765529124016
38.60613108684269
38.72538775767131
38.84544881763837
38.966339016649044
39.0880844353895
39.210712589778275
39.33425254632197
39.458735049810265
39.584192665015095
39.71065993433265
39.83817355363356
39.96677256897973
40.09649859733969
40.227396075008855
40.35951253814073
40.492898940652914
40.62761001582843
40.76370468924375
40.90124655229094
41.040304407617526
41.18095290041188
41.323273252784766
41.46735412277539
41.61329261506549
41.76119547777089
41.91118052933617
42.06337837250129
42.21793446987317
42.37501167979167
42.53479338489043
42.69748739356093
42.86333086353682
43.03259659840032
43.20560122065729
43.38271596070962
43.56438117469133
43.75112631551096
43.94359811892978
44.14260160338147
44.34916190154457
44.56462170148796
44.79080346305843
45.03029918576249
45.28703918208157
45.567568043656415
45.88456752187466
46.27117427441143