0.027046539866843397
0.08113964306329932
0.1352328166483272
0.18932610754852375
0.24341956269180864
0.2975132290079539
0.3516071534291133
0.4057013828903516
0.4597959643301743
0.5138909446910569
0.5679863709199752
0.6220822899689347
0.6761787487955009
0.7302757943633295
0.7843734736426972
0.8384718336110315
0.8925709212534428
0.9466707835632545
1.000771467542535
1.0548730202026295
1.1089754885646914
1.1630789196602154
1.2171833605315698
1.2712888582325295
1.3253954598288098
1.3795032123985995
1.4336121630330965
1.4877223588370405
1.5418338469292496
1.5959466744431556
1.65006088852734
1.70417653634607
1.7582936650798362
1.8124123219258903
1.8665325540987825
1.9206544088309014
1.9747779333730124
2.0289031749947974
2.083030180985397
2.137158998653949
2.191289675330134
2.245422258364713
2.2995567951300773
2.353693333020784
2.4078319194541096
2.4619726018705888
2.5161154277345634
2.5702604445347297
2.624407699784685
2.6785572410234777
2.732709115816156
2.786863371754318
2.841020056456663
2.8951792175695448
2.9493409027675237
3.0035051597539213
3.0576720362613736
3.11184158005239
3.1660138389199077
3.220188860687851
3.2743666932116904
3.328547384379001
3.3827309821100267
3.4369175343582397
3.4911070891109053
3.545299694389645
3.5994953982510047
3.653694248787019
3.7078962941257814
3.7621015824320105
3.8163101619076243
3.870522080792309
3.9247373873640936
3.978956129939924
4.0331783568762365
4.087404116569539
4.141633457456987
4.19586642801696
4.2501030767696495
4.304343452277637
4.358587603146477
4.412835578025286
4.467087425607327
4.5213431946306
4.5756029338784305
4.629866692180058
4.684134518411234
4.738406461494817
4.792682570401363
4.846962894149729
4.901247481807671
4.955536382492442
5.009829645371401
5.064127319662611
5.118429454635453
5.1727360996112255
5.2270473039637615
5.281363117120037
5.335683588560785
5.3900087678211115
5.444338704491114
5.498673448216496
5.553013048699195
5.607357555698
5.661707019029182
5.716061488567113
5.770421014244905
5.824785646055033
5.8791554340499745
5.9335304283428405
5.9879106791080146
6.042296236581793
6.096687151063025
6.1510834729137605
6.205485252559892
6.259892540491803
6.314305387265025
6.368723843500885
6.423147959887158
6.477577787178736
6.5320133761982735
6.586454777836865
6.640902043054698
6.695355222881726
6.7498143684183365
6.804279530836029
6.85875076137808
6.91322811136023
6.967711632171357
7.022201375274162
7.076697392205858
7.131199734578852
7.1857084540814355
7.240223602478486
7.294745231612156
7.349273393402575
7.40380813984855
7.45834952302827
7.512897595100019
7.567452408302877
7.622014014957444
7.676582467466549
7.731157818315972
7.785740120075166
7.840329425397988
7.894925787023416
7.949529257776294
8.004139890568055
8.058757738397473
8.11338285435139
8.16801529160547
8.222655103424943
8.27730234316536
8.331957064273345
8.386619320287352
8.441289164838427
8.49596665165098
8.55065183454354
8.60534476742954
8.660045504318083
8.71475409931473
8.769470606622274
8.824195080541532
8.878927575472135
8.933668145913316
8.98841684646472
9.043173731827189
9.097938856803584
9.152712276299583
9.207494045324498
9.262284218992093
9.3170828525214
9.371890001237555
9.426705720572613
9.481530066066398
9.536363093367322
9.591204858233246
9.646055416532306
9.700914824243783
9.755783137458945
9.810660412381905
9.865546705330498
9.920442072737131
9.975346571149672
10.030260257232309
10.085183187766452
10.140115419651604
10.195057009906252
10.250008015668776
10.304968494198333
10.359938502875771
10.41491809920454
10.469907340811597
10.524906285448342
10.579914990991526
10.63493351544419
10.689961916936602
10.745000253727182
10.800048584203473
10.855106966883067
10.910175460414568
10.965254123578564
11.020343015288576
11.075442194592044
11.130551720671296
11.185671652844531
11.240802050566817
11.295942973431071
11.351094481169067
11.40625663365244
11.4614294908937
11.516613113047244
11.571807560410381
11.627012893424363
11.682229172675415
11.737456458895785
11.792694812964783
11.847944295909834
11.903204968907547
11.95847689328477
12.01376013051967
12.069054742242807
12.124360790238224
12.179678336444532
12.235007442956018
12.29034817202374
12.345700586056648
12.401064747622693
12.456440719449962
12.511828564427805
12.567228345607978
12.622640126205782
12.67806396960123
12.733499939340192
12.788948099135576
12.8444085128685
12.899881244589467
12.955366358519571
13.010863919051678
13.066373990751645
13.121896638359527
13.177431926790794
13.23297992113757
13.288540686669863
13.344114288836815
13.399700793267945
13.455300265774417
13.510912772350313
13.566538379173904
13.62217715260894
13.677829159205933
13.733494465703483
13.789173139029566
13.844865246302872
13.900570854834116
13.956290032127399
14.01202284588153
14.067769363991403
14.123529654549348
14.179303785846514
14.235091826374248
14.29089384482549
14.346709910096173
14.40254009128664
14.458384457703062
14.514243078858868
14.570116024476196
14.626003364487328
14.681905169036169
14.737821508479707
14.793752453389502
14.849698074553169
14.905658442975895
14.96163362988194
15.017623706716163
15.073628745145566
15.129648817060826
15.185683994577861
15.241734350039398
15.297799956016547
15.353880885310394
15.409977210953603
15.466089006212027
15.522216344586337
15.578359299813656
15.634517945869206
15.690692356967975
15.746882607566382
15.803088772363969
15.859310926305088
15.915549144580629
15.971803502629719
16.02807407614148
16.084360941056755
16.1406641735699
16.19698385013052
16.253320047445282
16.309672842479717
16.366042312460017
16.42242853487488
16.478831587477345
16.53525154828664
16.591688495590077
16.648142507944904
16.704613664180226
16.76110204339891
16.81760772497952
16.87413078857825
16.93067131413088
16.987229381854764
17.04380507225081
17.100398466105474
17.157009644492792
17.213638688776413
17.270285680611646
17.326950701947528
17.38363383502891
17.440335162398547
17.49705476689924
17.55379273167593
17.610549140177884
17.66732407616084
17.724117623689203
17.78092986713824
17.837760891196307
17.894610780867076
17.951479621471805
18.008367498651598
18.065274498369703
18.122200706913823
18.179146210898452
18.23611109726721
18.293095453295216
18.350099366591493
18.407122925101344
18.464166217108804
18.521229331239077
18.578312356461
18.635415382089544
18.692538497788302
18.74968179357204
18.806845359809234
18.86402928722465
18.92123366690193
18.978458590286206
19.03570414918676
19.092970435779645
19.15025754261041
19.207565562596773
19.264894589031368
19.322244715584485
19.379616036306857
19.43700864563245
19.49442263838129
19.551858109762318
19.609315155376244
19.666793871218466
19.72429435368198
19.78181669956033
19.839361006050584
19.89692737075633
19.954515891690715
20.012126667279478
20.06975979636405
20.12741537820465
20.185093512483412
20.242794299307572
20.30051783921264
20.358264233165627
20.416033582568282
20.473825989260384
20.531641555523052
20.58948038408206
20.647342578111218
20.705228241235783
20.76313747753586
20.821070391549885
20.879027088278093
20.93700767318607
20.995012252208287
21.0530409317517
21.111093818699352
21.169171020414066
21.227272644742087
21.285398800016846
21.343549595062694
21.4017251391987
21.459925542242484
21.518150914514077
21.576401366839825
21.634677010556317
21.69297795751438
21.751304320083065
21.809656211153722
21.868033744144075
21.926437033002347
21.984866192211445
22.04332133679315
22.101802582312366
22.160310044881427
22.218843841164404
22.2774040883815
22.335990904313437
22.39460440730595
22.45324471627425
22.5119119507076
22.570606230673885
22.629327676824264
22.688076410397837
22.746852553226372
22.80565622773909
22.864487556967482
22.923346664550174
22.982233674737845
23.041148712398194
23.10009190302097
23.159063372723026
23.218063248253433
23.27709165699866
23.336148726987805
23.395234586897846
23.454349366058995
23.513493194460064
23.57266620275392
23.63186852226296
23.69110028498468
23.750361623597282
23.809652671465326
23.86897356264547
23.928324431892246
23.987705414663917
24.047116647128366
24.106558266169074
24.16603040939116
24.225533215127445
24.285066822444655
24.3446313711496
24.40422700179549
24.463853855688285
24.523512074893127
24.58320180224081
24.64292318133438
24.702676356555724
24.762461473072307
24.822278676843947
24.882128114629644
24.94200993399453
25.001924283316853
25.061871311795063
25.121851169454956
25.18186400715692
25.241909976603242
25.301989230345487
25.362101921792
25.422248205215453
25.482428235760462
25.54264216945136
25.60289016319997
25.66317237481353
25.72348896300268
25.783840087389525
25.844225908515835
25.90464658785128
25.965102287801805
26.02559317171809
26.086119403904075
26.146681149625632
26.207278575119297
26.267911847601134
26.328581135275666
26.389286607344943
26.450028434017685
26.51080678651858
26.571621837097616
26.632473759039605
26.69336272667375
26.754288915383363
26.815252501615685
26.876253662891838
26.93729257781687
26.99836942608993
27.05948438851458
27.120637647009204
27.18182938461757
27.243059785519478
27.30432903504161
27.36563731966841
27.42698482705319
27.488371746029323
27.549798266621572
27.61126458005758
27.67277087877948
27.734317356455673
27.795904207992717
27.857531629547395
27.919199818538917
27.98090897366128
28.04265929489577
28.104450983523655
28.166284242138993
28.228159274661625
28.290076286350338
28.352035483816188
28.414037075035985
28.476081269365956
28.538168277555602
28.600298311761694
28.662471585562475
28.724688313972056
28.786948713454965
28.849253001940927
28.911601398839785
28.973994125056674
29.036431403007338
29.09891345663371
29.16144051141963
29.22401279440682
29.286630534211074
29.349293961038608
29.412003306702697
29.474758804640498
29.537560689930103
29.600409199307823
29.66330457118572
29.726247045669353
29.789236864575788
29.852274271451833
29.91535951159256
29.97849283206002
30.041674481702284
30.1049047111727
30.16818377294944
30.231511921355313
30.294889412577856
30.358316504689704
30.421793457669242
30.48532053342158
30.548897995799763
30.61252611062636
30.676205145715283
30.73993537089399
30.80371705802594
30.867550481033433
30.931435915920737
30.995373640797553
31.05936393590286
31.12340708362905
31.187503368546476
31.25165307742831
31.315856499275792
31.380113925343863
31.444425649167155
31.508791966586372
31.573213175775088
31.637689577266922
31.702221473983126
31.76680917126061
31.831452976880353
31.896153201096293
31.96091015666462
32.025724158873544
32.09059552557349
32.15552457720781
32.22051163684388
32.28555703020483
32.35066108570158
32.41582413446554
32.48104651038174
32.54632855012248
32.611670593181586
32.67707298190909
32.74253606154659
32.80806018026307
32.87364568919136
32.9392929424652
33.005002297256794
33.07077411381511
33.13660875550472
33.20250658884528
33.26846798355174
33.33449331257505
33.40058295214376
33.46673728180608
33.532956684472865
33.599241546461116
33.66559225753837
33.73200921096773
33.79849280355374
33.86504343568898
33.931661511401494
33.99834743840298
34.06510162813789
34.13192449583331
34.198816460549736
34.26577794523271
34.3328093767654
34.399911186022045
34.4670838079224
34.53432768148712
34.6016432498941
34.669030960535885
34.73649126507804
34.80402461951859
34.87163148424862
34.939312324113786
35.00706760847714
35.07489781128302
35.14280341112205
35.2107848912975
35.278842739892696
35.34697744983982
35.41518951898993
35.483479450184326
35.5518477513272
35.620294935459754
35.68882152083563
35.757428030997886
35.82611499485734
35.894882946772505
35.96373242663103
36.03266397993272
36.10167815787422
36.17077551743529
36.23995662146688
36.30922203878084
36.37857234424146
36.44800811885888
36.5175299498843
36.58713843090715
36.65683416195425
36.72661774959092
36.796489807024216
36.86645095420826
36.936501817951765
37.00664303202777
37.07687523728564
37.14719908176549
37.217615220814906
37.28812431720822
37.3587270412683
37.4294240709909
37.50021609217172
37.5711037985362
37.64208789187209
37.71316908216496
37.78434808773665
37.85562563538675
37.9270024605372
37.99847930738017
38.07005692902918
38.1417360876736
38.2135175547367
38.285402111037236
38.357390546954726
38.42948366259854
38.50168226798086
38.57398718319364
38.64639923858971
38.71891927496812
38.791548143763855
38.86428670724196
38.93713583869643
39.01009642265372
39.08316935508123
39.15635554360084
39.229655907707546
39.30307137899359
39.37660290137799
39.4502514313418
39.52401793816918
39.5979034041946
39.67190882505614
39.74603520995531
39.82028358192341
39.89465497809476
39.96915044998698
40.04377106378846
40.11851790065346
40.19339205700479
40.26839464484466
40.3435267920736
40.41878964281805
40.4941843577667
40.569712114515895
40.64537410792453
40.721171550478566
40.79710567266569
40.87317772336028
40.9493889702192
41.025740700088704
41.10223421942274
41.17887085471335
41.25565195293325
41.33257888199125
41.40965303120089
41.486875811762744
41.56424865726099
41.64177302417461
41.71945039240393
41.79728226581289
41.875270172787786
41.95341566681304
42.03172032706454
42.11018575902146
42.188813595096974
42.267605495288834
42.34656314785046
42.42568826998336
42.50498260855174
42.58444794082019
42.6640860752153
42.74389885211235
42.8238881446478
42.90405585955896
42.98440393805168
43.06493435669744
43.14564912836095
43.226550303159506
43.30763996945565
43.38892025488435
43.47039332741627
43.5520613964588
43.63392671399626
43.715991575771376
43.79825832250943
43.88072934118746
43.963407066350165
44.046293981474925
44.12939262038808
44.21270556873489
44.29623546550565
44.37998500462078
44.46395693657744
44.54815407016096
44.632579274224035
44.71723547953698
44.80212568071281
44.887252938210686
44.972620380421695
45.05823120584134
45.14408868533301
45.23019616448731
45.316557066082204
45.40317489264937
45.490053229152444
45.57719574578325
45.66460620088238
45.75228844399114
45.84024641904207
45.928484167695956
46.01700583283363
46.10581566221153
46.19491801229054
46.28431735224837
46.374018268186326
46.46402546754233
46.5543437837226
46.644978180965666
46.735933759453
46.82721576068203
46.91882957311819
47.01078073814408
47.103074956325194
47.195718094013145
47.28871619030911
47.38207546441193
47.47580232337734
47.569903370316936
47.664385413068175
47.75925547336877
47.85452079657242
47.950188861945534
48.04626739358826
48.14276437202716
48.23968804653103
48.337046948206115
48.434849903932346
48.53310605120805
48.6318248539771
48.731016119519666
48.830690016496
48.9308570942415
49.031528303421695
49.13271501816682
49.234429059818765
49.33668272243721
49.43948880022814
49.54286061707612
49.646812058382444
49.75135760543462
49.85651237255962
49.962292147343376
50.068713434233935
50.17579350188558
50.283550434646564
50.39200318864597
50.50117165299568
50.61107671669383
50.721740341897465
50.8331856443273
50.945436981678206
51.05852005103935
51.1724619964807
51.287291528143584
51.403039054386994
51.51973682879649
51.63741911416708
51.756122365937784
51.87588543799655
51.996749814309744
52.11875987048219
52.241963170153
52.366410802117144
52.49215776528372
52.61926341010642
52.747791947037264
52.877813034980534
53.00940246581996
53.14264296507655
53.27762513392983
53.41444856462221
53.55322317026044
53.69407078208501
53.83712708363778
53.98254397375791
54.13049248173418
54.28116640246807
54.43478688377148
54.59160829252912
54.751925828794796
54.91608557636764
55.0844980263282
55.257656679313364
55.43616429835803
55.62077109446541
55.81243231069985
56.01239896425014
56.222368901050366
56.44475660783748
56.68322277885761
56.94386224111676
57.2384835011663
57.59793636805023