0.03554420244041405
0.10663269929533198
0.1777214720756133
0.24881070474181374
0.31990058126996007
0.39099128565774094
0.4620830019306995
0.5331759141484287
0.6042702064107702
0.6753660628640176
0.7464636677071226
0.8175632051979085
0.8886648596592885
0.9597688154854895
1.0308752571482847
1.1019843692032318
1.1730963362959224
1.2442113431682364
1.3153295746646094
1.3864512157383078
1.4575764514577156
1.5287054670126337
1.599838447720588
1.6709755790331544
1.7421170465422926
1.8132630359866975
1.8844137332581627
1.9555693244079613
2.0267299956532394
2.097895933383429
2.169067324166678
2.240244354756295
2.311427212097216
2.3826160833324868
2.4538111558097695
2.525012617087865
2.59622065494326
2.667435457376692
2.7386572126197426
2.8098861091414475
2.8811223356549345
2.9523660811240835
3.0236175347702168
3.0948768860788065
3.166144324806217
3.2374200409864713
3.3087042249380447
3.3799970672706885
3.4512987588922828
3.522609491015721
3.593929455165824
3.665258843186284
3.736597847246647
3.807946659849322
3.879305473836628
3.950674482397877
4.022053879076487
4.093443857777139
4.1648446127729635
4.236256338712775
4.307679230628334
4.379113483941654
4.450559294472355
4.522016858445049
4.593486372496768
4.6649680336844455
4.73646203949243
4.807968587840052
4.879487877089229
4.951020106052127
5.022565473998856
5.094124180665231
5.165696426260569
5.237282411475536
5.308882337490059
5.380496405981278
5.45212481913155
5.523767779636518
5.595425490713226
5.667098156108295
5.738785980106153
5.810489167537323
5.88220792378678
5.95394245480235
6.0256929671031925
6.097459667788322
6.169242764545218
6.241042465658478
6.312858980018551
6.384692517130528
6.456543287123013
6.5284115007570485
6.600297369435123
6.672201105210246
6.744122920795098
6.816063029571249
6.888021645598465
6.959998983624071
7.03199525909242
7.104010688154411
7.176045487677117
7.248099875253467
7.3201740692120385
7.392268288626911
7.464382753327626
7.536517683909219
7.6086733017423525
7.68084982898353
7.753047488585412
7.825266504307216
7.8975071007252176
7.969769503243352
8.042053938103905
8.114360632398306
8.186689814078031
8.259041711965603
8.33141655576569
8.403814576076332
8.476236004400246
8.548681073156269
8.621150015690898
8.693643066289946
8.76616046019032
8.838702433591914
8.911269223669606
8.983861068585416
9.056478207500737
9.129120880588735
9.201789329046848
9.274483795109438
9.347204522060553
9.419951754246831
9.492725737090558
9.565526717102827
9.638354941896882
9.71121066020157
9.784094121874949
9.857005577918063
9.92994528048883
10.002913482916123
10.075910439713972
10.148936406595952
10.221991640489707
10.295076399551661
10.368190943181874
10.441335532039076
10.514510428055882
10.587715894454158
10.660952195760588
10.734219597822408
10.807518367823326
10.880848774299626
10.954211087156468
11.02760557768438
11.101032518575932
11.174492183942629
11.247984849331996
11.321510791744865
11.395070289652883
11.468663623016225
11.542291073301518
11.61595292350001
11.68964945814593
11.76338096333509
11.837147726743739
11.910950037647615
11.984788186941268
12.058662467157609
12.132573172487719
12.2065205988009
12.280505043664988
12.354526806366932
12.428586187933636
12.502683491153055
12.576819020595604
12.650993082635807
12.725205985474256
12.79945803915985
12.873749555612335
12.948080848645143
13.022452233988528
13.096864029313034
13.171316554253254
13.245810130431932
13.320345081484385
13.394921733083258
13.469540412963626
13.544201450948433
13.618905178974295
13.693651931117655
13.768442043621299
13.843275854921263
13.918153705674094
13.993075938784523
14.068042899433511
14.14305493510671
14.218112395623319
14.293215633165373
14.36836500230744
14.443560860046759
14.51880356583381
14.594093481603341
14.669430971805847
14.744816403439517
14.820250146082643
14.895732571926537
14.97126405580891
15.046844975247781
15.122475710475877
15.198156644475567
15.27388816301432
15.349670654680711
15.425504510920973
15.501390126076126
15.577327897419655
15.653318225195806
15.729361512658453
15.80545816611059
15.881608594944435
15.95781321168218
16.034072432017368
16.110386674856958
16.186756362364033
16.263181920001216
16.339663776574785
16.416202364279474
16.492798118744066
16.56945147907766
16.646162887916752
16.722932791473056
16.79976163958214
16.876649885752865
16.953597987217645
17.03060640498355
17.107675603884285
17.184806052633014
17.261998223876134
17.339252594247903
17.416569644426072
17.493949859188415
17.571393727470277
17.64890174242309
17.726474401473943
17.804112206386176
17.881815663321024
17.95958528290039
18.037421580270703
18.115325075167902
18.193296291983643
18.27133575983262
18.349444012621152
18.427621589117006
18.50586903302048
18.58418689303679
18.662575722949814
18.741036081697146
18.8195685334466
18.898173647674096
18.976851999243035
19.05560416848514
19.13443074128285
19.213332309153255
19.292309469333652
19.371362824868733
19.450492984699423
19.529700563753497
19.608986183037896
19.688350469732875
19.767794057288004
19.84731758552003
19.926921700712708
20.00660705571859
20.086374310062872
20.166224130049315
20.246157188868303
20.326174166707073
20.40627575086224
20.486462635854565
20.566735523546132
20.647095123259916
20.727542151901847
20.80807733408542
20.888701402258924
20.969415096835338
21.05021916632499
21.13111436747105
21.212101465387896
21.29318123370248
21.374354454698736
21.455621919465123
21.536984428045425
21.61844278959279
21.699997822527248
21.78165035469666
21.86340122354128
21.94525127626204
22.027201369992532
22.109252371975
22.19140515974024
22.273660621291683
22.356019655293693
22.438483171264203
22.521052089771867
22.603727342637793
22.686509873142043
22.76940063623499
22.85240059875374
22.93551073964367
23.018732050185367
23.102065534226977
23.185512208422267
23.26907310247446
23.3527492593861
23.436541735715092
23.52045160183708
23.604479942214432
23.68862785567197
23.772896455679685
23.857286870642653
23.941800244198372
24.02643773552177
24.111200519638096
24.19608978774401
24.281106747537056
24.36625262355385
24.451528657517265
24.536936108692867
24.622476254254934
24.708150389662418
24.793959829045086
24.879905905600285
24.965989972000635
25.052213400813017
25.138577584929283
25.225083938009078
25.31173389493517
25.398528912281748
25.48547046879618
25.572560065894624
25.65979922817207
25.747189503927288
25.834732465703244
25.92242971084351
26.010282862065324
26.09829356804984
26.186463504050252
26.27479437251847
26.363287903751015
26.451945856554868
26.540770018934094
26.629762208797953
26.718924274691396
26.808258096548826
26.897765586471973
26.987448689532933
27.07730938460331
27.167349685210546
27.25757164042252
27.347977335761612
27.438568894149405
27.52934847688331
27.620318284646498
27.711480558552445
27.802837581225692
27.89439167792024
27.986145217677333
28.078100614524253
28.17026032871597
28.26262686802155
28.355202789057316
28.447990698668843
28.54099325536407
28.634213170799796
28.727653211324085
28.821316199577165
28.91520501615358
29.009322601328495
29.103671956851247
29.198256147809342
29.29307830456642
29.388141624777727
29.483449375487048
29.57900489530907
29.674811596701627
29.77087296833231
29.867192577544376
29.9637740729271
30.060621186996094
30.15773773898937
30.25512763778546
30.352794884950118
30.450743577918683
30.548977913321625
30.647502190461225
30.746320814948014
30.845438302505986
30.944859282956422
31.044588504390703
31.144630837543236
31.24499128037649
31.34567496289088
31.446687152173258
31.548033257698716
31.64971883690148
31.751749601032003
31.854131421318414
31.95687033545212
32.05997255441873
32.16344446969722
32.267292660852085
32.371523903545146
32.4761451779959
32.581163677921836
32.686586819992435
32.792422253833855
32.89867787262414
33.00536182432247
33.11248252357979
33.220048664382354
33.32806923348447
33.436553524691966
33.545511154063476
33.65495207610337
33.76488660102702
33.875325413187035
33.98627959075808
34.09776062678778
34.209780451731994
34.322351457605535
34.43548652389309
34.54919904538083
34.66350296208692
34.77841279148898
34.89394366326936
35.010111356824574
35.126932341814346
35.24442382205922
35.36260378313329
35.4814910440424
35.60110531342777
35.72146725079274
35.84259853331633
35.964521928894314
36.08726137613751
36.21084207216074
36.33529056911723
36.46063488057547
36.586904599002665
36.7141310258166
36.8423473157018
36.971588637164736
37.101892351635826
37.23329821382626
37.36584859653007
37.49958874364707
37.63456705591517
37.7708354147143
37.90844955038088
38.04746946280706
38.18795990376577
38.32999093249767
38.47363855874867
38.618985490832735
38.76612201065239
38.915147003269176
39.06616917603969
39.21930851217064
39.37469801673373
39.53248583107686
39.692837816179846
39.855940739850936
40.0220062513711
40.19127589750612
40.36402753731216
40.54058366889744
40.72132242144622
40.9066923465264
41.09723276566591
41.29360248834445
41.4966215862798
41.70733439411716
41.927108794873654
42.15780150988658
42.402053363057185
42.663868855232565
42.94991639090098
43.27311822968278
43.66724122519318