0.04065275705133232
0.12195845115405426
0.20326468526730926
0.28457181943265825
0.3658802137434764
0.4471902283656912
0.5285022235585326
0.6098165596952987
0.6911335972841405
0.7724536969888701
0.8537772196497938
0.9351045263045764
1.016435978209137
1.0977719368585834
1.179112764008185
1.260458821694392
1.3418104722558981
1.423168078354759
1.5045320029975624
1.5859026095566564
1.6672802617914424
1.74866532386973
1.8300581603891637
1.9114591363987226
1.9928686174202952
2.0742869694703363
2.155714559081608
2.2371517533250076
2.31859891983149
2.400056426814083
2.4815246430900046
2.563003938102884
2.6444946819450883
2.725997245380164
2.807511999865393
2.8890393175744653
2.9705795714202834
3.0521331350778875
3.133700383007518
3.2152816904778114
3.2968774335891418
3.3784879892971014
3.460113735436139
3.541755050743346
3.6234123148824056
3.7050859084677037
3.7867762130886087
3.8684836113339247
3.950208486816521
4.0319512241981466
4.1137122092144285
4.195491828700069
4.277290470614233
4.359108524066139
4.440946379340869
4.522804427925373
4.6046830625347095
4.686582677138497
4.768503666987605
4.85044642864107
4.932411359993265
5.0143988603012986
5.096409330212686
5.178443171793262
5.260500788555367
5.342582585486301
5.424688969077057
5.506820347351334
5.58897712989484
5.671159727884899
5.7533685541203505
5.835604023051762
5.917866550811967
6.000156555246911
6.0824744559468495
6.164820674277863
6.247195633413731
6.329599758368161
6.412033476027372
6.494497215183053
6.576991406565688
6.65951648287829
6.742072878830505
6.824661031173128
6.907281378733038
6.9899343624485395
7.0726204254051455
7.155340012871791
7.238093572337501
7.32088155354851
7.403704408545856
7.486562591703448
7.569456559766624
7.652386771891203
7.735353689683053
7.818357777238173
7.901399501183314
7.984479330717133
8.06759773765191
8.150755196455826
8.233952184295825
8.317189181081059
8.400466669506946
8.483785135099836
8.567145066262317
8.650546954319156
8.733991293563895
8.817478581306137
8.901009317919499
8.98458400689027
9.068203154866795
9.15186727170958
9.235576870542154
9.319332467802692
9.403134583296413
9.486983740248787
9.570880465359553
9.654825288857563
9.738818744556495
9.822861369911427
9.906953706076296
9.99109629796227
10.07528969429707
10.159534447685205
10.243831114669218
10.3281802557919
10.412582435659527
10.49703822300615
10.581548190758927
10.666112916104552
10.750732980556801
10.835408970025208
10.920141474884902
11.004931090047641
11.089778415034063
11.174684054047168
11.259648616047103
11.344672714827215
11.42975696909147
11.514902002533216
11.600108443915357
11.685376927151944
11.770708091391251
11.856102581100322
11.941561046151076
12.027084141907974
12.112672529317297
12.19832687499807
12.28404785133467
12.369836136571173
12.455692414907462
12.541617376597154
12.62761171804738
12.713676141920478
12.799811357237632
12.8860180794845
12.972297030718924
13.058648939680692
13.145074541903506
13.231574579829118
13.31814980292375
13.404800967796834
13.491528838322129
13.578334185761273
13.665217788889862
13.752180434126082
13.839222915661976
13.926346035597433
14.01355060407694
14.100837439429187
14.188207368309605
14.275661225845901
14.363199855786677
14.450824110653224
14.538534851894555
14.626332950045796
14.714219284889994
14.802194745623456
14.890260231024717
14.978416649627228
15.066664919895858
15.15500597040735
15.243440740034812
15.331970178136363
15.420595244748059
15.509316910781216
15.598136158224259
15.687053980349225
15.77607138192305
15.86518937942379
15.954409001261915
16.043731288006825
16.133157292618737
16.222688080686105
16.312324730668767
16.402068334146925
16.49191999607622
16.581880835048985
16.671951983561996
16.762134588290774
16.852429810370754
16.942838825685495
17.033362825162126
17.12400301507429
17.21476061735282
17.305636869904376
17.396633026938307
17.48775035930201
17.57899015482502
17.67035371867222
17.76184237370632
17.85345746086001
17.945200339518145
18.037072387910147
18.129075003513123
18.22120960346596
18.313477624994853
18.405880525850538
18.498419784757765
18.591096901877364
18.68391339928133
18.77687082144143
18.86997073573179
18.96321473294594
19.056604427828848
19.150141459624532
19.243827492639696
19.337664216824123
19.431653348368307
19.525796630319068
19.62009583321373
19.714552755733642
19.80916922537772
19.90394709915678
19.998888264309468
20.093994639040623
20.189268173282947
20.284710849482863
20.380324683411576
20.476111725002287
20.57207405921461
20.668213806927344
20.76453312586067
20.861034211529052
20.957719298226078
21.054590660042546
21.151650611919244
21.248901510735852
21.3463457564375
21.44398579320063
21.54182411063983
21.639863245057462
21.738105780737914
21.836554351288544
21.935211641029273
22.03408038643317
22.133163377620228
22.232463459906853
22.331983535413556
22.431726564733687
22.53169556866596
22.631893630013884
22.732323895455256
22.832989577485144
22.933893956435917
23.03504038257812
23.136432278306234
23.238073140413544
23.339966542460658
23.442116137242454
23.54452565935853
23.64719892789255
23.75013984920625
23.853352419854133
23.95684072962541
24.060608964720004
24.164661411066074
24.269002457786748
24.373636600824533
24.47856844673228
24.58380271664015
24.689344250408848
24.79519801097994
24.90136908893488
25.00786270727521
25.114684226437276
25.22183914955583
25.32933312799174
25.43717196714048
25.545361632538985
25.653908256290087
25.762818143824973
25.872097781025865
25.981753841732836
26.091793195660497
26.20222291675248
26.31305029200385
26.42428283078413
26.535928274696285
26.64799460801013
26.76049006871183
26.873423160214898
26.986802663782008
27.100637651711548
27.21493750134751
27.329711909976997
27.444970910685427
27.560724889246373
27.676984602130275
27.793761195724663
27.911066226867636
28.028911684806786
28.147310014707216
28.266274142845273
28.385817503639174
28.505954068684087
28.626698377977622
28.748065573542554
28.870071435677303
28.99273242209127
29.116065710212762
29.240089242991885
29.364821778560298
29.490282944155283
29.616493294767622
29.7434743770327
29.87124879895355
29.999840306124742
30.129273865218995
30.259575755606807
30.39077367010611
30.52289682600732
30.655976087693947
30.790044102385266
30.925135450771958
31.061286814606962
31.198537163661683
31.336927964875475
31.476503417030617
31.617310714895815
31.759400347526324
31.902826436321078
32.04764711956223
32.19392499155724
32.34172760624487
32.491128057315116
32.6422056496642
32.79504668054331
32.9497453533122
33.1064048526222
33.26513861760884
33.42607185995318
33.58934338744939
33.75510781241466
33.92353824999442
34.094829647306234
34.269202935265845
34.446910268414044
34.62824172622616
34.813534012135
35.00318193746193
35.197653875329955
35.39751302070184
35.603447397574435
35.81631351065331
36.037202180584174
36.26754230171243
36.50927358658686
36.76515516350263
37.03937135777066
37.338890794717145
37.67721915842686
38.08965275728879