0.028189610943628214
0.0845688616888826
0.14094819900851496
0.19732768062005737
0.25370736424296236
0.31008730759937103
0.3664675684148812
0.42284820441931625
0.47922927334749355
0.5356108329399933
0.5919929409439275
0.6483756551137095
0.7047590332118235
0.7611431330095942
0.8175280122879576
0.8739137288382309
0.9303003404628842
0.9866879049763115
1.043076480205603
1.0994661239913173
1.1558568941882539
1.212248848666228
1.268642045310843
1.3250365420242662
1.381432396726004
1.437829667353678
1.4942284118638005
1.5506286882325542
1.6070305544565686
1.6634340685536995
1.7198392885638094
1.7762462725495476
1.8326550785971316
1.8890657648171305
1.945478389345248
2.0018930103431063
2.0583096859990326
2.1147284745288446
2.1711494341766393
2.2275726232155804
2.283998099948689
2.3404259227096342
2.396856149863525
2.453288839807705
2.509724050972546
2.5661618418222436
2.6226022708556163
2.6790453966069023
2.7354912776465605
2.7919399725820724
2.848391540058744
2.9048460387605104
2.9613035274107435
3.0177640647730573
3.074227709652119
3.1306945208944565
3.1871645573892757
3.2436378780692707
3.3001145419114404
3.3565946079379074
3.413078135216736
3.469565182862755
3.526055810038377
3.582550075954429
3.6390480398709744
3.6955497610981447
3.752055298996968
3.8085647129802043
3.865078062513179
3.92159540711462
3.9781168063574968
4.034642319869863
4.091172007335696
4.14770592849575
4.2042441431483955
4.260786711150478
4.317333692418162
4.373885146927793
4.430441134716753
4.487001715884321
4.54356695059253
4.600136899067042
4.656711621598007
4.713291178540939
4.769875630317583
4.826465037416795
4.88305946039542
4.939658959879171
4.996263596563515
5.052873431214557
5.109488524669932
5.166108937839697
5.222734731707225
5.279365967330104
5.3360027058410395
5.39264500844876
5.449292936438919
5.505946551175015
5.5626059140992945
5.619271086733682
5.675942130680688
5.732619107624342
5.789302079331114
5.845991107650851
5.902686254517704
5.959387581951072
6.01609515205654
6.072809027026824
6.12952926914272
6.186255940774057
6.242989104380649
6.299728822513259
6.356475157814563
6.4132281730201095
6.469987930959302
6.526754494556365
6.583527926831326
6.640308290900999
6.697095649979976
6.753890067381607
6.8106916065190095
6.867500330906056
6.9243163041583875
6.9811395899944175
7.0379702522363425
7.094808354811167
7.151653961751715
7.208507137197667
7.265367945396581
7.322236450704935
7.379112717589166
7.43599681062671
7.492888794507059
7.549788734032811
7.606696694120729
7.663612739802811
7.72053693622735
7.777469348660018
7.834410042484942
7.891359083205786
7.948316536446846
8.005282467954142
8.062256943596521
8.119240029366761
8.176231791382683
8.23323229588827
8.290241609254785
8.347259797981911
8.404286928698868
8.461323068165566
8.518368283273746
8.575422641048133
8.63248620864759
8.689559053366287
8.746641242634864
8.803732844021615
8.860833925233662
8.917944554118149
8.97506479866343
9.032194727000283
9.089334407403099
9.146483908291112
9.20364329822961
9.26081264593117
9.317992020256883
9.375181490217606
9.432381124975196
9.489590993843777
9.546811166290997
9.604041711939297
9.661282700567185
9.718534202110524
9.775796286663818
9.833069024481514
9.890352485979305
9.947646741735445
10.004951862492069
10.062267919156517
10.11959498280268
10.176933124672336
10.234282416176507
10.291642928896815
10.349014734586852
10.406397905173561
10.463792512758612
10.521198629619805
10.57861632821246
10.636045681170842
10.693486761309567
10.750939641625035
10.808404395296867
10.865881095689348
10.923369816352885
10.980870631025466
11.038383613634137
11.095908838296477
11.1534463793221
11.210996311214148
11.268558708670799
11.326133646586797
11.383721200054971
11.441321444367786
11.498934455018876
11.556560307704626
11.614199078325722
11.671850842988741
11.72951567800774
11.787193659905856
11.84488486541692
11.902589371487075
11.960307255276415
12.018038594160624
12.075783465732634
12.13354194780429
12.191314118408028
12.249100055798564
12.3068998384546
12.364713545080523
12.42254125460814
12.480383046198412
12.5382389992432
12.596109193367022
12.653993708428835
12.711892624523806
12.769806021985119
12.827733981385784
12.885676583540448
12.943633909507252
13.001606040589659
13.05959305833832
13.117595044552962
13.175612081284255
13.233644250835733
13.291691635765696
13.34975431888915
13.407832383279741
13.465925912271716
13.524034989461901
13.582159698711676
13.640300124148984
13.698456350170348
13.756628461442892
13.814816542906398
13.87302067977536
13.931240957541059
13.989477461973662
14.047730279124325
14.105999495327318
14.16428519720216
14.222587471655778
14.280906405884684
14.339242087377158
14.397594603915453
14.455964043578017
14.514350494741741
14.572754046084206
14.631174786585959
14.68961280553281
14.748068192518136
14.806541037445218
14.865031430529568
14.92353946230132
14.982065223607592
15.040608805614895
15.099170299811558
15.157749798010165
15.216347392350013
15.274963175299591
15.333597239659088
15.3922496785629
15.450920585482182
15.509610054227393
15.568318178950896
15.627045054149548
15.685790774667321
15.744555435697954
15.803339132787624
15.862141961837615
15.920964019107052
15.979805401215616
16.038666205146313
16.097546528248238
16.1564464682394
16.21536612320951
16.274305591622873
16.333264972321235
16.392244364526682
16.451243867844564
16.510263582266443
16.569303608173076
16.62836404633738
16.687444997927493
16.746546564509785
16.805668848051972
16.864811950926182
16.923975975912096
16.983161026200115
17.042367205394523
17.101594617516707
17.160843367008397
17.220113558734926
17.279405297988536
17.338718690491678
17.3980538424004
17.457410860307704
17.516789851246973
17.576190922695403
17.635614182577495
17.695059739268537
17.754527701598164
17.81401817885391
17.873531280784825
17.933067117605088
17.9926257999977
18.052207439118153
18.111812146598194
18.171440034549565
18.231091215567833
18.290765802736207
18.350463909629415
18.410185650317615
18.469931139370345
18.529700491860496
18.589493823368326
18.64931124998553
18.70915288831933
18.769018855496597
18.828909269168033
18.888824247512375
18.94876390924065
19.00872837360047
19.068717760380345
19.128732189914082
19.188771783085176
19.248836661331282
19.308926946648707
19.36904276159697
19.429184229303345
19.48935147346756
19.54954461836641
19.60976378885852
19.670009110389085
19.730280708994716
19.79057871130827
19.850903244563785
19.911254436601425
19.97163241587249
20.032037311444476
20.092469253006183
20.152928370872864
20.21341479599145
20.273928659945806
20.334470094962036
20.395039233913874
20.45563621032808
20.51626115838994
20.576914212948797
20.637595509523624
20.69830518430869
20.75904337417926
20.81981021669735
20.88060585011756
20.941430413392958
21.00228404618101
21.06316688884961
21.124079082483117
21.185020768888513
21.24599209060159
21.306993190893202
21.368024213775602
21.429085304008833
21.49017660710719
21.551298269345747
21.61245043776695
21.673633260187298
21.734846885204075
21.796091462202167
21.857367141360946
21.918674073661226
21.98001241089231
22.041382305659095
22.102783911389253
22.164217382340507
22.225682873607976
22.28718054113161
22.34871054170368
22.410273032976388
22.471868173469527
22.533496122578256
22.595157040580936
22.65685108864706
22.718578428845294
22.780339224151575
22.84213363845731
22.90396183657768
22.96582398426003
23.027720248192356
23.089650796011874
23.151615796313713
23.21361541865967
23.275649833587124
23.33771921261798
23.39982372826777
23.46196355405484
23.524138864509645
23.586349835184155
23.64859664266135
23.71087946456487
23.773198479568716
23.835553867407143
23.897945808884593
23.96037448588579
24.022840081385947
24.085342779461087
24.147882765298487
24.210460225207257
24.273075346629042
24.335728318148835
24.39841932950596
24.46114857160513
24.523916236527704
24.586722517543027
24.649567609119952
24.71245170693845
24.77537500790142
24.838337710146615
24.901340013058704
24.964382117281506
25.027464224730366
25.090586538604697
25.15374926340064
25.21695260492395
25.280196770302958
25.343481968001786
25.406808407833655
25.47017630097441
25.53358585997618
25.597037298781263
25.660530832736118
25.724066678605606
25.78764505458737
25.85126618032641
25.914930276929866
25.978637566981956
26.04238827455916
26.106182625245534
26.17002084614831
26.233903165913613
26.297829814742446
26.361801024406866
26.425817028266376
26.48987806128454
26.553984360045792
26.618136162772526
26.682333709342362
26.746577241305673
26.81086700190333
26.875203236084722
26.93958619052598
27.004016113648476
27.06849325563756
27.133017868461575
27.197590205891114
27.262210523518558
27.326879078777853
27.39159613096463
27.456361941256525
27.52117677273384
27.586040890400476
27.65095456120516
27.71591805406297
27.780931639877178
27.845995591561383
27.911110184061993
27.97627569438099
28.041492401599058
28.106760586899014
28.17208053358961
28.237452527129655
28.302876855152494
28.368353807490866
28.43388367620209
28.499466755593666
28.56510334224921
28.630793735054805
28.69653823522574
28.76233714633364
28.828190774333983
28.894099427594103
28.96006341692151
29.026083055592743
29.092158659382584
29.158290546593758
29.22447903808709
29.290724457312084
29.357027130338032
29.423387385885565
29.48980555535869
29.55628197287737
29.622816975310556
29.689410902309785
29.756064096343277
29.822776902730595
29.88954966967783
29.956382748313374
30.023276492724232
30.09023125999296
30.15724741023515
30.224325306637567
30.29146531549687
30.358667806258975
30.42593315155908
30.493261727262308
30.56065391250508
30.628110089737092
30.69563064476406
30.763215966791144
30.830866448467106
30.898582485929214
30.96636447884888
31.034212830478126
31.10212794769675
31.170110241060403
31.238160124849408
31.30627801711845
31.374464339747135
31.442719518491394
31.511043983035812
31.57943816704686
31.647902508227066
31.716437448370115
31.78504343341697
31.85372091351295
31.92247034306585
31.99129218080508
32.060186889841894
32.1291549377307
32.19819679653145
32.2673129428732
32.33650385801885
32.40577002793103
32.47511194333921
32.54453009980806
32.61402499780712
32.6835971427817
32.75324704522515
32.82297522075251
32.8927821901755
32.962668479579
33.032634620398944
33.10268114950172
33.17280860926509
33.243017547660735
33.313308518338296
33.38368208071116
33.45413880004387
33.52467924754128
33.59530400043944
33.66601364209837
33.736808762096565
33.80768995632753
33.87865782709813
33.94971298322905
34.02085604015723
34.092087620040374
34.1634083518637
34.23481887154879
34.30631982206475
34.377911853541704
34.44959562338659
34.52137179640149
34.59324104490436
34.66520404885243
34.737261495968134
34.809414081867814
34.88166251019319
34.95400749274561
35.02644974962337
35.098990009361835
35.17162900907684
35.244367494611126
35.31720622068413
35.39014595104498
35.46318745862911
35.536331525718246
35.60957894410412
35.682930515255876
35.75638705049129
35.82994937115204
35.90361830878288
35.97739470531514
36.0512794132544
36.12527329587266
36.19937722740504
36.27359209325114
36.347918790181254
36.42235822654751
36.49691132250012
36.571579010208964
36.64636223409047
36.72126195104022
36.79627913067116
36.871414755557886
36.94666982148695
37.02204533771348
37.09754232722436
37.17316182700801
37.248904888331204
37.32477257702289
37.40076597376548
37.47688617439368
37.553134290201164
37.62951144825538
37.70601879172066
37.78265748019003
37.8594286900259
37.93633361470995
38.01337346520263
38.09054947031243
38.16786287707532
38.24531495114481
38.32290697719283
38.40064025932186
38.4785161214888
38.55653590794085
38.63470098366384
38.71301273484365
38.791472569340854
38.87008191717934
38.9488422310493
39.027754986825116
39.106821684098726
39.186043846728964
39.26542302340756
39.3449607882424
39.42465874135866
39.504518509518476
39.58454174675998
39.664730135056324
39.7450853849955
39.82560923648181
39.90630345945979
39.98716985466152
40.06821025437822
40.14942652325712
40.230820559124666
40.31239429383706
40.39414969415938
40.47608876267434
40.558213538721986
40.64052609937171
40.7230285604278
40.805723077470056
40.88861184693106
40.97169710721155
41.0549811398356
41.13846627064751
41.22215487105212
41.30604935930051
41.390152201823255
41.47446591461334
41.55899306466098
41.64373627144291
41.728698208468536
41.813881604885815
41.89928924714956
41.98492398075534
42.070788712041974
42.156886410066306
42.24322010855344
42.32979290792662
42.4166079774205
42.50366855728216
42.59097796106448
42.6785395780165
42.76635687557598
42.85443340196967
42.94277278892681
43.03137875451227
43.120255106085715
43.209405743393795
43.29883466180286
43.38854595568001
43.478543821931105
43.5688325637046
43.659416594271086
43.75030044108868
43.841488750065594
43.932986290031444
44.024797957430415
44.116928781249605
44.20938392819749
44.302168708148116
44.39528857986818
44.488749157045056
44.58255621463576
44.67671569555781
44.771233717745226
44.86611658159423
44.961370777825614
45.057002995792814
45.15302013226716
45.249429300734434
45.34623784123994
45.443453330822315
45.54108359458016
45.63913671741916
45.73762105653214
45.83654525466898
45.93591825425878
46.03574931245281
46.13604801716295
46.23682430417818
46.338088475449474
46.43985121864291
46.54212362807084
46.64491722712282
46.7482439923303
46.85211637921448
46.95654735008223
47.06155040395427
47.16713960883017
47.27332963651899
47.38013580029107
47.48757409563754
47.59566124445918
47.70441474304671
47.8138529142607
47.92399496437276
48.03486104509102
48.14647232136414
48.258851045640796
48.37202063935769
48.486005782541774
48.60083251254411
48.71652833307789
48.83312233491644
48.950645329824034
49.069129999550874
49.188611062032514
49.309125457305
49.43071255609423
49.553414394580756
49.67727593950211
49.80234538856454
49.92867451213462
50.05631904341867
50.18533912588332
50.315799828612306
50.44777174275388
50.58133167535118
50.71656346088747
50.85355891612388
50.992418970687346
51.13325501498428
51.27619051923711
51.42136299402519
51.56892638551971
51.719054030431465
51.87194234082769
52.02781545412674
52.18693117948559
52.349588716090786
52.516138841358966
52.68699761977366
52.862665260220425
53.04375272903362
53.231020459864624
53.4254367289923
53.628269645135866
53.84124028276915
54.066796210131535
54.30864835555059
54.57297532204847
54.87174822505154
55.23624257150529