0.03375910634155196
0.10127739010934668
0.16879588713315968
0.23631473959015611
0.30383408966723113
0.371354079564903
0.43887485150120736
0.5063965477155925
0.5739193104728171
0.6414432820668491
0.7089686048247675
0.7764954211106672
0.8440238733295651
0.9115541039313118
0.9790862554145046
1.0466204703304067
1.1141568912868687
1.181695660952255
1.2492369220593766
1.3167808174094269
1.384327489875924
1.451877082408659
1.5194297380376505
1.5869855998771047
1.6545448111293828
1.722107515088976
1.7896738551464864
1.857243974792618
1.924818017622173
1.9923961273380586
2.0599784477553023
2.1275651228050743
2.195156296538722
2.2627521131318122
2.3303527168881852
2.3979582522440155
2.46556886377189
2.53318469618489
2.6008058943406884
2.6684326032456585
2.736064968058994
2.8037031340968435
2.8713472468364536
2.938997451920329
3.0066538951604045
3.0743167225422336
3.141986080229184
3.2096621145666564
3.277344972086314
3.345034799510326
3.4127317437556304
3.480435951938209
3.548147571377384
3.615866749600123
3.6835936343453715
3.7513283735683953
3.8190711154451433
3.8868220083766287
3.9545812009933297
4.022348842159608
4.090125080978147
4.157910066794411
4.225703949201122
4.293506878042763
4.3613190034200935
4.429140475694697
4.49697144549354
4.564812063713563
4.632662481526286
4.700522850382444
4.7683933220166415
4.836274048452035
4.904165182005033
4.972066875290033
5.039979281224172
5.107902553032107
5.175836844250828
5.243782308734487
5.311739100659263
5.37970737452825
5.447687285176377
5.51567898777535
5.583682637838635
5.651698391226456
5.719726404150838
5.787766833180665
5.855819835246788
5.923885567647145
5.991964188051928
6.060055854508779
6.128160725448011
6.196278959687879
6.264410716439867
6.332556155314028
6.400715436324345
6.4688887198941325
6.537076166861484
6.605277938484739
6.673494196448007
6.741725102866712
6.809970820293191
6.87823151172232
6.946507340597193
7.014798470814829
7.083105066731927
7.151427293170668
7.219765315424546
7.288119299264255
7.3564894109436185
7.424875817205556
7.493278685288101
7.561698182930468
7.6301344783791585
7.69858774039412
7.767058138254951
7.835545841767158
7.904051021268457
7.9725738476351315
8.041114492288434
8.109673127201052
8.17824992490361
8.24684505849124
8.315458701630199
8.38409102856454
8.45274221412285
8.521412433725025
8.590101863389123
8.658810679738265
8.727539060007597
8.796287182051309
8.865055224349724
8.933843366016445
9.00265178680555
9.071480667118887
9.14033018801339
9.20920053120849
9.278091879093592
9.347004414735604
9.41593832188654
9.484893784991208
9.553870989194946
9.62287012035145
9.691891365030656
9.76093491052671
9.830000944866013
9.899089656815326
9.96820123588998
10.037335872362133
10.106493757269131
10.17567508242194
10.244880040413658
10.314108824628116
10.383361629248558
10.45263864926641
10.521940080490136
10.591266119554183
10.660616963928005
10.7299928119252
10.799393862712718
10.86882031632017
10.938272373649237
11.00775023648317
11.077254107496387
11.146784190264174
11.216340689272485
11.285923809927839
11.355533758567331
11.425170742468744
11.494834969860761
11.564526649933299
11.634245992847942
11.703993209748495
11.773768512771639
11.843572115057722
11.913404230761644
11.983265075063882
12.05315486418161
12.123073815379982
12.193022146983493
12.263000078387499
12.333007830069858
12.40304562360269
12.473113681664284
12.543212228051136
12.613341487690116
12.683501686650782
12.75369305215783
12.823915812603696
12.894170197561285
12.964456437796873
13.03477476528313
13.105125413212322
13.175508616009658
13.245924609346776
13.316373630155423
13.386855916641274
13.457371708297913
13.527921245921
13.598504771622594
13.669122528845644
13.739774762378685
13.810461718370663
13.881183644345995
13.95194078921977
14.022733403313172
14.093561738369054
14.164426047567751
14.235326585543051
14.306263608398385
14.377237373723222
14.448248140609653
14.519296169669206
14.59038172304986
14.661505064453282
14.732666459152277
14.803866174008482
14.875104477490252
14.94638163969082
15.017697932346662
15.089053628856105
15.160449004298199
15.23188433545181
15.303359900814986
15.374875980624564
15.446432856876047
15.518030813343744
15.589670135601175
15.661351111041757
15.733074028899766
15.80483918027158
15.876646858137216
15.948497357382152
16.020390974819467
16.092328009212252
16.164308761296375
16.236333533803514
16.30840263148455
16.380516361133253
16.452675031610337
16.52487895386781
16.597128440973705
16.669423808137143
16.741765372733756
16.814153454331468
16.886588374716656
16.95907045792068
17.0316000302468
17.10417742029747
17.17680295900206
17.249476979644946
17.322199817894024
17.39497181182968
17.467793301974115
17.540664631321174
17.613586145366583
17.686558192138648
17.759581122229406
17.832655288826267
17.9057810477441
17.978958757457836
18.052188779135566
18.125471476672114
18.19880721672317
18.272196368739912
18.34563930500418
18.419136400664208
18.492688033770886
18.56629458531461
18.639956439262697
18.71367398259742
18.787447605354604
18.861277700662853
18.93516466478343
19.009108897150732
19.08311080041344
19.157170780476342
19.231289246542808
19.305466611157993
19.379703290252696
19.453999703188003
19.52835627280061
19.602773425448923
19.67725159105992
19.751791203176804
19.82639269900742
19.90105651947355
19.97578310926096
20.050572916870365
20.125426394669237
20.200343998944476
20.275326189956026
20.350373431991386
20.425486193421087
20.5006649467551
20.575910168700286
20.65122234021877
20.72660194658744
20.802049477458418
20.87756542692065
20.953150293562572
21.02880458053592
21.10452879562066
21.180323451291116
21.25618906478328
21.332126158163366
21.4081352583976
21.48421689742331
21.560371612221306
21.636599944889632
21.712902442718665
21.78927965826763
21.865732149442564
21.942260479575715
22.0188652175065
22.095546937663954
22.172306220150784
22.249143650829026
22.326059821407384
22.4030553295302
22.480130778868233
22.557286779211157
22.634523946561906
22.711842903232874
22.78924427794402
22.866728705922934
22.94429682900692
23.02194929574709
23.099686761514615
23.177509888609112
23.25541934636923
23.333415811285516
23.411499967115617
23.489672505001852
23.56793412359124
23.646285529158014
23.72472743572876
23.803260565210135
23.881885647519347
23.960603420717387
24.039414631145135
24.11832003356237
24.19732039128983
24.276416476354306
24.35560906963699
24.434898961024988
24.51428694956625
24.59377384362792
24.67336046105819
24.75304762935186
24.83283618581953
24.912726977760723
24.992720862640876
25.072818708272457
25.153021393000188
25.233329805890605
25.313744846926006
25.394267427202955
25.474898469135432
25.555638906662818
25.63648968546282
25.717451763169485
25.798526109596455
25.879713706965646
25.961015550141457
26.042432646870733
26.12396601802864
26.205616697870585
26.287385734290453
26.369274189085278
26.451283138226582
26.533413672138593
26.615666895983555
26.698043929954324
26.78054590957454
26.86317398600655
26.94592932636738
27.02881311405302
27.111826549071207
27.194970848383132
27.278247246254217
27.361656994614346
27.445201363427863
27.528881641073614
27.612699134735426
27.69665517080334
27.780751095286007
27.864988274234562
27.94936809417845
28.03389196257356
28.11856130826315
28.20337758195196
28.288342256694012
28.373456828394612
28.458722816326997
28.544141763664204
28.629715238026744
28.71544483204656
28.801332163948015
28.887378878146386
28.97358664586466
29.059957165769248
29.14649216462531
29.233193397972574
29.32006265082223
29.40710173837594
29.494312506767677
29.581696833829355
29.669256629881158
29.75699383854762
29.844910437600433
29.93300843982908
30.02128989394048
30.10975688548874
30.198411537836407
30.2872560131484
30.3762925134201
30.465523281540978
30.554950602395394
30.644576804002007
30.73440425869367
30.824435384339417
30.91467264561055
31.005118555292704
31.095775675645967
31.186646619815335
31.277734053293642
31.369040695439583
31.460569321053246
31.55232276201191
31.644303908969032
31.73651571311933
31.828961188033272
31.921643411564254
32.01456552783214
32.10773074928689
32.201142358856295
32.294803712182116
32.388718239949135
32.482889450311845
32.57732093142396
32.67201635407611
32.766979474447425
32.862214136977215
32.95772427736318
33.05351392569308
33.149587209717325
33.24594835827022
33.342601704848434
33.43955169135555
33.536802872022264
33.63435991751266
33.73222761922726
33.830410893814815
33.92891478790532
34.02774448307782
34.12690530107733
34.22640270929667
34.326242326539706
34.426429929084186
34.52697145706334
34.62787302118739
34.729140909827166
34.8307815964845
34.93280174767537
35.03520823125442
35.13800812521159
35.24120872697418
35.34481756325055
35.44884240045493
35.55329125575584
35.6581724087949
35.76349441412662
35.8692661144346
35.97549665458456
36.082195496580326
36.1893724354953
36.29703761645878
36.405201552784376
36.513875145336534
36.62306970324076
36.732796966054124
36.84306912752483
36.95389886108317
37.065299347221924
37.17728430294121
37.289868013452946
37.403065366361744
37.51689188856481
37.631363786141776
37.74649798753813
37.86231219038327
37.97882491232707
38.09605554632762
38.21402442087961
38.33275286573794
38.452263283766364
38.572579229629184
38.69372549614536
38.81572820924431
38.93861493260208
39.06241478320123
39.18715855925203
39.312878882142854
39.43961035436164
39.567389735658224
39.696256140110435
39.826251257231576
39.957419600832374
40.089808790051244
40.22346986782616
40.35845766314014
40.49483120468529
40.63265419522944
40.77199555802962
40.91293006924482
41.055539093630074
41.19991144507876
41.34614439914554
41.4943448919813
41.644630949785174
41.797133405845074
41.95199797983471
42.10938781823434
42.269486628515324
42.43250258762259
42.598673274422964
42.76827197755641
42.941615883248865
43.11907688375572
43.30109612142061
43.488203995821685
43.68104840085008
43.88043579878318
44.08739316394375
44.3032656006562
44.52987885427952
44.76982960597049
45.02705528133854
45.308112342007284
45.6257055946065
46.01303210059868