0.03184555590054223
0.09553672079805484
0.1592280449860028
0.22291963466184594
0.28661159602879893
0.35030403529813353
0.4139970586914815
0.47769077244313846
0.5413852828023678
0.6050806960357061
0.6687771184292702
0.7324746562910639
0.7961734159532875
0.8598735037746483
0.923575026142673
0.9872780894760212
1.0509828002268025
1.114689264882893
1.178397589970258
1.2421078820552724
1.3058202477470482
1.3695347936997613
1.4332516266149828
1.4969708532440134
1.56069258039022
1.6244169149113767
1.688143963722008
1.7518738337957367
1.8156066321676358
1.8793424659365832
1.9430814422676204
2.0068236683943166
2.0705692516211363
2.1343182993258134
2.1980709189617245
2.261827218060275
2.325587304233283
2.3893512851753727
2.453119268666372
2.5168913625737135
2.5806676748548463
2.644448313559647
2.70823338683284
2.772023002916427
2.8358172701521167
2.8996162969837633
2.963420191959814
3.027229063735761
3.0910430210765996
3.154862172859295
3.2186866280752557
3.282516495832816
3.3463518853597214
3.410192906005628
3.4740396672446052
3.5378922786776488
3.6017508500352
3.6656154911796763
3.7294863121080084
3.793363422954187
3.857246933991817
3.921136955636684
3.985033598449327
4.0489369731376215
4.112847190559372
4.176764361724921
4.240688597799751
4.304620010107118
4.36855871013068
4.432504809517142
4.4964584200789135
4.560419653796772
4.624388622822541
4.688365439481779
4.75235021627648
4.8163430658877875
4.880344101178715
4.944353435196883
5.008371181177272
5.072397452544976
5.136432362917986
5.20047602610997
5.264528556133077
5.328590067200746
5.39266067373054
5.456740490346984
5.52082963188442
5.584928213389877
5.649036350125954
5.7131541575737215
5.777281751435635
5.841419247638461
5.905566762336224
5.969724411913169
6.03389231298673
6.0980705824105295
6.162259337277385
6.226458694922333
6.290668772925669
6.354889689116013
6.4191215615733785
6.48336450863227
6.547618648884798
6.6118841011838
6.676160984645999
6.740449418655164
6.804749522865296
6.869061417203836
6.933385221874888
6.99772105736246
7.062069044433732
7.126429304142342
7.190801957831682
7.255187127138233
7.319584933994904
7.383995500634408
7.448418949592646
7.512855403712117
7.577304986145359
7.641767820358399
7.706244030134236
7.770733739576342
7.8352370731121885
7.899754155496797
7.964285111816312
8.028830067491599
8.093389148281869
8.15796248028833
8.222550189957852
8.28715240408668
8.351769249824143
8.416400854676422
8.481047346510323
8.545708853557079
8.61038550441619
8.675077428059286
8.73978475383401
8.804507611467946
8.869246131072556
8.934000443147172
8.998770678582984
9.0635569686671
9.128359445086593
9.193178239932616
9.258013485704522
9.322865315314031
9.387733862089426
9.452619259779778
9.517521642559204
9.582441145031167
9.6473779022328
9.712332049639267
9.777303723168165
9.842293059183953
9.907300194502424
9.972325266395206
10.037368412594303
10.102429771296677
10.167509481168866
10.232607681351633
10.297724511464661
10.362860111611292
10.42801462238329
10.493188184865662
10.558380940641504
10.623593031796904
10.688824600925871
10.754075791135318
10.819346746050085
10.884637609818007
10.949948527115012
11.015279643150292
11.080631103671493
11.14600305496996
11.211395643886036
11.276809017814395
11.34224332470944
11.407698713090717
11.473175332048427
11.53867333124894
11.60419286094039
11.669734071958304
11.7352971157313
11.80088214428681
11.866489310256894
11.932118766884068
11.997770668027218
12.06344516816755
12.12914242241461
12.194862586512336
12.26060581684521
12.326372270444422
12.392162104994126
12.457975478837742
12.523812550984314
12.589673481114948
12.655558429589293
12.721467557452094
12.787401026439808
12.85335899898729
12.91934163823453
12.985349108033475
13.051381572954906
13.117439198295395
13.18352215008431
13.249630595090917
13.315764700831537
13.381924635576778
13.448110568358851
13.514322668978934
13.580561108014647
13.646826056827576
13.713117687570884
13.779436173197006
13.845781687465411
13.912154404950464
13.978554501049343
14.044982151990073
14.111437534839608
14.177920827512029
14.244432208776816
14.310971858267198
14.377539956488613
14.444136684827253
14.510762225558675
14.577416761856552
14.644100477801473
14.710813558389868
14.777556189543022
14.844328558116178
14.91113085190776
14.977963259668677
15.044825971111738
15.111719176921186
15.178643068762304
15.245597839291165
15.312583682164467
15.379600792049493
15.44664936463417
15.513729596637253
15.580841685818623
15.64798583098969
15.715162232023939
15.782371089867574
15.8496126065503
15.916886985196216
15.984194430034847
16.0515351464123
16.118909340802542
16.186317220818832
16.25375899522526
16.32123487394844
16.38874506808934
16.45628978993523
16.523869252971824
16.591483671895514
16.659133262625765
16.726818242317684
16.79453882937471
16.86229524346147
16.930087705516804
16.997916437766918
17.06578166373873
17.133683608273362
17.201622497539795
17.26959855904872
17.33761202166652
17.405663115629455
17.473752072558028
17.541879125471493
17.610044508802606
17.678248458412494
17.746491211605775
17.81477300714582
17.883094085270244
17.951454687706583
18.01985505768815
18.088295439970153
18.156776080845948
18.225297228163566
18.29385913134241
18.362462041390202
18.43110621092013
18.499791894168233
18.568519347011005
18.63728882698324
18.706100593296124
18.774954906855527
18.843852030280605
18.912792227922576
18.981775765883825
19.0508029120372
19.119873936045607
19.188989109381875
19.258148705348873
19.327352999099897
19.39660226765937
19.4658967899438
19.535236846783025
19.604622720941784
19.674054697141546
19.743533062082683
19.813058104466933
19.88263011502017
19.95224938651553
20.021916213796832
20.091630893802343
20.16139372558889
20.23120501035631
20.30106505147224
20.370974154497297
20.440932627210596
20.51094077963564
20.580998924066595
20.651107375094952
20.721266449636577
20.79147646695916
20.861737748710063
20.932050618944597
21.002415404154707
21.072832433298096
21.143302037827766
21.21382455172204
21.28440031151501
21.35502965632745
21.425712927898193
21.496450470616036
21.567242631552055
21.638089760492488
21.708992209972095
21.779950335308026
21.850964494634248
21.922035048936472
21.993162362087677
22.064346800884135
22.13558873508206
22.206888537434793
22.27824658373062
22.349663252831164
22.421138926710412
22.492673990494357
22.564268832501295
22.635923844282768
22.70763942066517
22.779415959792054
22.85125386316711
22.92315353569786
22.99511538574009
23.067139825143
23.139227269295116
23.21137813717099
23.283592851378636
23.355871838207843
23.428215527679214
23.500624353594127
23.57309875358549
23.645639169169414
23.718246045797724
23.790919832911417
23.86366098399505
23.93646995663205
24.009347212561
24.08229321773296
24.155308442369723
24.22839336102315
24.301548452635583
24.374774200601284
24.448071092829007
24.521439621805712
24.594880284661397
24.668393583235144
24.741980024142343
24.815640118843174
24.889374383712326
24.963183340110028
25.037067514454385
25.111027438295075
25.185063648388407
25.259176686773824
25.333367100851824
25.40763544346337
25.481982272970825
25.556408153340417
25.630913654226323
25.70549935105633
25.780165825119212
25.85491366365379
25.929743459939704
26.00465581339004
26.079651329645735
26.154730620671867
26.229894304855897
26.305143007107837
26.38047735896246
26.455897998683593
26.531405571370495
26.607000729066446
26.68268413086952
26.758456443045706
26.834318339144303
26.910270500115775
26.98631361443204
27.062448378209304
27.138675495333487
27.21499567758829
27.291409644786057
27.367918124901355
27.444521854207515
27.521221577416075
27.5980180478193
27.674912027435763
27.751904287159213
27.828995606910645
27.9061867757938
27.983478592254126
28.060871864241314
28.138367409375466
28.2159660551171
28.29366863894095
28.371476008513817
28.449389021876474
28.527408547629815
28.605535465125318
28.683770664659974
28.76211504767582
28.840569526964167
28.919135026874713
28.997812483529646
29.076602845042913
29.155507071744783
29.234526136411873
29.313661024502824
29.392912734399744
29.47228227765566
29.551770679248094
29.631378977839052
29.711108226041457
29.790959490692433
29.870933853133504
29.951032409497948
30.031256271005624
30.111606564265387
30.19208443158542
30.27269103129171
30.353427538054927
30.434295143225985
30.515295055180573
30.596428499672985
30.67769672019945
30.75910097837145
30.840642554299198
30.92232274698571
31.00414287473184
31.086104275552604
31.168208307605205
31.25045634962918
31.33284980139908
31.41539008419015
31.498078641257397
31.580916938328624
31.663906464111857
31.747048730817742
31.830345274697393
31.913797656596312
31.99740746252498
32.08117630424667
32.16510581988322
32.24919767453937
32.3334535609464
32.417875200125856
32.50246434207398
32.58722276646788
32.672152283394084
32.757254734100464
32.84253199177247
32.92798596233456
33.013618585277946
33.09943183451565
33.18542771926598
33.27160828496574
33.35797561421414
33.444531827748996
33.53127908545639
33.61821958741519
33.70535557497813
33.792689331890806
33.88022318545034
33.96795950770554
34.05590071670012
34.14404927776134
34.23240770483561
34.320978561873616
34.409764464267006
34.49876808033905
34.58799213289189
34.67743940081291
34.76711272074311
34.857014988810455
34.94714916243133
35.03751826218333
35.12812537375311
35.218973649962756
35.31006631287885
35.40140665600827
35.49299804658516
35.58484392795388
35.67694782205281
35.76931333200442
35.86194414481712
35.954844034205045
36.048016863532
36.141466588886544
36.23519726229532
36.329213035082354
36.42351816138275
36.518117001819334
36.61301402735189
36.70821382330886
36.803721093612445
36.89954066520844
36.995677492713405
37.09213666329212
37.18892340177986
37.28604307606445
37.383501202744824
37.48130345308343
37.5794556592718
37.67796382102959
37.776834112559214
37.876072889880035
37.975686698567806
38.07568228192738
38.17606658962875
38.27684678683933
38.37803026388783
38.479624646498586
38.581637806637985
38.68407787401892
38.786953248312976
38.890272612124626
38.99404494478691
39.098279537043325
39.202986006687226
39.30817431523657
39.41385478572966
39.52003812173609
39.626735427686526
39.73395823063578
39.84171850358548
39.950028690506116
40.05890173321341
40.16835110027104
40.27839081811086
40.389035504583774
40.500300405179075
40.61220143217816
40.72475520704069
40.83797910635783
40.95189131174923
41.06651086412839
41.18185772281673
41.29795283005048
41.414818181498624
41.532476903496196
41.650953337797255
41.77027313476893
41.89046335608529
42.01155258814084
42.13357106759441
42.25655082068001
42.38052581819011
42.505532148358405
42.631608210255095
42.75879493077332
42.887136008849836
43.016678191251074
43.14747158509839
43.27957001334539
43.41303142070837
43.54791833915889
43.68429842410885
43.82224507497746
43.961838157096
44.10316484611009
44.24632062149952
44.39141044299631
44.53855015317216
44.68786816218744
44.83950748795628
44.99362824872321
45.150410738178415
45.310059260223795
45.47280696832273
45.63892205420176
45.80871578088322
45.98255308664701
46.16086685371217
46.344177536254165
46.533120861945505
46.728488126347855
46.93128695967959
47.14283708836643
47.364929752611445
47.600112469715874
47.85224797378304
48.127768096803486
48.439135599631896
48.81891346629998