0.040762112377048604
0.12228651956526157
0.20381147406643646
0.2853373407912654
0.36686448470352273
0.4483932708413113
0.5299240643383197
0.6114572304450979
0.6929931345503503
0.7745321422022544
0.8560746191298056
0.9376209312641924
1.019171444760207
1.1007265260176928
1.182286541703035
1.2638518587706955
1.3454228444847975
1.4269998664407624
1.5085832925870046
1.5901734912466852
1.6717708311395305
1.7533756814037191
1.8349884116178394
1.9166093918229237
1.998238992544562
2.0798775848150983
2.1615255401959153
2.2431832307998096
2.324851029313463
2.4065293090200117
2.4882184438217223
2.5699188082627695
2.651630777552132
2.7333547275866
2.8150910349739036
2.8968400770559657
2.978602231932285
3.06037787848345
3.14216739639479
3.2239711661801707
3.3057895692059325
3.3876229877149826
3.469471804851042
3.55133640468305
3.6332171722297386
3.7151144934843705
3.7970287554396576
3.8789603461128523
3.9609096545710303
4.042877070956556
4.124862986512748
4.2068677936097405
4.288891885770551
4.3709356576973555
4.452999505297989
4.535083825712651
4.617189017340853
4.699315479868588
4.781463614295744
4.86363382296376
4.945826509583529
5.02804207926356
5.110280938538402
5.1925434953973335
5.2748301593133275
5.3571413412723015
5.439477453802646
5.521838911005061
5.604226128582676
5.68663952387149
5.769079515871127
5.851546525275903
5.934040974506234
6.016563287740375
6.099113890946496
6.181693211915128
6.264301680291951
6.346939727610957
6.429607787327992
6.512306294854672
6.595035687592704
6.677796404968596
6.760588888468788
6.84341358167519
6.9262709303011585
7.009161382227904
7.092085387541348
7.175043398569434
7.2580358699199055
7.341063258518563
7.424126023648005
7.507224626986863
7.590359532649554
7.673531207226543
7.756740119825138
7.839986742110829
7.923271548349177
8.00659501544827
8.089957623001757
8.173359853332471
8.256802191536654
8.340285125528796
8.423809146087109
8.507374746899643
8.590982424611045
8.674632678870012
8.758326012377406
8.84206293093509
8.92584394349546
9.00966956221173
9.093540302488945
9.177456683035764
9.261419225917031
9.345428456607133
9.429484904044177
9.513589100685003
9.597741582561046
9.681942889335062
9.766193564358765
9.85049415473134
9.934845211358917
10.019247289014983
10.103700946401755
10.188206746212577
10.27276525519529
10.357377044216689
10.442042688327998
10.52676276683147
10.611537863348067
10.6963685658863
10.78125546691222
10.866199163420601
10.951200257007343
11.036259353943114
11.121377065248275
11.2065540067691
11.291790799255338
11.377088068439136
11.462446445115358
11.547866565223341
11.633349069930105
11.718894605715079
11.804503824456344
11.890177383518452
11.97591594584187
12.061720180034046
12.14759076046219
12.23352836734776
12.319533686862737
12.405607411227704
12.491750238811784
12.577962874234498
12.664246028469549
12.750600418950635
12.837026769679285
12.923525811334821
13.010098281386455
13.096744924207611
13.183466491192497
13.270263740875022
13.357137439050062
13.444088358897206
13.531117281106983
13.618224994009667
13.705412293706727
13.792679984204984
13.880028877553531
13.967459793983528
14.054973562050908
14.14257101878209
14.230253009822796
14.318020389590007
14.4058740214272
14.493814777762914
14.581843540272756
14.669961200044927
14.758168657749389
14.846466823810735
14.934856618584918
15.023338972539884
15.111914826440273
15.200585131536277
15.289350849756776
15.378212953906866
15.467172427869933
15.556230266814367
15.645387477405079
15.734645078019941
15.824004098971317
15.913465582732798
16.00303058417134
16.09270017078493
16.182475422945945
16.272357434150425
16.362347311273357
16.452446174830236
16.542655159245022
16.63297541312476
16.723408099540993
16.813954396318245
16.90461549632977
16.99539260780078
17.086286954619403
17.177299776655627
17.26843233008848
17.35968588774167
17.451061739428045
17.54256119230307
17.634185571227682
17.725936219140788
17.817814497441752
17.909821786383198
18.001959485474476
18.094229013896143
18.186631810925842
18.279169336375954
18.37184307104347
18.46465451717246
18.557605198929572
18.650696662893086
18.743930478555928
18.83730823884318
18.93083156064458
19.024502085362602
19.118321479476588
19.212291435123642
19.30641367069679
19.400689931461105
19.495121990188455
19.58971164781158
19.684460734098195
19.779371108345938
19.874444660098902
19.969683309886634
20.065089009986437
20.160663745209927
20.25640953371475
20.352328427842522
20.448422514983978
20.544693918472493
20.641144798507057
20.73777735310599
20.834593819092586
20.931596473114084
21.028787632695327
21.126169657328546
21.22374494960091
21.321515956361324
21.4194851699283
21.51765512934061
21.61602842165264
21.714607683276416
21.813395601372402
21.912394915291255
22.011608418068864
22.11103895797709
22.21068944013286
22.310562828168237
22.410662145964398
22.510990479452566
22.611550978485063
22.712346858779892
22.81338140394244
22.914657967568125
23.016179975429942
23.117950927755224
23.21997440159614
23.322254053298675
23.42479362107521
23.52759692768611
23.63066788323602
23.734010488091
23.837628835922963
23.94152711688837
24.045709620948422
24.15018074133874
24.254944978196754
24.36000694235581
24.46537135931543
24.57104307339802
24.67702705210276
24.78332839066844
24.88995231685762
24.99690419597555
25.104189536138072
25.211813993804007
25.31978337958842
25.428103664374586
25.53678098574376
25.645821654743266
25.755232163015123
25.865019190309084
25.97518961240597
26.085750509479066
26.19670917492394
26.30807312468922
26.41985010714383
26.532048113519096
26.644675388967503
26.757740444283453
26.871252068335526
26.98521934126401
27.099651648502565
27.214558695688208
27.329950524529796
27.445837529712048
27.562230476919378
27.679140522072238
27.79657923187789
27.914558605807752
28.033091099625228
28.152189650600636
28.271867704564613
28.39213924496766
28.513018824131965
28.63452159690254
28.756663356928275
28.87946057583036
29.00293044554601
29.127090924170076
29.251960785656888
29.377559673790007
29.503908160879835
29.631027811708904
29.758941253314195
29.887672251275728
30.017245793274213
30.147688180788638
30.279027129931702
30.411291882569518
30.544513329046804
30.67872414404539
30.813958937348545
30.950254421575107
31.0876495992956
31.226185972360835
31.365907776777927
31.506862247080353
31.649099914884054
31.792674947234982
31.93764553147918
32.08407431478273
32.2320289081714
32.38158246715052
32.53281436373927
32.68581096829374
32.84066656405012
32.99748442323771
33.156378081373674
33.31747285663977
33.48090767503145
33.64683728068503
33.8154349365275
33.98689575631617
34.161440860079594
34.33932261851115
34.52083136012505
34.70630407787676
34.896135923134295
35.09079567311751
35.290847009564935
35.496978552251676
35.7100475490023
35.9311457688142
36.161703350970946
36.40366170183783
36.659782364835614
36.934253337261104
37.23404937665005
37.57268808769852
37.985497040254