0.034634007585559505
0.10390210354251597
0.17317044185943453
0.24243918411778917
0.31170849191130356
0.3809785268508524
0.4502494505693642
0.5195214247267266
0.5887946110146929
0.6580691711617925
0.7273452669382444
0.7966230601608739
0.8659027126980339
0.9351843864745302
1.004468243476553
1.073754445756612
1.1430431554384797
1.2123345347221381
1.2816287458887359
1.3509259513055487
1.4202263134309503
1.4895299948193905
1.5588371581263818
1.6281479661134945
1.6974625816533622
1.7667811677346967
1.836103887467314
1.9054309040871682
1.974762380961402
2.044098481593404
2.113439369627878
2.1827852088559334
2.252136163220174
2.3214923968198145
2.3908540739158037
2.4602213589359625
2.5295944164801405
2.598973411325382
2.668358508431117
2.737749872944358
2.8071476702049227
2.876552065750669
2.9459632253227497
3.0153813148708855
3.084806500558657
3.154238948768816
3.2236788261086144
3.29312629941516
3.362581535760787
3.432044702458447
3.5015159670671303
3.570995497397302
3.6404834615163626
3.7099800277541353
3.779485364708374
3.848999641250297
3.9185230265301487
3.9880556899827813
4.057597801333269
4.127149530602545
4.196711048113066
4.2662825244945095
4.335864130689494
4.405456037959328
4.475058417889797
4.544671442396973
4.614295283733056
4.683930114492248
4.753576107616661
4.823233436402261
4.892902274504831
4.962582795945985
5.03227517511921
5.101979586795939
5.171696206131669
5.241425208672107
5.311166770359357
5.380921067538149
5.450688276962103
5.520468575800023
5.590262141642256
5.660069152507061
5.729889786847046
5.79972422355563
5.869572641973556
5.939435221895445
6.009312143576393
6.079203587738623
6.149109735578166
6.219030768771602
6.288966869482846
6.35891822036998
6.428885004592133
6.498867405816415
6.5688656082248995
6.638879796521658
6.708910155939844
6.778956872248837
6.849020131761437
6.919100121341108
6.989197028409291
7.059311040952759
7.129442347531042
7.199591137283904
7.2697575999388775
7.33994192581887
7.410144305849816
7.480364931568404
7.5506039951298645
7.620861689315816
7.691138207542183
7.761433743867181
7.831748492999368
7.902082650305756
7.972436411820009
8.042809974250698
8.113203534989632
8.183617292120267
8.254051444426182
8.324506191399632
8.394981733250184
8.465478270913419
8.535996006059726
8.606535141103167
8.677095879210428
8.74767842430985
8.818282981100541
8.888909755061585
8.959558952461327
9.030230780366747
9.100925446652928
9.171643160012612
9.242384129965847
9.313148566869726
9.383936681928235
9.454748687202171
9.525584795619187
9.596445220983913
9.667330177988196
9.73823988222143
9.809174550180996
9.880134399282811
9.95111964787197
10.022130515233519
10.093167221603323
10.164229988179052
10.23531903713128
10.3064345916147
10.37757687577946
10.448746114782622
10.519942534799725
10.591166363036496
10.662417827740668
10.73369715821394
10.805004584824054
10.876340339017007
10.947704653329406
11.01909776140095
11.090519897987043
11.161971298971572
11.233452201379798
11.30496284339141
11.376503464353727
11.448074304795034
11.519675606438087
11.591307612213763
11.662970566274872
11.734664714010117
11.806390302058231
11.878147578322272
11.94993679198408
12.021758193518908
12.093612034710233
12.165498568664729
12.237418049827427
12.309370733997053
12.381356878341553
12.4533767414138
12.525430583167497
12.59751866497327
12.669641249634964
12.741798601406117
12.813990986006674
12.886218670639877
12.958481924009371
13.030781016336537
13.103116219378027
13.175487806443524
13.247896052413735
13.320341233758597
13.392823628555728
13.465343516509106
13.537901178968
13.610496898946119
13.683130961141046
13.75580365195389
13.828515259509224
13.901266073675256
13.97405638608429
14.046886490153446
14.11975668110565
14.192667255990928
14.265618513707942
14.338610755025863
14.411644282606511
14.48471940102679
14.557836416801457
14.63099563840617
14.704197376300876
14.777441942953505
14.850729652863999
14.924060822588677
14.99743577076493
15.07085481813627
15.144318287577734
15.217826504121625
15.291379794983648
15.364978489589395
15.438622919601217
15.512313418945482
15.586050323840212
15.659833972823142
15.733664706780166
15.80754286897421
15.881468805074514
15.955442863186361
16.029465393881225
16.103536750227377
16.177657287820953
16.251827364817455
16.326047341963765
16.4003175826306
16.474638452845497
16.549010321326254
16.62343355951492
16.69790854161227
16.772435644612848
16.847015248340504
16.92164773548451
16.996333491636236
17.071072905326385
17.14586636806282
17.22071427436898
17.295617021822903
17.37057501109687
17.445588645997677
17.520658333507548
17.59578448382571
17.670967510410634
17.74620783002295
17.821505862769076
17.896862032145552
17.972276765084086
18.04775049199735
18.123283646825538
18.19887666708369
18.274529993909812
18.350244072113753
18.426019350226987
18.501856280553152
18.577755319219495
18.653716926229166
18.729741565514413
18.805829704990682
18.88198181661167
18.958198376425287
19.034479864630622
19.110826765635906
19.187239568117455
19.26371876507968
19.340264853916146
19.416878336471704
19.49355971910575
19.570309512756587
19.647128233006967
19.724016400150802
19.800974539261095
19.87800318025907
19.955102857984638
20.032274112268063
20.109517488003032
20.186833535221023
20.26422280916709
20.34168587037703
20.41922328475604
20.496835623658807
20.574523463971165
20.652287388193262
20.73012798452435
20.808045846949174
20.886041575326036
20.96411577547658
21.042269059277306
21.12050204475287
21.19881535617125
21.277209624140717
21.355685485708825
21.434243584463292
21.512884570634938
21.59160910120269
21.670417840000688
21.7493114578276
21.828290632558115
21.907356049256784
21.986508400294152
22.06574838546532
22.145076712110956
22.22449409524086
22.304001257660087
22.383598930097765
22.463287851338624
22.543068768357333
22.622942436455723
22.70290961940294
22.78297108957867
22.863127628119425
22.94338002506808
23.023729079526653
23.104175599812482
23.184720403617852
23.265364318173216
23.346108180414014
23.42695283715132
23.507899145246313
23.58894797178874
23.670100194279467
23.751356700817208
23.83271839028962
23.91418617256882
23.995760968711448
24.07744371116351
24.159235343970003
24.241136822989553
24.323149116114177
24.405273203494335
24.48751007776944
24.569860744303945
24.652326221429227
24.734907540691427
24.817605747105382
24.900421899414923
24.983357070359673
25.066412346948535
25.149588830740154
25.23288763813046
25.316309900647646
25.399856765254683
25.483529394659733
25.56732896763463
25.65125667934171
25.735313741669295
25.81950138357607
25.903820851444685
25.988273409444815
26.07286033990612
26.157582943701303
26.242442540639686
26.327440469871625
26.412578090304173
26.497856781028347
26.583277941758368
26.668842993283395
26.754553377932076
26.840410560050422
26.926416026493502
27.01257128713139
27.098877875369926
27.185337348686822
27.271951289183626
27.358721304154216
27.44564902667033
27.532736116184857
27.619984259153497
27.707395169675504
27.794970590154257
27.88271229197835
27.97062207622412
28.05870177438027
28.14695324909564
28.235378394950875
28.323979139255062
28.412757442868266
28.501715301051
28.590854744341822
28.680177839464058
28.76968669026299
28.859383438674698
28.949270265727908
29.039349392580235
29.129623081590275
29.220093637427123
29.310763408218875
29.40163478674186
29.492710211652387
29.58399216876286
29.6754831923643
29.767185866597295
29.859102826873645
29.95123676135099
30.043590412462876
30.136166578506852
30.22896811529331
30.321997937857994
30.415259022241177
30.508754407336752
30.602487196814653
30.696460561120205
30.790677739554216
30.885142042437884
30.9798568533668
31.07482563155857
31.17005191429895
31.265539319491545
31.36129154831663
31.457312388004738
31.55360571473133
31.650175496639008
31.7470257969943
31.84416077748642
31.941584701676003
32.03930193860225
32.13731696655751
32.23563437703898
32.334258878887894
32.433195302627205
32.532448605009606
32.63202387378861
32.73192633272629
32.83216134685222
32.9327344279894
33.03365124056396
33.13491760771681
33.2365395177367
33.33852313083594
33.440874786291175
33.54360100997406
33.64670852229809
33.7502042466104
33.85409531805945
33.95838909297234
34.06309315877821
34.16821534451735
34.27376373197919
34.379746667515995
34.48617277458357
34.59305096706461
34.70039046343579
34.808200801845175
34.916491856173124
35.025273853156655
35.13455739066526
35.24435345722502
35.35467345289738
35.465529211630255
35.57693302521117
35.68889766896607
35.80143642936305
35.91456313369755
36.02829218205567
36.14263858177441
36.257617984643204
36.373246727120005
36.48954187386817
36.60652126495789
36.72420356711928
36.84260832948337
36.96175604430456
37.08166821322358
37.2023674197063
37.32387740838191
37.44622317210714
37.5694310477032
37.693528821453306
37.81854584561442
37.944513167392756
38.0714636720648
38.19943224220198
38.328455935287586
38.458574182411084
38.589829011203705
38.722265296759154
38.85593104499036
38.99087771373954
39.12716057802634
39.264839147143164
39.40397764295924
39.544645550872616
39.68691825747935
39.83087779238676
39.97661369591839
40.124224040070565
40.27381663744097
40.42551048260427
40.579437483486
40.73574455802987
40.894596195857275
41.0561776186749
41.2206987214845
41.38839904636573
41.55955414323099
41.7344838263663
41.913563073677146
42.0972366930389
42.2860394978197
42.480624781813695
42.681805739625275
42.89061793310244
43.10841773396264
43.33704620912883
43.579121873073554
43.83861532584392
44.12213839174722
44.44250341574986
44.83318922510431