0.02666967558785313
0.08000904863660926
0.13334848730474827
0.1866880353393027
0.2400277364884713
0.2933676345020853
0.346707773132075
0.40004819613293663
0.4533889472621984
0.5067300702808881
0.5600716089539992
0.6134136070509585
0.6667561083460929
0.7200991566190966
0.7734427956554989
0.826787069247132
0.8801320211925978
0.9334776952977374
0.9868241353760983
1.0401713852494034
1.0935194887480197
1.146868489711427
1.2002184319886882
1.2535693594389172
1.306921315931751
1.3602743453478183
1.4136284915792106
1.4669837985299532
1.5203403101164767
1.5736980702680892
1.6270571229274466
1.6804175120510274
1.733779281609604
1.7871424755887173
1.8405071379891493
1.8938733128273992
1.9472410441361567
2.000610375964778
2.053981352379761
2.1073540174652243
2.16072841532338
2.2141045900750136
2.2674825858599643
2.320862446837599
2.374244217187294
2.427627941108917
2.481013662823304
2.534401426572743
2.587791276621454
2.641183257256074
2.6945774127861393
2.7479737875445687
2.8013724258881485
2.85477337219802
2.9081766708801635
2.9615823663658856
3.0149905031123088
3.068401125602858
3.1218142783477525
3.1752300058844947
3.2286483527783605
3.282069363622894
3.335493083040398
3.3889195556824308
3.442348826230297
3.495780939395548
3.549215939920474
3.6026538725786073
3.6560947821752148
3.7095387135478024
3.7629857115666145
3.8164358211351344
3.8698890871905887
3.923345554704452
3.97680526868295
4.0302682741675655
4.083734616235549
4.137204340000421
4.19067749061249
4.2441541132593565
4.297634253166426
4.3511179555974255
4.404605265854914
4.458096229280802
4.511590891256862
4.565089297205257
4.61859149258905
4.672097522912729
4.725607433722732
4.779121270607963
4.832639079200327
4.886160905175245
4.939686794252193
4.993216792195222
5.0467509448134935
5.10028929796181
5.153831897541149
5.207378789499198
5.260930019830891
5.314485634578944
5.3680456798344025
5.421610201737173
5.475179246476572
5.528752860291868
5.582331089472828
5.635913980360268
5.689501579346597
5.7430939328763735
5.796691087446854
5.850293089608552
5.90389998596579
5.957511823177261
6.011128647956584
6.0647505070728736
6.118377447351294
6.1720095156736345
6.225646758978866
6.279289224263717
6.332936958583248
6.386590009051415
6.44024842284165
6.493912247187442
6.547581529382907
6.601256316783377
6.654936656805977
6.7086225969302165
6.762314184698573
6.81601146771708
6.869714493655921
6.923423310250025
6.97713796529966
7.030858506671029
7.0845849822968745
7.1383174401770795
7.192055928379273
7.245800495039434
7.29955118836251
7.353308056623015
7.407071148165656
7.460840511405944
7.514616194830816
7.568398246999251
7.6221867165429025
7.675981652166717
7.729783102649568
7.783591116844889
7.837405743681298
7.891227032163249
7.945055031371658
7.9988897904645535
8.05273135867772
8.106579785325339
8.160435119800649
8.214297411576593
8.268166710206474
8.322043065324616
8.375926526647019
8.429817143972038
8.483714967181031
8.537620046239045
8.591532431195482
8.64545217218477
8.699379319427056
8.753313923228877
8.807256033983846
8.861205702173343
8.915162978367212
8.969127913224442
9.023100557493876
9.077080962014909
9.131069177718187
9.185065255626325
9.23906924685461
9.293081202611717
9.347101174200422
9.401129213018335
9.455165370558616
9.509209698410698
9.563262248261031
9.617323071893807
9.6713922211917
9.725469748136616
9.779555704810429
9.83365014339573
9.887753116176588
9.941864675539307
9.995984873973175
10.05011376407124
10.104251398531074
10.158397830155547
10.212553111853598
10.266717296641021
10.320890437641246
10.375072588086127
10.429263801316736
10.48346413078416
10.537673630050294
10.591892352788655
10.646120352785188
10.700357683939073
10.754604400263553
10.808860555886742
10.863126205052467
10.917401402121087
10.971686201570327
11.02598065799613
11.080284826113484
11.134598760757283
11.18892251688318
11.243256149568433
11.29759971401278
11.351953265539303
11.406316859595295
11.460690551753144
11.51507439771121
11.569468453294716
11.623872774456629
11.678287417278577
11.732712437971724
11.787147892877707
11.84159383846952
11.896050331352445
11.950517428264982
12.004995186079759
12.05948366180448
12.11398291258285
12.168492995695539
12.223013968561105
12.277545888736974
12.332088813920386
12.386642801949364
12.441207910803692
12.495784198605882
12.55037172362217
12.604970544263495
12.659580719086497
12.714202306794528
12.768835366238644
12.823479956418627
12.878136136484006
12.932803965735078
12.987483503623945
13.042174809755545
13.096877943888709
13.151592965937198
13.206319935970766
13.261058914216235
13.315809961058548
13.370573137041859
13.425348502870609
13.480136119410625
13.534936047690216
13.589748348901269
13.644573084400374
13.699410315709935
13.754260104519293
13.809122512685871
13.863997602236303
13.918885435367585
13.973786074448235
14.028699582019446
14.083626020796267
14.13856545366877
14.193517943703247
14.248483554143391
14.303462348411506
14.358454390109712
14.413459743021162
14.468478471111267
14.523510638528927
14.57855630960778
14.633615548867436
14.688688421014756
14.743774990945095
14.798875323743594
14.853989484686458
14.909117539242244
14.964259553073164
15.019415592036397
15.074585722185407
15.129770009771267
15.184968521243995
15.240181323253903
15.295408482652956
15.350650066496122
15.405906142042763
15.461176776758004
15.516462038314131
15.571761994592002
15.627076713682442
15.682406263887678
15.737750713722772
15.79311013191705
15.848484587415575
15.903874149380586
15.959278887192996
16.014698870453852
16.07013416898585
16.125584852834816
16.181050992271256
16.236532657791848
16.292029920120996
16.347542850212385
16.403071519250517
16.45861599865232
16.514176360068692
16.569752675386116
16.625345016728264
16.680953456457615
16.736578067177078
16.792218921731642
16.847876093210022
16.90354965494634
16.959239680521772
17.01494624376628
17.070669418760282
17.12640927983639
17.182165901581133
17.23793935883668
17.293729726702626
17.34953708053775
17.405361495961785
17.46120304885722
17.51706181537113
17.572937871916956
17.628831295176386
17.684742162101177
17.740670549915034
17.796616536115486
17.85258019847578
17.90856161504679
17.96456086415894
18.020578024424143
18.076613174737762
18.13266639428056
18.188737762520713
18.24482735921578
18.30093526441474
18.35706155846002
18.413206321989534
18.46936963593876
18.525551581542807
18.58175224033852
18.6379716941666
18.694210025173717
18.750467315814678
18.80674364885458
18.863039107370998
18.91935377475618
18.975687734719262
19.032041071288532
19.08841386881364
19.14480621196791
19.201218185750605
19.257649875489257
19.314101366841985
19.370572745799837
19.427064098689183
19.48357551217407
19.540107073258657
19.596658869289623
19.65323098795863
19.70982351730478
19.766436545717106
19.823070161937085
19.87972445506117
19.936399514543325
19.99309543019763
20.04981229220085
20.106550191095067
20.16330921779031
20.220089463567223
20.27689102007975
20.333713979357842
20.390558433810195
20.447424476226992
20.504312199782692
20.561221698038832
20.618153064946853
20.675106394850946
20.732081782490944
20.789079323005204
20.846099111933555
20.903141245220233
20.960205819216874
21.01729293068551
21.0744026768016
21.13153515515711
21.18869046376356
21.24586870105518
21.303069965892018
21.360294357563127
21.417541975789764
21.474812920728606
21.53210729297501
21.589425193566306
21.646766723985102
21.70413198616263
21.76152108248213
21.818934115782245
21.87637118936047
21.93383240697661
21.991317872856285
22.048827691694473
22.106361968659055
22.163920809394437
22.221504320025158
22.27911260715958
22.336745777893565
22.39440393981424
22.452087201003724
22.509795670042973
22.567529456015606
22.625288668511764
22.683073417632063
22.740883813991502
22.798719968723486
22.85658199348383
22.914470000454827
22.972384102349377
23.030324412415087
23.08829104443849
23.146284112749242
23.204303732224417
23.262350018292775
23.320423086939144
23.37852305470878
23.43665003871182
23.494804156627758
23.55298552670994
23.611194267790165
23.66943049928325
23.727694341191736
23.785985914110544
23.84430533923174
23.90265273834934
23.96102823386413
24.01943194878858
24.07786400675176
24.136324532004345
24.194813649423658
24.25333148451875
24.311878163435548
24.37045381296204
24.42905856053354
24.487692534237972
24.54635586282124
24.60504867569262
24.663771102930234
24.722523275286587
24.781305324194122
24.840117381770867
24.89895958082613
24.957832054866255
25.016734938100438
25.075668365446592
25.134632472537294
25.193627395725784
25.25265327209203
25.311710239448832
25.370798436348057
25.429918002086854
25.489069076714
25.548251801036287
25.607466316624986
25.666712765822368
25.725991291748304
25.785302038306956
25.844645150193493
25.904020772900914
25.96342905272695
26.022870136781034
26.082344172991306
26.141851310111775
26.201391697729488
26.260965486271825
26.32057282701384
26.380213872085708
26.439888774480245
26.49959768806051
26.559340767567495
26.619118168627903
26.678930047762
26.738776562391596
26.79865787084804
26.858574132380394
26.918525507163633
26.978512156306973
27.03853424186228
27.09859192683258
27.15868537518066
27.21881475183779
27.278980222712505
27.339181954699534
27.399420115688795
27.45969487457452
27.520006401264478
27.5803548666893
27.64074044281192
27.701163302637124
27.761623620221208
27.822121570681773
27.882657330207596
27.94323107606865
28.00384298662624
28.06449324134324
28.12518202079448
28.18590950667724
28.24667588182187
28.307481330202545
28.368326036948165
28.429210188353338
28.490133971889566
28.551097576216513
28.61210119119343
28.67314500789073
28.73422921860169
28.7953540168543
28.85651959742328
28.917726156342212
28.978973890915853
29.040262999732583
29.101593682677024
29.1629661409428
29.22438057704549
29.285837194835693
29.347336199512323
29.408877797636006
29.47046219714272
29.53208960735753
29.593760239008578
29.65547430424121
29.717232016632263
29.779033591204612
29.840879244441833
29.90276919430308
29.964703660238197
30.026682863202947
30.088707025674537
30.15077637166726
30.2128911267484
30.27505151805434
30.337257774306867
30.399510125829703
30.461808804565262
30.524154044091638
30.586546079639813
30.648985148111088
30.71147148809477
30.7740053398861
30.836586945504408
30.899216548711543
30.961894395030512
31.024620731764447
31.08739580801575
31.15021987470558
31.21309318459357
31.276015992297822
31.338988554315197
31.40201112904187
31.465083976794215
31.528207359829924
31.59138154236949
31.654606790617954
31.717883372786975
31.781211559117224
31.8445916219011
31.908023835505748
31.97150847639646
32.03504582316037
32.09863615653052
32.16227975941026
32.22597691689804
32.289727916312536
32.35353304721814
32.417392601450885
32.48130687314468
32.54527615875799
32.60930075710091
32.673380969362626
32.73751709913929
32.801709452462354
32.86595833782732
32.93026406622288
32.99462695116058
33.059047308704876
33.12352545750369
33.18806171881945
33.25265641656055
33.31730987731338
33.3820224303748
33.44679440778518
33.511626144361834
33.57651797773319
33.64147024837332
33.70648329963707
33.771557477795845
33.836693132073826
33.90189061468485
33.967150280869895
34.03247248893515
34.09785760029069
34.163305979489806
34.22881799426901
34.294394015588615
34.36003441767409
34.42573957805802
34.491509877622796
34.55734570064403
34.623247434834695
34.68921547139
34.75525020503301
34.821352034061086
34.887521360393094
34.9537585896174
35.02006413104073
35.08643839773786
35.15288180660214
35.219394778396946
35.285977737808004
35.35263111349663
35.419355338153906
35.486150848555866
35.55301808561954
35.61995749446017
35.68696952444928
35.75405462927392
35.821213266996914
35.88844590011819
35.95575299563732
36.02313502511705
36.090592464748156
36.15812579541539
36.22573550276469
36.293422077271636
36.36118601431117
36.42902781422867
36.49694798241225
36.56494702936664
36.6330254707882
36.701183827641586
36.769422626237805
36.837742398313736
36.90614368111325
36.974627017469906
37.0431929558912
37.111842050644526
37.180574861844825
37.24939195554392
37.31829390382171
37.38728128487911
37.456354683132844
37.52551468931229
37.594761900558076
37.664096920522866
37.73352035947409
37.803032834398856
37.87263496911095
37.94232739436015
38.01211074794374
38.081985674820395
38.15195282722646
38.22201286479464
38.29216645467532
38.362414271660334
38.432756998309515
38.503195325079886
38.5737299504577
38.644361581093314
38.71509093193907
38.78591872639015
38.856845696428586
38.92787258277042
38.999000135016246
39.070229111805006
39.14156028097135
39.21299441970653
39.284532314722995
39.35617476242265
39.42792256906915
39.49977655096409
39.57173753462729
39.64380635698133
39.71598386554045
39.788270918603885
39.860668385453785
39.933177146557945
40.0057980937773
40.078532130578594
40.15138017225205
40.22434314613448
40.297421991837886
40.370617661483635
40.443931119942555
40.517363345080966
40.59091532801296
40.66458807335904
40.73838259951134
40.812299938905674
40.88634113830056
40.9605072590635
41.034799377464694
41.10921858497853
41.18376598859294
41.258442711127046
41.33324989155727
41.40818868535217
41.48326026481643
41.558465819444095
41.6338065562816
41.7092837003007
41.78489849478184
41.86065220170818
41.936546102170645
42.01258149678457
42.088759706118076
42.165082071132744
42.2415499536371
42.318164736753104
42.394927825396465
42.4718406467709
42.54890465087721
42.626121311037444
42.70349212443482
42.78101861267001
42.85870232233439
42.93654482560079
43.01454772083258
43.0927126332117
43.17104121538629
43.24953514813892
43.328196141075885
43.40702593333875
43.48602629433874
43.565199024515074
43.6445459561181
43.72406895401831
43.80376991654224
43.88365077633639
43.963713501260365
44.043960095310325
44.124392599574236
44.20501309322004
44.28582369451837
44.36682656190114
44.44802389505765
44.52941793606989
44.611010970588644
44.69280532905238
44.77480338795076
44.857007571134766
44.9394203511757
45.02204425077517
45.104881844228586
45.18793575894455
45.271208677022834
45.35470333689386
45.43842253502244
45.52236912767911
45.606546032782276
45.69095623181466
45.77560277181793
45.860488767469235
45.94561740324405
46.030991935669626
46.116615695673794
46.20249209103429
46.288624608933624
46.3750168186255
46.46167237421856
46.54859501758407
46.63578858139423
46.72325699229854
46.81100427424597
46.899034551961186
46.98735205458391
47.07596111948067
47.16486619623928
47.25407185085696
47.3435827701336
47.43340376628284
47.523539781774346
47.61399589442172
47.70477732273146
47.79588943152981
47.88733773788537
47.97912791734676
48.071265810516444
48.16375742998296
48.25660896763618
48.34982680239183
48.44341750835382
48.53738786344529
48.631744858542056
48.726495707144764
48.82164785562943
48.917208994119555
49.01318706802679
49.10959029031149
49.206427154519154
49.3037064486541
49.40143726995747
49.4996290406633
49.59829152481331
49.697434846219565
49.797069507672745
49.89720641150414
49.99785688162062
50.09903268714461
50.20074606780529
50.30300976124353
50.40583703241094
50.50924170526444
50.613238196980625
50.71784155494131
50.82306749677134
50.92893245374476
51.03545361791497
51.14264899336956
51.25053745206353
51.3591387947442
51.468473817551796
51.578564384960224
51.68943350981746
51.80110544135525
51.91360576216738
52.02696149530807
52.14120122284195
52.25635521739021
52.372455588471574
52.48953644573989
52.60763408158443
52.7267871759986
52.847037027155054
52.968427811774674
53.09100688017209
53.21482509184056
53.33993719865481
53.466402284287476
53.59428427034187
53.723652502118576
53.85458243001479
53.98715640652199
54.1214646239385
54.257606224669466
54.3956906249397
54.53583910474586
54.678186733158775
54.82288472048253
54.97010332003041
55.120035446598266
55.27290124268897
55.428953917710984
55.588487327055525
55.75184597641956
55.91943848306723
56.09175609238845
56.26939880969266
56.45311340959307
56.643850754225866
56.84285611604555
57.051819533989146
57.273144376991716
57.51047445815268
57.76987645368406
58.06310423406197
58.4208645885687