0.04070732455086514
0.12212215486396051
0.20353752882163811
0.28495380888857785
0.3663713575819032
0.44779053749217146
0.5292117113043756
0.6106352418189629
0.6920614919728724
0.773490824860596
0.8549236037552654
0.9363601921297706
1.0178009536779107
1.0992462523355833
1.1806964523020134
1.2621519180610292
1.343613014402385
1.4250801064431349
1.5065535596490638
1.588033739856178
1.669521013292256
1.7510157465984708
1.8325183068510777
1.91402906158318
1.9955483788065715
2.0770766270336605
2.1586141752994807
2.240161393183792
2.3217186508332714
2.403286318983809
2.4848647689828973
2.566454372812131
2.6480555031098163
2.7296685331936916
2.8112938370837677
2.8929317895252917
2.9745827660118334
3.056247142808506
3.1379252969753186
3.2196176063906723
3.3013244497749943
3.3830462067145257
3.4647832576852577
3.5465359840770274
3.6283047682177756
3.71008999339797
3.7918920438952006
3.8737113049989502
3.955548163035547
4.037403005393304
4.119276220547845
4.201168198087634
4.283079328739698
4.365010004395563
4.4469606181373935
4.528931564264359
4.6109232383192165
4.692936037115121
4.7749703587626735
4.857026602697207
4.939105169706314
5.021206461957629
5.103330883026871
5.185478837926139
5.2676507331324895
5.349846976616783
5.4320679778728085
5.514314147946705
5.596585899466679
5.678883646673008
5.76120780544838
5.843558793348519
5.925937029633158
6.008342935297332
6.090776933103001
6.173239447611033
6.255730905213536
6.338251734166537
6.420802364623048
6.503383228666503
6.585994760344568
6.668637395703365
6.751311572822077
6.8340177318479824
6.916756315031896
6.999527766764041
7.0823325336103675
7.1651710643493045
7.248043810008982
7.330951223904911
7.413893761678148
7.496871881333941
7.579886043280873
7.662936710370524
7.746024347937637
7.82914942384083
7.912312408503839
7.995513774957318
8.078753998881213
8.1620335586477
8.245352935364721
8.328712612920132
8.412113078026444
8.495554820266214
8.579038332138081
8.662564109103435
8.746132649633786
8.829744455258798
8.913400030615042
8.99709988349544
9.080844524899478
9.164634469084115
9.248470233615516
9.332352339421513
9.4162813108449
9.500257675697522
9.58428196531521
9.66835471461356
9.752476462144585
9.836647750154267
9.920869124640994
10.005141135414956
10.089464336158471
10.1738392844873
10.258266542012933
10.342746674405916
10.427280251460202
10.51186784715857
10.59651003973913
10.68120741176294
10.765960550182758
10.850770046412961
10.935636496400653
11.02056050069798
11.105542664535715
11.190583597898087
11.275683915598929
11.36084423735917
11.446065187885678
11.53134739695149
11.616691499477511
11.702098135615634
11.787567950833388
11.873101596000106
11.958699727474674
12.044363007194882
12.130092102768428
12.215887687565607
12.301750440813722
12.387681047693285
12.473680199436018
12.559748593424708
12.645886933294975
12.732095929039
12.81837629711123
12.90472876053616
12.99115404901819
13.077652899053655
13.16422605404506
13.250874264417568
13.337598287737837
13.424398888835201
13.511276839925328
13.598232920736367
13.685267918637663
13.772382628771126
13.859577854185293
13.946854405972166
14.034213103406916
14.121654774090501
14.20918025409529
14.29679038811378
14.384486029610471
14.472268040977003
14.56013729369063
14.648094668476128
14.736141055471231
14.824277354395692
14.912504474724061
15.000823335862313
15.089234867328374
15.177740008936729
15.266339710987168
15.355034934457818
15.44382665120257
15.532715844153039
15.621703507525169
15.710790647030638
15.79997828009319
15.889267436070043
15.97865915647851
16.06815449522803
16.15775451885768
16.247460306779455
16.337272951527385
16.42719355901271
16.517223248785292
16.607363154301463
16.697614423198484
16.787978217575855
16.878455714283636
16.96904810521805
17.05975659762458
17.15058241440879
17.241526794455083
17.33259099295375
17.42377628173647
17.515083949620564
17.606515302762357
17.698071665019835
17.78975437832498
17.88156480306608
17.973504318480373
18.065574323057298
18.15777623495281
18.25011149241506
18.34258155422186
18.435187900130348
18.52793203133924
18.620815470964143
18.71383976452637
18.807006480455748
18.900317210607884
18.993773570796456
19.087377201341024
19.18112976763095
19.275032960706007
19.369088497854303
19.46329812322812
19.55766360847842
19.652186753408596
19.746869386648324
19.84171336634819
19.936720580895937
20.031892949655113
20.127232423727094
20.222740986737268
20.31842065564643
20.414273481588353
20.51030155073458
20.606506985187558
20.702891943903236
20.799458623644366
20.896209259965733
20.993146128232716
21.09027154467447
21.18758786747328
21.285097497891627
21.38280288143851
21.48070650907679
21.578810918473327
21.67711869529381
21.7756324745442
21.874354941960963
21.973288835452212
22.072436946592124
22.17180212217106
22.271387265803938
22.371195339599655
22.471229365894327
22.571492429051464
22.67198767733225
22.772718324839328
22.873687653537655
22.974899015356264
23.07635583437492
23.178061609099927
23.280019914833648
23.38223440614244
23.48470881942821
23.58744697560883
23.690452782913322
23.793730239797764
23.89728343798847
24.001116565659334
24.105233910750705
24.209639864437577
24.314338924755482
24.419335700393034
24.52463491466054
24.63024140964496
24.736160150562007
24.842396230317092
24.94895487428748
25.05584144533912
25.163061449092382
25.270620539452118
25.378524524418513
25.486779372196512
25.595391217622915
25.70436636893163
25.813711314879352
25.923432732255453
26.033537493802008
26.144032676571726
26.254925570754054
26.36622368900208
26.47793477629563
26.590066820379022
26.702628062815183
26.81562701070153
26.929072449096992
27.042973454214035
27.15733940743445
27.272180010213074
27.387505299939622
27.50332566683563
27.61965187197068
27.736495066490708
27.85386681216008
27.971779103329755
28.090244390455158
28.209275605300498
28.3288861879808
28.44909011600916
28.569901935535402
28.69133679498298
28.813410481314733
28.936139459184716
29.059540913264033
29.183632794063023
29.30843386761205
29.433963769408376
29.56024306308886
29.687293304348117
29.815137110691154
29.943798237689574
30.073301662503628
30.203673675540788
30.33494198124821
30.467135809185052
30.600286036695298
30.734425324708226
30.86958826843835
31.005811565047747
31.143134200682145
31.281597659709792
31.421246159496818
31.56212691466385
31.704290435513915
31.847790866234554
31.992686369602406
32.139039566313905
32.28691803880782
32.43639491163469
32.58754952320113
32.74046820725515
32.89524520703396
33.05198375091126
33.21079732614013
33.37181119757099
33.535164232008775
33.701011107579994
33.869525013208474
34.04090097920484
34.21536003089729
34.393154430738285
34.57457438253283
34.759956734254274
34.94969646698779
35.144262155596124
35.344217238057745
35.55025003580261
35.7632174245263
35.98421069832272
36.2146593730498
36.45650400686119
36.71250493375343
36.986848312195285
37.28650582887402
37.62498911893893
38.037610097213914