0.0288474570982974
0.08654240368098248
0.1442374474224111
0.20193265309665448
0.2596280854801473
0.3173238093526333
0.37501988949811066
0.43271639070577805
0.49041337777098065
0.5481109154961564
0.605809068691783
0.663507902177324
0.7212074807821772
0.7789078693466216
0.8366091327227662
0.8943113357754982
0.9520145433834328
1.0097188204398628
1.0674242318537095
1.1251308425504727
1.1828387174731838
1.2405479215833584
1.2982585198619485
1.3559705773102981
1.4136841589510976
1.47139932982934
1.5291161550132772
1.58683469959538
1.6445550286932942
1.702277207450803
1.7600013010387872
1.8177273746561877
1.8754554935309693
1.933185722921085
1.9909181281154422
2.0486527744348715
2.106389727233092
2.1641290518976866
2.2218708138510688
2.279615078551459
2.337361911493857
2.3951113782110207
2.4528635442744413
2.510618475295326
2.5683762369255754
2.6261368948587704
2.6839005148311545
2.7416671626226217
2.799436904057704
2.857209805006562
2.91498593138598
2.972765349160357
3.0305481243427037
3.0883343229956437
3.146124011232412
3.2039172552178585
3.2617141211694536
3.319514675358296
3.3773189841101208
3.435127113806315
3.492939130884928
3.550755101841693
3.6085750932310434
3.6663991716671367
3.724227403824879
3.7820598564409518
3.8398965963148433
3.897737690309881
3.9555832053542668
4.013433208442117
4.0712877666345015
4.129146947060491
4.187010816918202
4.244879443475851
4.302752894072801
4.360631236120627
4.418514537104169
4.4764028645825995
4.534296286190487
4.592194869638868
4.650098682716319
4.708007793290033
4.765922269306901
4.823842178794594
4.881767589862652
4.939698570703574
4.997635189593911
5.0555775148953686
5.113525615055906
5.171479558610843
5.229439414183968
5.287405250488658
5.345377136328991
5.403355140600868
5.461339332293145
5.519329780488755
5.577326554365853
5.635329723198945
5.693339356360038
5.751355523319788
5.8093782936486456
5.86740773701802
5.925443923201441
5.98348692207572
6.041536803622121
6.099593637927542
6.157657495185693
6.215728445698278
6.273806559876189
6.331891908240703
6.3899845614246775
6.44808459017376
6.5061920653476
6.56430705792106
6.622429638985444
6.680559879749717
6.738697851541747
6.796843625809532
6.854997274122454
6.913158868172519
6.971328479775622
7.029506180872799
7.087692043531499
7.145886139946857
7.204088542442968
7.262299323474179
7.320518555626371
7.378746311618269
7.436982664302733
7.495227686668074
7.553481451839372
7.611744033079795
7.670015503791933
7.728295937519128
7.786585407946827
7.844883988903921
7.90319175436411
7.9615087784472625
8.019835135420788
8.078170899701016
8.13651614585458
8.19487094859981
8.253235382808132
8.311609523505481
8.369993445873709
8.428387225252008
8.486790937138348
8.545204657190908
8.603628461229526
8.662062425237151
8.720506625361306
8.77896113791556
8.837426039381008
8.895901406407749
8.954387315816394
9.012883844599564
9.071391069923402
9.129909069129098
9.188437919734413
9.246977699435227
9.30552848610708
9.364090357806734
9.422663392773734
9.48124766943199
9.53984326639136
9.598450262449246
9.657068736592194
9.71569876799751
9.774340436034894
9.832993820268056
9.891659000456372
9.950336056556537
10.00902506872423
10.067726117315777
10.12643928288986
10.185164646209188
10.243902288242218
10.30265229016487
10.361414733362253
10.420189699430406
10.478977270178046
10.537777527628338
10.596590554020658
10.655416431812382
10.714255243680684
10.773107072524345
10.831972001465573
10.890850113851828
10.949741493257676
11.008646223486645
11.067564388573087
11.126496072784068
11.18544136062126
11.24440033682284
11.303373086365427
11.362359694466004
11.421360246583863
11.480374828422574
11.539403525931956
11.598446425310055
11.657503613005163
11.716575175717818
11.775661200402839
11.83476177427137
11.893876984792943
11.953006919697541
12.012151666977694
12.071311314890576
12.130485951960123
12.189675666979175
12.248880549011613
12.30810068739453
12.367336171740405
12.426587091939304
12.485853538161091
12.545135600857652
12.604433370765145
12.66374693890626
12.72307639659249
12.782421835426439
12.841783347304117
12.901161024417293
12.960554959255818
13.019965244610004
13.079391973573005
13.138835239543214
13.198295136226685
13.257771757639572
13.317265198110585
13.376775552283464
13.436302915119475
13.495847381899924
13.555409048228693
13.61498801003479
13.674584363574924
13.7341982054361
13.793829632538232
13.853478742136781
13.913145631825406
13.972830399538648
14.032533143554618
14.09225396249773
14.15199295534144
14.211750221410998
14.271525860386253
14.331319972304449
14.391132657563064
14.450964016922665
14.51081415150978
14.570683162819813
14.630571152719956
14.690478223452153
14.750404477636064
14.810350018272072
14.870314948744308
14.930299372823695
14.990303394671033
15.05032711884009
15.11037065028074
15.170434094342111
15.230517556775773
15.290621143738939
15.350744961797703
15.410889117930308
15.471053719530433
15.531238874410516
15.5914446908051
15.651671277374213
15.711918743206775
15.772187197824037
15.832476751183043
15.892787513680132
15.953119596154464
16.013473109891585
16.073848166627005
16.13424487854984
16.194663358306443
16.255103719004122
16.315566074214836
16.37605053797895
16.436557224809047
16.49708624969372
16.557637728101447
16.618211775984488
16.678808509782787
16.739428046427967
16.800070503347303
16.860735998467778
16.92142465022014
16.982136577543027
17.042871899887114
17.103630737219287
17.16441321002689
17.225219439321975
17.286049546645618
17.346903654072264
17.407781884214113
17.468684360225545
17.5296112058076
17.590562545212492
17.651538503248148
17.71253920528283
17.773564777249774
17.834615345651866
17.89569103756639
17.956791980649804
18.01791830314256
18.079070133873987
18.14024760226721
18.201450838344098
18.262679972730318
18.323935136660367
18.38521646198271
18.446524081164938
18.507858127298984
18.569218734106396
18.630606035943664
18.692020167807584
18.753461265340707
18.81492946483679
18.87642490324637
18.93794771818234
18.9994980479256
19.061076031430773
19.12268180833197
19.184315518948612
19.24597730429132
19.30766730606786
19.369385666689148
19.43113252927532
19.49290803766187
19.55471233640584
19.616545570792063
19.678407886839533
19.740299431307747
19.802220351703202
19.864170796285897
19.92615091407594
19.988160854860208
20.05020076919909
20.112270808433287
20.174371124690705
20.236501870893385
20.298663200764558
20.36085526883574
20.423078230453896
20.48533224178873
20.54761745984
20.60993404244494
20.672282148285763
20.734661936897233
20.79707356867434
20.85951720488003
20.92199300765306
20.98450114001591
21.04704176588277
21.109615050067674
21.17222115829266
21.234860257196054
21.29753251434085
21.360238098223174
21.42297717828084
21.485749924902
21.54855650943393
21.611397104191862
21.67427188246794
21.73718101854031
21.80012468768223
21.86310306617141
21.92611633129932
21.98916466138072
22.052248235763248
22.11536723483711
22.17852184004492
22.241712233891622
22.30493859995456
22.368201122893623
22.431499988461564
22.49483538351439
22.558207496021915
22.62161651507841
22.685062630913414
22.748546034902624
22.812066919578964
22.875625478643773
22.939221906978112
23.00285640065423
23.066529156947148
23.130240374346414
23.19399025256797
23.25777899256619
23.32160679654605
23.385473867975445
23.449380411597687
23.513326633444123
23.57731274084694
23.641338942452087
23.705405448232433
23.769512469501006
23.833660218924457
23.897848910536677
23.96207875975258
24.02634998338206
24.09066279964416
24.155017428181367
24.219414090074125
24.283853007855555
24.348334405526305
24.41285850856966
24.47742554396678
24.542035740212214
24.606689327329537
24.671386536887262
24.736127602014925
24.80091275741936
24.865742239401268
24.930616285871917
24.995535136370112
25.060499032079402
25.125508215845482
25.19056293219386
25.255663427347734
25.320809949246154
25.386002747562376
25.45124207372252
25.516528180924443
25.58186132415689
25.64724176021891
25.712669747739533
25.778145547197717
25.843669420942586
25.909241633213945
25.974862450163066
26.040532139873793
26.106250972383926
26.172019219706907
26.237837155853832
26.303705056855758
26.36962320078632
26.43559186778472
26.501611340078973
26.56768190200955
26.633803840053353
26.699977442847995
26.766203001216493
26.832480808192287
26.898811159044623
26.965194351304344
27.031630684790013
27.098120461634473
27.16466398631176
27.23126156566444
27.297913508931373
27.364620127775844
27.431381736314165
27.498198651144683
27.56507119137726
27.631999678663156
27.69898443722541
27.766025793889668
27.833124078115496
27.90027962202817
27.967492760450945
28.034763830937884
28.102093173807116
28.169481132174695
28.236928051988933
28.304434282065316
28.37200017412195
28.439626082815586
28.507312365778215
28.575059383654242
28.642867500138287
28.710737082013555
28.77866849919086
28.846662124748292
28.914718334971482
28.9828375093946
29.05102003084196
29.119266285470374
29.18757666281215
29.25595155581885
29.324391360905782
29.392896477997194
29.461467310572278
29.530104265711934
29.598807754146318
29.667578190303235
29.736415992357312
29.805321582280065
29.874295385890797
29.943337832908394
30.012449357004026
30.081630395854745
30.150881391198055
30.22020278888743
30.289595038948804
30.359058595638075
30.428593917499647
30.498201467425982
30.567881712718272
30.637635125148172
30.707462181020663
30.77736336123806
30.847339151365194
30.917390041695782
30.987516527320036
31.057719108193513
31.12799828920723
31.198354580259142
31.268788496326895
31.339300557541996
31.409891289265367
31.48056122216434
31.551310892291138
31.622140841162814
31.693051615842798
31.764043769023953
31.835117859113303
31.906274450318378
31.97751411273526
32.04883742243838
32.12024496157207
32.191737318443955
32.26331508762019
32.334978870022624
32.40672927302792
32.47856691056867
32.55049240323659
32.6225063783878
32.69460947025028
32.76680232003354
32.8390855760406
32.9114598937822
32.98392593609352
33.05648437325331
33.1291358831055
33.20188115118343
33.274720870836774
33.347655743361095
33.42068647813024
33.49381379273166
33.56703841310451
33.64036107368101
33.71378251753069
33.78730349650797
33.860924771402935
33.93464711209555
34.00847129771326
34.082398116792206
34.15642836744209
34.230562857514755
34.30480240477668
34.37914783708542
34.45359999257016
34.52815971981646
34.60282787805528
34.67760533735657
34.75249297882732
34.8274916948144
34.90260238911221
34.97782597717539
35.0531633863366
35.12861555602962
35.20418343801798
35.2798679966291
35.355670208994326
35.431591065294896
35.50763156901405
35.58379273719551
35.66007560070851
35.73648120451958
35.81301060797124
35.889664885067994
35.96644512476958
36.043352431292014
36.120387924416484
36.19755273980635
36.27484802933263
36.352274961408156
36.429834721330735
36.507528511635556
36.58535755245725
36.663323081901815
36.74142635642881
36.81966865124421
36.898051260704136
36.97657549873001
37.055242699235436
37.13405421656521
37.21301142594693
37.292115723955675
37.371368528992086
37.450771281774564
37.530325445845804
37.61003250809447
37.68989397929236
37.769911394647764
37.85008631437552
37.93042032428446
38.010915036382926
38.0915720895029
38.17239314994362
38.253379912135436
38.33453409932447
38.41585746427922
38.49735179001966
38.57901889056999
38.660860611735814
38.74287883190677
38.825075462885685
38.90745245074531
38.99001177671375
39.072755458089844
39.15568554918969
39.238804142325655
39.32211336881925
39.405615400049314
39.489312448537056
39.573206769069515
39.6573006598632
39.74159646376963
39.82609656952462
39.910803413043396
39.9957194787635
40.08084730103774
40.16618946557953
40.251748610962906
40.337527430180046
40.42352867225875
40.50975514394294
40.596209711439165
40.68289530223231
40.7698149069739
40.856971581446714
40.94436844860935
41.032008700724994
41.119895601578484
41.208032488786394
41.29642277620491
41.38506995644061
41.47397760346967
41.563149375371296
41.65258901718153
41.74230036387411
41.832287343475265
41.922553980320124
42.013104398458545
42.10394282521901
42.19507359493965
42.28650115287624
42.37823005929743
42.4702649937785
42.56261075970566
42.655272289003534
42.74825464709979
42.84156303814166
42.935202810480135
43.029179462439195
43.123498648388214
43.21816618513759
43.31318805867895
43.40857043129308
43.5043196490505
43.60044224973183
43.69694497119713
43.79383476023591
43.89111878193239
43.98880442958322
44.08689933520835
44.18541138069947
44.28434870965396
44.38371973994726
44.483533177100924
44.583798028509364
44.684523618594135
44.785719604961244
44.88739599564443
44.98956316752563
45.09223188603314
45.195413326228085
45.299119095401814
45.403361257319375
45.50815235825933
45.613505455016345
45.71943414505183
45.82595259899903
45.93307559575286
46.040818560401995
46.14919760529206
46.25822957454373
46.36793209239078
46.47832361574915
46.589423491482336
46.701252018889896
46.81383051801792
46.92718140447338
47.04132827152136
47.15629598035744
47.27211075958042
47.38880031504658
47.5063939514718
47.62492270736595
47.744419505144975
47.86491931857701
47.98645936009269
48.10907929094077
48.23282145771655
48.35773115945664
48.4838569503099
48.61125098379978
48.73996940594098
48.870072806029825
49.001626735884685
49.13470231079048
49.26937690856325
49.405734987221024
49.54386904703276
49.68388076964964
49.82588237621024
49.9699982586254
50.116366954960064
50.26514356281017
50.41650271664556
50.57064230057066
50.72778813360463
50.888199961220394
51.05217923227958
51.22007936469493
51.39231955856753
51.569403797092924
51.751947662371876
51.94071734042365
52.13668844191743
52.34113869444238
52.555802246133325
52.783145285868656
53.026907019675484
53.29331321389533
53.59442653678234
53.961762200741006