0.04658431339869016
0.13975329584609317
0.23292334527886346
0.3260951731382532
0.41926949104206124
0.5124470108553235
0.6056284447610749
0.6988145053312033
0.7920059055974162
0.8852033591223417
0.9784075800707818
1.0716192832811424
1.164839184337059
1.2580679996392372
1.3513064464775355
1.4445552431033026
1.5378151088019991
1.6310867639661204
1.7243709301684433
1.817668330235621
1.9109796883221433
2.00430572998469
2.0976471822568987
2.1910047737245653
2.2843792346013068
2.3777712968047076
2.471181694032971
2.5646111618421004
2.658060437723638
2.751530261182982
2.8450213738183088
2.9385345194001222
3.032070443951466
3.125629895828809
3.2192136258036466
3.312822387144833
3.4064569357016783
3.500118029987839
3.593806431266022
3.6875229036335435
3.7812682141087617
3.8750431327184187
3.9688484325859226
4.062684890020596
4.15655328460793
4.250454399300869
4.344389020512168
4.438357938207842
4.532361946001761
4.626401841251412
4.720478425154867
4.814592502848995
4.908744883508961
5.002936380449039
5.097167811224789
5.191439997736632
5.28575376633487
5.3801099479261865
5.474509378081677
5.568952897146453
5.6634413503508565
5.75797558792335
5.852556465205112
5.947184842766387
6.0418615865246705
6.136587567864726
6.231363663760549
6.326190756899279
6.421069735807152
6.516001494977538
6.6109869350011135
6.7060269626982425
6.80112249125363
6.896274440353303
6.991483736323984
7.086751312274933
7.18207810824233
7.277465071336256
7.372913155890355
7.468423323614261
7.563996543748847
7.659633793224401
7.755336056821799
7.851104327336752
7.946939605747239
8.042842901384198
8.138815232105577
8.234857624473824
8.330971113936958
8.427156745013272
8.523415571479815
8.619748656564726
8.716157073143584
8.812641903939827
8.909204241729414
9.005845189549827
9.10256586091355
9.199367380026148
9.296250882009103
9.393217513127533
9.490268431022933
9.587404804951124
9.684627816025518
9.78193865746591
9.879338534852923
9.976828666388315
10.074410283161297
10.172084629421079
10.269852962855797
10.367716554878074
10.46567669091736
10.563734670719331
10.6618918086525
10.760149434022338
10.858508891393091
10.956971540917573
11.055538758675166
11.154211937018331
11.252992484927866
11.351881828377216
11.45088141070615
11.54999269300408
11.649217154503377
11.74855629298299
11.848011625182744
11.947584687228659
12.047277035069667
12.14709024492612
12.247025913750521
12.34708565970084
12.447271122626926
12.54758396457043
12.64802587027873
12.748598547733348
12.849303728693393
12.950143169254563
13.051118650424263
13.152231978713425
13.25348498674568
13.354879533884455
13.456417506878738
13.558100820528143
13.659931418368052
13.761911273375567
13.864042388697085
13.966326798398306
14.068766568237578
14.171363796463453
14.274120614637424
14.377039188482842
14.480121718761062
14.583370442175873
14.686787632307425
14.790375600576784
14.894136697242422
14.998073312429943
15.102187877196439
15.206482864630912
15.310960790992334
15.415624216886885
15.520475748486119
15.625518038787792
15.730753788921238
15.836185749499235
15.941816722018455
16.04764956031064
16.153687172046826
16.25993252029703
16.3663886251479
16.473058565381077
16.5799454802151
16.687052571113757
16.7943831036642
16.90194040952802
17.00972788846891
17.117749010460603
17.22600731787909
17.33450642778327
17.443250034288475
17.552241911037623
17.66148591377493
17.770985983027522
17.880746146900577
17.990770523991944
18.10106332643262
18.21162886305985
18.32247154273002
18.433595877779062
18.545006487638457
18.65670810261562
18.76870556784795
18.881003847440418
18.993608028797368
19.106523327159834
19.219755090360522
19.333308803809402
19.44719009572397
19.56140474261892
19.67595867507144
19.790857983779226
19.906108925929797
20.02171793190096
20.137691612313944
20.254036765462256
20.370760385141224
20.487869668905134
20.60537202678106
20.72327509047087
20.841586723075473
20.96031502937825
21.079468366727788
21.199055356563417
21.319084896630898
21.439566173939873
21.56050867851917
21.681922218031293
21.803816933313126
21.926203314916005
22.049092220725495
22.1724948947488
22.296422987166537
22.420888575755033
22.54590418879638
22.671482829605207
22.79763800281494
22.924383742581306
23.051734642878074
23.179705890079145
23.308313298043064
23.43757334594049
23.567503219093254
23.698120853125396
23.829444981762762
23.961495188659253
24.094291963675076
24.22785676408691
24.362212081272506
24.497381513484545
24.633389845412296
24.770263135326942
24.90802881071949
25.046715773472673
25.18635451576325
25.326977248073632
25.468618040907437
25.611312982058937
25.75510035159065
25.90002081703688
26.046117651787686
26.193436980134358
26.342028053096147
26.49194355992616
26.64323998114803
26.79597799015028
26.950222911823083
27.106045248541783
27.26352128608871
27.422733795001307
27.583772846531442
27.74673676715926
27.91173326178553
28.078880743832954
28.248309921231108
28.420165701662388
28.594609499992544
28.771822057692553
28.9520069215787
29.13539478240985
29.32224895069632
29.51287236015898
29.707616659435907
29.906894215032867
30.111194264536593
30.32110513989154
30.537345635894294
30.76081064478053
30.992639986151353
31.23432689108825
31.48789862699394
31.75623919436251
32.04372282941151
32.3576354073288
32.71209954051776
33.144030069328956