0.025227370250412613
0.07568212731582043
0.12613693407511742
0.17659182365803433
0.22704682919500893
0.27750198381746877
0.3279573206581141
0.37841287285120073
0.42886867353282276
0.479324755841196
0.5297811529169404
0.5802378979033634
0.6306950239467435
0.6811525641966125
0.7316105518060401
0.7820690199319155
0.8325280017352329
0.8829875303813736
0.9334476390403904
0.9839083608872911
1.0343697291023226
1.0848317768712548
1.135294537385665
1.1857580438432223
1.2362223294479717
1.286687427410619
1.3371533709488157
1.3876201932874441
1.438087927658902
1.4885566073033887
1.5390262654691897
1.5894969354129636
1.639968650400027
1.6904414437046413
1.7409153486102988
1.79139039841001
1.8418666264065895
1.8923440659129434
1.9428227502523574
1.993302712758784
2.0437839867771292
2.0942666056635435
2.1447506027857073
2.1952360115231215
2.2457228652673957
2.2962111974225388
2.3467010414052467
2.397192430645194
2.4476853985853237
2.498179978682137
2.5486762044059863
2.599174109241364
2.649673726687196
2.700175090257134
2.750678233479846
2.80118318989931
2.8516899930751096
2.9021986765827226
2.9527092740138197
3.0032218189765563
3.0537363450958677
3.104252886013765
3.15477147538963
3.2052921469005122
3.2558149342414247
3.30633987112564
3.3568669912849898
3.4073963284701625
3.4579279164509997
3.5084617890167973
3.5589979799766027
3.609536523159518
3.6600774524149955
3.7106208016131443
3.761166604645027
3.8117148954229645
3.862265707880837
3.912819075974388
3.963375033681527
4.013933615002635
4.064494853960869
4.115058784602464
4.1656254409970455
4.21619485723793
4.266767067442435
4.317342105752187
4.367920006333427
4.418500803377324
4.46908453110028
4.519671223744244
4.570260915577022
4.620853640892586
4.67144943401139
4.722048329280682
4.772650361074814
4.823255563795563
4.873863971872438
4.9244756197630055
4.975090541953197
5.025708772957631
5.076330347319931
5.126955299613041
5.177583664439548
5.228215476432004
5.27885077025324
5.329489580596697
5.380131942186741
5.430777889778988
5.481427458160635
5.532080682150775
5.582737596600729
5.633398236394372
5.68406263644846
5.734730831712958
5.78540285717137
5.836078747841068
5.886758538773625
5.937442265055148
5.988129961806607
6.038821664184169
6.08951740737954
6.1402172266202895
6.190921157170196
6.241629234329583
6.292341493435652
6.343057969862829
6.393778699023104
6.444503716366365
6.495233057380752
6.545966757592992
6.596704852568747
6.647447377912959
6.6981943692701975
6.748945862325004
6.799701892802246
6.850462496467463
6.901227709127219
6.951997566629451
7.002772104863831
7.05355135976211
7.104335367298479
7.155124163489925
7.205917784396591
7.256716266122126
7.307519644814057
7.358327956664143
7.409141237908735
7.459959524829151
7.510782853752027
7.561611261049693
7.612444783140536
7.663283456489371
7.714127317607806
7.764976403054622
7.8158307494361345
7.866690393406577
7.91755537166847
7.968425720973001
8.019301478120399
8.070182679960315
8.121069363392204
8.171961565365706
8.222859322881027
8.273762672989324
8.324671652793098
8.375586299446569
8.426506650156076
8.477432742180461
8.528364612831465
8.579302299474117
8.63024583952713
8.681195270463302
8.732150629809906
8.783111955149096
8.834079284118303
8.885052654410641
8.936032103775306
8.987017670017991
9.038009391001284
9.089007304645076
9.140011448926984
9.191021861882746
9.242038581606648
9.293061646251934
9.34409109403122
9.39512696321692
9.446169292141661
9.497218119198704
9.548273482842378
9.59933542158849
9.650403974014765
9.701479178761268
9.752561074530842
9.803649700089535
9.854745094267033
9.905847295957104
9.95695634411803
10.00807227777305
10.0591951360108
10.11032495798576
10.1614617829187
10.212605650097121
10.263756598875714
10.314914668676806
10.36607989899082
10.417252329376721
10.46843199946248
10.519618948945535
10.570813217593251
10.622014845243383
10.673223871804543
10.72444033725667
10.775664281651496
10.826895745113024
10.878134767837995
10.929381390096372
10.98063565223182
11.03189759466218
11.083167257879952
11.134444682452791
11.185729909023989
11.237022978312957
11.288323931115736
11.339632808305472
11.390949650832928
11.442274499726977
11.493607396095104
11.544948381123913
11.596297496079627
11.64765478230861
11.699020281237868
11.750394034375564
11.80177608331154
11.85316646971783
11.904565235349192
11.955972422043617
12.007388071722866
12.058812226393002
12.110244928144914
12.161686219154857
12.213136141684988
12.264594738083908
12.316062050787197
12.367538122317976
12.419022995287435
12.470516712395401
12.522019316430885
12.573530850272636
12.625051356889706
12.676580879342012
12.728119460780896
12.7796671444497
12.831223973684335
12.882789991913855
12.93436524266103
12.98594976954294
13.037543616271538
13.089146826654254
13.140759444594577
13.192381514092649
13.244013079245859
13.295654184249443
13.34730487339709
13.398965191081542
13.450635181795205
13.50231489013076
13.554004360781782
13.605703638543352
13.657412768312684
13.70913179508975
13.760860763977908
13.81259972018453
13.86434870902165
13.916107775906587
13.967876966362601
14.019656326019529
14.071445900614444
14.123245735992308
14.175055878106615
14.22687637302007
14.27870726690525
14.330548606045259
14.382400436834414
14.43426280577892
14.48613575949754
14.538019344722288
14.589913608299115
14.641818597188598
14.693734358466633
14.745660939325143
14.797598387072773
14.8495467491356
14.901506073057847
14.953476406502599
15.00545779725252
15.057450293210573
15.109453942400762
15.161468792968853
15.21349489318311
15.26553229143505
15.317581036240172
15.369641176238718
15.421712760196423
15.473795837005273
15.525890455684278
15.577996665380226
15.630114515368469
15.682244055053689
15.734385333970689
15.786538401785178
15.83870330829456
15.890880103428731
15.943068837250884
15.995269559958308
16.047482321883205
16.099707173493513
16.15194416539371
16.204193348325653
16.256454773169406
16.30872849094407
16.361014552808644
16.41331301006285
16.465623914147994
16.51794731664783
16.570283269289412
16.622631823943966
16.67499303262777
16.727366947503032
16.779753620878758
16.832153105211667
16.88456545310708
16.9369907173198
16.98942895075506
17.041880206469397
17.094344537671603
17.146821997723627
17.199312640141518
17.25181651859636
17.304333686915214
17.35686419908207
17.409408109238807
17.461965471686135
17.514536340884586
17.567120771455482
17.61971881818191
17.67233053600971
17.724955980048485
17.777595205572567
17.830248268022068
17.882915223003852
17.93559612629259
17.988291033831768
18.041000001734712
18.09372308628566
18.146460343940785
18.199211831329254
18.251977605254304
18.304757722694287
18.357552240803773
18.41036121691462
18.463184708537057
18.5160227733608
18.56887546925616
18.621742854275134
18.674624986652542
18.72752192480717
18.78043372734287
18.833360453049742
18.886302160905267
18.93925891007547
18.992230759916094
19.045217769973775
19.09821999998722
19.151237509888414
19.20427035980381
19.257318610055545
19.310382321162663
19.363461553842324
19.416556369011065
19.469666827786032
19.522792991486227
19.575934921633785
19.62909267995524
19.6822663283828
19.735455929055643
19.788661544321215
19.841883236736543
19.89512106906954
19.948375104300343
20.00164540562265
20.05493203644507
20.10823506039246
20.161554541307314
20.214890543251133
20.2682431305058
20.321612367575003
20.374998319185604
20.42840105028909
20.48182062606298
20.535257111912284
20.588710573470927
20.642181076603226
20.695668687405348
20.749173472206813
20.802695497571953
20.856234830301457
20.909791537433847
20.96336568624703
21.016957344259826
21.070566579233514
21.124193459173405
21.17783805233041
21.23150042720262
21.2851806525369
21.33887879733052
21.392594930832747
21.44632912254651
21.500081442230012
21.55385195989842
21.607640745825528
21.661447870545423
21.71527340485422
21.76911741981173
21.822979986743228
21.876861177241157
21.930761063166898
21.98467971665252
22.038617210102583
22.09257361619591
22.1465490078874
22.200543458409854
22.254557041275806
22.308589830279377
22.362641899498133
22.416713323294978
22.47080417632004
22.524914533512575
22.579044470102914
22.633194061614372
22.687363383865243
22.74155251297073
22.795761525344982
22.849990497703043
22.904239507062922
22.958508630747602
23.0127979463871
23.067107531920534
23.121437465598227
23.175787825983797
23.230158691956266
23.28455014271223
23.338962257767996
23.393395116961756
23.447848800455795
23.502323388738684
23.556818962627517
23.611335603270163
23.66587339214752
23.72043241107583
23.77501274220894
23.82961446804066
23.884237671407103
23.938882435489035
23.993548843814267
24.04823698026006
24.10294692905555
24.157678774784188
24.21243260238621
24.26720849716113
24.322006544770222
24.376826831239097
24.431669442960207
24.486534466695442
24.541421989578737
24.596332099118662
24.65126488320108
24.706220430091822
24.761198828439348
24.816200167277483
24.871224536028137
24.92627202450407
24.981342722911666
25.036436721853768
25.09155411233247
25.14669498575201
25.20185943392163
25.257047549058502
25.31225942379065
25.36749515115992
25.422754824624953
25.478038538064222
25.53334638577906
25.588678462496716
25.644034863373484
25.699415683997803
25.754821020393408
25.810250969022533
25.865705626789108
25.92118509104199
25.976689459578257
26.032218830646485
26.087773302950094
26.143352975650696
26.198957948371504
26.254588321200735
26.310244194695084
26.3659256698832
26.421632848269212
26.47736583183627
26.533124723050157
26.58890962486288
26.64472064071634
26.700557874546025
26.756421430784712
26.812311414366253
26.868227930729347
26.924171085821385
26.98014098610231
27.03613773854852
27.09216145065681
27.148212230448372
27.204290186472775
27.26039542781205
27.31652806408478
27.37268820545022
27.428875962612505
27.485091446824832
27.54133476989374
27.597606044183404
27.65390538261997
27.710232898695953
27.766588706474646
27.82297292059461
27.879385656274174
27.93582702931601
27.99229715611173
28.04879615364654
28.105324139503935
28.16188123187045
28.218467549540453
28.275083211920983
28.331728339036644
28.38840305153454
28.44510747068927
28.501841718407967
28.55860591723539
28.61540019035907
28.672224661614507
28.729079455490414
28.785964697134037
28.84288051235649
28.8998270276382
28.956804370134346
29.013812667680416
29.070852048797768
29.127922642699293
29.185024579295106
29.242157989198315
29.299323003730837
29.35651975492929
29.413748375550945
29.471008999079714
29.52830175973226
29.585626792464097
29.64298423297582
29.700374217719375
29.757796883904383
29.815252369504563
29.872740813264187
29.93026235470466
29.987817134131088
30.04540529263902
30.103026972121175
30.16068231527428
30.218371465606005
30.276094567441913
30.33385176593256
30.39164320706061
30.449469037648075
30.5073294053636
30.565224458729848
30.623154347130985
30.681119220820197
30.73911923092734
30.79715452946667
30.855225269344622
30.913331604367727
30.971473689250576
31.029651679623917
31.08786573204281
31.146116003994877
31.204402653908677
31.262725841162137
31.321085726091116
31.379482469998045
31.437916235160667
31.496387184840902
31.554895483293787
31.613441295776525
31.672024788557668
31.73064612892637
31.789305485201776
31.8480030267425
31.906738923956244
31.965513348309496
32.02432647233738
32.08317846965358
32.142069514960454
32.200999784059164
32.25996945386002
32.31897870239295
32.378027708817974
32.43711665343599
32.496245717699544
32.555415084223775
32.61462493679754
32.67387546039461
32.733166841185046
32.7924992665467
32.85187292507684
32.911288006603975
32.970744702199745
33.030243204191066
33.08978370617231
33.14936640301773
33.20899149089399
33.26865916727289
33.328369630944195
33.38812308202872
33.44791972199148
33.50775975365507
33.567643381213216
33.62757081024445
33.68754224772604
33.747557902048044
33.807617983027534
33.86772270192305
33.92787227144925
33.98806690579169
34.04830682062183
34.10859223311229
34.16892336195221
34.22930042736287
34.289723651113555
34.35019325653752
34.41070946854832
34.47127251365617
34.531882619984735
34.59254001728799
34.653244936967354
34.713997612089095
34.77479827740193
34.83564716935486
34.89654452611529
34.95749058758737
35.01848559543061
35.07952979307869
35.14062342575863
35.20176674051016
35.26295998620537
35.32420341356865
35.38549727519691
35.44684182558008
35.508237321121875
35.56968402016093
35.63118218299213
35.69273207188836
35.754333951122454
35.81598808698957
35.8776947478298
35.939454204051145
36.001266728152835
36.06313259474897
36.12505208059252
36.187025464599664
36.249053027874496
36.3111350537341
36.373271827733994
36.435463637693964
36.49771077372424
36.560013528252156
36.62237219604908
36.684787074257876
36.74725846242074
36.809786662507406
36.87237197894386
36.935014718641455
36.99771519102647
37.060473708070155
37.12329058431921
37.18616613692673
37.2491006856837
37.31209455305088
37.375148064191315
37.43826154700321
37.50143533215344
37.56466975311161
37.627965146184486
37.69132185055121
37.75474020829891
37.81822056445895
37.88176326704374
37.945368667084196
38.009037118667756
38.07276897897704
38.13656460832912
38.2004243702155
38.264348631342706
38.32833776167353
38.39239213446903
38.456512126331184
38.520698117246276
38.584950490629
38.649269633367346
38.7136559358682
38.77810979210377
38.84263159965877
38.90722175977845
38.9718806774174
39.0366087612893
39.101406423917396
39.16627408168601
39.231212154892845
39.29622106780223
39.361301248699355
39.42645312994545
39.491677148033894
39.5569737436474
39.6223433617162
39.68778645147728
39.753303466534696
39.81889486492098
39.88456110915966
39.95030266632898
40.016120008126705
40.08201361093624
40.14798395589386
40.21403152895729
40.28015682097553
40.346360327759974
40.41264255015697
40.479003994121605
40.54544517079306
40.61196659657129
40.678568793195254
40.745252287822616
40.812017613111024
40.87886530730095
40.94579591430018
41.01280998376995
41.07990807121278
41.1470907380621
41.214358551773586
41.28171208591843
41.34915192027839
41.416678640942806
41.48429284040765
41.55199511767647
41.61978607836354
41.68766633479904
41.75563650613648
41.82369721846233
41.89184910490794
41.96009280576385
42.02842896859646
42.096858248367255
42.16538130755448
42.23399881627751
42.30271145242386
42.37151990177892
42.44042485815859
42.50942702354474
42.5785271082237
42.647725830927776
42.71702391897994
42.78642210844172
42.85592114426445
42.92552178044387
42.99522478017831
43.06503091603041
43.134940970092586
43.20495573415631
43.27507600988527
43.3453026089926
43.41563635342227
43.48607807553471
43.5566286182968
43.62728883547651
43.69805959184204
43.76894176336581
43.83993623743344
43.91104391305776
43.982265701098015
44.05360252448457
44.125055318449064
44.19662503076039
44.26831262196648
44.34011906564227
44.412045348643886
44.48409247136931
44.55626144802572
44.62855330690377
44.700969090658894
44.77350985660002
44.84617667698582
44.918970639328755
44.99189284670729
45.06494441808631
45.1381264886463
45.21144021012128
45.28488675114607
45.35846729761297
45.43218305303834
45.50603523893929
45.58002509522092
45.65415388057446
45.728422872886604
45.80283336966057
45.87738668844916
45.95208416730038
46.02692716521591
46.101917062623066
46.1770552618606
46.252343187678896
46.327782287755085
46.40337403322368
46.47911991922317
46.555021465459404
46.63108021678607
46.70729774380327
46.78367564347464
46.86021553976382
46.93691908429102
47.01378795701045
47.090823866909474
47.168028552730284
47.24540378371508
47.32295136037563
47.400673115288214
47.478570913915036
47.55664665545315
47.634902273712036
47.71333973802109
47.79196105416818
47.870768265370714
47.949763453280525
48.02894873902407
48.108326284279464
48.187898292392
48.267667009529816
48.34763472588155
48.4278037768978
48.50817654457848
48.588755458808116
48.669542998741235
48.75054169424036
48.83175412736886
48.913182933941464
48.994830805135045
49.076700489162675
49.158794793013996
49.24111658426517
49.3236687929619
49.4064544135791
49.4894765070612
49.57273820294713
49.65624270158432
49.73999327643647
49.8239932764899
49.90824612876377
49.99275534092972
50.07752450404689
50.162557295418594
50.247857481577384
50.3334289214057
50.419275569399744
50.50540147908474
50.59181080659033
50.67850781439544
50.76549687525257
50.85278247630234
50.94036922338946
51.02826184559282
51.11646519998256
51.20498427661838
51.29382420380449
51.38299025361728
51.472487847723656
51.5623225635088
51.65250014053414
51.743026487347336
51.83390768866858
51.92515001297877
52.01675992053782
52.10874407186337
52.20110933670286
52.293862803534836
52.38701178963837
52.48056385177293
52.57452679751497
52.66890869730158
52.763717897236205
52.85896303271671
52.95465304295168
53.05079718643735
53.14740505747436
53.244486603812014
53.34205214551582
53.44011239516476
53.538678479495076
53.63776196262058
53.73737487097288
53.83752972012108
53.93823954364838
54.03951792428295
54.141379027503774
54.24383763786798
54.34690919833593
54.450609852904385
54.554956492896956
54.659966807305516
54.76565933762785
54.872053537705945
54.97916983913812
55.08702972291774
55.19565579804423
55.30507188796044
55.41530312579765
55.52637605955903
55.63831876854899
55.751160992565346
55.864934275620385
55.9796721262548
56.09541019686616
56.21218648490519
56.330041559315816
56.44901881623276
56.569164768731085
56.69052937638484
56.813166421585294
56.937133941059365
57.06249472290096
57.18931688179913
57.3176745281728
57.447648550816176
57.5793275377169
57.71280886634237
57.848200003480244
57.98562006650224
58.125201713909576
58.267093455007135
58.41146249923969
58.558498309238615
58.70841708443836
58.86146749457868
59.017938121514405
59.178167282241795
59.34255624607364
59.511587415243696
59.68584998228634
59.86607724893396
60.05320290239827
60.24844969515346
60.45347706412949
60.67064480190807
60.90353056123676
61.15809069999492
61.44586499984599
61.796999896670236