0.05932817792025543
0.17798572537614823
0.2966468479893534
0.4153139302355386
0.53398935814739
0.6526755199390822
0.771374806632411
0.8900896126850721
1.008822336621567
1.127575381667223
1.2463511563858218
1.365152075321331
1.483980559644246
1.6028390378030477
1.7217299461813036
1.8406557297609307
1.9596188427921644
2.0786217494707766
2.197666924623109
2.3167568543994816
2.435894036976578
2.555080983269389
2.6743202176533436
2.7936142786972535
2.9129657199077172
3.0323771104856565
3.151851036095672
3.271390099648925
3.390996922100282
3.5106741432604744
3.6304244226240563
3.7502504402139714
3.8701548974435673
3.990140517996921
4.110210048728386
4.2303662605822865
4.3506119495337385
4.470949937551606
4.591383073584643
4.711914234571916
4.832546326478644
4.953282285358664
5.074125078444729
5.195077705267963
5.31614319880781
5.437324626673899
5.558625092321292
5.680047736300674
5.801595737545087
5.923272314694929
6.045080727462968
6.167024278041251
6.289106312551864
6.411330222543583
6.533699446536591
6.65621747161751
6.778887835087141
6.901714126163417
7.024699987742208
7.147849118218758
7.271165273372679
7.394652268319595
7.5183139795326905
7.64215434693761
7.76617737608432
7.890387140399797
8.01478778352557
8.139383521744428
8.264178646500834
8.38917752701983
8.514384613029563
8.639804437592803
8.765441620053211
8.89130086910243
9.017386985974436
9.143704867774069
9.270259510946993
9.397056014898892
9.524099585772166
9.651395540388927
9.778949310369718
9.90676644643798
10.034852622920951
10.163213642458484
10.291855440931947
10.420784092626368
10.550005815639775
10.679526977554776
10.809354101388475
10.93949387183801
11.069953141840259
11.200738939465676
11.331858475167731
11.463319149411054
11.595128560703202
11.72729451405693
11.859825029911974
11.992728353547705
12.126012965020587
12.259687589663159
12.393761209184381
12.528243073414531
12.663142712741596
12.798469951290203
12.93423492089863
13.07044807595449
13.207120209155123
13.34426246826496
13.481886373948756
13.620003838767285
13.758627187430303
13.897769178411032
14.037443027036755
14.177662430181735
14.318441592701744
14.459795255763964
14.60173872724254
14.744287914368394
14.887459358842772
15.03127027464747
15.175738588811269
15.320882985422319
15.466722953210503
15.613278837062957
15.760571893880547
15.90862435323435
16.057459483339887
16.207101662934512
16.357576459721447
16.508910716134324
16.661132643281107
16.814271924048462
16.968359826490563
17.123429328793794
17.279515257305953
17.436654439351283
17.594885872828762
17.75425091491943
17.914793492621552
18.076560338303725
18.23960125403537
18.40396940914365
18.569721676286807
18.736919012364307
18.905626891854094
19.075915801742706
19.24786180918022
19.421547215464056
19.597061313086126
19.774501266573612
19.953973142997317
20.13559312470299
20.319488945584663
20.505801603835287
20.69468741968272
20.886320527754204
21.080895922783686
21.27863321795236
21.479781332703613
21.684624409957678
21.893489384973645
22.106755812179138
22.32486884016556
22.548356675158352
22.77785460989541
23.01413894507258
23.258176344407715
23.511198286177734
23.77481842410503
24.05122802040497
24.343545151475
24.65650036151102
24.997975340466873
25.383252651079854
25.85229437979902