0.027833329797773202
0.08350001647319046
0.1391667843885628
0.19483368770500203
0.2505007805853325
0.3061681171947763
0.3618357517016386
0.4175037382779928
0.4731721311003661
0.528840984350425
0.5845103522156615
0.6401802888900787
0.6958508485748773
0.7515220854791421
0.807194053820529
0.8628668078259518
0.9185404017322704
0.9742148897869775
1.029890326248888
1.0855667653888275
1.1412442614903202
1.1969228688502807
1.2526026417797016
1.3082836346043463
1.3639659016654389
1.4196494973203557
1.475334475943319
1.5310208919260881
1.586708799678655
1.6423982536299366
1.6980893082284712
1.7537820179431132
1.8094764372637306
1.8651726207019008
1.9208706227916108
1.9765704980899532
2.0322723011778288
2.087976086660645
2.1436819091690187
2.1993898233594784
2.2550998839151672
2.310812145546548
2.366526662992108
2.4222434910190658
2.4779626844240785
2.5336842980339527
2.589408386706349
2.645135005330499
2.700864208827913
2.7565960521530957
2.81233059029426
2.8680678782740423
2.9238079711502207
2.979550924016432
3.0352967920028933
3.0910456302771214
3.1467974940446566
3.2025524385497857
3.258310519076268
3.3140717909480624
3.369836309530055
3.42560413022879
3.4813753084932
3.5371498998153412
3.592927959731126
3.6487095438210613
3.7044947077109835
3.7602835070728027
3.816075997625241
3.8718722351345773
3.927672275415392
3.983476174331313
4.039283987795767
4.095095771772728
4.1509115822774705
4.2067314753773255
4.262555507192435
4.3183837338965105
4.374216211717598
4.4300529969388345
4.485894145899218
4.54173971499437
4.597589760677309
4.65344433945922
4.709303507910226
4.765167322660169
4.821035840399381
4.876909117879472
4.932787211914109
4.988670179379798
5.044558077216681
5.100450962429318
5.15634889208748
5.212251923326949
5.268160113350313
5.324073519427765
5.37999219889791
5.435916209168565
5.491845607717572
5.547780452093607
5.603720799916997
5.659666708880529
5.715618236750278
5.7715754413664255
5.827538380644084
5.883507112574128
5.939481695224021
5.9954621867386555
6.051448645341184
6.107441129333865
6.1634396970989025
6.219444407099295
6.2754553178796835
6.331472488067207
6.387495976372356
6.443525841589836
6.4995621425994266
6.5556049383668515
6.611654287944645
6.667710250473029
6.723772885180786
6.779842251386145
6.83591840849766
6.8920014160151
6.948091333530343
7.004188220728265
7.060292137387647
7.116403143382069
7.172521298680825
7.228646663349826
7.28477929755252
7.340919261550807
7.397066615705964
7.453221420479569
7.5093837364344305
7.56555362423553
7.621731144650951
7.677916358552828
7.734109326918291
7.790310110830421
7.846518771479203
7.902735370162487
7.958959968286955
8.015192627369089
8.071433409036144
8.127682375027135
8.183939587193802
8.240205107501623
8.296478998030787
8.352761320977201
8.40905213865349
8.465351513490006
8.52165950803584
8.57797618495984
8.634301607051635
8.690635837222656
8.74697893850718
8.803330974063359
8.859692007174269
8.916062101248956
8.972441319823492
9.028829726562032
9.085227385257884
9.141634359834576
9.198050714346934
9.254476512982164
9.310911820060936
9.367356700038489
9.423811217505715
9.480275437190281
9.536749423957723
9.593233242812577
9.6497269588995
9.706230637504392
9.762744344055546
9.819268144124774
9.875802103428567
9.932346287829251
9.988900763336138
10.045465596106704
10.102040852447757
10.158626598816628
10.215222901822345
10.271829828226842
10.32844744494615
10.385075819051615
10.441715017771102
10.498365108490232
10.555026158753604
10.611698236266028
10.668381408893781
10.725075744665853
10.7817813117752
10.838498178580025
10.89522641360504
10.951966085542756
11.008717263254768
11.06548001577306
11.122254412301299
11.179040522216162
11.235838415068647
11.292648160585411
11.349469828670104
11.406303489404715
11.46314921305093
11.520007070051493
11.57687713103158
11.633759466800177
11.690654148351472
11.747561246866253
11.804480833713313
11.861412980450869
11.918357758827986
11.97531524078601
12.032285498460014
12.089268604180253
12.146264630473619
12.203273650065121
12.260295735879366
12.317330961042046
12.374379398881443
12.431441122929941
12.488516206925542
12.545604724813407
12.602706750747389
12.659822359091592
12.716951624421926
12.774094621527691
12.831251425413152
12.888422111299136
12.94560675462464
13.002805431048445
13.060018216450747
13.117245186934795
13.174486418828534
13.231741988686283
13.28901197329039
13.346296449652934
13.40359549501741
13.46090918686044
13.518237602893498
13.575580821064644
13.632938919560262
13.690311976806825
13.747700071472662
13.805103282469743
13.862521688955471
13.9199553703345
13.977404406260545
14.034868876638225
14.09234886162491
14.149844441632585
14.207355697329717
14.264882709643159
14.322425559760038
14.379984329129686
14.437559099465563
14.495149952747203
14.55275697122218
14.61038023740808
14.668019834094485
14.725675844344993
14.783348351499225
14.84103743917486
14.898743191269697
14.95646569196371
15.014205025721132
15.071961277292562
15.12973453171707
15.187524874324323
15.245332390736749
15.303157166871681
15.360999288943555
15.418858843466088
15.47673591725451
15.534630597427785
15.592542971410865
15.65047312693695
15.708421152049784
15.766387135105946
15.824371164777178
15.882373330052724
15.940393720241685
15.9984324249754
16.056489534209835
16.114565138228006
16.17265932764241
16.23077219339748
16.288903826772064
16.3470543193819
16.405223763182168
16.463412250469982
16.521619873886976
16.579846726421877
16.638092901413085
16.69635849255132
16.754643593882236
16.812948299809108
16.871272705095503
16.929616904867995
16.98798099461889
17.046365070208978
17.104769227870324
17.163193564209056
17.221638176208184
17.28010316123046
17.338588617021248
17.397094641711405
17.455621333820233
17.514168792258392
17.572737116330888
17.63132640574008
17.689936760588672
17.748568281382806
17.807221069035087
17.865895224867735
17.924590850615676
17.983308048429723
18.042046920879752
18.100807570957908
18.159590102081857
18.218394618098056
18.27722122328504
18.336070022356758
18.39494112046593
18.453834623207438
18.51275063662174
18.57168926719831
18.630650621879134
18.689634808062213
18.748641933605107
18.807672106828505
18.866725436519836
18.925802031936918
18.98490200281162
19.04402545935357
19.103172512253902
19.16234327268903
19.221537852324452
19.28075636331862
19.339998918326785
19.399265630504942
19.458556613513778
19.517871981522656
19.57721184921366
19.636576331785644
19.695965544958344
19.755379604976525
19.814818628614166
19.874282733178674
19.933772036515155
19.993286657010714
20.0528267135988
20.112392325763597
20.171983613544448
20.231600697540326
20.291243698914364
20.350912739398392
20.41060794129755
20.470329427494935
20.530077321456307
20.589851747234803
20.649652829475745
20.70948069342147
20.769335464916193
20.82921727041096
20.889126236968615
20.949062492268826
21.009026164613168
21.06901738293024
21.129036276780877
21.18908297636333
21.24915761251861
21.30926031673577
21.36939122115735
21.429550458584778
21.489738162483906
21.549954466990556
21.610199506916132
21.670473417753307
21.730776335681735
21.79110839757387
21.851469741000784
21.911860504238106
21.972280826271987
22.03273084680513
22.093210706262898
22.15372054579946
22.214260507304047
22.274830733407217
22.335431367487235
22.396062553676483
22.456724436867972
22.517417162721898
22.57814087767228
22.63889572893365
22.69968186450786
22.76049943319092
22.821348584579905
22.88222946907998
22.943142237911477
23.004087043117018
23.06506403756877
23.12607337497576
23.187115209891253
23.248189697720218
23.3092969947269
23.370437258042443
23.431610645672624
23.492817316505644
23.554057430320047
23.61533114779268
23.676638630506783
23.737980040960153
23.79935554257338
23.860765299698226
23.922209477626048
23.983688242596337
24.045201761805373
24.106750203414947
24.168333736561205
24.22995253136358
24.29160675893383
24.353296591385206
24.415022201841666
24.47678376444727
24.538581454375628
24.600415447839488
24.66228592210042
24.72419305547863
24.78613702736287
24.84811801822049
24.910136209607586
24.97219178417928
25.034284925700113
25.096415819054595
25.158584650257826
25.220791606466292
25.283036875988767
25.345320648297374
25.407643114038734
25.47000446504528
25.53240489434674
25.59484459618168
25.65732376600927
25.719842600521147
25.78240129765344
25.845000056598934
25.907639077819415
25.970318563058125
26.033038715352397
26.095799739046463
26.158601839804387
26.221445224623192
26.28433010184613
26.34725668117614
26.41022517368946
26.473235791849444
26.53628874952049
26.599384261982234
26.662522545943858
26.72570381955861
26.78892830243851
26.852196215669256
26.915507781825298
26.97886322498514
27.04226277074682
27.1057066462436
27.169195080159888
27.2327283027473
27.296306545841038
27.35993004287639
27.423599028905517
27.487313740614418
27.551074416340164
27.614881296088342
27.67873462155072
27.742634636123192
27.806581584923933
27.87057571481182
27.934617274405095
27.998706514100295
28.062843686091423
28.12702904438942
28.191262844841877
28.25554534515301
28.319876804903974
28.38425748557339
28.448687650558202
28.51316756519483
28.57769749678059
28.642277714595465
28.706908489924132
28.77159009607837
28.83632280841971
28.901106904382495
28.96594266349719
29.030830367414122
29.09577029992745
29.160762746999616
29.225807996786035
29.29090633966023
29.356058068239292
29.42126347740974
29.486522864353756
29.551836528575798
29.617204771929654
29.68262789864583
29.748106215359428
29.813640031138394
29.879229657512198
29.944875408500984
30.010577600645128
30.076336553035254
30.142152587342743
30.208026027850668
30.27395720148524
30.339946437847725
30.405994069246873
30.47210043073184
30.53826586012564
30.604490698059116
30.670775288005444
30.737119976315196
30.803525112251958
30.869991048028524
30.936518138843653
31.00310674291942
31.06975722153921
31.136469939086275
31.203245263082948
31.270083564230504
31.336985216449655
31.403950596921725
31.470980086130503
31.5380740679048
31.605232929461714
31.67245706145058
31.73974685799773
31.807102716751952
31.874525038930738
31.942014229367313
32.009570696558484
32.07719485271328
32.14488711380246
32.21264789960883
32.28047763377851
32.348376743873
32.41634566142222
32.48438482197849
32.55249466517139
32.62067563476365
32.68892817870804
32.75725274920523
32.82564980276271
32.8941198002548
32.962663206983656
33.031280492741494
33.09997213187387
33.16873860334414
33.2375803907991
33.306497982635875
33.37549187206998
33.44456255720466
33.513710541101624
33.58293633185295
33.65224044265445
33.72162339188044
33.79108570315983
33.86062790545373
33.9302505331346
33.9999541260668
34.06973922968879
34.139606395096926
34.20955617913081
34.27958914446044
34.349705859674955
34.41990689937322
34.490192844256164
34.560564281221005
34.631021803457315
34.701566010545065
34.77219750855465
34.84291691014888
34.9137248346872
34.984621908331896
35.05560876415659
35.12668604225696
35.197854389863735
35.26911446145813
35.34046691888961
35.41191243149624
35.483451676227524
35.555085337769896
35.62681410867489
35.69863868949011
35.770559788892946
35.842578123827344
35.91469441964341
35.986909410240216
36.05922383821169
36.13163845499578
36.204154021026895
36.27677130589188
36.34949108848936
36.42231415719284
36.49524131001744
36.568273354790485
36.641411109325965
36.71465540160317
36.78800706994934
36.86146696322666
36.93503594102369
37.00871487385125
37.082504643342986
37.15640614246083
37.23042027570524
37.304547959330684
37.37879012156625
37.45314770284173
37.52762165601923
37.60221294663051
37.676922553120285
37.75175146709552
37.82670069358108
37.901771251281836
37.976964172851446
38.05228050516798
38.127721309616724
38.203287662380276
38.278980654736195
38.35480139336248
38.43075100065113
38.50683061502998
38.5830413912932
38.65938450094064
38.73586113252636
38.812472492016674
38.88921980315796
38.96610430785467
39.04312726655778
39.12028995866409
39.197593682926765
39.27503975787751
39.3526295222607
39.430364335480014
39.508245578057924
39.58627465210856
39.664452981824326
39.74278201397695
39.8212632184333
39.89989808868661
39.9786881424037
40.05763492198869
40.13673999516397
40.21600495556893
40.2954314233772
40.37502104593317
40.45477549840831
40.534696484478395
40.61478573702214
40.69504501884226
40.775476123409796
40.85608087563268
40.93686113264941
41.017818784648995
41.09895575571812
41.18027400471676
41.261775526183314
41.343462351270595
41.42533654871395
41.5074002258328
41.58965552956714
41.672104647550505
41.75474980922086
41.837593286971256
41.920637397341885
42.00388450225545
42.08733701029777
42.17099737804569
42.25486811144446
42.33895176723686
42.423250954446516
42.507768335917895
42.59250662991574
42.677468611786715
42.762657115686345
42.84807503637438
42.93372533108195
43.01961102145409
43.105735195571434
43.19210101005502
43.27871169225854
43.36557054255243
43.45268093670472
43.54004632836359
43.62767025164711
43.71555632384599
43.80370824824523
43.892129817071456
43.980824914572665
44.06979752023794
44.15905171216491
44.248591670583515
44.33842168154497
44.428546140785635
44.5189695577761
44.60969655996651
44.700731897239926
44.7920804465865
44.883747217012015
44.97573735469538
45.06805614841095
45.16070903523237
45.25370160653636
45.34703961432596
45.44072897789439
45.534775790852485
45.62918632854429
45.72396705587768
45.819124635598676
45.914665937041235
46.01059804538611
46.10692827146601
46.20366416215714
46.30081351140091
46.39838437190346
46.49638506756501
46.59482420669592
46.693710696081496
46.79305375596378
46.89286293601488
46.99314813238372
47.09391960590666
47.19518800158099
47.296964369410865
47.39926018674685
47.50208738225262
47.605458361647344
47.70938603538834
47.813883848477076
47.91896581259253
48.02464654077955
48.13094128494684
48.23786597645992
48.34543727014929
48.45367259209443
48.562590191590225
48.67220919775541
48.78254968130399
48.89363272207148
49.00548048296986
49.118116291141426
49.23156472719339
49.34585172352632
49.46100467292446
49.57705254875769
49.69402603836183
49.81195769142079
49.930882085482196
50.05083601110706
50.17185867960011
50.29399195680716
50.41728062712443
50.5417726926712
50.667519713571274
50.794577196521345
50.92300504036322
51.052868049310554
51.18423652692965
51.31718696709909
51.45180286219533
51.58817565397543
51.72640585947952
51.86660441335515
52.00889428017653
52.15341240684659
52.30031210788277
52.44976600808346
52.601969712020924
52.757146434686604
52.915552923119066
53.077487142537635
53.243298422067426
53.41340110638534
53.588293334332604
53.768583540785045
53.95502900469501
54.14859398018574
54.35054130122884
54.562584873328575
54.787162054507974
55.027968268370536
55.29115625949668
55.58864695002731
55.95158443816673