0.03345149982855369
0.10035456739027784
0.16725783866764427
0.23416144947705447
0.30106553564387056
0.36797023300600035
0.4348756774174834
0.5017820047520786
0.5686893509068529
0.6355978518057723
0.7025076434032942
0.7694188616879627
0.8363316426860066
0.9032461224649396
0.9701624371371647
1.0370807228635808
1.1040011158571943
1.170923752386734
1.2378487687802706
1.30477630142884
1.371706486790073
1.4386394613918292
1.5055753618358352
1.5725143248013316
1.6394564870487223
1.706401985423233
1.7733509568585755
1.8403035383806172
1.9072598671110599
1.9742200802711258
2.04118431518525
2.1081527092847803
2.1751254001116913
2.2421025253222964
2.30908422269098
2.3760706301139303
2.4430618856128885
2.5100581273389
2.577059493576085
2.6440661227454108
2.71107815340848
2.7780957242713282
2.8451189741882352
2.9121480421655437
2.979183067365491
3.0462241891100574
3.113271546884823
3.1803252803428363
3.2473855293085006
3.3144524337814696
3.38152613394056
3.4486067701476775
3.5156944829517545
3.582789413092708
3.649891701505408
3.7170014893236636
3.7841189178842245
3.8512441287307997
3.91837726361809
3.985518464515843
4.052667873612917
4.11982563332137
4.186991886280564
4.254166775361289
4.321350443669897
4.388543034552473
4.455744691599006
4.522955558647594
4.590175779788658
4.657405499369191
4.724644861997009
4.7918940125450415
4.859153096155631
4.9264222582448625
4.99370164450691
5.060991400918407
5.128291673742849
5.195602609534999
5.262924355145345
5.3302570577245545
5.397600864727977
5.464955923920155
5.532322383379369
5.599700391502208
5.667090097008168
5.734491648944269
5.801905196689712
5.869330889960557
5.936768878814428
6.004219313655249
6.071682345238015
6.139158124673581
6.206646803433494
6.274148533354842
6.341663466645152
6.409191755887301
6.476733554044472
6.54428901446514
6.611858290888088
6.679441537447458
6.747038908677841
6.8146505595193965
6.882276645323006
6.949917321855472
7.017572745304742
7.0852430722851745
7.152928459842845
7.220629065460887
7.288345047064873
7.356076563028234
7.423823772177715
7.491586833798887
7.559365907641673
7.627161153925943
7.694972733347136
7.762800807081924
7.830645536793932
7.898507084639486
7.96638561327342
8.034281285854922
8.102194266053424
8.170124718054542
8.238072806566066
8.306038696823999
8.374022554598628
8.442024546200678
8.510044838487477
8.57808359886921
8.64614099531519
8.714217196360211
8.782312371110939
8.850426689252357
8.918560321054269
8.98671343737786
9.054886209682316
9.123078810031487
9.191291411100625
9.259524186183176
9.327777309197623
9.396050954694406
9.464345297862888
9.532660514538389
9.600996781209295
9.669354275024212
9.737733173799194
9.80613365602505
9.874555900874688
9.943000088210562
10.011466398592164
10.079955013283591
10.148466114261197
10.216999884221295
10.28555650658795
10.35413616552084
10.42273904592319
10.49136533344979
10.560015214515085
10.628688876301338
10.697386506766891
10.766108294654488
10.834854429499693
10.903625101639387
10.972420502220347
11.041240823207914
11.110086257394759
11.178956998409705
11.247853240726686
11.316775179673751
11.3857230114422
11.45469693309578
11.523697142580003
11.592723838731542
11.661777221287737
11.7308574908962
11.79996484912451
11.869099498470025
11.938261642369788
12.007451485210545
12.076669232338865
12.145915090071373
12.215189265705098
12.284491967527911
12.353823404829118
12.423183787910121
12.492573328095236
12.561992237742604
12.631440730255237
12.700919020092185
12.77042732277982
12.839965854923259
12.909534834217899
12.979134479461104
13.048765010564008
13.118426648563451
13.18811961563407
13.257844135100509
13.327600431449783
13.397388730343778
13.467209258631895
13.537062244363852
13.606947916802628
13.676866506437559
13.746818244997586
13.816803365464676
13.886822102087379
13.956874690394569
14.026961367209337
14.097082370663049
14.167237940209587
14.237428316639756
14.307653742095855
14.377914460086451
14.448210715501315
14.518542754626539
14.588910825159864
14.659315176226173
14.729756058393184
14.800233723687356
14.870748425609964
14.941300419153409
15.011889960817705
15.0825173086272
15.153182722147498
15.223886462502595
15.294628792392238
15.36540997610952
15.436230279558677
15.50708997027314
15.577989317433817
15.648928591887593
15.719908066166115
15.790928014504775
15.861988712861994
15.933090438938713
16.00423347219819
16.075418093886025
16.146644587050474
16.21791323656304
16.289224329139323
16.360578153360162
16.43197499969309
16.50341516051403
16.57489893012935
16.646426604798176
16.717998482755014
16.789614864232735
16.861276051485824
16.93298234881399
17.004734062586078
17.076531501264345
17.148374975429086
17.220264797803555
17.292201283279315
17.364184748941902
17.436215514096858
17.50829390029618
17.580420231365096
17.652594833429276
17.724818034942416
17.797090166714224
17.869411561938836
17.94178255622364
18.014203487618506
18.086674696645495
18.159196526328977
18.2317693222262
18.30439343245834
18.377069207742007
18.449797001421217
18.522577169499872
18.59541007067472
18.668296066368832
18.741235520765567
18.814228800843104
18.88727627640947
18.960378320138144
19.03353530760418
19.106747617320938
19.180015630777362
19.253339732475865
19.326720309970803
19.400157753907564
19.473652458062293
19.547204819382245
19.620815238026772
19.694484117409026
19.76821186423826
19.841998888562898
19.915845603814255
19.989752426851002
20.063719778004355
20.137748081124016
20.211837763624878
20.28598925653451
20.360202994541435
20.434479416044233
20.50881896320145
20.583222081982374
20.65768922221869
20.732220837656968
20.806817386012117
20.88147932902171
20.95620713250127
21.031001266400544
21.105862204860703
21.180790426272587
21.255786413335983
21.33085065311992
21.40598363712405
21.48118586134113
21.55645782632063
21.63180003723345
21.707213003937856
21.782697241046574
21.858253267995124
21.933881609111417
22.009582793686583
22.08535735604719
22.161205835628714
22.237128777050437
22.313126730191723
22.38920025026974
22.465349897918635
22.541576239270217
22.617879846036175
22.694261295591893
22.770721171061826
22.847260061406573
22.92387856151161
23.000577272277773
23.077356800713485
23.154217760028825
23.231160769731435
23.30818645572434
23.385295450405728
23.46248839277069
23.539765928515074
23.617128710141362
23.694577397066762
23.772112655733473
23.849735159721224
23.92744558986212
24.005244634357886
24.083132988899536
24.16111135678954
24.239180449066588
24.317340984632946
24.39559369038455
24.473939301343865
24.55237856079556
24.63091222042517
24.7095410404607
24.78826578981734
24.867087246245333
24.946006196481108
25.025023436401725
25.10413977118278
25.183356015459825
25.262672993493386
25.342091539337737
25.42161249701348
25.501236720684084
25.580965074836403
25.660798434465452
25.740737685263376
25.82078372381286
25.90093745778506
25.981199806142186
26.061571699344892
26.142054079564584
26.222647900900828
26.303354129603957
26.384173744303112
26.465107736239776
26.546157109507075
26.627322881294923
26.70860608214125
26.790007756189524
26.871528961452622
26.953170770083442
27.034934268652332
27.116820558431563
27.198830755687126
27.28096599197805
27.363227414463427
27.44561618621755
27.528133486553198
27.610780511353568
27.693558473412946
27.776468602786526
27.859512147149633
27.942690372166645
28.02600456186999
28.1094560190495
28.193046065652542
28.276776043195213
28.360647313185044
28.444661257555595
28.52881927911331
28.613122801997157
28.697573272151388
28.782172157811985
28.866920950007216
28.951821163072857
29.036874335182535
29.122082028893864
29.20744583171083
29.292967356663105
29.37864824290288
29.464490156319922
29.55049479017546
29.636663865755715
29.722999133045747
29.809502371424443
29.896175390381465
29.98302003025699
30.070038163005194
30.157231692982332
30.24460255776054
30.332152728968232
30.419884213158294
30.507799052705156
30.595899326731967
30.684187152069075
30.772664684245186
30.86133411851252
30.950197690907466
31.039257679348204
31.128516404770966
31.21797623230652
31.307639572498744
31.397508882567116
31.487586667715036
31.577875482486128
31.66837793217066
31.75909667426437
31.850034419982133
31.94119393582905
32.03257804523162
32.12418963023184
32.21603163324736
32.30810705890069
32.40041897592099
32.492970519121975
32.58576489145964
32.67880536617393
32.772095289018495
32.865638080583096
32.959437238713406
33.0534963410333
33.14781904757504
33.24240910352301
33.33727034207721
33.43240668744291
33.527822157953395
33.62352086933315
33.71950703810942
33.8157849851804
33.91235913954908
34.009234042232286
34.106414350355095
34.20390484144169
34.301710417914165
34.399836111812014
34.49828708974564
34.5970686580984
34.69618626849266
34.79564552353652
34.895452182869235
34.9956121695245
35.09613157663262
35.19701667448383
35.29827391797707
35.39990995448062
35.501931632132525
35.604346008611955
35.70716036041443
35.8103821926672
35.914019249523925
36.018079525181264
36.122571275563836
36.227503030728116
36.33288360804038
36.43872212618917
36.545028020098
36.65181105681075
36.75908135242875
36.86684939018675
36.97512603976328
37.08392257793085
37.1932507106621
37.303122596820444
37.413550873576995
37.52454868371138
37.63612970497104
37.74830818168342
37.86109895883744
37.97451751887595
38.088580021469326
38.20330334657304
38.31870514110919
38.43480386965469
38.551618869567605
38.669170411039644
38.78747976262754
38.906569262891715
39.026462398857575
39.14718389211687
39.268759793505254
39.39121758743177
39.51458630709977
39.6388966620527
39.764181179707634
39.89047436281273
40.017812865091614
40.14623568772971
40.27578439983089
40.40650338654632
40.53844012927645
40.67164552320363
40.806174238468486
40.94208513261239
41.07944172354238
41.218312734328805
41.35877272374684
41.500902819792174
41.64479157767354
41.790535989333435
41.93824267882569
42.088029327522975
42.2400263860555
42.39437914742494
42.551250279865585
42.71082295169519
42.87330472814903
43.038932489116654
43.20797871816427
43.38075966588743
43.557646126038776
43.73907793606553
43.92558392433522
44.117810062570484
44.31656041668637
44.52285890442373
44.738046619860675
44.96394385543739
45.20313952228369
45.459559240584284
45.73973977186818
46.0563476592518
46.4424797161739