0.035989217687723306
0.1079677509408648
0.17994657783055146
0.2519258941260155
0.3239058956137938
0.39588677810465167
0.4678687374405102
0.539851969501376
0.6118366702122754
0.6838230355501922
0.7558112615510126
0.8278015443164751
0.8997940800211265
0.9717890649192872
1.0437866953520232
1.1157871677541282
1.1877906786611143
1.2597974247162136
1.3318076026773924
1.403821409424374
1.475839041965677
1.5478606974456672
1.6198865731516199
1.6919168665208013
1.7639517751475637
1.8359914967904565
1.9080362293793558
1.9800861710226094
2.0521415200142035
2.124202474840947
2.1962692341896752
2.2683419969544762
2.3404209622439396
2.4125063293884224
2.4845982979473464
2.5566970677165126
2.628802838735444
2.7009158112947533
2.7730361859435377
2.8451641634967983
2.9172999450428914
2.9894437319510057
3.0615957258786715
3.1337561287792988
3.2059251429097473
3.278102970837929
3.350289815450444
3.42248587996025
3.4946913679143665
3.566906483201615
3.639131430060396
3.7113664130865036
3.7836116372409774
3.855867307857996
3.9281336306528085
4.000410811729708
4.072699057590048
4.144998575140303
4.217309571700164
4.289632255010698
4.3619668332425325
4.4343135150041
4.506672509349926
4.579044025788967
4.651428274293001
4.723825465305062
4.79623580974793
4.8686595190326845
4.941096805067289
5.013547880265256
5.08601295755435
5.158492250385358
5.230985972740914
5.303494339144385
5.376017564668819
5.448555864945948
5.5211094561752665
5.593678555133163
5.666263379182124
5.738864146279999
5.811481074989341
5.884114384486808
5.9567642945726424
6.029431025680218
6.102114798885657
6.174815835917534
6.2475343591666395
6.320270591695829
6.393024757249956
6.465797080265869
6.53858778588251
6.611397099951075
6.684225249045278
6.757072460471683
6.829938962280138
6.902824983274288
6.97573075302218
7.048656501866969
7.1216024609376944
7.194568862160184
7.267555938268025
7.340563922813645
7.413593050179498
7.486643555589349
7.559715675119648
7.632809645711035
7.705925705179925
7.779064092230225
7.852225046465143
7.925408808399121
7.998615619469877
8.071845722050565
8.145099359462051
8.218376775985314
8.291678216873963
8.365003928366882
8.438354157701
8.511729153124191
8.585129163908306
8.658554440362321
8.73200523384566
8.805481796781601
8.87898438267087
8.95251324610535
9.026068642781935
9.099650829516548
9.173260064258296
9.246896606103762
9.320560715311489
9.394252653316581
9.467972682745495
9.54172106743097
9.615498072427139
9.6893039640248
9.763139009766862
9.837003478463954
9.91089764021023
9.984821766399332
10.058776129740552
10.132761004275164
10.206776665392962
10.280823389848976
10.354901455780388
10.429011142723647
10.503152731631785
10.577326504891941
10.651532746343086
10.725771741293972
10.800043776541287
10.874349140388029
10.94868812266212
11.02306101473522
11.097468109541802
11.171909701598443
11.24638608702335
11.320897563556155
11.39544443057793
11.470026989131473
11.54464554194184
11.619300393437141
11.693991849769612
11.768720218836927
11.843485810303832
11.918288935624014
11.993129908062285
12.068009042717033
12.142926656542999
12.217883068374315
12.292878598947885
12.367913570927055
12.442988308925601
12.518103139532053
12.593258391334341
12.668454394944762
12.743691483025309
12.818969990313333
12.894290253647565
12.969652611994498
13.045057406475118
13.120504980392038
13.19599567925699
13.271529850818704
13.347107845091193
13.422730014382429
13.498396713323435
13.57410829889779
13.649865130471555
13.725667569823635
13.801515981176587
13.877410731227862
13.953352189181519
14.029340726780402
14.105376718338785
14.181460540775504
14.257592573647585
14.33377319918438
14.410002802322198
14.486281770739483
14.562610494892496
14.638989368051574
14.715418786337908
14.791899148760914
14.86843085725616
14.945014316723894
15.02164993506817
15.098338123236562
15.175079295260545
15.25187386829646
15.328722262667176
15.405624901904373
15.482582212791533
15.559594625407588
15.636662573171302
15.713786492886348
15.79096682478712
15.868204012585306
15.945498503517204
16.02285074839183
16.10026120163981
16.177730321363104
16.25525856938552
16.332846411304114
16.410494316541435
16.488202758398636
16.56597221410953
16.64380316489551
16.72169609602146
16.799651496852587
16.877669860912253
16.95575168594082
17.03389747395548
17.112107731311173
17.190382968762552
17.268723701527048
17.34713044934904
17.425603736565204
17.504144092170964
17.58275204988821
17.661428148234176
17.740172930591616
17.81898694528021
17.897870745629316
17.976824890052022
18.055849942120613
18.13494647064336
18.21411504974283
18.293356258935574
18.37267068321339
18.45205891312604
18.531521544865615
18.611059180352445
18.690672427322685
18.770361899417573
18.850128216274417
18.92997200361935
19.00989389336188
19.08989452369131
19.169974539175037
19.25013459085882
19.33037533636901
19.410697440016847
19.49110157290483
19.57158841303525
19.652158645420897
19.732812962198043
19.813552062741728
19.894376653783414
19.975287449531063
20.056285171791714
20.137370550096634
20.218544321829047
20.2998072323546
20.381160035154565
20.462603491961897
20.544138372900164
20.625765456625516
20.707485530471665
20.789299390598053
20.871207842141253
20.953211699369664
21.035311785841632
21.1175089345671
21.19980398817281
21.28219779907126
21.36469122963342
21.44728515236539
21.529980450089063
21.612778016126928
21.69567875449112
21.778683580076837
21.861793418860284
21.945009208101194
22.028331896550164
22.11176244466086
22.195301824807284
22.27895102150619
22.362711031644935
22.446582864714735
22.53056754304967
22.614666102071496
22.698879590540468
22.783209070812394
22.86765561910207
22.952220325753284
23.036904295515654
23.12170864782844
23.206634517111585
23.291683053064236
23.37685542097092
23.462152802015673
23.54757639360438
23.63312740969551
23.71880708113966
23.80461665602805
23.890557400050355
23.976630596862172
24.062837548462404
24.149179575580916
24.235658018076847
24.322274235347848
24.40902960675073
24.495925532033834
24.582963431781536
24.670144747871365
24.757470943944114
24.844943505887425
24.932563942333353
25.020333785170347
25.108254590070253
25.196327937030766
25.28455543093404
25.372938702121925
25.461479406988484
25.550179228590494
25.6390398772765
25.72806309133521
25.817250637663918
25.906604312457763
25.99612594192056
26.08581738299812
26.175680524134883
26.265717286054834
26.35592962256759
26.446319521400753
26.536889005059514
26.6276401317147
26.718574996120292
26.809695730561813
26.9010045058367
26.99250353226809
27.084195060753434
27.176081383849365
27.268164836894456
27.360447799171403
27.452932695110466
27.545621995535896
27.638518218957287
27.73162393290789
27.824941755331913
27.918474356023154
28.01222445811724
28.106194839639976
28.20038833511439
28.29480783722934
28.389456298572423
28.484336733430485
28.5794522196608
28.674805900636517
28.770400987269902
28.866240760117375
28.962328571570318
29.05866784813608
29.155262092813746
29.252114887569583
29.34922989591733
29.446610865608868
29.544261631441156
29.642186118185602
29.740388343646583
29.838872421856138
29.937642566412407
30.036703093969795
30.136058427889495
30.235713102059496
30.33567176489386
30.435939183521736
30.536520248177286
30.637419976802533
30.73864351987596
30.840196165480624
30.942083344626596
31.044310636843573
31.146883776060736
31.249808656792258
31.353091340648156
31.456738063191885
31.560755241167584
31.66514948012187
31.769927582446922
31.875096555873938
31.980663622448358
32.08663622802087
32.19302205229126
32.29982901944505
32.40706530942681
32.514739369897434
32.622859928927255
32.73143600848153
32.840476938759934
32.94999237345757
33.05999230602155
33.170487086984096
33.281487442461284
33.39300449391539
33.505049779288605
33.61763527562715
33.73077342332724
33.844477152148144
33.958759909153706
34.073635688760994
34.18911906509515
34.305225226872025
34.42197001505596
34.53936996356939
34.65744234336425
34.776205210203386
34.89567745654357
35.01587886796221
35.13683018462712
35.25855316837551
35.38107067604537
35.50440673979197
35.62858665522615
35.75363707833324
35.87958613227375
36.006463525335285
36.13430068150334
36.263130885353625
36.39298944324876
36.52391386315625
36.65594405580691
36.789122560396805
36.923494798623814
37.05910936156537
37.19601833478128
37.33427766810676
37.47394759794124
37.6150931315124
37.75778460469814
37.9020983276529
38.0481173358843
38.19593226880151
38.34564240343997
38.49735687852019
38.651196153876846
38.807293763535014
38.965798438679464
39.12687670147503
39.29071606518439
39.45752902493956
39.62755809412373
39.80108224524976
39.978425270595594
40.15996681898475
40.34615724737557
40.5375380514417
40.734770700826736
40.93867858417486
41.15031026758685
41.37103918671959
41.60272961447479
41.8480331373054
42.110970611620154
42.39823774117734
42.72280982233165
43.11859270171416