0.061850068937608436
0.18555167416360385
0.3092576818945369
0.43297102864278014
0.5566946531857538
0.6804314974748
0.804184507546919
0.9279566344401924
1.051750835113729
1.1755700733729713
1.2994173208012159
1.4232955576982103
1.5472077740266987
1.6711569703678104
1.7951461588861923
1.9191783643058158
2.043256624897394
2.1673839934783796
2.2915635384265385
2.415798344708095
2.540091514921515
2.6644461703579805
2.788865452079671
2.9133525220169827
3.0379105640858706
3.1625427853265204
3.2872524170646114
3.412042716096478
3.536916965899512
3.661878477869219
3.7869305925843766
3.9120766811018215
4.037320146282436
4.162664424149981
4.288112985284497
4.41366933625205
4.539337021072715
4.665119622728726
4.791020764714868
4.917044112633222
5.043193375834541
5.169472309108583
5.295884714425892
5.4224344427336035
5.549125395808021
5.675961528166808
5.802946849043824
5.9300854244297785
6.05738137918205
6.184838899207177
6.312462233719782
6.440255697581807
6.568223673726244
6.696370615669728
6.8247010501186365
6.953219579673592
7.08193088563757
7.210839730933123
7.339950963134533
7.469269517621121
7.598800420858252
7.7285487938130455
7.858519855512199
7.988718926749832
8.119151433953741
8.249822913219043
8.380739014518737
8.511905506101344
8.643328279086553
8.775013352270395
8.906966877152431
9.03919514319818
9.171704583351016
9.304501779808755
9.437593470081255
9.570986553346557
9.704688097124361
9.838705344287089
9.97304572043026
10.107716841625638
10.242726522582366
10.378082785243324
10.513793867846136
10.649868234480573
10.78631458517673
10.923141866561187
11.060359283121524
11.197976309122916
11.336002701224398
11.474448511846463
11.613324103346317
11.752640163062098
11.892407719293022
12.032638158288604
12.173343242326899
12.314535128969464
12.456226391589096
12.598430041275924
12.741159550237915
12.884428876823726
13.028252492308832
13.172645409600884
13.31762321403659
13.463202096461304
13.609398888803453
13.756231102379768
13.903716969194253
14.051875486524326
14.200726465122463
14.350290581401135
14.500589434014254
14.651645605300054
14.803482728109957
14.956125558616437
15.109600055772027
15.263933468183195
15.419154429269142
15.575293061699478
15.732381092249419
15.890451978380936
16.049541048057943
16.209685654539502
16.370925348174612
16.533302067555116
16.696860352781123
16.861647584071253
17.027714249526653
17.19511424655656
17.36390522232539
17.534148959625277
17.705911815864997
17.879265224462465
18.054286269920574
18.231058350371182
18.409671944544264
18.590225504168668
18.772826498023264
18.957592640628445
19.14465334744912
19.334151470252607
19.52624538204702
19.72111150244537
19.918947383763474
20.119975519283297
20.32444809344127
20.532652977908704
20.7449214015094
20.961637908486843
21.18325350736246
21.41030336885253
21.6434311779539
21.883423512560395
22.13125986505334
22.388188101392604
22.65584341369217
22.93644640976337
23.233157076659104
23.550769799233947
23.897273109062862
24.288157772482847
24.763933471936245