0.036218086284844485
0.10865435988427312
0.18109093657658448
0.25352801843591316
0.32596580755471427
0.39840450605109434
0.4708443160761449
0.5432854398212799
0.6157280795255765
0.6881724374831222
0.7606187160503666
0.8330671176534805
0.9055178447957221
0.9779711000648115
1.050427086140314
1.1228860058010328
1.195348061932414
1.2678134575339597
1.3402823957266568
1.4127550797604156
1.4852317130215251
1.5577124990401197
1.6301976414976636
1.70268734423445
1.7751818112571183
1.8476812467461883
1.9201858550636128
1.9926958407603503
2.0652114085839575
2.137732763486203
2.2102601106307023
2.282793655400577
2.355333603406136
2.427880160492582
2.500433532747742
2.5729939265098274
2.6455615483752166
2.718136605206268
2.7907193041391625
2.8633098525917724
2.9359084582715655
3.0085153291835365
3.0811306736381723
3.153754700259451
3.226387617992876
3.2990296361135414
3.371680964234238
3.4443418123135934
3.51701239066425
3.589692909961086
3.6623835812494683
3.735084615953556
3.8077962258846365
3.880518623249512
3.953252020658923
4.025996631136024
4.098752668124899
4.1715203454991245
4.244299877570387
4.31709147909714
4.389895365293318
4.462711751837098
4.535540854879716
4.608382891054332
4.681238077484961
4.754106631795442
4.826988772118478
4.899884717104729
4.972794685931963
5.045718898314273
5.1186575745113405
5.191610935337786
5.2645792021725555
5.337562596968397
5.410561342261388
5.483575661180533
5.556605777457436
5.629651915436035
5.70271430008242
5.775793156994705
5.848888712412995
5.922001193229413
5.995130826998215
6.068277841945974
6.141442466981852
6.214624931707945
6.287825466429723
6.361044302166538
6.434281670662232
6.507537804395826
6.580812936592296
6.654107301233447
6.7274211330688685
6.800754667626993
6.8741081412262455
6.94748179098629
7.020875854839373
7.094290571541774
7.167726180685352
7.241182922709197
7.314661038911387
7.388160771460855
7.461682363409365
7.535226058703596
7.608792102197342
7.682380739663824
7.755992217808127
7.829626784279746
7.903284687685261
7.97696617760113
8.050671504586608
8.124400920196802
8.19815467699584
8.27193302857018
8.345736229542068
8.419564535583097
8.493418203427945
8.567297490888217
8.641202656866467
8.715133961370329
8.789091665526826
8.863076031596814
8.937087322989589
9.011125804277636
9.085191741211554
9.159285400735131
9.233407051000587
9.30755696138398
9.381735402500793
9.455942646221677
9.530178965688389
9.604444635329887
9.678739930878631
9.753065129387043
9.827420509244178
9.901806350192572
9.976222933345294
10.05067054120318
10.125149457672293
10.199659968081567
10.274202359200665
10.34877691925805
10.423383937959281
10.498023706505508
10.572696517612206
10.647402665528135
10.722142446054518
10.796916156564471
10.871724096022668
10.94656656500523
11.021443865719897
11.096356302026415
11.17130417945721
11.246287805238294
11.321307488310476
11.396363539350787
11.47145627079424
11.546585996855827
11.621753033552817
11.696957698727347
11.7722003120693
11.847481195139485
11.92280067139313
11.998159066203677
12.073556706886892
12.148993922725325
12.224471044993047
12.29998840698077
12.375546344021291
12.45114519351527
12.52678529495737
12.602466989962778
12.678190622294048
12.753956537888357
12.829765084885118
12.905616613653994
12.981511476823295
13.05745002930878
13.133432628342874
13.209459633504288
13.285531406748085
13.361648312436154
13.43781071736814
13.514018990812824
13.590273504539951
13.666574632852532
13.742922752619616
13.819318243309555
13.89576148702375
13.972252868530914
14.04879277530184
14.125381597544685
14.20201972824081
14.27870756318114
14.35544550100309
14.432233943228052
14.509073294299466
14.585963961621472
14.662906355598153
14.739900889673418
14.816947980371472
14.894048047337952
14.971201513381697
15.048408804517186
15.12567035000764
15.202986582408844
15.280357937613628
15.357784854897103
15.435267776962615
15.512807149988449
15.590403423675285
15.668057051294461
15.745768489737001
15.823538199563476
15.901366645054681
15.97925429426317
16.057201619065644
16.135209095216233
16.21327720240068
16.291406424291427
16.369597248603668
16.44785016715235
16.526165675910153
16.60454427506649
16.682986469087506
16.761492766777145
16.84006368133929
16.918699730440988
16.997401436276782
17.076169325634222
17.155003929960507
17.233905785430355
17.312875433015076
17.391913418552882
17.471020292820523
17.550196611606186
17.629442935783736
17.708759831388363
17.78814786969357
17.86760762728967
17.947139686163645
18.026744633780623
18.106423063166808
18.186175572993985
18.266002767665704
18.345905257405015
18.425883658343963
18.505938592614783
18.586070688442852
18.666280580241473
18.746568908708507
18.826936320924908
18.907383470455187
18.98791101744991
19.0685196287502
19.14920997799436
19.22998274572664
19.310838619508203
19.391778294030328
19.472802471229983
19.553911860407712
19.635107178347983
19.716389149442044
19.797758505813313
19.879215987445427
19.960762342312947
20.042398326514874
20.12412470441098
20.20594224876105
20.287851740867133
20.369853970718843
20.451949737141852
20.53413984794957
20.616425120098214
20.69880637984522
20.781284462911255
20.863860214645758
20.946534490196242
21.02930815468137
21.11218208336799
21.195157161852155
21.27823428624432
21.36141436335876
21.44469831090743
21.528087057698247
21.611581543838092
21.695182720940522
21.778891552338433
21.862709013301735
21.94663609126029
22.030673786032143
22.11482311005729
22.19908508863718
22.283460760179974
22.367951176451925
22.45255740283492
22.537280518590443
22.622121617130134
22.70708180629317
22.79216220863065
22.877363961697224
22.962688218350195
23.048136147056315
23.133708932206545
23.219407774439013
23.305233890970445
23.391188515936353
23.477272900740218
23.563488314412062
23.649836043976613
23.73631739483145
23.822933691135425
23.909686276207754
23.996576512938084
24.083605784207943
24.17077549332398
24.258087064463346
24.345541943131703
24.43314159663427
24.52088751456038
24.608781209281954
24.69682421646658
24.78501809560547
24.873364430557046
24.961864830106602
25.050520928542667
25.13933438625073
25.228306890324898
25.317440155198195
25.40673592329223
25.49619596568695
25.5858220828112
25.675616105154997
25.765579894004265
25.85571534219896
25.946024374915492
26.036508950474428
26.12717106117444
26.21801273415363
26.30903603227926
26.400243055067143
26.491635939631816
26.583216861668873
26.67498803647073
26.76695171997728
26.85911020986291
26.951465846661414
27.044021014930514
27.136778144457605
27.229739711508653
27.322908240122068
27.416286303449635
27.509876525146552
27.603681580812864
27.697704199488633
27.791947165205322
27.886413318596013
27.981105558567243
28.07602684403537
28.171180195730557
28.26656869807168
28.36219550111554
28.45806382258414
28.554176949973805
28.650538242750322
28.74715113463443
28.844019135982236
28.941145836265562
29.038534906657294
29.13619010272735
29.23411526725515
29.332314333164742
29.430791326589354
29.529550370072403
29.628595685912476
29.727931599660415
29.827562543777027
29.927493061460627
30.027727810654234
30.12827156824282
30.229129234451953
30.33030583745973
30.43180653823491
30.533636635615085
30.635801571639636
30.738306937153414
30.841158477698283
30.94436209971084
31.047923877046223
31.151850057849277
31.256147071796164
31.360821537731283
31.465880271726338
31.571330295590684
31.677178845864372
31.783433383328088
31.890101603066924
31.997191445128287
32.10471110581759
32.21266904967943
32.321074022215974
32.42993506339942
32.539261522040015
32.64906307107768
32.75934972387098
32.87013185156497
32.981420201626904
33.09322591764814
33.20556056052023
33.318436131104356
33.431865094525904
33.54586040623975
33.660435540027855
33.775604518108295
33.89138194355511
34.007783035251116
34.124823665621484
34.242520401425246
34.36089054791558
34.47995219671745
34.59972427781535
34.72022661609386
34.84147999293157
34.96350621341559
35.0863281798213
35.20996997209125
35.33445693615199
35.45981578102923
35.58607468586514
35.71326341810949
35.841413464355455
35.970558175526286
36.10073292839958
36.23197530579106
36.36432529812233
36.497825529582535
36.632521512682644
36.76846193571825
36.90569898853594
37.04428873308147
37.18429152655175
37.32577250664925
37.46880215054573
37.61345692183096
37.75982002312895
37.90798227644852
38.058043159030156
38.210112029919706
38.3643095923982
38.520769650665535
38.679641237181876
38.84109121183416
39.005307468655204
39.172502934834434
39.34292061750665
39.51684005795133
39.69458570953454
39.8765379973566
40.06314820064077
40.25495892572362
40.45263300122433
40.656995510317536
40.86909718089771
41.090314285466626
41.32251495513218
41.56835627526266
41.83186745909636
42.11975815937826
42.445030773480546
42.84166217471862