0.031612536482494874
0.09483766062955228
0.15806293832388987
0.2212884719339521
0.28451436383357004
0.34774071640411647
0.4109676320366617
0.4741952131341296
0.5374235621134543
0.6006527814077384
0.6638829734684113
0.7271142407673896
0.7903466857992377
0.8535804110833307
0.9168155191660184
0.980052112622791
1.0432902940604465
1.1065301661192604
1.169771831475157
1.2330153928418834
1.296260952973185
1.3595086146649844
1.4227584807575626
1.4860106541377422
1.5492652377410752
1.6125223345540316
1.6757820476161926
1.7390444800224476
1.8023097349251918
1.8655779155365315
1.9288491251304898
1.9921234670452168
2.055401044685205
2.118681961523509
2.1819663211039644
2.2452542270434215
2.308545783033971
2.3718410928451847
2.4351402603263557
2.498443389408744
2.5617505841078274
2.6250619485255626
2.6883775868526407
2.75169760337076
2.815022102454898
2.8783511885755884
2.9416849663012092
3.005023540300273
3.068367015343724
3.131715496307241
3.195069088173552
3.258427896034747
3.3217920250946045
3.385161580670922
3.448536668197855
3.511917393228262
3.575303861436059
3.6386961786185785
3.702094450698941
3.7654987837284284
3.8289092838888723
3.8923260574950436
3.9557492109970576
4.019178850982781
4.082615084180256
4.146058017460121
4.209507757838055
4.272964412477217
4.336428088690709
4.3998988939440355
4.4633769358575845
4.526862322209106
4.590355160936214
4.653855560138888
4.7173636280819915
4.780879473197796
4.844403204088524
4.907934929528892
4.971474758468676
5.035022800035277
5.09857916353631
5.162143958462194
5.225717294488764
5.2892992814798845
5.352890029490084
5.416489648767197
5.480098249755024
5.5437159430959975
5.6073428396338665
5.670979050416391
5.734624686698053
5.798279859942782
5.861944681826684
5.925619264240804
5.989303719293883
6.052998159315143
6.1167026968570815
6.1804174446982785
6.244142515846226
6.307878023540169
6.371624081253955
6.4353808026989165
6.499148301826752
6.562926692832434
6.62671609015713
6.690516608491139
6.754328362776852
6.818151468211717
6.881986040251235
6.945832194611965
7.009690047274553
7.073559714486771
7.137441312766583
7.20133495890523
7.265240769970321
7.329158863308962
7.393089356550891
7.457032367611637
7.520988014695701
7.584956416299752
7.6489376912158535
7.712931958534699
7.776939337648875
7.840959948256146
7.904993910362761
7.96904134428678
8.033102370661421
8.097177110438436
8.161265684891506
8.225368215619659
8.289484824550712
8.353615633944736
8.41776076639755
8.481920344844227
8.546094492562643
8.610283333177042
8.674486990661615
8.738705589344123
8.802939253909543
8.867188109403724
8.9314522812371
8.995731895188392
9.060027077408373
9.124337954423641
9.188664653140423
9.253007300848408
9.317366025224615
9.381740954337287
9.446132216649804
9.510539941024648
9.574964256727377
9.63940529343064
9.703863181218226
9.768338050589136
9.832830032461702
9.89733925817771
9.961865859506597
10.02640996864964
10.090971718244205
10.155551241368025
10.22014867154351
10.284764142742088
10.349397789388588
10.41404974636566
10.478720149018224
10.54340913315797
10.608116835067872
10.672843391506762
10.73758893971394
10.802353617413806
10.867137562820547
10.931940914642869
10.996763812088743
11.061606394870223
11.126468803208285
11.191351177837719
11.256253660012058
11.321176391508546
11.386119514633167
11.451083172225694
11.516067507664806
11.581072664873233
11.646098788322954
11.711146023040452
11.776214514611993
11.84130440918897
11.906415853493296
11.971548994822838
12.036703981056903
12.101880960661779
12.167080082696325
12.232301496817607
12.297545353286598
12.362811802973916
12.428100997365636
12.493413088569133
12.558748229319008
12.624106572983035
12.689488273568202
12.754893485726784
12.820322364762484
12.885775066636633
12.951251747974442
13.016752566071338
13.082277678899327
13.147827245113445
13.213401424058267
13.279000375774478
13.344624261005503
13.410273241204216
13.475947478539705
13.54164713590411
13.607372376919521
13.67312336594497
13.738900268083457
13.804703249189075
13.8705324758742
13.936388115516749
14.002270336267529
14.06817930705763
14.13411519760593
14.200078178426656
14.266068420837028
14.332086096964991
14.398131379757011
14.46420444298597
14.530305461259138
14.596434610026222
14.662592065587516
14.728778005102125
14.79499260659628
14.861236048971744
14.92750851201431
14.993810176402386
15.060141223715679
15.126501836443964
15.192892197995963
15.259312492708307
15.325762905854607
15.392243623654617
15.458754833283503
15.52529672288122
15.591869481561977
15.658473299423825
15.725108367558347
15.791774878060451
15.858473024038284
15.925202999623245
15.99196499998013
16.058759221317374
16.125585860897417
16.1924451170472
16.259337189168765
16.326262277749994
16.39322058437544
16.460212311737347
16.527237663646712
16.594296845044564
16.661390062013314
16.728517521788262
16.79567943276925
16.862876004532424
16.930107447842165
16.99737397466315
17.064675798172566
17.132013132772432
17.199386194102146
17.26679519905111
17.334240365771546
17.401721913691457
17.469240063527753
17.536795037299534
17.604387058341537
17.67201635131774
17.739683142235165
17.80738765845781
17.875130128720777
17.942910783144598
18.01072985324969
18.078587571971042
18.14648417367306
18.2144198941646
18.282394970714208
18.350409642065543
18.418464148453
18.486558731617542
18.55469363482271
18.622869102870872
18.691085382119677
18.7593427204987
18.827641367526326
18.89598157432685
18.964363593647814
19.032787679877543
19.101254089062937
19.169763078927502
19.23831490888961
19.306909840080994
19.375548135365527
19.444230059358215
19.51295587844447
19.581725860799626
19.65054027640876
19.719399397086722
19.788303496498507
19.857252850179844
19.926247735558118
19.995288431973556
20.06437522070073
20.13350838497031
20.202688209991194
20.271914982972888
20.34118899314823
20.410510531796437
20.479879892266453
20.549297370000666
20.61876326255894
20.688277869643
20.757841493121155
20.827454437053404
20.89711700771688
20.96682951363168
21.036592265587064
21.106405576668042
21.176269762282352
21.246185140187826
21.316152030520186
21.386170755821222
21.45624164106741
21.526365013698953
21.596541203649263
21.666770543374877
21.737053367885835
21.80739001477652
21.877780824256952
21.948226139184587
22.018726305096585
22.08928167024258
22.159892585617957
22.230559404997653
22.301282484970464
22.372062184973917
22.442898867329674
22.513792897279487
22.58474464302173
22.655754475748523
22.72682276968343
22.79794990211976
22.869136253459494
22.940382207252846
23.011688150238424
23.083054472384106
23.154481566928535
23.225969830423296
23.297519662775827
23.36913146729297
23.440805650725324
23.512542623312267
23.584342798827763
23.656206594626926
23.728134431693395
23.800126734687446
23.872183931995007
23.944306455777426
24.016494742022132
24.08874923059418
24.161070365288637
24.23345859388391
24.305914368196003
24.378438144133693
24.4510303817547
24.523691545322823
24.596422103366116
24.669222528736057
24.742093298667797
24.81503489484148
24.888047803444678
24.961132515235903
25.034289525609346
25.10751933466073
25.18082244725438
25.25419937309156
25.327650626780017
25.40117672790485
25.474778201100666
25.548455576125114
25.62220938793378
25.696040176756476
25.769948488175014
25.84393487320243
25.917999888363692
25.992144095778034
26.066368063242777
26.140672364318856
26.215057578417962
26.289524290891368
26.36407309312057
26.43870458260962
26.51341936307935
26.588218044563455
26.663101243506464
26.73806958286372
26.813123692203337
26.88826420781025
26.963491772792356
27.038807037188853
27.114210658080754
27.189703299703755
27.265285633563362
27.340958338552475
27.416722101071407
27.492577615150438
27.56852558257494
27.644566713013177
27.720701724146835
27.796931341804335
27.873256300097037
27.949677341558367
28.026195217286016
28.10281068708721
28.179524519627197
28.256337492581
28.333250392788564
28.41026401641335
28.487379169104482
28.56459666616259
28.641917332709355
28.719342003860984
28.79687152490561
28.87450675148482
28.952248549779345
29.030097796699113
29.108055380077737
29.186122198871594
29.26429916336357
29.34258719537174
29.420987228462938
29.49950020817157
29.57812709222363
29.656868850766262
29.735726466602824
29.814700935433844
29.893793266103906
29.973004480854623
30.052335615584052
30.131787720112538
30.21136185845536
30.291059109102292
30.37088056530434
30.45082733536786
30.530900542956303
30.611101327399865
30.691430844013215
30.771890264421636
30.85248077689585
30.933203586695747
31.01405991642341
31.095051006385642
31.17617811496643
31.257442519009537
31.338845514211723
31.42038841552682
31.502072557581123
31.583899295100462
31.66587000334935
31.747986078582617
31.83024893851004
31.912660022774343
31.995220793443096
32.077932735515006
32.1607973574411
32.24381619166138
32.326990795157506
32.41032275002202
32.49381366404491
32.577465171317925
32.66127893285759
32.7452566372473
32.82940000129956
32.913710770738895
32.998190720906365
33.0828416574865
33.167665417257496
33.2526638688657
33.3378389136252
33.42319248634368
33.50872655617557
33.59444312750346
33.68034424084929
33.76643197381604
33.85270844206178
33.939175800306955
34.025836243376595
34.11269200727887
34.19974537032158
34.28699865426817
34.37445422553507
34.46211449643225
34.549981926448716
34.638059023585214
34.72634834573614
34.8148525021229
34.90357415478126
34.99251602010496
35.08168087044844
35.17107153579144
35.26069090546834
35.350541929965466
35.440627622789656
35.53095106241158
35.62151539428753
35.71232383296359
35.80337966426642
35.894686247585014
35.98624701824811
36.07806549000235
36.170145257596374
36.26248999947646
36.35510348059982
36.44798955537182
36.54115217071393
36.63459536926967
36.72832329275621
36.82234018546993
36.91665039795464
37.01125839084187
37.10616873887336
37.201386135116316
37.29691539538314
37.39276146286774
37.48892941301183
37.58542445861531
37.68225195520588
37.77941740668453
37.87692647126418
37.97478496772073
38.072998881976815
38.17157437404034
38.27051778532167
38.36983564635515
38.4695346849528
38.56962183482037
38.67010424466837
38.7709892878536
38.872284572589535
38.97399795276768
39.076137539435216
39.17871171297873
39.2817291360683
39.385198767420945
39.489129876448395
39.59353205885996
39.69841525329844
39.803789759094315
39.90966625523231
40.01605582063375
40.12296995586872
40.230420606424204
40.33842018766768
40.44698161166055
40.556118315993196
40.66584429483231
40.776174132393194
40.887123039074105
40.99870689051815
41.110942269899994
41.223846513771186
41.337437761839865
41.45173501110864
41.56675817484959
41.68252814695938
41.799066872311215
41.91639742380616
42.03454408692641
42.153532452709584
42.273389520200276
42.394143809595874
42.5158254874939
42.638466505873645
42.762100756713004
42.8867642444622
43.01249527898132
43.139334692012724
43.26732608082302
43.396516083335094
43.52695468991185
43.65869559798962
43.79179661704427
43.92632013297732
44.062333643025745
44.19991037485206
44.339130006729945
44.48007950993436
44.62285413989243
44.76755860979454
44.91430848983309
45.06323188792634
45.21447148500598
45.36818702163046
45.52455836573827
45.683789338226774
45.846112540699636
46.011795529320274
46.181148828556765
46.35453650966358
46.53239042505049
46.715229789061546
46.90368881279257
47.09855690134663
47.300839273985815
47.51185249442474
47.73338350306058
47.96797369130286
48.219476487530144
48.49430819799423
48.80490143436653
49.183740211106056