0.05620752662735698
0.16862348937917604
0.28104218081364013
0.3934654206903959
0.505895029726326
0.6183328299792669
0.7307806452325487
0.8432403013805996
0.9557136268158463
1.0682024528171572
1.1807086139400649
1.2932339484090167
1.4057802985118961
1.5183495109970675
1.6309434374731944
1.7435639348120906
1.85621286555486
1.968892098321592
2.081603508224881
2.194348977287443
2.3071303948641044
2.419949658068455
2.5328086722044483
2.6457093512032483
2.758653618065626
2.8716434053102176
2.984680655427959
3.0977673213430297
3.210905366880632
3.3240967672419606
3.437343509486704
3.5506475930234567
3.6640110301084037
3.7774358463526707
3.890924081238738
4.00447778864633
4.118099037388199
4.231789911756249
4.345552512078448
4.459388955287003
4.573301375498275
4.687291924604947
4.801362772880956
4.915516109599732
5.029754143666318
5.144079104263921
5.258493241515533
5.372998827161232
5.4875981552518045
5.602293542859401
5.717087330805888
5.831981884409669
5.946979594251716
6.062082876961618
6.1772941760244775
6.292615962609518
6.408050736421313
6.5236010265745685
6.63926939249347
6.755058424836589
6.870970746448456
6.987009013338909
7.103175915691405
7.219474178901513
7.335906564646901
7.452475871990146
7.569184938515794
7.686036641503163
7.80303389913643
7.920179671753649
8.037476963136406
8.154928821841928
8.272538342579514
8.390308667633313
8.508242988333501
8.626344546578098
8.744616636407702
8.863062605635626
8.981685857535965
9.100489852592336
9.219478110310119
9.338654211095253
9.458021798202719
9.57758457975812
9.697346330855874
9.817310895737794
9.937482190056011
10.05786420322446
10.178461000863349
10.299276727341368
10.420315608420578
10.54158195400933
10.663080161028795
10.784814716399113
10.906790200151459
11.029011288672798
11.151482758090488
11.274209487804372
11.397196464174447
11.520448784372842
11.643971660409246
11.767770423339732
11.891850527669423
12.016217555960301
12.140877223656123
12.26583538413736
12.391098034019889
12.516671318712238
12.642561538247158
12.768775153404585
12.895318792144165
13.022199256367006
13.149423529027766
13.276998781619765
13.40493238205767
13.53323190298414
13.661905130528982
13.790960073551663
13.92040497340051
14.050248314224763
14.180498833878605
14.31116553545969
14.442257699528291
14.573784897057305
14.705757003167713
14.83818421170909
14.971077050750113
15.10444639905012
15.238303503589346
15.372659998242938
15.507527923692034
15.642919748674423
15.778848392687442
15.915327250267286
16.052370216981647
16.189991717286937
16.328206734417545
16.467030842492544
16.606480241045936
16.746571792209398
16.887323060802835
17.028752357617584
17.17087878621094
17.313722293569064
17.457303725039367
17.601644883983628
17.746768596661035
17.892698782916675
18.03946053332793
18.18708019354994
18.335585456704617
18.48500546477786
18.635370920129944
18.786714208388975
18.939069534190835
19.092473071458052
19.2469631301812
19.40258034198954
19.559367867183568
19.717371626365836
19.876640560365676
20.037226922831643
20.199186610691896
20.362579538695627
20.52747006549693
20.693927480290945
20.86202656094478
21.031848216995396
21.203480233963546
21.377018139360015
21.552566215815975
21.730238693335686
21.91016116128299
22.092472252129134
22.27732566429403
22.464892612183654
22.65536482009562
22.848958216539828
23.045917542076413
23.24652216541867
23.451093522750572
23.660004776086964
23.87369356545087
24.092679171925425
24.317586132436674
24.54917757555565
24.788403722863098
25.03647505019927
25.29497761055
25.566065066301835
25.852801805120777
26.15983660919814
26.494914374026887
26.873051181833087
27.333508545036974