0.034533424567282554
0.10360035332139764
0.17266752093654905
0.24173508666138263
0.3108032097564774
0.37987204949912023
0.4489417651880821
0.518012516148396
0.5870844617361378
0.6561577613432086
0.7252325744021212
0.7943090603907903
0.8633873788373257
0.9324676893248308
1.0015501514962053
1.0706349250589535
1.1397221697899982
1.2088120455405007
1.2779047122406868
1.347000329904681
1.4160990586353468
1.4852010586291353
1.5543064901809418
1.6234155136889719
1.692528289659615
1.7616449787123298
1.830765741584537
1.8998907391365247
1.969020132356363
2.038154082364831
2.1072927504203554
2.17643629792396
2.2455848864242296
2.3147386776222865
2.3838978333767793
2.4530625157088877
2.5222328868073394
2.591409109033444
2.6605913449261416
2.729779757207066
2.798974508785627
2.868175762764106
2.9373836824427726
3.0065984313250134
3.0758201731224877
3.1450490717602912
3.2142852913821494
3.2835289963556216
3.352780351277332
3.4220395209782177
3.491306670528798
3.5605819652444675
3.629865570690809
3.6991576526889305
3.7684583773208256
3.837767910934756
3.9070864201506614
3.976414071865589
4.0457510332591555
4.115097471799026
4.184453555246431
4.253819451661696
4.323195329409812
4.392581357166029
4.4619777039214705
4.5313845389887915
4.6008020320078575
4.670230352951453
4.739669672131026
4.8091201602024585
4.878581988171876
4.948055327401486
5.017540349615444
5.087037226905766
5.156546131738266
5.226067236958533
5.29560071579794
5.365146741879696
5.4347054892249265
5.504277132258803
5.5738618458167
5.643459805150399
5.713071185934326
5.782696164271834
5.852334916701531
5.921987620203637
5.991654452206394
6.06133559059252
6.131031213705703
6.200741500357136
6.270466629832109
6.340206781896635
6.409962136804135
6.479732875302163
6.549519178639178
6.619321228571375
6.689139207369559
6.758973297826068
6.828823683261757
6.898690547533029
6.968574075038917
7.038474450728227
7.108391860106734
7.17832648924443
7.248278524782836
7.318248153942368
7.388235564529764
7.458240944945568
7.52826448419168
7.5983063718789605
7.668366798234907
7.738445954111386
7.808544030992435
7.878661221002128
7.948797716912507
8.018953712151589
8.089129400811428
8.159324977656262
8.229540638130718
8.2997765783681
8.370032995198745
8.440310086158453
8.510608049496994
8.580927084186698
8.651267389931101
8.721629167173708
8.792012617106796
8.862417941680327
8.932845343610934
9.003295026390987
9.073767194297751
9.144262052402633
9.214779806580506
9.285320663519139
9.355884830728696
9.426472516551355
9.497083930170993
9.56771928162299
9.638378781804109
9.709062642482493
9.779771076307744
9.850504296821125
9.921262518465834
9.992045956597421
10.062854827494272
10.133689348368236
10.204549737375329
10.275436213626575
10.346348997198954
10.417288309146441
10.488254371511205
10.559247407334887
10.630267640670011
10.701315296591531
10.772390601208482
10.843493781675765
10.914625066206058
10.985784684081866
11.056972865667683
11.128189842422316
11.199435846911307
11.270711112819539
11.342015874963941
11.413350369306361
11.484714832966576
11.556109504235444
11.62753462258822
11.698990428698004
11.770477164449364
11.841995072952097
11.913544398555166
11.985125386860785
12.05673828473868
12.128383340340507
12.200060803114452
12.271770923819984
12.343513954542807
12.415290148709982
12.487099761105211
12.558943047884343
12.630820266591023
12.702731676172577
12.774677536996053
12.84665811086448
12.91867366103331
12.99072445222709
13.06281075065631
13.134932824034479
13.207090941595418
13.279285374110747
13.351516393907623
13.42378427488668
13.496089292540207
13.568431723970555
13.64081184790878
13.713229944733534
13.785686296490184
13.858181186910189
13.930714901430738
14.003287727214625
14.075899953170403
14.148551869972794
14.221243770083367
14.293975947771509
14.36674869913565
14.439562322124791
14.512417116560318
14.585313384158104
14.658251428550917
14.731231555311142
14.804254071973784
14.877319288059828
14.950427515099884
15.023579066658183
15.096774258356895
15.170013407900791
15.243296835102251
15.316624861906618
15.389997812417912
15.463416012924917
15.536879791927628
15.61038948016408
15.68394541063756
15.757547918644223
15.83119734180108
15.904894020074424
15.97863829580865
16.052430513755503
16.126271021103754
16.200160167509313
16.274098305125786
16.34808578863551
16.422122975281003
16.496210224896927
16.57034789994251
16.644536365534485
16.71877598948048
16.79306714231297
16.867410197323707
16.941805530598703
17.01625352105373
17.09075455047041
17.165309003532805
17.239917267864634
17.314579734067042
17.38929679575696
17.464068849606097
17.53889629538053
17.61377953598091
17.688718977483344
17.763715029180926
17.838768103625892
17.913878616672523
17.989046987520712
18.064273638760213
18.139558996415687
18.21490348999241
18.290307552522787
18.36577162061362
18.441296134494166
18.51688153806498
18.592528278947615
18.668236808535127
18.74400758204344
18.8198410585636
18.895737701114903
18.97169797669894
19.047722356354576
19.12381131521387
19.199965332558982
19.276184891880035
19.352470480934045
19.42882259180484
19.505241720964044
19.581728369333177
19.658283042346813
19.7349062500169
19.81159850699821
19.888360332655008
19.96519225112888
20.04209479140783
20.11906848739663
20.196113877988456
20.273231507137854
20.35042192393504
20.42768568268161
20.50502334296763
20.582435469750205
20.659922633433514
20.737485409950352
20.815124380845237
20.892840133359105
20.97063326051561
21.04850436120912
21.126454040294405
21.204482908678045
21.282591583411662
21.360780687786963
21.439050851432675
21.517402710413368
21.595836907330277
21.674354091424146
21.752954918680107
21.831640051934713
21.910410160985105
21.989265922700458
22.068208021135664
22.147237147647367
22.22635400101242
22.30555928754879
22.38485372123896
22.464238023856005
22.543712925092226
22.623279162690583
22.70293748257891
22.78268863900699
22.862533394686608
22.94247252093459
23.02250679781902
23.10263701430858
23.18286396842522
23.263188467400184
23.343611327833493
23.424133375856975
23.504755447301008
23.585478387864935
23.66630305329142
23.74723030954472
23.828261032993076
23.909396110595296
23.990636440091635
24.071982930199137
24.153436500811562
24.234998083203994
24.316668620242268
24.39844906659746
24.48034038896541
24.562343566291585
24.644459590001365
24.72668946423594
24.809034206093948
24.891494845879098
24.97407242735389
25.05676800799965
25.139582659283107
25.222517466929617
25.30557353120338
25.388751967194725
25.47205390511482
25.555480490597915
25.639032885011463
25.72271226577433
25.806519826683317
25.890456778248353
25.974524348036564
26.05872378102552
26.143056339966037
26.22752330575474
26.312125977816788
26.39686567449912
26.4817437334745
26.56676151215678
26.651920388127806
26.737221759576272
26.82266704574902
26.908257687415194
26.993995147343682
27.079880910794365
27.16591648602361
27.25210340480458
27.338443222962812
27.424937520927756
27.511587904300697
27.598396004439795
27.685363479062815
27.772492012868245
27.85978331817545
27.947239135584663
28.03486123465746
28.12265141461864
28.21061150508024
28.298743366788578
28.387048892395285
28.475530007253187
28.564188670238117
28.65302687459764
28.74204664882781
28.83125005757915
28.920639202592938
29.010216223669218
29.09998329966772
29.189942649543188
29.280096533416522
29.370447253683263
29.46099715616109
29.55174863127797
29.64270411530282
29.73386609162044
29.82523709205286
29.916819698229073
30.008616543005385
30.100630311938705
30.192863744815252
30.28531963723721
30.378000842270097
30.470910272153716
30.56405090007972
30.657425762039068
30.751037958742675
30.844890657618983
30.938987094892166
31.033330577745094
31.127924486571267
31.222772277320356
31.3178774839421
31.41324372093373
31.508874685996325
31.604774162805974
31.70094602390575
31.79739423372524
31.894122851734423
31.991136035739498
32.088438045328445
32.18603324547492
32.283926110309395
32.3821212270673
32.480623300224444
32.579437155830725
32.678567746054064
32.778020153947146
32.87779959845054
32.97791143964694
33.078361184282016
33.17915449156884
33.28029717929392
33.38179523024451
33.483654798978016
33.58588221895636
33.68848401006971
33.791466886576124
33.89483776548561
33.99860377541976
34.102772265980455
34.20735081766423
34.312347252361704
34.41776964448541
34.523626332772686
34.629925932814835
34.73667735036827
34.843889795508616
34.951572797694304
35.059736221812656
35.168390285288574
35.27754557634352
35.38721307350167
35.49740416644949
35.60813067836626
35.719404889855085
35.83123956461812
35.94364797703472
36.05664394181934
36.17024184595528
36.28445668312308
36.3993040908677
36.51480039077739
36.630962631980275
36.747808638302104
36.86535705947181
36.98362742681086
37.10264021389939
37.22241690277763
37.34298005631748
37.46435339748694
37.58656189633339
37.709631865631465
37.833591066282374
37.958468823717105
38.084296156751726
38.211105920574916
38.338932965824064
38.46781431603632
38.59778936615726
38.728900105268
38.86119136727118
38.99471111398243
39.12951075593956
39.26564551730836
39.40317485258661
39.542162924459184
39.68267915423243
39.82479885890401
39.96860399227827
40.11418401185441
40.26163689882126
40.41107036584609
40.5626032970905
40.71636747794959
40.872509689738244
41.03119426892832
41.19260626456555
41.356955375746644
41.524480920687715
41.695458191445155
41.87020670261748
42.04910108023429
42.2325857141578
42.42119491440011
42.615581358925276
42.816557474530605
43.02515784364715
43.242737552893736
43.47113592164015
43.71296897399844
43.97220352591718
44.25544508640735
44.57549373283887
44.96579614795028