0.031586959989780006
0.09476093094469483
0.15793505482674355
0.22110943359091367
0.2842841691975402
0.34745936361444524
0.4106351188190779
0.4738115368006547
0.536988719562301
0.6001667691231931
0.6633457875207011
0.7265258768125333
0.7897071390788817
0.8528896764245685
0.9160735909811948
0.9792589849092905
1.0424459604004659
1.1056346196795652
1.1688250650068228
1.2320173986800207
1.2952117230366484
1.3584081404560664
1.42160675336167
1.4848076642230594
1.5480109755582079
1.6112167899356369
1.6744252099765928
1.737636338357227
1.8008502778107789
1.8640671311297636
1.9272870011681613
1.9905099908436132
2.0537362031396187
2.1169657411077383
2.1801987078698
2.2434352066201115
2.306675340627673
2.3699192132383997
2.433166927877346
2.4964185880509344
2.5596742973491917
2.6229341594479876
2.686198278111281
2.749466757193371
2.812739700641152
2.8760172124963774
2.939299396897928
3.0025863580840833
3.0658782003948053
3.1291750282740245
3.192476946271931
3.255784059047278
3.319096471369685
3.3824142881219545
3.445737614302391
3.5090665550271294
3.572401215532471
3.6357417011772273
3.699088117445068
3.7624405699468837
3.8257991644231497
3.889164006746302
3.952535202923121
4.015912859097123
4.079297081550962
4.142687976708836
4.206085651138909
4.269490211555737
4.332901764822705
4.396320417954474
4.459746278119439
4.523179452642189
4.586620049005993
4.650068174855277
4.713523937998125
4.776987446408787
4.8404588082301965
4.9039381317764965
4.967425525535587
5.030921098171666
5.0944249585278
5.1579372156284995
5.221457978682298
5.284987357084356
5.348525460419071
5.4120723984627
5.475628281185993
5.539193218756845
5.602767321542954
5.666350700114499
5.7299434652468255
5.793545727923147
5.857157599337261
5.920779190896279
5.9844106142233695
6.0480519811605165
6.1117034037712905
6.175364994343637
6.23903686539268
6.302719129663537
6.366411900134157
6.430115290018163
6.493829412767725
6.5575543820764315
6.621290311882195
6.685037316370164
6.748795509975651
6.812565007387086
6.876345923548973
6.940138373664885
7.003942473200453
7.067758337886397
7.131586083721548
7.195425826975921
7.259277684193773
7.323141772196709
7.387018208086789
7.450907109249662
7.514808593357718
7.57872277837326
7.642649782551698
7.706589724444762
7.770542722903736
7.834508897082716
7.898488366441883
7.962481250750805
8.02648767009176
8.09050774486307
8.154541595782483
8.218589343890544
8.282651110554024
8.346727017469341
8.410817186666035
8.474921740510233
8.539040801708177
8.603174493309744
8.667322938712013
8.731486261662837
8.79566458626447
8.859858036977185
8.92406673862295
8.988290816389107
9.052530395832097
9.116785602881198
9.181056563842299
9.245343405401702
9.309646254629943
9.373965238985658
9.43830048631947
9.502652124877896
9.567020283307306
9.631405090657891
9.695806676387678
9.760225170366564
9.824660702880392
9.889113404635047
9.95358340676061
10.018070840815495
10.082575838790689
10.147098533113956
10.21163905665413
10.276197542725402
10.340774125091675
10.405368937970934
10.469982116039654
10.534613794437252
10.599264108770576
10.66393319511842
10.728621190036087
10.793328230559998
10.858054454212313
10.922799999005623
10.987565003447658
11.052349606546054
11.117153947813145
11.181978167270804
11.246822405455331
11.311686803422372
11.376571502751892
11.441476645553184
11.506402374469928
11.571348832685294
11.636316163927082
11.701304512472925
11.766314023155516
11.831344841367912
11.896397113068854
11.961470984788154
12.026566603632132
12.091684117289098
12.156823674034884
12.22198542273842
12.28716951286739
12.352376094493897
12.41760531830022
12.482857335584608
12.548132298267126
12.613430358895565
12.6787516706514
12.744096387355812
12.809464663475762
12.874856654130129
12.9402725150959
13.005712402814432
13.071176474397749
13.136664887634945
13.202177800998596
13.267715373651281
13.33327776545214
13.398865136963506
13.464477649457605
13.530115464923313
13.595778746072998
13.661467656349418
13.727182359932675
13.792923021747283
13.858689807469254
13.924482883533301
13.99030241714008
14.056148576263542
14.12202152965832
14.187921446867222
14.253848498228802
14.319802854884989
14.385784688788803
14.451794172712178
14.517831480253824
14.5838967858472
14.64999026476857
14.71611209314514
14.78226244796327
14.848441507076796
14.91464944921543
14.980886453993248
15.04715270191727
15.113448374396146
15.179773653748915
15.246128723213882
15.312513766957569
15.378928970083786
15.445374518642797
15.511850599640573
15.578357401048157
15.64489511181115
15.711463921859272
15.778064022116054
15.844695604508626
15.911358861977625
15.978053988487213
16.044781179035198
16.111540629663285
16.178332537467444
16.245157100608377
16.312014518322137
16.378904990930838
16.445828719853523
16.512785907617115
16.579776757867542
16.646801475380965
16.713860266075137
16.780953337020915
16.84808089645388
16.91524315378613
16.982440319618185
17.049672605751038
17.116940225198377
17.1842433921989
17.251582322228852
17.31895723201464
17.38636833954566
17.453815864087236
17.521300026193757
17.588821047721932
17.656379151844256
17.723974563062594
17.791607507221983
17.859278211524558
17.92698690454368
17.994733816238234
18.062519177967125
18.130343222503903
18.198206184051642
18.266108298257954
18.334049802230226
18.402030934551036
18.470051935293768
18.538113046038436
18.6062145098877
18.674356571483106
18.74253947702152
18.81076347427178
18.879028812591578
18.947335742944542
19.01568451791757
19.084075391738367
19.152508620293226
19.220984461145054
19.28950317355162
19.358065018484055
19.426670258645615
19.495319158490673
19.56401198424398
19.63274900392019
19.701530487343643
19.77035670616843
19.839227933898723
19.90814444590937
19.977106519466826
20.04611443375031
20.115168469873293
20.18426891090529
20.25341604189393
20.322610149887364
20.391851523956962
20.461140455220363
20.53047723686482
20.599862164170897
20.669295534536502
20.738777647501262
20.80830880477124
20.87788931024403
20.947519470034198
21.017199592499104
21.086929988265087
21.15671097025405
21.226542853710427
21.29642595622855
21.366360597780417
21.43634710074388
21.506385789931247
21.576476992618325
21.646621038573866
21.71681826008951
21.78706899201013
21.857373571764665
21.927732339397423
21.998145637599848
22.06861381174279
22.13913720990927
22.209716182927732
22.280351084405858
22.351042270764847
22.421790101274276
22.492594938087507
22.563457146277624
22.634377093873958
22.705355151899198
22.776391694407074
22.847487098520666
22.91864174447129
22.989856015638082
23.06113029858812
23.132464983117313
23.20386046229185
23.27531713249041
23.34683539344703
23.418415648294655
23.490058303609477
23.561763769455936
23.633532459432534
23.705364790718384
23.77726118412054
23.849222064122152
23.921247858931412
23.99333900053134
24.06549592473043
24.137719071214175
24.210008883597432
24.282365809477767
24.354790300489647
24.42728281235965
24.499843804962584
24.572473742378644
24.64517309295153
24.717942329347643
24.79078192861629
24.863692372250995
24.936674146251917
25.009727741189355
25.082853652268465
25.156052379395074
25.229324427242787
25.30267030532124
25.376090528045676
25.449585614807766
25.523156090047767
25.596802483328027
25.67052532940785
25.744325168319804
25.818202545447424
25.892158011604437
25.966192123115484
26.04030544189836
26.11449853554789
26.188771977421382
26.263126346725755
26.33756222860638
26.41208021423764
26.486680900915285
26.561364892150614
26.63613279776653
26.71098523399549
26.785922823579472
26.86094619587189
26.936055986941618
27.01125283967912
27.08653740390473
27.161910336479192
27.23737230141643
27.312923969998703
27.388566020894146
27.464299140276733
27.540124021948824
27.616041367466256
27.692051886266114
27.76815629579721
27.844355321653374
27.920649697709635
27.9970401662613
28.073527478166117
28.150112392989502
28.226795679153014
28.303578114086044
28.380460484380936
28.45744358595153
28.534528224195302
28.6117152141591
28.689005380708725
28.7663995587023
28.843898593167662
28.921503339483813
28.99921466356661
29.077033442058728
29.154960562524117
29.232996923647026
29.311143435435703
29.389401019431013
29.467770608919974
29.54625314915449
29.624849597575345
29.703560924041646
29.782388111065902
29.86133215405489
29.94039406155644
30.01957485551242
30.098875571518022
30.178297259087575
30.25784098192711
30.337507818213847
30.41729886088287
30.497215217921177
30.57725801266933
30.657428384131045
30.737727487290826
30.818156493440046
30.898716590511658
30.979408983423866
31.060234894433055
31.141195563496215
31.222292248643317
31.30352622635983
31.3848987919798
31.466411260089874
31.54806496494456
31.629861260893186
31.711801522818945
31.79388714659044
31.876119549526155
31.958500170872373
32.04103047229492
32.12371193838536
32.20654607718203
32.28953442070657
32.372678525516434
32.45597997327403
32.53944037133309
32.62306135334288
32.70684457987096
32.790791739045254
32.874904547216026
32.95918474963866
33.043634121177966
33.12825446703497
33.21304762349692
33.29801545871152
33.3831598734864
33.46848280211471
33.55398621322806
33.639672110677765
33.7255425344457
33.81159956158587
33.89784530719815
33.98428192543531
34.070911610545004
34.15773659794802
34.24475916535452
34.33198163391972
34.41940636944096
34.50703578359796
34.59487233523795
34.682918531708076
34.77117693023691
34.85965013936755
34.94834082044446
35.0372516891568
35.12638551714071
35.215745133643495
35.3053334272525
35.395153347691995
35.48520790769128
35.57550018492747
35.6660333240468
35.75681053876826
35.84783511407383
35.939110408489626
36.030639856462784
36.12242697083891
36.214475345445535
36.30678865778714
36.39937067185763
36.49222524107691
36.58535631135798
36.678767924312105
36.77246422059958
36.86644944343435
36.96072794225131
37.05530417654566
37.15018271989433
37.24536826417018
37.340865623960575
37.43667974120257
37.53281569004792
37.629278681972146
37.726074071142875
37.82320736006376
37.9206842055117
38.01851042478623
38.116692002291636
38.2152350964737
38.31414604713503
38.41343138315458
38.51309783063929
38.61315232153789
38.71360200274965
38.814454245763386
38.91571665686528
39.017397087957406
39.119503648032456
39.222044715354386
39.325028950399066
39.428465309614296
39.53236306006375
39.63673179502589
39.741581450625496
39.846922323583414
39.952765090178126
40.059120826522914
40.166001030272426
40.27341764388486
40.381383079579
40.489910246140845
40.599012577751125
40.708704065024676
40.81899928847401
40.929913454634374
41.04146243511553
41.153662808877456
41.26653190806385
41.380087867768914
41.494349680161164
41.60933725344318
41.72507147618995
41.84157428768261
41.958868754939665
42.07697915724833
42.19593107911463
42.31575151268822
42.436468970878806
42.558113612570786
42.68071738156867
42.80431416117355
42.92893994661187
43.054633037922436
43.18143425637238
43.30938718803532
43.438538458851475
43.56893804632973
43.70063963408814
43.83370101671392
43.96818456402774
44.10415775585313
44.241693800944034
44.380872356981115
44.52178037274047
44.66451307898367
44.809175161759896
44.95588216127607
45.10476215217764
45.25595777829921
45.4096287386215
45.5659548542142
45.72513989280353
45.88741639524258
46.053051847730295
46.22235669343334
46.39569490816317
46.57349823096801
46.756285739712304
46.944691478549785
47.13950464448713
47.34173019139768
47.55268433486063
47.774153541977164
48.00867852986432
48.26011170260855
48.534867657547935
48.845375687890474
49.22411111620972