0.033884547037662124
0.10165371352819894
0.16942309726638533
0.23719284309069413
0.3049630958496585
0.3727340004058972
0.44050570164014086
0.5082783444552599
0.5760520737802943
0.6438270345744854
0.7116033718313097
0.7793812305825166
0.8471607559021681
0.914942092910682
0.98272538677888
1.0505107827320386
1.118298426053945
1.1860884620909578
1.2538810362560726
1.3216762940329931
1.3894743809802081
1.457275442735074
1.5250796250179046
1.5928870736360674
1.6606979344880866
1.728512353567753
1.7963304769682436
1.8641524508862477
1.931978421626102
1.9998085356039346
2.0676429393518174
2.1354817795219283
2.2033252028907264
2.27117335636313
2.339026386976713
2.406884441905908
2.4747476684662217
2.542616214118461
2.610490226472973
2.6783698532938947
2.7462552425034192
2.81414654218607
2.882043900592994
2.949947466146262
3.017857387443193
3.0857738132606807
3.153696892559545
3.2216267744888953
3.289563608390508
3.3575075438032216
3.425458730467349
3.4934173183291053
3.5613834575450527
3.6293572984865645
3.6973389917443065
3.765328688132735
3.8333265386946174
3.9013326947055686
3.969347307678609
4.037370529368742
4.105402511777551
4.173443407157818
4.24149336801817
4.30955254712773
4.3776210975208105
4.445699172501617
4.5137869256489775
4.581884510821098
4.649992082160337
4.718109794098012
4.786237801359221
4.854376258967698
4.922525322250693
4.9906851468438695
5.058855888696244
5.127037704075137
5.195230749571166
5.263435182103251
5.331651158923668
5.399878837623114
5.46811837613581
5.536369932744635
5.604633666086289
5.672909735156485
5.741198299315177
5.809499518291821
5.877813552190656
5.946140561496044
6.014480707077815
6.082834150196668
6.151201052509598
6.219581576075355
6.287975883359953
6.356384137242199
6.424806501019272
6.493243138412334
6.56169421357218
6.630159891084931
6.698640335977761
6.767135713724671
6.835646190252297
6.9041719319457675
6.972713105654595
7.0412698786986185
7.109842418873986
7.178430894459177
7.247035474221082
7.315656327421115
7.38429362382138
7.452947533690882
7.521618227811787
7.59030587748573
7.659010654540173
7.727732731334811
7.796472280768034
7.865229476283434
7.934004491876371
8.002797502100584
8.071608682074865
8.140438207489787
8.209286254614472
8.278153000303446
8.347038622003518
8.415943297760737
8.484867206227413
8.553810526669173
8.622773438972104
8.691756123649945
8.760758761851344
8.829781535367175
8.898824626637932
8.96788821876117
9.036972495499024
9.1060776412858
9.175203841235623
9.244351281150161
9.313520147526415
9.382710627564588
9.451922909176023
9.521157180991214
9.590413632367884
9.659692453399161
9.728993834921805
9.798317968524534
9.867665046556413
9.937035262135336
10.006428809156588
10.075845882301483
10.145286677046085
10.214751389670036
10.284240217265436
10.353753357745845
10.423291009855348
10.492853373177729
10.562440648145728
10.632053036050392
10.701690739050528
10.771353960182237
10.841042903368562
10.910757773429232
10.980498776090494
11.050266117995067
11.120060006712182
11.189880650747739
11.259728259554562
11.329603043542777
11.399505214090281
11.469434983553342
11.539392565277291
11.609378173607356
11.679392023899588
11.749434332531925
11.819505316915361
11.889605195505254
11.959734187812739
12.029892514416295
12.100080396973402
12.170298058232367
12.240545722044263
12.310823613374998
12.381131958317534
12.451470984104233
12.52184091911936
12.592241992911699
12.662674436207356
12.733138480922667
12.803634360177298
12.87416230830745
12.944722560879264
13.01531535470235
13.085940927843504
13.156599519640555
13.227291370716404
13.298016722993223
13.368775819706807
13.43956890542113
13.510396226043047
13.5812580288372
13.652154562441075
13.723086076880277
13.794052823583971
13.865055055400513
13.936093026613285
14.007166992956723
14.078277211632535
14.14942394132614
14.220607442223297
14.291827976026953
14.363085805974302
14.43438119685406
14.505714415023961
14.577085728428475
14.648495406616764
14.71994372076085
14.791430943674044
14.86295734982959
14.93452321537957
15.006128818174046
15.077774437780466
15.149460355503313
15.221186854404017
15.29295421932115
15.364762736890858
15.436612695567602
15.508504385645152
15.580438099277883
15.65241413050234
15.72443277525912
15.796494331415039
15.868599098785603
15.940747379157798
16.012939476313182
16.08517569605131
16.157456346213472
16.229781736706787
16.302152179528612
16.3745679887913
16.447029480747297
16.519536973814652
16.592090788602814
16.664691247938833
16.73733867689396
16.810033402810582
16.8827757553296
16.955566066418157
17.028404670397805
17.101291903973056
17.174228106260397
17.247213618817668
17.320248785673943
17.39333395335981
17.466469470938122
17.539655690035193
17.612892964872504
17.686181652298824
17.75952211182288
17.83291470564648
17.906359798698176
17.979857758667418
18.053408956039245
18.127013764129508
18.200672559120658
18.27438572009805
18.34815362908687
18.421976671089595
18.49585523412408
18.569789709262206
18.643780490669194
18.717827975643498
18.791932564657376
18.866094661398083
18.940314672809755
19.014593009135947
19.088930083962886
19.16332631426342
19.23778212044169
19.31229792637853
19.38687415947765
19.461511250712526
19.53620963467414
19.610969749619475
19.685792037520837
19.760676944116025
19.83562491895932
19.91063641547337
19.98571189100196
20.060851806863667
20.136056628406457
20.21132682506323
20.286662870408325
20.362065242214996
20.437534422513927
20.51307089765275
20.588675158356637
20.664347699789932
20.740089021618946
20.815899628075798
20.891780028023458
20.967730735021952
21.043752267395774
21.11984514830249
21.19600990580265
21.272247072930952
21.34855718776872
21.42494079351774
21.50139843857547
21.57793067661163
21.654538066646264
21.73122117312927
21.80798056602141
21.884816820876893
21.961730518927528
22.03872224716849
22.11579259844573
22.192942171545116
22.270171571283267
22.3474814086002
22.424872300653764
22.502344870915977
22.57989974927124
22.657537572116524
22.73525898246357
22.81306463004313
22.890955171411328
22.968931270058167
23.046993596518277
23.125142828483888
23.203379650920187
23.28170475618303
23.360118844139087
23.43862262228855
23.51721680589036
23.595902118090137
23.674679290050772
23.753549061085835
23.83251217879582
23.911569399207355
23.9907214869154
24.069969215228536
24.14931336631744
24.228754731366635
24.30829411072957
24.38793231408714
24.46767016060979
24.547508479123174
24.62744810827764
24.70748989672148
24.78763470327819
24.867883397127738
24.94823685799205
25.028695976324766
25.109261653505417
25.189934802038152
25.270716345755144
25.351607220024803
25.43260837196494
25.51372076066104
25.59494535738979
25.676283145847993
25.757735122387068
25.839302296253287
25.920985689833927
26.002786338909484
26.084705292912208
26.166743615191077
26.24890238328345
26.331182689193618
26.413585639678402
26.49611235654013
26.57876397692714
26.661541653642033
26.74444655545805
26.827479867443685
26.910642791295896
26.993936545682157
27.077362366591675
27.160921507696013
27.24461524071952
27.32844485581981
27.412411661978677
27.496516987403815
27.580762179941647
27.665148607501724
27.749677658493013
27.83435074227259
27.91916928960704
28.004134753147156
28.089248607916286
28.17451235181289
28.259927506127795
28.345495616076693
28.431218251348398
28.517097006669488
28.603133502385933
28.6893293850623
28.775686328099237
28.862206032369897
28.948890226876077
29.03574066942473
29.12275914732572
29.209947478111637
29.297307510280472
29.384841124062135
29.472550232209695
29.560436780816396
29.64850275015942
29.73675015557153
29.82518104834173
29.913797516646117
30.002601686510197
30.091595722803984
30.180781830271258
30.270162254594428
30.359739283496573
30.449515247882186
30.539492523018396
30.6296735297584
30.72006073580896
30.810656657044003
30.90146385886631
30.992484957619574
31.08372262205303
31.17517957484122
31.26685859416133
31.358762515330895
31.450894232508716
31.543256700462006
31.63585293640296
31.72868602189817
31.821759104854433
31.915075401584744
32.00863819895855
32.10245085664045
32.19651680942193
32.290839569650856
32.38542272976394
32.48026996492744
32.57538503579195
32.67077179136745
32.76643417202488
32.86237621263153
32.95860204582738
33.05511590545033
33.151922130118805
33.24902516698065
33.346429575637906
33.44414003225779
33.54216133388081
33.64049840293776
33.73915629198826
33.838140188694304
33.93745542104329
34.03710746283621
34.13710193945764
34.23744463394554
34.338141493380455
34.43919863561468
34.5406223563643
34.642419136688176
34.74459565088038
34.847158774804406
34.950115594700065
35.053473416496445
35.15723977566716
35.26142244766726
35.36602945899471
35.47106909892284
35.57654993195475
35.682480811055015
35.78887089171917
35.895729646947274
36.0030668831941
36.11089275737538
36.21921779501756
36.3280529096471
36.437409423525025
36.54729908984362
36.657734116513886
36.76872719168661
36.88029151116501
36.99244080788438
37.10518938365388
37.2185521433779
37.33254463199952
37.4471830744375
37.56248441882081
37.678466383362114
37.7951475072545
37.91254720602477
38.03068583183325
38.14958473927531
38.26926635731538
38.38975426807199
38.51107329327462
38.633249589332316
38.75631075209442
38.880285932548
39.00520596489143
39.13110350865396
39.25801320680555
39.38597186212942
39.51501863452345
39.645195262371885
39.7765463117048
39.90911945756459
40.04296580285914
40.17814024104119
40.314701870268244
40.4527144683383
40.59224703975908
40.73337444892046
40.87617815667279
41.02074708190427
41.167178615282495
41.3155798196336
41.46606886111711
41.61877672833774
41.773849314152244
41.93144995915904
42.09176258967182
42.254995630930715
42.42138694552297
42.591210148877906
42.764782807009865
42.942477258080814
43.12473517412765
43.31208759253485
43.50518318747671
43.70482939402251
43.912054427320136
44.12820501968908
44.35510913018962
44.59536659440924
44.8529196307558
45.13433269893228
45.452326140634526
45.84013771939762