0.03072912417623693
0.09218741694803301
0.15364584297863043
0.21510449111001254
0.2765634501883365
0.33802280906560317
0.39948265660132715
0.4609430816642075
0.5224041731337989
0.583866019902183
0.6453287108756413
0.7067923349763274
0.7682569811439424
0.8297227383374084
0.8911896955365456
0.9526579417437491
1.014127565985667
1.075598657314881
1.1370713048115864
1.198545597585276
1.2600216247764235
1.3214994755581704
1.3829792391380122
1.4444610047594906
1.5059448617038824
1.5674308992918953
1.6289192068853633
1.6904098738889441
1.7519029897518208
1.8133986439694045
1.8748969260850392
1.9363979256917112
1.9979017324337591
2.059408436008588
2.120918126168386
2.182430892721845
2.243946825535882
2.305466014537366
2.366988549714847
2.4285145211202908
2.490044018870812
2.5515771331504173
2.613113954211747
2.674654572377824
2.7361990780438044
2.797747561678732
2.8593001138273015
2.920856825111618
2.9824177862329675
3.04398308797359
3.105552821198455
3.1671270768570436
3.2287059459851357
3.290289519706602
3.3518778892351975
3.413471145876365
3.4750693810290425
3.536672686187471
3.5982811529430174
3.6598948729859915
3.7215139381074773
3.7831384402011663
3.844768471265197
3.906404123404001
3.968045488830154
4.0296926598662335
4.091345728946684
4.153004788619686
4.214669931549034
4.276341250516019
4.338018838421319
4.399702788286898
4.461393193257907
4.523090146604596
4.584793741724232
4.646504072143029
4.708221231518071
4.769945313639265
4.8316764124312765
4.893414621955498
4.955160036412002
5.016912750141518
5.078672857627415
5.1404404534976855
5.2022156325269435
5.263998489638428
5.325789119906025
5.387587618556279
5.449394080970434
5.511208602686468
5.573031279401147
5.634862206972085
5.696701481419807
5.758549198929837
5.820405455854776
5.882270348716408
5.944143974207804
6.006026429195442
6.067917810721337
6.129818216005175
6.19172774244647
6.253646487626719
6.315574549311577
6.377512025453036
6.439459014191623
6.501415613858602
6.56338192297819
6.625358040269788
6.687344064650222
6.749340095235988
6.811346231345528
6.873362572501495
6.935389218433049
6.997426269078158
7.059473824585908
7.121531985318836
7.18360085185527
7.245680524991678
7.307771105745042
7.369872695355235
7.431985395287416
7.4941093072344405
7.556244533119285
7.61839117509748
7.680549335559568
7.7427191171335625
7.80490062268744
7.867093955331627
7.92929921842152
7.991516515560008
8.053745950600018
8.115987627647076
8.178241651061878
8.240508125462888
8.302787155728943
8.365078847001872
8.427383304689153
8.489700634466555
8.552030942280826
8.614374334352384
8.676730917178027
8.739100797533665
8.801484082477065
8.863880879350623
8.926291295784141
8.988715439697641
9.05115341930418
9.113605343112694
9.176071319930863
9.238551458867994
9.30104586933792
9.363554661061917
9.426077944071665
9.488615828712192
9.55116842564487
9.613735845850417
9.676318200631933
9.738915601617935
9.801528160765447
9.864155990363077
9.926799203034152
9.98945791173984
10.052132229782329
10.114822270808006
10.177528148810664
10.24024997813475
10.302987873478614
10.365741949897792
10.428512322808325
10.491299107990086
10.554102421590136
10.616922380126123
10.679759100489681
10.74261269994988
10.805483296156682
10.868371007144441
10.93127595133542
10.994198247543343
11.057138014976967
11.120095373243691
11.18307044235319
11.246063342721076
11.309074195172593
11.372103120946345
11.435150241698043
11.49821567950429
11.561299556866397
11.624401996714237
11.687523122410118
11.750663057752694
11.813821926980907
11.876999854777976
11.940196966275392
12.003413387056979
12.066649243162953
12.129904661094058
12.193179767815703
12.256474690762145
12.319789557840718
12.383124497436084
12.44647963841453
12.509855110128303
12.573251042419972
12.636667565626848
12.700104810585417
12.763562908635844
12.827041991626484
12.890542191918454
12.954063642390247
13.017606476442376
13.081170828002062
13.144756831527976
13.208364622015011
13.2719943349991
13.335646106562086
13.399320073336629
13.463016372511156
13.526735141834871
13.590476519622792
13.654240644760849
13.718027656711023
13.78183769551654
13.845670901807106
13.909527416804192
13.973407382326378
14.037310940794734
14.101238235238272
14.165189409299424
14.229164607239595
14.29316397394476
14.357187654931113
14.421235796350784
14.485308544997586
14.549406048312852
14.613528454391293
14.677675911986949
14.741848570519165
14.80604658007866
14.870270091433621
14.934519256035891
14.998794226027192
15.063095154245433
15.127422194231055
15.191775500233472
15.25615522721755
15.320561530870162
15.384994567606821
15.449454494578356
15.51394146967768
15.578455651546616
15.642997199582789
15.707566273946611
15.772163035568305
15.836787646155038
15.901440268198101
15.966121064980173
16.030830200582677
16.095567839893178
16.160334148612908
16.225129293264317
16.28995344119875
16.354806760604184
16.419689420513045
16.484601590810126
16.549543442240566
16.61451514641795
16.679516875832455
16.74454880385913
16.80961110476621
16.87470395372359
16.93982752681133
17.004982001028303
17.070167554300888
17.135384365491813
17.200632614409052
17.26591248181486
17.331224149434863
17.39656779996731
17.461943617092363
17.52735178548155
17.592792490807284
17.658265919752523
17.72377226002051
17.789311700344648
17.854884430498466
17.920490641305733
17.98613052465066
18.051804273488223
18.117512081854624
18.183254144877854
18.249030658788392
18.314841820930027
18.380687829770817
18.44656888491414
18.51248518710993
18.578436938266012
18.644424341459573
18.71044760094879
18.776506922184577
18.842602511822484
18.908734577734737
18.97490332902243
19.04110897602785
19.107351730346974
19.173631804842096
19.23994941365463
19.306304772218063
19.372698097271048
19.439129606870697
19.50559952040601
19.57210805861149
19.63865544358091
19.705241898781264
19.771867649066895
19.838532920693805
19.905237941334125
19.971982940090797
20.038768147512435
20.105593795608346
20.1724601178638
20.23936734925545
20.30631572626697
20.373305486904897
20.440336870714667
20.50741011879688
20.574525473823766
20.64168318005585
20.70888348335888
20.776126631220937
20.843412872769793
20.910742458790498
20.97811564174319
21.045532675781175
21.11299381676919
21.180499322301994
21.24804945172313
21.315644466144004
21.383284628463187
21.45097020338599
21.518701457444312
21.586478659016763
21.654302078349055
21.72217198757469
21.790088660735904
21.858052373804956
21.92606340470566
21.99412203333525
22.06222854158656
22.130383213370482
22.198586334638787
22.266838193407224
22.335139079778997
22.403489285968536
22.471889106325644
22.540338837359972
22.60883877776584
22.677389228447456
22.745990492544458
22.814642875457867
22.883346684876393
22.952102230803142
23.020909825582727
23.08976978392875
23.158682422951742
23.227648062187463
23.296667023625677
23.365739631739334
23.43486621351419
23.504047098478896
23.573282618735526
23.642573108990575
23.71191890658644
23.78132035153339
23.850777786542004
23.920291557056125
23.989862011286352
24.05948950024401
24.12917437777568
24.198917000598275
24.26871772833465
24.33857692354979
24.40849495178758
24.478472181608133
24.548508984625744
24.618605735547458
24.688762812212236
24.758980595630764
24.829259470025924
24.899599822873917
24.970002044946035
25.040466530351186
25.11099367657903
25.18158388454393
25.252237558629535
25.322955106734202
25.393736940317094
25.464583474445135
25.535495127840694
25.60647232293011
25.677515485893046
25.74862504671267
25.81980143922672
25.891045101179426
25.962356474274348
26.033736004228135
26.105184140825216
26.176701337973427
26.24828805376068
26.319944750512562
26.391671894850997
26.463469957753958
26.535339414616207
26.60728074531119
26.679294434253983
26.751380970465423
26.823540847637396
26.8957745641993
26.968082623385758
27.04046553330556
27.112923807011878
27.185457962573793
27.258068523149177
27.3307560170589
27.40352097786247
27.47636394443509
27.549285461046182
27.6222860774394
27.695366348914206
27.76852683640897
27.841768106585725
27.91509073191654
27.988495290771578
28.061982367508914
28.13555255256606
28.209206442553366
28.282944640349246
28.356767755197286
28.43067640280535
28.504671205446645
28.57875279206283
28.652921798369256
28.727178866962323
28.80152464742906
28.875959796458954
28.95048497795812
29.025100863165807
29.099808130773408
29.174607467045888
29.249499565945865
29.32448512926026
29.3995648667297
29.474739496180653
29.550009743660432
29.625376343575148
29.700840038830613
29.776401580976376
29.852061730352894
29.927821256241977
30.003680937020565
30.07964156031794
30.155703923176468
30.23186883221598
30.308137103801858
30.38450956421697
30.460987049837552
30.537570407313126
30.614260493750592
30.69105817690262
30.76796433536044
30.844979858751163
30.922105647939812
30.99934261523611
31.07669168460625
31.154153791889755
31.231729885021593
31.309420924259673
31.387227882417925
31.465151745105135
31.54319351096965
31.62135419195021
31.699634813533038
31.778036415015418
31.856560049775943
31.93520678555164
32.013977704722215
32.09287390460162
32.17189649773715
32.25104661221641
32.33032539198226
32.40973399715613
32.48927360436992
32.56894540710674
32.64875061605084
32.728690459447016
32.808766183469764
32.888979052602615
32.96933035002785
33.049821378027126
33.130453458393184
33.21122793285322
33.292146163504206
33.37320953326058
33.454419446314816
33.53577732861126
33.61728462833373
33.69894281640738
33.78075338701536
33.86271785813074
33.9448377720644
34.02711469602927
34.10955022272175
34.1921459709208
34.2749035861054
34.357824741091164
34.440911136686665
34.524164502370446
34.607586596989364
34.69117920947911
34.774944159607905
34.85888329874413
34.942998510648984
35.02729171229507
35.11176485471203
35.19641992386032
35.2812589415343
35.366283966295775
35.45149709443942
35.536900460991234
35.62249624074165
35.70828664931457
35.79427394427406
35.8804604262702
35.96684844022593
36.05344037656666
36.14023867249449
36.22724581330916
36.31446433377783
36.40189681955581
36.48954590866077
36.57741429300286
36.6655047199732
36.75381999409387
36.84236297873198
36.931136597881135
37.02014383801352
37.10938775000603
37.19887145114425
37.288598127208004
37.37857103464282
37.46879350282147
37.559268936400414
37.65000081777601
37.74099270964572
37.832248257679915
37.92377119331027
38.01556533664096
38.10763459948938
38.19998298856371
38.29261460878482
38.385533666760644
38.478744474421894
38.5722514528283
38.66605913615526
38.76017217587176
38.85459534512069
38.94933354331406
39.04439180095591
39.13977528470719
39.23548930270773
39.33153931017121
39.42793091527108
39.52466988533577
39.621762153373766
39.719213824950245
39.81703118543898
39.91522070767483
40.01378906003469
40.11274311497649
40.21208995806877
40.311836897546
40.41199147442756
40.512561473242236
40.61355493340305
40.71498016128188
40.81684574303742
40.91916055825526
41.021933794464196
41.12517496259908
41.228893913487305
41.333100855443455
41.43780637306547
41.543021447334475
41.64875747713173
41.755026302297246
41.86184022836857
41.969212053152674
42.07715509530106
42.185683225077106
42.294810897526325
42.404553188284574
42.51492583228712
42.62594526567325
42.73762867121715
42.84999402765735
42.96306016334468
43.07684681468331
43.19137468990291
43.30666553877294
43.422742228955336
43.5396288297906
43.65735070442816
43.77593461134744
43.895408816475474
44.01580321729557
44.13714948056463
44.25948119552271
44.38283404479608
44.50724599557673
44.632757514121295
44.75941180717047
44.887255094569916
45.01633691820668
45.14671049340205
45.27843311017505
45.411566593380265
45.54617783272104
45.68233939616919
45.82013024355007
45.959636561207546
46.100952744059676
46.244182558433636
46.3894405284482
46.53685360128506
46.68656316375172
46.83872750600266
46.993524861031204
47.151157194981224
47.31185499035756
47.47588336288358
47.643550001210926
47.815215647599054
47.991308200582004
48.17234211443738
48.35894577791291
48.55190133867033
48.75220476073794
48.96116046728233
49.180538894015655
49.41285791945413
49.66193525589239
49.93412762403647
50.241751934667946
50.616989169547075