0.0900194490295595
0.088566999352957
0.0857319896258527
0.0816486271132625
0.0765049110228451
0.0705283019634013
0.0639691057364358
0.0570832552693398
0.0501161218410499
0.0432887391297811
0.0367874312047991
0.0307573657692961
0.0253000785504239
0.0204745977547127
0.0163014858310701
0.0127689339998576
0.0098399949411825
0.0074601032742095
0.0055641815576101
0.0040828252914631
0.00294726862019009
0.0020930241414258
0.00146224561364314
0.00100497155977335
0.000679469796634
0.00045192344319507
0.00029568759476399
0.000190313611316249
0.000120495242597804
0.000075046051497442
0.000045976730182433
0.000027707337380027
0.0000164244928345344
9.5768655301019e-6
5.492658972529e-6
3.0985826043539e-6
1.7193246279854e-6
9.3833952640135e-7
5.0368869993971e-7
2.6592368128338e-7
1.38081901394449e-7
7.0516956023327e-8
3.5417614927095e-8
1.7494668227374e-8
8.49853810004e-9
4.0600007220364e-9
1.9074027370683e-9
8.8121912305127e-10
4.003512963403e-10
1.788565091027e-10
7.8571418077834e-11
3.3939909734366e-11
1.4415599760288e-11
6.0203279873969e-12
2.4720783016612e-12
9.98039947543e-13
3.9615580224521e-13
1.5459841536358e-13
5.9313460553322e-14
2.2371687436192e-14
8.2952462436604e-15
3.0236564285009e-15
1.0834167206476e-15
3.8159759050805e-16
1.3211420790475e-16
4.495870559297e-17
1.5037815428716e-17
4.9436580826724e-18
1.5973151628028e-18
5.0722054853488e-19
1.5828959244031e-19
4.8544739023872e-20
1.4630224494838e-20
4.332746380683e-21
1.2608492868163e-21
3.6052435732985e-22
1.0128874346776e-22
2.7959295365479e-23
7.582506089876e-24
2.0202428164325e-24
5.2878738885584e-25
1.3596511091367e-25
3.434192281356e-26
8.520283092087e-27
2.0763328807832e-27
4.9697485641644e-28
1.1682800369481e-28
2.6972108928176e-29
6.115306797889e-30
1.3615595821919e-30
2.9767985025263e-31
6.3905113454268e-32
1.3470193234168e-32
2.7876766907836e-33
5.66394876417e-34
1.1297495702331e-34
2.2121179347154e-35
4.2518163689999e-36
8.021533403871e-37
1.485364846158e-37
2.6994639666329e-38
4.8146641470758e-39
8.427011128761e-40
1.447354418873e-40
2.4391820888539e-41
4.0332525080598e-42
6.543075150658e-43
1.041350055392e-43
1.6258202834575e-44
2.4898975640453e-45
3.7402043940641e-46
5.510429259222e-47
7.962008744301e-48
1.1281774809918e-48
1.5675439965261e-49
2.1355960165915e-50
2.8526241874137e-51
3.7356371035625e-52
4.7956507096694e-53
6.034770234466e-54
7.443399958495e-55
8.997999641751e-56
1.0659839101542e-56
1.2375162965924e-57
1.4077054961953e-58
1.5689089776321e-59
1.7130603399596e-60
1.8323139606622e-61
1.9197391165376e-62
1.9699800445676e-63
1.9797955041855e-64
1.9484027714233e-65
1.8775756067801e-66
1.7714797455434e-67
1.6362669035854e-68
1.4794823605336e-69
1.3093657103822e-70
1.1341351988813e-71
9.613419106181e-73
7.973626665275e-74
6.470740463903e-75
5.137200239503e-76
3.989579022951e-77
3.030460314934e-78
2.2512473163728e-79
1.6353934047825e-80
1.1615990826513e-81
8.066311951129e-83
5.475545960036e-84
3.632968167783e-85
2.3557257849804e-86
1.4926679696498e-87
9.24107489946e-89
5.589167412873e-90
3.3020277657607e-91
1.9053114243911e-92
1.0736051219298e-93
5.906867710383e-95
3.172807208034e-96
1.6635756721204e-97
8.513173589948e-99
4.251351387102e-100
2.0714980566019e-101
9.846873868211e-103
4.565640212002e-104
2.0645548592265e-105
9.103394517519e-107
3.913470111276e-108
1.6399502001766e-109
6.69786283023e-111
2.6656580145649e-112
1.0336166469213e-113
3.904130608373e-115
1.4362182321924e-116
5.144791812184e-118
1.79425832947e-119
6.091004561308e-121
2.012310942443e-122
6.468703952471e-124
2.0228684758518e-125
6.152571488613e-127
1.8196718272193e-128
5.232193531926e-130
1.462291540488e-131
3.971429053242e-133
1.0479091314309e-134
2.685738558159e-136
6.684430561646e-138
1.6151797255622e-139
3.78814050468e-141
8.62126319491e-143
1.9034604811777e-144
4.075971634588e-146
8.462848133998e-148
1.7032615516947e-149
3.322035560578e-151
6.277134764245e-153
1.148751943396e-154
2.035491478425e-156
3.491067529037e-158
5.793724999877e-160
9.301004192321e-162
1.4438851191133e-163
2.166813410977e-165
3.142304927369e-167
4.402115716301e-169
5.955327900682e-171
7.777178353014e-173
9.800490386601e-175
1.1912863289145e-176
1.3962276330948e-178
1.577222184539e-180
1.71651082591e-182
1.799008075776e-184
1.81494602418e-186
1.761751209379e-188
1.644662700213e-190
1.4758980581262e-192
1.2725460353185e-194
1.0536901967448e-196
8.374394772965e-199
6.385098181515e-201
4.667900596495e-203
3.270205495476e-205
2.194221888161e-207
1.4092352898895e-209
8.658084939607e-212
5.085405605286e-214
2.853754823222e-216
1.5290031285956e-218
7.816371277347e-221
3.80980019523e-223
1.7692321285e-225
7.822187627458e-228
3.290008069741e-230
1.3153592196249e-232
4.994730916805e-235
1.799821678224e-237
6.149119905992e-240
1.990056609838e-242
6.095025328174e-245
1.764886750959e-247
4.826665995395e-250
1.2453972625382e-252
3.028464152513e-255
6.932596200762e-258
1.4921544295787e-260
3.016065477625e-263
5.71767741137e-266
1.0152427763507e-268
1.686111634143e-271
2.615395898932e-274
3.783239842688e-277
5.095379537113e-280
6.379030023773e-283
7.410432999845e-286
7.973565768045e-289
7.931441933512e-292
7.278993099251e-295
6.150274779464e-298
4.773735312811e-301
3.395843735165e-304
2.208471819591e-307
1.3096640000852e-310
7.062454249804e-314
3.453124624065e-317
1.5261101573467e-320
6.076435063673e-324
2.172110430278e-327
6.94489034191e-331
1.978197149069e-334
4.998542520491e-338
1.1153261339538e-341
2.186813361055e-345
3.747785572108e-349
5.582244963052e-353
7.181684538997e-357
7.926981313462e-361
7.452003791369e-365
5.918961187322e-369
3.937413102645e-373
2.172543593682e-377
9.837187426884e-382
3.612049029611e-386
1.0613217040839e-390
2.458494961635e-395
4.414611313548e-400
6.028007051172e-405
6.122664025295e-410
4.509318210199e-415
2.337368235052e-420
8.231165739831e-426
1.8877232356364e-431
2.677820577448e-437
2.204084795906e-443
9.706165398824e-450
2.0571546490139e-456
1.8186112553414e-463
5.476183328591e-471
4.137617965267e-479
4.730427627556e-488
3.095087811432e-498
9.423060723275e-511