0.0894339274171037
0.088009553278337
0.085228464066266
0.0812206525803469
0.0761683781044032
0.0702924423616306
0.0638362460035343
0.0570492228952528
0.0501712055786368
0.0434190475334786
0.0369764621866637
0.0309875973618784
0.0255544139818197
0.0207375396226318
0.0165599657878711
0.0130127768824786
0.0100620420213062
0.007656053031517
0.005732225735759
0.0042231633260019
0.0030615772446853
0.00218394470361694
0.00153293331353889
0.00105873200187898
0.00071949160337536
0.00048110281575718
0.00031653222060929
0.000204908981412529
0.000130515503788958
0.000081792984767288
0.000050433308840161
0.000030595724228304
0.000018261653775019
0.0000107238218185659
6.1955950166403e-6
3.5215514234342e-6
1.9692282711837e-6
1.08333391513683e-6
5.8630811020434e-7
3.1216167486253e-7
1.6349934316454e-7
8.4241796455898e-8
4.2697910958616e-8
2.1288499532818e-8
1.04408223217844e-8
5.0369447544945e-9
2.390198071769e-9
1.11564493756109e-9
5.1219399061942e-10
2.312863945497e-10
1.02721975141478e-10
4.4870884292573e-11
1.9277201760051e-11
8.1450047225869e-12
3.3845141650777e-12
1.383083567635e-12
5.5582338409218e-13
2.1965975998591e-13
8.5364687827226e-14
3.2621851204038e-14
1.2258288665266e-14
4.5292891758159e-15
1.6454968325364e-15
5.8778492397039e-16
2.0643416786015e-16
7.1280966414781e-17
2.4198102237485e-17
8.0759084951842e-18
2.649660317959e-18
8.5460193024041e-19
2.7095568370596e-19
8.4445985313255e-20
2.5869703748739e-20
7.7896995869129e-21
2.3054282279069e-21
6.7060798281847e-22
1.9171511344148e-22
5.3863991861728e-23
1.487233070051e-23
4.0353511150005e-24
1.0759414148561e-24
2.8189270961582e-25
7.2568746988091e-26
1.8355588534828e-26
4.5616500982485e-27
1.1137618914687e-27
2.6715353853047e-28
6.2951902976461e-29
1.4571927689317e-29
3.313339311118e-30
7.400069808953e-31
1.6233293408639e-31
3.4975020599467e-32
7.40063721693e-33
1.537867776093e-33
3.1382406334716e-34
6.288529896143e-35
1.2373301753214e-35
2.3904147593075e-36
4.5340817860631e-37
8.443271665025e-38
1.5435263154018e-38
2.7699718038797e-39
4.8794458117724e-40
8.436745027134e-41
1.4317384159303e-41
2.3845774506224e-42
3.8975569750277e-43
6.251448920866e-44
9.838968429191e-45
1.5194002661945e-45
2.302084470271e-46
3.4219132536866e-47
4.9898472987714e-48
7.137521664453e-49
1.0014298176438e-49
1.3780882200668e-50
1.8598889952968e-51
2.461615145782e-52
3.1948139587882e-53
4.0656685458832e-54
5.072797885603e-55
6.205261251402e-56
7.441093155635e-57
8.746701557661e-58
1.0077411658917e-58
1.1379325678133e-59
1.2592503418185e-60
1.3655270362043e-61
1.4509261717717e-62
1.5104650115143e-63
1.5404917101432e-64
1.5390538951696e-65
1.5061072657585e-66
1.4435334310173e-67
1.3549626064205e-68
1.2454243051267e-69
1.1208728429587e-70
9.876501319942e-72
8.519533506368e-73
7.193692981886e-74
5.945223581575e-75
4.808624097959e-76
3.805969024225e-77
2.9475161111738e-78
2.233303036997e-79
1.6553618235875e-80
1.2001749410141e-81
8.510484472981e-83
5.901645426298e-84
4.001761872209e-85
2.6530049480529e-86
1.719420627816e-87
1.0892590690722e-88
6.744225483624e-90
4.080663799625e-91
2.4125286619345e-92
1.3934816865485e-93
7.862495682755e-95
4.333035501535e-96
2.3320511858137e-97
1.2255703688721e-98
6.288283227666e-100
3.149618077912e-101
1.5397594727606e-102
7.346038746263e-104
3.419746621187e-105
1.5531340524902e-106
6.880674446107e-108
2.972978092595e-109
1.2526259475676e-110
5.145756381039e-112
2.0606442520806e-113
8.042838891538e-115
3.059098766504e-116
1.1336507690895e-117
4.092504987301e-119
1.4389455063115e-120
4.926792511215e-122
1.6423552058261e-123
5.329290157949e-125
1.6830076357868e-126
5.171667864942e-128
1.546018561761e-129
4.495192980572e-131
1.2709832138915e-132
3.493780481775e-134
9.335130464327e-136
2.423912365749e-137
6.114852863981e-139
1.4983957195685e-140
3.565621556884e-142
8.23771712537e-144
1.8472851592412e-145
4.019821403692e-147
8.486201750401e-149
1.7375583542386e-150
3.449595342522e-152
6.638659258963e-154
1.2380958676233e-155
2.236996974162e-157
3.914592684872e-159
6.632661800163e-161
1.0877681826465e-162
1.7262203353912e-164
2.649894356588e-166
3.933609538143e-168
5.644674675581e-170
7.827495134097e-172
1.048553663325e-173
1.3563963665602e-175
1.693756892763e-177
2.040894606331e-179
2.372070954435e-181
2.658280403541e-183
2.87120410292e-185
2.987701626704e-187
2.993886944447e-189
2.887812331391e-191
2.680053043624e-193
2.391988086145e-195
2.052158398988e-197
1.691564388527e-199
1.3389852796549e-201
1.0173035886881e-203
7.414546179839e-206
5.181351994989e-208
3.469642810241e-210
2.225160072609e-212
1.3658940150651e-214
8.020268118879e-217
4.502004625322e-219
2.41428741198e-221
1.2360904214252e-223
6.037999333063e-226
2.811974599233e-228
1.2476404037327e-230
5.269885008582e-233
2.117433497374e-235
8.086626740188e-238
2.933014981653e-240
1.0094350554256e-242
3.293629192228e-245
1.0178988829953e-247
2.976838503396e-250
8.229977464989e-253
2.148774941594e-255
5.2926307325e-258
1.2284641072609e-260
2.683902797092e-263
5.512747118788e-266
1.0632345118648e-268
1.923049451981e-271
3.257388468093e-274
5.160109261035e-277
7.633516805846e-280
1.0529434036733e-282
1.3520984619946e-285
1.613656400455e-288
1.78671728024e-291
1.832098882578e-294
1.736431667095e-297
1.5181264991094e-300
1.2217454689266e-303
9.030441156206e-307
6.116088863863e-310
3.786172815078e-313
2.13675001058e-316
1.096309044741e-319
5.098784095044e-323
2.142918708267e-326
8.111798301547e-330
2.755979125668e-333
8.372521719526e-337
2.265279949841e-340
5.43518863746e-344
1.1511766110989e-347
2.141718620537e-351
3.481520857435e-355
4.916659694823e-359
5.994702617049e-363
6.268029147144e-367
5.579144031152e-371
4.193602983267e-375
2.638525198856e-379
1.3761695040893e-383
5.88645812891e-388
2.040434473753e-392
5.655687867653e-397
1.2349088521444e-401
2.088401371234e-406
2.683160408344e-411
2.561662265715e-416
1.7713873329391e-421
8.610163072823e-427
2.839392614451e-432
6.088436325023e-438
8.060912962182e-444
6.179939321223e-450
2.528884522269e-456
4.966549976734e-463
4.054670331062e-470
1.1227219682843e-477
7.757304402617e-486
8.047751676547e-495
4.721516080983e-505
1.2596975495143e-517