0.0509235940334108
0.0506598595164539
0.0501364803595474
0.0493615308106134
0.0483468622795037
0.0471078018565947
0.0456627672747678
0.0440328118271765
0.042241114941432
0.040312435604503
0.038272546582959
0.036147667380528
0.033963913148063
0.031746775373929
0.029520648229802
0.027308412045978
0.025131082675142
0.023007532615721
0.020954286846261
0.018985393503246
0.01711236693433
0.0153441983744958
0.0136874275982911
0.0121462674449486
0.0107227721172514
0.0094170396169006
0.0082274385743614
0.0071508500167588
0.0061829152362714
0.0053182818070801
0.0045508408799023
0.0038739500876857
0.003280637655744
0.0027637845626744
0.0023162827918799
0.0019311688049494
0.0016017323261837
0.0013216013319343
0.0010848047793523
0.00088581508609537
0.00071957269280487
0.00058149521714788
0.00046747375969868
0.00037385886839736
0.0002974385313985
0.00023541036928853
0.0001853499571518
0.00014517694302794
0.00011312035760498
0.00008768424337894
0.00006761447993277
0.000051867452598648
0.000039581009169048
0.000030047975880438
0.000022692360121645
0.000017048252266745
0.000012741350669997
9.472969431651e-6
7.006344874617e-6
5.1550304294782e-6
3.7731575194808e-6
2.7473389728278e-6
1.9899986693315e-6
1.4339241123047e-6
1.0278553485408e-6
7.329424655738e-7
5.1992346346768e-7
3.6689364193227e-7
2.5755606040592e-7
1.7985965515896e-7
1.249469629575e-7
8.634698557146e-8
5.936052624315e-8
4.0595410761173e-8
2.7617497164018e-8
1.8690435206116e-8
1.258292938405e-8
8.426958960965e-9
5.614179464557e-9
3.7207244531826e-9
2.4529801634407e-9
1.6087381965141e-9
1.0495448766736e-9
6.81146361307e-10
4.397472549421e-10
2.8241552990052e-10
1.8042479495115e-10
1.1466358987104e-10
7.248964461933e-11
4.558762593254e-11
2.8519242848733e-11
1.7747960385401e-11
1.098696602589e-11
6.765897358634e-12
4.14467742489e-12
2.5256500834744e-12
1.5309892545545e-12
9.231813343016e-13
5.537543951657e-13
3.3041673690805e-13
1.9611957562259e-13
1.1579592468406e-13
6.801087939555e-14
3.973522216657e-14
2.309321446722e-14
1.3350697688129e-14
7.677745276733e-15
4.392107183124e-15
2.4993148786996e-15
1.4147416793344e-15
7.966008385202e-16
4.461810369916e-16
2.4859219600187e-16
1.3777461113364e-16
7.595484798009e-17
4.165294183757e-17
2.2721604940767e-17
1.2329195337117e-17
6.654755751944e-18
3.572978577458e-18
1.90822178494e-18
1.013740192205e-18
5.357017763543e-19
2.8159006761922e-19
1.4723417089251e-19
7.657661083651e-20
3.961677413206e-20
2.038715907617e-20
1.0435857322719e-20
5.313645183591e-21
2.691219604321e-21
1.3558044551713e-21
6.794155227169e-22
3.386596950957e-22
1.6791146227774e-22
8.281044020482e-23
4.062345813639e-23
1.9822337115603e-23
9.620953370423e-24
4.644786478813e-24
2.2304725968836e-24
1.0653949074272e-24
5.061812039206e-25
2.3921156090939e-25
1.124444799633e-25
5.257424023934e-26
2.445039152951e-26
1.1310339174648e-26
5.20405024528e-27
2.381674522739e-27
1.0841701537489e-27
4.908916127033e-28
2.2107819942499e-28
9.903241620939e-29
4.412441704126e-29
1.9554635616087e-29
8.619629546508e-30
3.779153905323e-30
1.6480357596662e-30
7.148315630727e-31
3.083932064573e-31
1.3233320332808e-31
5.648000540687e-32
2.397626048522e-32
1.0123435191855e-32
4.251410332939e-33
1.7758067778608e-33
7.377595951054e-34
3.048522403784e-34
1.2529050815718e-34
5.121534301526e-35
2.082255457323e-35
8.420130169143e-36
3.38651756479e-36
1.354679129212e-36
5.389729505243e-37
2.132768689425e-37
8.393935473172e-38
3.285726409891e-38
1.2792042218297e-38
4.953245871667e-39
1.907568756131e-39
7.306503803107e-40
2.783408239049e-40
1.0545832127421e-40
3.973930017819e-41
1.489339635881e-41
5.551370335514e-42
2.057966559202e-42
7.587641777431e-43
2.782303112492e-43
1.0146818620476e-43
3.680288750705e-44
1.3275752055281e-44
4.76277762651e-45
1.6993549251241e-45
6.030164750417e-46
2.12811073245e-46
7.469265325648e-47
2.607226872563e-47
9.050981467766e-48
3.124834907684e-48
1.0729306599445e-48
3.663768538108e-49
1.2442132064386e-49
4.20214071169e-50
1.4114125501741e-50
4.714585793393e-51
1.5661662918094e-51
5.174108491646e-52
1.699945811229e-52
5.554373294393e-53
1.80482057273e-53
5.832174604904e-54
1.874230684812e-54
5.989769755937e-55
1.903663925379e-55
6.016750430719e-56
1.891140400341e-56
5.911178673604e-57
1.837432584209e-57
5.679815365014e-58
1.745986800997e-58
5.337403977799e-59
1.622557187482e-59
4.90511505337e-60
1.4746061928278e-60
4.408379649569e-61
1.3105584879479e-61
3.874420046012e-62
1.139011896626e-62
3.329810009864e-63
9.680073450876e-64
2.798364045196e-64
8.044415261245e-65
2.299576168491e-65
6.53675933942e-66
1.847723118035e-66
5.193609592991e-67
1.451636974579e-67
4.034608036611e-68
1.1150582802505e-68
3.064396440218e-69
8.374169757119e-70
2.27554933845e-70
6.148606257063e-71
1.652004690294e-71
4.413552156685e-72
1.1724811290584e-72
3.097150280422e-73
8.134965454416e-74
2.124635103599e-74
5.517551258818e-75
1.424754224811e-75
3.65816459989e-76
9.339301454285e-77
2.370781590252e-77
5.984017150183e-78
1.501814744104e-78
3.747660648119e-79
9.298708077412e-80
2.294042815762e-80
5.627235034574e-81
1.372465038229e-81
3.328267964173e-82
8.024982389174e-83
1.923874503431e-83
4.585791098065e-84
1.0868126634547e-84
2.560920030859e-85
5.999792706544e-86
1.39756933721e-86
3.236721613836e-87
7.45298359432e-88
1.706262208339e-88
3.883739687514e-89
8.789033587555e-90
1.977501079809e-90
4.423589741733e-91
9.838148325588e-92
2.175355261446e-92
4.782150100263e-93
1.0451780229919e-93
2.271063353678e-94
4.906118039592e-95
1.0536935884523e-95
2.249863186684e-96
4.775964887119e-97
1.0079226127749e-97
2.114716206605e-98
4.410965105019e-99
9.146807626044e-100
1.885634964599e-100
3.864520385617e-101
7.873742764456e-102
1.59482196044e-102
3.211339871574e-103
6.428373730771e-104
1.279247087581e-104
2.530718899946e-105
4.976994952077e-106
9.730204506647e-107
1.891062387405e-107
3.653562140179e-108
7.017000596812e-109
1.339702941959e-109
2.542641246997e-110
4.797100627943e-111
8.996784256666e-112
1.677289703955e-112
3.108412893782e-113
5.726334382354e-114
1.048623565689e-114
1.908819838456e-115
3.453903374548e-116
6.212305881746e-117
1.110683595485e-117
1.973877624134e-118
3.486903110604e-119
6.122753317457e-120
1.068656901721e-120
1.854009217824e-121
3.197164213206e-122
5.480180244061e-123
9.336819444497e-124
1.581155765834e-124
2.661455910913e-125
4.452768884651e-126
7.404651285429e-127
1.223883141894e-127
2.010636092808e-128
3.283087487313e-129
5.328244739006e-130
8.594801574184e-131
1.377954145935e-131
2.195725900756e-132
3.477468019871e-133
5.473776047703e-134
8.563414199855e-135
1.33149669893e-135
2.057612609586e-136
3.160200595397e-137
4.823811598883e-138
7.317922219198e-139
1.103326647228e-139
1.653241807235e-140
2.461963886018e-141
3.643653436366e-142
5.359195217537e-143
7.833687660834e-144
1.137978616184e-144
1.642858377412e-145
2.357009396378e-146
3.360583060962e-147
4.761645324004e-148
6.704794687579e-149
9.38203137244e-150
1.304632360525e-150
1.80283581592e-151
2.475699072115e-152
3.378392015825e-153
4.581309075936e-154
6.173526823593e-155
8.26681279904e-156
1.100020268399e-156
1.454513913875e-157
1.911113383791e-158
2.49518738217e-159
3.237164400914e-160
4.173187995285e-161
5.345759976358e-162
6.804339360517e-163
8.60585762925e-164
1.081510374427e-164
1.350492595504e-165
1.675619234814e-166
2.065744901686e-167
2.530421441448e-168
3.079785162692e-169
3.724396762807e-170
4.475030059385e-171
5.342407337002e-172
6.336881324839e-173
7.46806649869e-174
8.74442547856e-175
1.017281965435e-175
1.175803665695e-176
1.350231070215e-177
1.540485493895e-178
1.746142748201e-179
1.966395454812e-180
2.200023480902e-181
2.445374851872e-182
2.700359302713e-183
2.962456288741e-184
3.228738792723e-185
3.495913651088e-186
3.760378400508e-187
4.018293850656e-188
4.26567076143e-189
4.498468191298e-190
4.712700338917e-191
4.904548073838e-192
5.070470890394e-193
5.20731476077e-194
5.312411335861e-195
5.383664159298e-196
5.41961801825e-197
5.419508235553e-198
5.383287577051e-199
5.311629457677e-200
5.205907221871e-201
5.068150383723e-202
4.900979773858e-203
4.70752449068e-204
4.491324337855e-205
4.256222004562e-206
4.00624958096e-207
3.74551408601e-208
3.478086522537e-209
3.207898585154e-210
2.938650564452e-211
2.673733260187e-212
2.416165888763e-213
2.168551100432e-214
1.933047362885e-215
1.711358168638e-216
1.504736824547e-217
1.314005013731e-218
1.139582902351e-219
9.81528304258e-221
8.39582312393e-222
7.13218844769e-223
6.016957149315e-224
5.041050969813e-225
4.194215855846e-226
3.465464234903e-227
2.84346855973e-228
2.316899494774e-229
1.874705609727e-230
1.506334504877e-231
1.201897824155e-232
9.52284567999e-234
7.49228496179e-235
5.853362433496e-236
4.540831168565e-237
3.497834849665e-238
2.675422807187e-239
2.03193530371e-240
1.532310494631e-241
1.147356082979e-242
8.53020145028e-244
6.29687421885e-245
4.615199040936e-246
3.35854008029e-247
2.42661170025e-248
1.740742909286e-249
1.23979104611e-250
8.76671242325e-252
6.154521517309e-253
4.289591489984e-254
2.968222777983e-255
2.039063514531e-256
1.390636014911e-257
9.41541310197e-259
6.32853485245e-260
4.222790510061e-261
2.797197347847e-262
1.839367493298e-263
1.200688426504e-264
7.78042143209e-266
5.004738967637e-267
3.195654039407e-268
2.02550152043e-269
1.274366444279e-270
7.95865052338e-272
4.933581214668e-273
3.035688643734e-274
1.854037842097e-275
1.123933673512e-276
6.76266320478e-278
4.038722913019e-279
2.393942889322e-280
1.408384104697e-281
8.22356613203e-283
4.765682662002e-284
2.741006006545e-285
1.564619860498e-286
8.86371309833e-288
4.983385978261e-289
2.780540957013e-290
1.539656787201e-291
8.4606218426e-293
4.613794415731e-294
2.496810628772e-295
1.340843730485e-296
7.14545147551e-298
3.778625471033e-299
1.982824923124e-300
1.032463927278e-301
5.334565047419e-303
2.734955926465e-304
1.391305113955e-305
7.02277364997e-307
3.517245419285e-308
1.747824499808e-309
8.61762359149e-311
4.21565565782e-312
2.046086435401e-313
9.85274741546e-315
4.707155020164e-316
2.231108268276e-317
1.049148488831e-318
4.894412632792e-320
2.265189860317e-321
1.040020992495e-322
4.737029532582e-324
2.140373435017e-325
9.59368441406e-327
4.265663803275e-328
1.881421063559e-329
8.23145077528e-331
3.572321654954e-332
1.537804952487e-333
6.56630697093e-335
2.781012840335e-336
1.168259463323e-337
4.867687577905e-339
2.011618822594e-340
8.2451921098e-342
3.351817823455e-343
1.351378399508e-344
5.403595567633e-346
2.142842793016e-347
8.42736226325e-349
3.286844191789e-350
1.271290646947e-351
4.876194259455e-353
1.854725508988e-354
6.99572663651e-356
2.61657115467e-357
9.70444599368e-359
3.568940635298e-360
1.301457919504e-361
4.705816300195e-363
1.687118533744e-364
5.99727158231e-366
2.113737171991e-367
7.3863351522e-369
2.559053390342e-370
8.79009365169e-372
2.993387431702e-373
1.010599401254e-374
3.382463909198e-376
1.12231982648e-377
3.691651321465e-379
1.20375051314e-380
3.890946030273e-382
1.246717130418e-383
3.959730948094e-385
1.246635350475e-386
3.890273453062e-388
1.203313031877e-389
3.689144959248e-391
1.121016965029e-392
3.376204242645e-394
1.007780472613e-395
2.981360202631e-397
8.74107340826e-399
2.539845833587e-400
7.31362385826e-402
2.087040640633e-403
5.90190883486e-405
1.653893788722e-406
4.592682534535e-408
1.263743767281e-409
3.445684068771e-411
9.30905690448e-413
2.49195174147e-414
6.6094775058e-416
1.736912618712e-417
4.522326022424e-419
1.166563738583e-420
2.981311585024e-422
7.54828118477e-424
1.893302587445e-425
4.704490805153e-427
1.158017623409e-428
2.823689280804e-430
6.82035539769e-432
1.631828718053e-433
3.867306867206e-435
9.07816665819e-437
2.11072672345e-438
4.860702254469e-440
1.108633302883e-441
2.504305903844e-443
5.6025530577e-445
1.241287081e-446
2.723545186647e-448
5.91781501983e-450
1.273329843316e-451
2.713072397426e-453
5.72414864483e-455
1.19585223581e-456
2.473712331852e-458
5.066567169587e-460
1.02744633607e-461
2.062875112587e-463
4.100556490669e-465
8.06967938608e-467
1.57217482393e-468
3.032241883616e-470
5.7893869641e-472
1.094193783799e-473
2.047085310672e-475
3.790920631452e-477
6.94876171452e-479
1.260697692865e-480
2.263820822387e-482
4.023345640204e-484
7.07674249051e-486
1.231875038841e-487
2.122137372707e-489
3.617763500613e-491
6.10313335366e-493
1.018820372985e-494
1.682908191604e-496
2.750598084431e-498
4.448191953893e-500
7.11729942493e-502
1.126698829018e-503
1.764602089293e-505
2.734119044677e-507
4.190877560096e-509
6.35469302179e-511
9.53171937772e-513
1.414229515086e-514
2.075512333033e-516
3.012813129691e-518
4.325587443264e-520
6.14226391296e-522
8.62594454553e-524
1.198019483536e-525
1.645448254048e-527
2.234867007383e-529
3.001581241098e-531
3.98623793029e-533
5.23449316781e-535
6.79622651934e-537
8.72421174768e-539
1.107217450018e-540
1.389220279859e-542
1.723152610642e-544
2.112874193021e-546
2.560964170351e-548
3.068286415532e-550
3.633567642287e-552
4.253024125847e-554
4.920076271091e-556
5.62519033168e-558
6.35588261063e-560
7.0969131354e-562
7.83068327074e-564
8.53783574774e-566
9.1980374405e-568
9.79090667432e-570
1.029702994827e-571
1.069899979282e-573
1.098239791294e-575
1.113664712431e-577
1.115566246387e-579
1.103824595133e-581
1.078818959539e-583
1.041407539062e-585
9.92878669261e-588
9.3487697166e-590
8.69310433547e-592
7.98245769778e-594
7.23800105046e-596
6.48036906865e-598
5.72873246322e-600
5.00004000429e-602
4.308467348801e-604
3.665089505688e-606
3.077773737951e-608
2.551272223669e-610
2.087480395042e-612
1.685818413399e-614
1.343689904361e-616
1.056973446137e-618
8.20507480947e-621
6.285371263e-623
4.751005307401e-625
3.543417615105e-627
2.607457558053e-629
1.892979288852e-631
1.355762396166e-633
9.57867837228e-636
6.67554664551e-638
4.588830730139e-640
3.111183954874e-642
2.08032911245e-644
1.371813660437e-646
8.92048966961e-649
5.71987174394e-651
3.616272871981e-653
2.254168793383e-655
1.385271136694e-657
8.39225686004e-660
5.0117642725e-662
2.950138329098e-664
1.711613574169e-666
9.78705684064e-669
5.51509145042e-671
3.06251650053e-673
1.675713914966e-675
9.03415119205e-678
4.798559681729e-680
2.510962613346e-682
1.294329420424e-684
6.57194252735e-687
3.286668220925e-689
1.61882407019e-691
7.85223531019e-694
3.750634001009e-696
1.76401117089e-698
8.16865292072e-701
3.724079049195e-703
1.671372290832e-705
7.38379349471e-708
3.210729729012e-710
1.374077687538e-712
5.78718361776e-715
2.398481702469e-717
9.78099627325e-720
3.924382195051e-722
1.549047079273e-724
6.01487022614e-727
2.297307016724e-729
8.62989188509e-732
3.188212093758e-734
1.158260292411e-736
4.137551390474e-739
1.453180730228e-741
5.01758971429e-744
1.703059401652e-746
5.6817611896e-749
1.863003300197e-751
6.00316408768e-754
1.900818922109e-756
5.91361083369e-759
1.807478866984e-761
5.42698652673e-764
1.600535517207e-766
4.636053746749e-769
1.318752136956e-771
3.683527546273e-774
1.010193622513e-776
2.719810538472e-779
7.18817806985e-782
1.864650298223e-784
4.747074255516e-787
1.185921108269e-789
2.906947576416e-792
6.99069091814e-795
1.649125687162e-797
3.815810415887e-800
8.65898883755e-803
1.926824922466e-805
4.20396097538e-808
8.99212686245e-811
1.885379567321e-813
3.87447067119e-816
7.80273834338e-819
1.539734842144e-821
2.976812356953e-824
5.63774273559e-827
1.04579892634e-829
1.899854569126e-832
3.379566804574e-835
5.88584325095e-838
1.003462067499e-840
1.674459408686e-843
2.734422393315e-846
4.369270461686e-849
6.83028363113e-852
1.044451423176e-854
1.562031290536e-857
2.284412404625e-860
3.266426816095e-863
4.565773321412e-866
6.23773734065e-869
8.32795632345e-872
1.086362202272e-874
1.384397671362e-877
1.723142230874e-880
2.094490352115e-883
2.485732209314e-886
2.879848496997e-889
3.25644428451e-892
3.593308686299e-895
3.868469377263e-898
4.062498110068e-901
4.160742610594e-904
4.155135137177e-907
4.045271346868e-910
3.838561831093e-913
3.549412995446e-916
3.197561496536e-919
2.805830362773e-922
2.397663688087e-925
1.994812637163e-928
1.61548886025e-931
1.273189958709e-934
9.76264496645e-938
7.28153226208e-941
5.28145045556e-944
3.724355487446e-947
2.552742430228e-950
1.700236637201e-953
1.100132093212e-956
6.91349990751e-960
4.218433993219e-963
2.498533115861e-966
1.43607700339e-969
8.00765010082e-973
4.330528247423e-976
2.270682542237e-979
1.154039399356e-982
5.68329173102e-986
2.711179285381e-989
1.252439492314e-992
5.60085144305e-996
2.423851015099e-999
1.014764558061e-1002
4.108489279716e-1006
1.608064648396e-1009
6.08237514496e-1013
2.222449631679e-1016
7.84182340752e-1020
2.670930472659e-1023
8.77806906692e-1027
2.782615363742e-1030
8.5044907436e-1034
2.504976986795e-1037
7.1077943695e-1041
1.942016761936e-1044
5.106992349083e-1048
1.292035124997e-1051
3.143247606278e-1055
7.34973484451e-1059
1.650982270627e-1062
3.561022452766e-1066
7.37135559762e-1070
1.463638574924e-1073
2.786135096981e-1077
5.081766017543e-1081
8.87621434409e-1085
1.483856436913e-1088
2.372744804104e-1092
3.626959711267e-1096
5.296606537232e-1100
7.38481564365e-1104
9.82392285124e-1108
1.246069744055e-1111
1.505957710583e-1115
1.732961504688e-1119
1.89738270568e-1123
1.975086591343e-1127
1.95320841649e-1131
1.833575180992e-1135
1.632611938445e-1139
1.377644936493e-1143
1.100745186701e-1147
8.32041817178e-1152
5.94448451503e-1156
4.010359873712e-1160
2.552284182297e-1164
1.530784692413e-1168
8.64345239682e-1173
4.589677808808e-1177
2.289376098484e-1181
1.071504216856e-1185
4.699991261173e-1190
1.929715265715e-1194
7.40679045233e-1199
2.654209541384e-1203
8.86778905306e-1208
2.758386057898e-1212
7.97655758627e-1217
2.141082013954e-1221
5.326218832856e-1226
1.225901738214e-1230
2.606136715026e-1235
5.10818573437e-1240
9.21413278919e-1245
1.526568030437e-1249
2.318304346565e-1254
3.220302815371e-1259
4.082559014906e-1264
4.712708661749e-1269
4.941470895819e-1274
4.694437599404e-1279
4.029879801846e-1284
3.117186004849e-1289
2.166274066744e-1294
1.348324300175e-1299
7.49174214409e-1305
3.70320017623e-1310
1.622522146329e-1315
6.276881881729e-1321
2.13529390857e-1326
6.359795032451e-1332
1.650793265774e-1337
3.715939524413e-1343
7.21590294709e-1349
1.202048338075e-1354
1.707469496854e-1360
2.054866825502e-1366
2.080667829618e-1372
1.759396988696e-1378
1.232419105261e-1384
7.0889878106e-1391
3.316718831831e-1397
1.24918259673e-1403
3.744611356793e-1410
8.82345715198e-1417
1.611965151628e-1423
2.248805050874e-1430
2.35548043574e-1437
1.817703245419e-1444
1.011680741734e-1451
3.964478400774e-1459
1.064231369166e-1466
1.896304259299e-1474
2.162430986366e-1482
1.512073447709e-1490
6.163293989819e-1499
1.378071440372e-1507
1.569534388937e-1516
8.304859553367e-1526
1.816144554448e-1535
1.408727938715e-1545
3.151048150966e-1556
1.515325653267e-1567
1.0050864609185e-1579
4.402937941329e-1593
3.07936234644e-1608
8.659124526294e-1627