0.0510579239882425
0.050792098872055
0.0502645926407966
0.0494835858326047
0.0484610844885458
0.0472126131556489
0.0457568228953152
0.0441150281236592
0.042310688342959
0.040368852342055
0.038315583198616
0.036177382398427
0.033980630626642
0.031751061349852
0.029513281293746
0.02729034945092
0.025103423465163
0.022971479277999
0.020911106935223
0.01893638257157
0.017058813941086
0.015287354538599
0.0136284794388354
0.0120863145124141
0.0106628096837164
0.0093579463705958
0.00816996916366
0.0070956321181968
0.0061304506852386
0.0052689512307994
0.0045049112103495
0.003831584305341
0.0032419061200431
0.0027286773170705
0.0022847222851141
0.0019030225396826
0.0015768250258297
0.0012997263009868
0.00106573421694
0.00086930919295372
0.00070538748520174
0.00056938902534158
0.00045721244190328
0.00036521981343063
0.00029021355432382
0.00022940762510176
0.00018039500898009
0.00014111312473341
0.00010980856759419
0.00008500229830759
0.000065456145301721
0.000050141253273132
0.000038208907756484
0.000028963991616307
0.000021841186176313
0.000016383915740196
0.000012225947346271
9.075494822613e-6
6.701634264837e-6
4.922813508852e-6
3.5972276506461e-6
2.6148330283646e-6
1.8907805017794e-6
1.3600628890817e-6
9.731889967508e-7
6.927161432453e-7
4.9049313731387e-7
3.4548536285847e-7
2.4207226600384e-7
1.6872469598088e-7
1.1698497090003e-7
8.068612212398e-8
5.535852623734e-8
3.7782147947795e-8
2.5651026760288e-8
1.732360921739e-8
1.1638232854266e-8
7.777683428003e-9
5.170440555378e-9
3.4191519986319e-9
2.2491702743682e-9
1.4717661916078e-9
9.580040699331e-10
6.203080371159e-10
3.9953833549693e-10
2.559882091834e-10
1.6315161791657e-10
1.0343610912023e-10
6.5232163001e-11
4.092226224421e-11
2.5536723359144e-11
1.5851771999316e-11
9.788068240609e-12
6.012043269088e-12
3.6732674403512e-12
2.2324808480427e-12
1.3496683600234e-12
8.116520863841e-13
4.855295281821e-13
2.8891071706023e-13
1.7100676395197e-13
1.0068480071447e-13
5.896779409469e-14
3.435306838005e-14
1.9907430531281e-14
1.1475278585192e-14
6.579743206631e-15
3.752767390181e-15
2.1290734953993e-15
1.2015041358111e-15
6.744578171666e-16
3.765984351914e-16
2.0916822387273e-16
1.1555950194684e-16
6.350495880984e-17
3.471369975926e-17
1.8874902182739e-17
1.0208414774576e-17
5.491878720068e-18
2.9388122123571e-18
1.5642646431041e-18
8.28200213885e-19
4.361605455552e-19
2.2847703441701e-19
1.1904826358781e-19
6.170027599555e-20
3.180781693352e-20
1.6310321189303e-20
8.319021162237e-21
4.220483188999e-21
2.1297641281866e-21
1.0690041199537e-21
5.337094975427e-22
2.650374845129e-22
1.3091385663568e-22
6.431895821616e-23
3.143160577967e-23
1.5278032401672e-23
7.386533562498e-24
3.552101836189e-24
1.6990286832206e-24
8.083243501711e-25
3.825069519455e-25
1.8003659378096e-25
8.428476561732e-26
3.924671120381e-26
1.8177007579966e-26
8.3734701121e-27
3.836644464244e-27
1.7484759056092e-27
7.925538432195e-28
3.573205006882e-28
1.6023084490274e-28
7.146482481798e-29
3.170264876118e-29
1.3987971710295e-29
6.138593712475e-30
2.679396245548e-30
1.1632092879174e-30
5.022623058365e-31
2.1570194298994e-31
9.213554408132e-32
3.914253530738e-32
1.6539341482156e-32
6.950785693645e-33
2.905326234162e-33
1.2078141901744e-33
4.993998980004e-34
2.0537082493375e-34
8.399818300436e-35
3.416966676748e-35
1.3824523032851e-35
5.562845224405e-36
2.226281321172e-36
8.861315190342e-37
3.507924396454e-37
1.381131334803e-37
5.408181429432e-38
2.106191451555e-38
8.157809307174e-39
3.142513457497e-39
1.2039471188151e-39
4.587363060816e-40
1.7383731666668e-40
6.551577042359e-41
2.455672148609e-41
9.154093445831e-42
3.393746896873e-42
1.2512999544583e-42
4.588386454804e-43
1.6733000857011e-43
6.068783660284e-44
2.188981764247e-44
7.85224739295e-45
2.801275462782e-45
9.938625694094e-46
3.506744945544e-46
1.2305180748765e-46
4.294142223411e-47
1.4902807402455e-47
5.143533951868e-48
1.765450730756e-48
6.026271102315e-49
2.045687989323e-49
6.90599688909e-50
2.318505828876e-50
7.740756490299e-51
2.570103301363e-51
8.486102357088e-52
2.786474082538e-52
9.098909401517e-53
2.954675494955e-53
9.54146088064e-54
3.06410117081e-54
9.785273538423e-55
3.107584698785e-55
9.814125221917e-56
3.082175088384e-56
9.62583852497e-57
2.989467588601e-57
9.232548218943e-58
2.835438396117e-58
8.659407411738e-59
2.629806990833e-59
7.941924146473e-60
2.385020701181e-60
7.122320667698e-61
2.115009044649e-61
6.245434322035e-62
1.833880947935e-62
5.354711347781e-63
1.554732835138e-63
4.48878283542e-64
1.2887030791658e-64
3.678975568409e-65
1.0443570858826e-65
2.947932322251e-66
8.274288674413e-67
2.309334153652e-67
6.408909092606e-68
1.76856460833e-68
4.85283457812e-69
1.3240550071112e-69
3.592119579666e-70
9.690093889765e-71
2.599176915209e-71
6.932223545873e-72
1.838384435765e-72
4.847584108201e-73
1.2709772903344e-73
3.313384326523e-74
8.588663306639e-75
2.213590232946e-75
5.672635860814e-76
1.445395615383e-76
3.661852330588e-77
9.224127428391e-78
2.310246020415e-78
5.753044369369e-79
1.424432414401e-79
3.506619713691e-80
8.582943335219e-81
2.088731513353e-81
5.053890481481e-82
1.2158049073168e-82
2.908002864324e-83
6.915389469137e-84
1.635036033521e-84
3.843482118009e-85
8.98270684236e-86
2.087239930863e-86
4.821900681029e-87
1.1074976803216e-87
2.528971865496e-88
5.741425022569e-89
1.295889088331e-89
2.907945757026e-90
6.487434541835e-91
1.438883960998e-91
3.172798665446e-92
6.955383332607e-93
1.515860661462e-93
3.2843919779e-94
7.074666809842e-95
1.51499122349e-95
3.225263178413e-96
6.82604115518e-97
1.436213895538e-97
3.004094486734e-98
6.246691338738e-99
1.2912972978e-99
2.653627158593e-100
5.421116604849e-101
1.100957325014e-101
2.222710023371e-102
4.460909372102e-103
8.899998504672e-104
1.765143705395e-104
3.480097826164e-105
6.820586507469e-106
1.328827174073e-106
2.573530987777e-107
4.954525016064e-108
9.481650869534e-109
1.803735200683e-109
3.410876952267e-110
6.411524800609e-111
1.197998136113e-111
2.225092280909e-112
4.108038409175e-113
7.538987960607e-114
1.375248499334e-114
2.493654968067e-115
4.4944449261e-116
8.051888143467e-117
1.433833793494e-117
2.53791297513e-118
4.46507634862e-119
7.808231886705e-120
1.357205319705e-120
2.344794661745e-121
4.026501401853e-122
6.872456755714e-123
1.16588210302e-123
1.965862039954e-124
3.294613911384e-125
5.48790272781e-126
9.085648900731e-127
1.495031807409e-127
2.445046411306e-128
3.974323511587e-129
6.420605506051e-130
1.030914467279e-130
1.645130518187e-131
2.609193856574e-132
4.112801719477e-133
6.44305432523e-134
1.003149253543e-134
1.552230406993e-135
2.387046102011e-136
3.648182174887e-137
5.54115636294e-138
8.364298932997e-139
1.254760958074e-139
1.870646839091e-140
2.771526259581e-141
4.080746273956e-142
5.971048381745e-143
8.68258364965e-144
1.254676378479e-144
1.801755196584e-145
2.571213278263e-146
3.646326927094e-147
5.13860460283e-148
7.19620934598e-149
1.001447639945e-149
1.384890518961e-150
1.903102688291e-151
2.598755513043e-152
3.526321162765e-153
4.754757205945e-154
6.370619347812e-155
8.48161525079e-156
1.122059366634e-156
1.474993813529e-157
1.926630278329e-158
2.500558908424e-159
3.224801718904e-160
4.132309440948e-161
5.26142283159e-162
6.656267506247e-163
8.3670458271e-164
1.045018442092e-164
1.296829199865e-165
1.598987985484e-166
1.958879731697e-167
2.384333706701e-168
2.88349711859e-169
3.464668838659e-170
4.13609164389e-171
4.905703126161e-172
5.780847529249e-173
6.767953195155e-174
7.87218293521e-175
9.09706736101e-176
1.044413385744e-176
1.191254627201e-177
1.349877233513e-178
1.51962971168e-179
1.699540128133e-180
1.888302236978e-181
2.08427157119e-182
2.285472879907e-183
2.489619906586e-184
2.694148013772e-185
2.896259589864e-186
3.092981548291e-187
3.281233583499e-188
3.45790521902e-189
3.619939111108e-190
3.764417596569e-191
3.888649131478e-192
3.990251087964e-193
4.067225379176e-194
4.118023576827e-195
4.141598567676e-196
4.137440348495e-197
4.105594254894e-198
4.04666071912e-199
3.961776508965e-200
3.852578263347e-201
3.721149958315e-202
3.569956661472e-203
3.401767521222e-204
3.219571357204e-205
3.026488449161e-206
2.825682155518e-207
2.620273835571e-208
2.413264217986e-209
2.207463881648e-210
2.005434928743e-211
1.809445275493e-212
1.621436305944e-213
1.443003970019e-214
1.275392795758e-215
1.119501757887e-216
9.75900522999e-218
8.44854289277e-219
7.26355260332e-220
6.201587345347e-221
5.25821842286e-222
4.427431072947e-223
3.702012240326e-224
3.073917098423e-225
2.53460384611e-226
2.075329327178e-227
1.687400931122e-228
1.362382892855e-229
1.092257409802e-230
8.69542870914e-232
6.87372915059e-233
5.395410105895e-234
4.205158046094e-235
3.254326804058e-236
2.500668477011e-237
1.907929416352e-238
1.445355914044e-239
1.087148023778e-240
8.11893325093e-242
6.020058129927e-243
4.43188831168e-244
3.239353147856e-245
2.350737228639e-246
1.693639911951e-247
1.211446275459e-248
8.60296540517e-250
6.065239546361e-251
4.245201436937e-252
2.949809582237e-253
2.034837538994e-254
1.393478576489e-255
9.4732791961e-257
6.39329176929e-258
4.283191505307e-259
2.84854999059e-260
1.880564182433e-261
1.232409350015e-262
8.01712837259e-264
5.17695285242e-265
3.318299348469e-266
2.111238637425e-267
1.333318491193e-268
8.35794800149e-270
5.200306672366e-271
3.211560342621e-272
1.968590292895e-273
1.197680462917e-274
7.23214599667e-276
4.334392012102e-277
2.578209066262e-278
1.522057794509e-279
8.91787373953e-281
5.185644279863e-282
2.992604905623e-283
1.713938769519e-284
9.7416931639e-286
5.494912088824e-287
3.07587095231e-288
1.70863933684e-289
9.41892747583e-291
5.152465218142e-292
2.796952013292e-293
1.506624501516e-294
8.05320582973e-296
4.271397604951e-297
2.248030799773e-298
1.173975857141e-299
6.08323067187e-301
3.127671541302e-302
1.595560272595e-303
8.07614233989e-305
4.055895949282e-306
2.020947886097e-307
9.99084533311e-309
4.900286519393e-310
2.384548154003e-311
1.151196168889e-312
5.513715865317e-314
2.619898046448e-315
1.234987262523e-316
5.77526240262e-318
2.679200148802e-319
1.232979310295e-320
5.628809779485e-322
2.549062171956e-323
1.145091618946e-324
5.102568401947e-326
2.255376362181e-327
9.88834387247e-329
4.3002644181e-330
1.854925614428e-331
7.93615619133e-333
3.367742483676e-334
1.41744120308e-335
5.91699556402e-337
2.449739524983e-338
1.005896895739e-339
4.096323939726e-341
1.654377886455e-342
6.62623786147e-344
2.63198524301e-345
1.036755138493e-346
4.049835762455e-348
1.568769717841e-349
6.026062242e-351
2.295369828584e-352
8.66978501366e-354
3.247076407443e-355
1.205860521452e-356
4.440315767371e-358
1.621192610665e-359
5.86882392951e-361
2.106468281399e-362
7.49614140856e-364
2.64479000057e-365
9.2513842362e-367
3.208306248581e-368
1.103036568913e-369
3.759588996239e-371
1.270335725746e-372
4.25515713668e-374
1.41293718245e-375
4.650840282747e-377
1.517513005737e-378
4.9081394609e-380
1.57353294162e-381
5.000347624416e-383
1.575001076413e-384
4.917095472846e-386
1.521508308662e-387
4.666256772559e-389
1.418346085157e-390
4.272732184252e-392
1.275644169977e-393
3.77436874481e-395
1.106726812905e-396
3.215942138812e-398
9.26057629792e-400
2.642530679675e-401
7.47213103295e-403
2.093637345406e-404
5.81274172605e-406
1.599091015969e-407
4.358809176093e-409
1.177212627647e-410
3.150098624379e-412
8.35151584636e-414
2.193653641668e-415
5.70849990983e-417
1.471691120262e-418
3.758733541049e-420
9.51012026848e-422
2.383633119454e-423
5.91821867209e-425
1.455559597579e-426
3.546055155905e-428
8.55709869926e-430
2.045324100606e-431
4.842182752597e-433
1.135409429043e-434
2.636846540099e-436
6.06494599114e-438
1.381552374111e-439
3.116697382117e-441
6.96301359368e-443
1.540506566413e-444
3.375062895139e-446
7.32218025326e-448
1.572994969887e-449
3.346036604536e-451
7.04755477359e-453
1.469733357588e-454
3.03472106899e-456
6.20392988415e-458
1.255655505424e-459
2.516038132497e-461
4.991079672072e-463
9.80143693813e-465
1.905418020081e-466
3.666766673102e-468
6.98483098059e-470
1.317028539551e-471
2.45803508894e-473
4.540685634696e-475
8.3019864963e-477
1.502299461029e-478
2.690490600376e-480
4.768627596074e-482
8.36428231934e-484
1.451856168399e-485
2.493815565016e-487
4.238742030018e-489
7.12898253052e-491
1.186374803734e-492
1.953466045258e-494
3.18247567254e-496
5.129619749675e-498
8.17996760002e-500
1.290475293467e-501
2.014024583624e-503
3.109438392111e-505
4.748826533285e-507
7.17402273738e-509
1.072003262221e-510
1.584422820101e-512
2.31617990121e-514
3.348761248277e-516
4.7884079282e-518
6.77138333712e-520
9.46950087561e-522
1.309556408717e-523
1.790822939756e-525
2.421565188526e-527
3.237713334037e-529
4.28018801505e-531
5.59439215846e-533
7.22922644508e-535
9.2355494571e-537
1.16640300514e-538
1.456238017832e-540
1.797201080587e-542
2.192421944046e-544
2.643609036554e-546
3.150636136463e-548
3.711157475327e-550
4.320287636543e-552
4.970384414928e-554
5.65097101194e-556
6.34882804226e-558
7.04827573238e-560
7.73165283545e-562
8.379982158e-564
8.97379468964e-566
9.49406701751e-568
9.92321203022e-570
1.024605281125e-571
1.045070566014e-573
1.052930130096e-575
1.047848367916e-577
1.029964256113e-579
9.99885785284e-582
9.58655790207e-584
9.07691841893e-586
8.48705037892e-588
7.83604201588e-590
7.14393004714e-592
6.43067772472e-594
5.71523223397e-596
5.014722315847e-598
4.343840446971e-600
3.714434605452e-602
3.135314866032e-604
2.612261932505e-606
2.148209941987e-608
1.743565590129e-610
1.396620293198e-612
1.10401155419e-614
8.61193244595e-617
6.62881105163e-619
5.034481942693e-621
3.772540704731e-623
2.789001454153e-625
2.034110989438e-627
1.463480254448e-629
1.038628880459e-631
7.27059560701e-634
5.019843553271e-636
3.418182661317e-638
2.295404877051e-640
1.520043781502e-642
9.92565620795e-645
6.39060563262e-647
4.056743386683e-649
2.538859122554e-651
1.566382334968e-653
9.52636803515e-656
5.71083186159e-658
3.374314793898e-660
1.964977197254e-662
1.127681218697e-664
6.37739079175e-667
3.553842829842e-669
1.951292040408e-671
1.055565706014e-673
5.62544641717e-676
2.953295555077e-678
1.527229147298e-680
7.77889186196e-683
3.90225867099e-685
1.927824071637e-687
9.37863598362e-690
4.492628239692e-692
2.118932202226e-694
9.83912170062e-697
4.497641878577e-699
2.023806140721e-701
8.96343186401e-704
3.907208878216e-706
1.676142700846e-708
7.0757453558e-711
2.939102014759e-713
1.201164323382e-715
4.829466298638e-718
1.910152620657e-720
7.43142460864e-723
2.843633519642e-725
1.070125634184e-727
3.960200197661e-730
1.441059659381e-732
5.155728181e-735
1.813433550167e-737
6.27013323838e-740
2.130957752707e-742
7.11794875524e-745
2.336551497243e-747
7.5369286487e-750
2.388743842027e-752
7.43803097951e-755
2.275182354594e-757
6.83597333622e-760
2.017279214087e-762
5.84612683239e-765
1.663648414851e-767
4.648362172038e-770
1.275078434901e-772
3.43340681105e-775
9.07438849449e-778
2.353775049366e-780
5.99127395435e-783
1.496341069221e-785
3.666478615237e-788
8.81300850771e-791
2.077803124005e-793
4.804385320504e-796
1.089361203375e-798
2.421884089997e-801
5.27871536819e-804
1.127825608725e-806
2.361778396646e-809
4.846896935911e-812
9.7467336477e-815
1.920293322361e-817
3.706217788815e-820
7.00632294547e-823
1.297135640624e-825
2.351559829689e-828
4.173886461985e-831
7.25231925964e-834
1.233393798323e-836
2.052821480748e-839
3.343184275901e-842
5.32676317652e-845
8.30221007694e-848
1.265562749258e-850
1.886534306015e-853
2.749585565966e-856
3.917605804238e-859
5.45573958196e-862
7.42494660884e-865
9.87338764823e-868
1.28261837401e-870
1.627463666614e-873
2.01665104854e-876
2.439931897069e-879
2.881859823734e-882
3.322275972341e-885
3.737528727631e-888
4.102384629371e-891
4.392451286602e-894
4.586809439309e-897
4.670471129677e-900
4.636269237863e-903
4.485851323689e-906
4.229589754002e-909
3.885403802567e-912
3.476678415788e-915
3.029616706593e-918
2.570445749946e-921
2.122892285618e-924
1.706262145348e-927
1.334318969303e-930
1.014999354179e-933
7.50858999542e-937
5.40045101458e-940
3.775472572265e-943
2.564903173069e-946
1.692839384792e-949
1.085151575034e-952
6.75425743452e-956
4.080918615771e-959
2.392818578859e-962
1.361160344819e-965
7.50983434146e-969
4.017394708912e-972
2.08315140998e-975
1.046709072434e-978
5.094763627044e-982
2.40146606056e-985
1.095827007642e-988
4.839234653156e-992
2.067443514979e-995
8.54207027658e-999
3.412026179285e-1002
1.317120188111e-1005
4.911828688069e-1009
1.768900467039e-1012
6.14950560768e-1016
2.062929452711e-1019
6.67518139768e-1023
2.082570597932e-1026
6.26201318086e-1030
1.813934000257e-1033
5.059805804867e-1037
1.358496376837e-1040
3.509121897764e-1044
8.71670498231e-1048
2.081201465867e-1051
4.773896068589e-1055
1.051509237545e-1058
2.222867841271e-1062
4.50763191409e-1066
8.76366684929e-1070
1.632633039484e-1073
2.912818584576e-1077
4.974061782062e-1081
8.12505378389e-1085
1.268809905681e-1088
1.89301155224e-1092
2.696624438322e-1096
3.665346004516e-1100
4.750573394291e-1104
5.86698511278e-1108
6.89945857098e-1112
7.72023935236e-1116
8.21368509514e-1120
8.30239595012e-1124
7.9668001375e-1128
7.25147680962e-1132
6.25558029073e-1136
5.110142397311e-1140
3.949453127543e-1144
2.88523991573e-1148
1.990480642468e-1152
1.295514092672e-1156
7.9469051005e-1161
4.589601437327e-1165
2.492915045796e-1169
1.272080127109e-1173
6.09113923945e-1178
2.733663765837e-1182
1.148475152626e-1186
4.511038622644e-1191
1.654392306902e-1195
5.657376541753e-1200
1.801323916377e-1204
5.332500601109e-1209
1.465446641459e-1213
3.732679993166e-1218
8.79766345143e-1223
1.915423785034e-1227
3.845365811566e-1232
7.10521682975e-1237
1.205982076054e-1241
1.876498829328e-1246
2.671040815706e-1251
3.470376485234e-1256
4.106113740536e-1261
4.413575189333e-1266
4.298838992016e-1271
3.784027650873e-1276
3.001806984043e-1281
2.139718220641e-1286
1.366243660393e-1291
7.78891570906e-1297
3.950972006621e-1302
1.776743528304e-1307
7.05607020091e-1313
2.464573617533e-1318
7.53834287987e-1324
2.009836796288e-1329
4.647958719183e-1335
9.27478245605e-1341
1.588006546256e-1346
2.319010794765e-1352
2.869853301511e-1358
2.988936239e-1364
2.600354991644e-1370
1.87458400608e-1376
1.110037020716e-1382
5.348161609738e-1389
2.074950587184e-1395
6.409528087424e-1402
1.556883236822e-1408
2.933197267259e-1415
4.221698351122e-1422
4.564133370385e-1429
3.637078232939e-1436
2.091446945168e-1443
8.472343462e-1451
2.352491891807e-1458
4.338685751235e-1466
5.124610018605e-1474
3.714510215775e-1482
1.570835354713e-1490
3.647560534098e-1499
4.319100712629e-1508
2.378995139221e-1517
5.423561318673e-1527
4.393214257361e-1537
1.0283351277416e-1547
5.188405536349e-1559
3.622751170682e-1571
1.678424581286e-1584
1.2503859030138e-1599
3.796764685642e-1618