0.0547052032134922
0.0543783142857118
0.0537303835243432
0.0527729311866352
0.0515228100582015
0.05000171218462
0.0482355431358946
0.0462536890094174
0.044088205114105
0.04177295755087
0.039342749640451
0.036832464368582
0.034276251827679
0.031706787217221
0.029154620566711
0.026647634252642
0.024210618902932
0.021864972728566
0.019628523983203
0.0175154713829175
0.0155364331266185
0.0136985917930585
0.0120059199413067
0.01045946973649
0.0090577093338273
0.0077968890057621
0.0066714209756666
0.0056742584870393
0.0047972616346702
0.004031539755954
0.0033677625751789
0.0027964346749332
0.0023081301214552
0.0018936861042158
0.0015443562000055
0.0012519252999248
0.001008789329478
0.00080800365363656
0.00064330451313414
0.00050910802054328
0.00040049119797755
0.00031315930957934
0.00024340337869296
0.00018805132672925
0.00014441566857017
0.00011024018235037
0.00008364746732151
0.000063088833173413
0.000047297542075232
0.000035246059389839
0.000026107664110261
0.000019222525175414
0.000014068161539672
0.000010234066719551
7.400185798816e-6
5.3188772721992e-6
3.7999663836575e-6
2.698493915045e-6
1.9047785374903e-6
1.3364365248653e-6
9.320354263899e-7
6.460946792909e-7
4.4518342330035e-7
3.0490200873337e-7
2.0756755144869e-7
1.4045457826143e-7
9.446892522223e-8
6.315649949105e-8
4.1968406999341e-8
2.7720535937664e-8
1.8199304828228e-8
1.1876304964367e-8
7.703366556486e-9
4.9665152506944e-9
3.1826894593575e-9
2.0272500834002e-9
1.2834833311544e-9
8.076854310121e-10
5.05199174211e-10
3.1408748140214e-10
1.9409103237729e-10
1.1921376023278e-10
7.278009069222e-11
4.4163480514547e-11
2.6636532156987e-11
1.5968162659618e-11
9.51468167132e-12
5.635011315406e-12
3.3170780562209e-12
1.9407790864818e-12
1.1286392871046e-12
6.523670165572e-13
3.7478802977866e-13
2.1401066497955e-13
1.2146193694479e-13
6.851712829047e-14
3.841592885468e-14
2.1407986510355e-14
1.1857459663563e-14
6.5276653271e-15
3.5716880886481e-15
1.9423952719713e-15
1.0499029362051e-15
5.640364087384e-16
3.0116920764392e-16
1.5983004116712e-16
8.430428341885e-17
4.419602527413e-17
2.3028098251985e-17
1.1925405590234e-17
6.138007191484e-18
3.1399280123337e-18
1.5964266077307e-18
8.067037668019e-19
4.051482388901e-19
2.0223086573085e-19
1.0032597809479e-19
4.946644381301e-20
2.4240308457144e-20
1.1805777324881e-20
5.714507984634e-21
2.7490948076938e-21
1.3143953202224e-21
6.245777205011e-22
2.9496463135492e-22
1.3844431692912e-22
6.458041143009e-23
2.993958030575e-23
1.3794582601892e-23
6.316668618491e-24
2.874636954918e-24
1.3001456036661e-24
5.84404754948e-25
2.610639622412e-25
1.1590180696509e-25
5.11378231706e-26
2.2423409875306e-26
9.771631710959e-27
4.231917166146e-27
1.8214215286847e-27
7.790863684122e-28
3.311777576878e-28
1.3990579503643e-28
5.87364632612e-29
2.4506200111677e-29
1.0161054699025e-29
4.186920921891e-30
1.7145193711788e-30
6.97718444777e-31
2.821672928796e-31
1.1340188579634e-31
4.529179004705e-32
1.7976401204201e-32
7.09036380859e-33
2.779170669678e-33
1.0825333021659e-33
4.190299541786e-34
1.611851486617e-34
6.161401530828e-35
2.340490614811e-35
8.834979741194e-36
3.314162663922e-36
1.2354069074313e-36
4.576279002713e-37
1.6845330537242e-37
6.161826290176e-38
2.239755029142e-38
8.090046509386e-39
2.903749878995e-39
1.0356746043197e-39
3.670638543414e-40
1.2927433363133e-40
4.524114612695e-41
1.5732715550346e-41
5.436517224025e-42
1.8667364331849e-42
6.369253817646e-43
2.159412305157e-43
7.274818869139e-44
2.43526661506e-44
8.100403844713e-45
2.677322868338e-45
8.792792535089e-46
2.869346363053e-46
9.303947518571e-47
2.997627728312e-47
9.596488368495e-48
3.052595078579e-48
9.648199512735e-49
3.029992533053e-49
9.454814746423e-50
2.931423972671e-50
9.030594489424e-51
2.764165725225e-51
8.406588057722e-52
2.540278405801e-52
7.626874884983e-53
2.275168491011e-53
6.743416915874e-54
1.985837991684e-54
5.810356987221e-55
1.6890979701599e-55
4.878627935061e-56
1.4000037160178e-56
3.99160073686e-57
1.1307046669512e-57
3.182242087871e-58
8.898092722258e-59
2.471940688996e-59
6.822668735594e-60
1.870868841273e-60
5.096862290411e-61
1.3795283419224e-61
3.709575195589e-62
9.910172046665e-63
2.630263739401e-63
6.935473235282e-64
1.816808680048e-64
4.728203567336e-65
1.2224597708679e-65
3.139944529826e-66
8.012275998969e-67
2.031111998384e-67
5.115091334814e-68
1.279711151128e-68
3.18058517598e-69
7.853008731539e-70
1.926178573377e-70
4.693381531274e-71
1.1360604225372e-71
2.731748135942e-72
6.525306506797e-73
1.548387219762e-73
3.649841378084e-74
8.546365986814e-75
1.9879222066e-75
4.593301853585e-76
1.0542790493977e-76
2.403745165909e-77
5.444033412065e-78
1.2247568784427e-78
2.736988418467e-79
6.075572435785e-80
1.3396452373819e-80
2.934120422333e-81
6.383351302046e-82
1.379429079512e-82
2.960921865296e-83
6.312894905093e-84
1.3369073164586e-84
2.812174319821e-85
5.875548630843e-86
1.2193177502103e-86
2.513301948533e-87
5.145513720338e-88
1.046323781341e-88
2.113263732484e-89
4.239244820312e-90
8.446317852188e-91
1.671426867669e-91
3.285074828574e-92
6.412656228964e-93
1.2432610082777e-93
2.393950517606e-94
4.5781851048e-95
8.695481830458e-96
1.640260646498e-96
3.07289523416e-97
5.717353756696e-98
1.0564562726659e-98
1.938714451417e-99
3.533285408821e-100
6.395033365521e-101
1.1494836133683e-101
2.051895611713e-102
3.637448584987e-103
6.403599782078e-104
1.1195249877309e-104
1.943668739377e-105
3.351090003749e-106
5.737488592469e-107
9.754970816337e-108
1.647005262643e-108
2.761374617662e-109
4.59741211104e-110
7.600737321515e-111
1.247810364121e-111
2.034175431701e-112
3.292846808084e-113
5.292907301382e-114
8.447982416909e-115
1.338887103938e-115
2.106994637652e-116
3.292362651149e-117
5.108258836691e-118
7.869648284227e-119
1.203791121666e-119
1.828338050065e-120
2.757195429999e-121
4.12838710986e-122
6.137495489812e-123
9.059327166771e-124
1.327671831772e-124
1.931842025078e-125
2.790837549811e-126
4.002907665627e-127
5.700206875299e-128
8.058897540525e-129
1.131166514398e-129
1.576301289521e-130
2.180768560584e-131
2.995252425837e-132
4.084196314282e-133
5.528724129664e-134
7.42992003223e-135
9.91242742443e-136
1.312829397321e-136
1.726094871818e-137
2.252915015016e-138
2.91906920484e-139
3.754559920924e-140
4.793849135692e-141
6.075974489194e-142
7.644504402274e-143
9.54728912809e-144
1.183596488483e-144
1.456517128154e-145
1.779144880109e-146
2.157179355022e-147
2.596186101956e-148
3.101382911515e-149
3.677395277149e-150
4.327986718349e-151
5.055772283947e-152
5.861926145805e-153
6.745896567108e-154
7.70514346989e-155
8.734915113082e-156
9.82808082005e-157
1.097503609282e-157
1.216369470515e-158
1.337957943858e-159
1.460601906607e-160
1.582445414246e-161
1.701484837631e-162
1.81561961633e-163
1.922711065851e-164
2.020647099265e-165
2.107410234273e-166
2.181145896426e-167
2.240227832471e-168
2.28331743861e-169
2.309413997503e-170
2.317893201166e-171
2.308531895068e-172
2.281517678467e-173
2.237442791921e-174
2.177282561644e-175
2.102359494518e-176
2.01429487067e-177
1.914950311716e-178
1.806362271046e-179
1.690672669872e-180
1.570058976381e-181
1.446666898058e-182
1.322548546865e-183
1.199608474057e-184
1.07955939619e-185
9.63888792239e-187
8.53836891436e-188
7.50385937639e-189
6.542600483753e-190
5.659345160715e-191
4.85653046372e-192
4.13451203801e-193
3.491842380552e-194
2.925574853157e-195
2.431576613058e-196
2.004835644749e-197
1.639749642042e-198
1.330387354597e-199
1.070715947738e-200
8.54790729033e-202
6.769061135221e-203
5.317088227191e-204
4.142759789025e-205
3.201619481075e-206
2.454185211926e-207
1.865933493265e-208
1.407115337963e-209
1.052449856569e-210
7.80736958647e-212
5.74424643278e-213
4.191599097975e-214
3.033458618986e-215
2.177215134234e-216
1.549754043805e-217
1.093995578109e-218
7.658661226e-220
5.317013524592e-221
3.66060906469e-222
2.499209379864e-223
1.692032195641e-224
1.135963122147e-225
7.56244747446e-227
4.992245032337e-228
3.267816125346e-229
2.120998169598e-230
1.36501261382e-231
8.71042617828e-233
5.511136257528e-234
3.457279475999e-235
2.15036393566e-236
1.326068893415e-237
8.10754375635e-239
4.914439760377e-240
2.953334185881e-241
1.7595327084e-242
1.03925120785e-243
6.085193481016e-245
3.532247081169e-246
2.032556891467e-247
1.159421555914e-248
6.5560020207e-250
3.674750088104e-251
2.041735523132e-252
1.124465097512e-253
6.138455560843e-255
3.321472529666e-256
1.781362664607e-257
9.46925530396e-259
4.988990996799e-260
2.605161135629e-261
1.348257813356e-262
6.91543080751e-264
3.515320079884e-265
1.770929185606e-266
8.84136850992e-268
4.374324542628e-269
2.144701725983e-270
1.04202542322e-271
5.016909976466e-273
2.393491497553e-274
1.131503777766e-275
5.300289091576e-277
2.460103454475e-278
1.131379280944e-279
5.155310444218e-281
2.327468594279e-282
1.041084148213e-283
4.613721412343e-285
2.025680274494e-286
8.81119548154e-288
3.796938154544e-289
1.62090379932e-290
6.85482234345e-292
2.871709900365e-293
1.191736970058e-294
4.89898111146e-296
1.994833157529e-297
8.04586497402e-299
3.214356707305e-300
1.271921536688e-301
4.984954241811e-303
1.935023526927e-304
7.43918032514e-306
2.832482002428e-307
1.068075298553e-308
3.988582262022e-310
1.47504905747e-311
5.40200260407e-313
1.959082113673e-314
7.03540418302e-316
2.501802318187e-317
8.80913650429e-319
3.071276452238e-320
1.06022596026e-321
3.623769509807e-323
1.226291968488e-324
4.108533977193e-326
1.362786994702e-327
4.475128520862e-329
1.454814875575e-330
4.68190734582e-332
1.491553537539e-333
4.703745686306e-335
1.468336839107e-336
4.537036435954e-338
1.387622386728e-339
4.200591494092e-341
1.258569761003e-342
3.732151934466e-344
1.095327296459e-345
3.181400781754e-347
9.14471018448e-349
2.60127172236e-350
7.32238789682e-352
2.039660635724e-353
5.621964597614e-355
1.533310288943e-356
4.137808522835e-358
1.104830546737e-359
2.918719425034e-361
7.62863372997e-363
1.972627878731e-364
5.046307399638e-366
1.277080911432e-367
3.197166388317e-369
7.91771765825e-371
1.93958339719e-372
4.699765614017e-374
1.126389898794e-375
2.67012444882e-377
6.26022236381e-379
1.451605803784e-380
3.328843508166e-382
7.54933612088e-384
1.693088587329e-385
3.754835030224e-387
8.23430408902e-389
1.785551116439e-390
3.828347783237e-392
8.1157457505e-394
1.70101269257e-395
3.524785904788e-397
7.2208424552e-399
1.462368005808e-400
2.927674429424e-402
5.793882226213e-404
1.13339340441e-405
2.191487790076e-407
4.188204445116e-409
7.91097637045e-411
1.47682322006e-412
2.724619273723e-414
4.967576464109e-416
8.95008409467e-418
1.593440097606e-419
2.803190060551e-421
4.872585686261e-423
8.36832185392e-425
1.419942889397e-426
2.380337298336e-428
3.942054335215e-430
6.44917842335e-432
1.042233205756e-433
1.663738370872e-435
2.623285142608e-437
4.085327422203e-439
6.28361460851e-441
9.5449519556e-443
1.43185668506e-444
2.12112786325e-446
3.10281127214e-448
4.48171910498e-450
6.39166548829e-452
9.00000531258e-454
1.251151290192e-455
1.7170939282e-457
2.326344785198e-459
3.111203150251e-461
4.107099104591e-463
5.351463800801e-465
6.8820603439e-467
8.73475073812e-469
1.094072728301e-470
1.352330318679e-472
1.649443208965e-474
1.985120191396e-476
2.35726148679e-478
2.76170110432e-480
3.192050655475e-482
3.639678933503e-484
4.093854135871e-486
4.542063588983e-488
4.970509985986e-490
5.364764919981e-492
5.710541919255e-494
5.99453464825e-496
6.20525382575e-498
6.33379076772e-500
6.37443760276e-502
6.32510445224e-504
6.18749140837e-506
5.96699609781e-508
5.672363265239e-510
5.315107975524e-512
4.908765567246e-514
4.468036749166e-516
4.007903473442e-518
3.542789852062e-520
3.085833011358e-522
2.648313062042e-524
2.239271700103e-526
1.865328080241e-528
1.530681153853e-530
1.237271797642e-532
9.85067201011e-535
7.72424704012e-537
5.96492340759e-539
4.53607845792e-541
3.396655010362e-543
2.504294566763e-545
1.817816482107e-547
1.29901013274e-549
9.13776102617e-552
6.32700734605e-554
4.311757645977e-556
2.891835748542e-558
1.908629486439e-560
1.239548266264e-562
7.92070365627e-565
4.979513542232e-567
3.079617884767e-569
1.873514458084e-571
1.121064764711e-573
6.59751711512e-576
3.818289336301e-578
2.172988999337e-580
1.215928607095e-582
6.6893130064e-585
3.617749153081e-587
1.923264538659e-589
1.004946481779e-591
5.160709508585e-594
2.604337272211e-596
1.291411525565e-598
6.29172176793e-601
3.011404438015e-603
1.415859614088e-605
6.538515049e-608
2.965525495046e-610
1.320818201262e-612
5.77640967906e-615
2.48027966447e-617
1.04550147605e-619
4.325965221237e-622
1.756823938434e-624
7.00184001973e-627
2.738332241395e-629
1.050753365263e-631
3.955543782889e-634
1.460668937588e-636
5.290374029728e-639
1.879135475986e-641
6.54507180346e-644
2.235126736239e-646
7.48285659777e-649
2.455588763542e-651
7.89789762175e-654
2.489309996797e-656
7.68778660646e-659
2.326060394497e-661
6.89413352004e-664
2.001328372323e-666
5.689539207217e-669
1.583781343347e-671
4.316295911696e-674
1.151496665394e-676
3.006674431594e-679
7.68277736482e-682
1.920848857093e-684
4.698349280117e-687
1.124107092309e-689
2.630343842297e-692
6.01853784856e-695
1.346397500368e-697
2.944344348481e-700
6.29310594235e-703
1.314406502637e-705
2.682307471754e-708
5.347200985032e-711
1.041135604681e-713
1.97958214702e-716
3.674909210484e-719
6.65957885645e-722
1.177858063068e-724
2.032838649986e-727
3.422890773053e-730
5.621839716039e-733
9.0047761596e-736
1.406335060032e-738
2.141100584821e-741
3.17707333048e-744
4.593749931181e-747
6.47088867326e-750
8.87813916846e-753
1.186164160669e-755
1.54288741778e-758
1.953396305666e-761
2.406642379949e-764
2.88465892836e-767
3.363054779691e-770
3.812615243853e-773
4.201967712986e-776
4.501034342695e-779
4.68477822205e-782
4.736614231919e-785
4.650850223231e-788
4.433666243239e-791
4.102406525208e-794
3.683290175673e-797
3.207959592663e-800
2.709501195785e-803
2.218639030754e-806
1.760709147564e-809
1.353806209249e-812
1.008218989779e-815
7.27012003353e-819
5.074259341782e-822
3.426898552143e-825
2.238605187777e-828
1.413997126714e-831
8.6329305447e-835
5.092691260917e-838
2.90170436361e-841
1.596281821791e-844
8.47514000056e-848
4.341019610085e-851
2.14420856724e-854
1.02091990219e-857
4.683608618793e-861
2.069400556513e-864
8.80217545899e-868
3.60262443547e-871
1.418171955607e-874
5.366762895284e-878
1.95144946755e-881
6.81469296954e-885
2.284319279297e-888
7.34616791426e-892
2.265295215202e-895
6.69436238638e-899
1.894822707478e-902
5.133943967293e-906
1.330756445903e-909
3.297964118588e-913
7.80946259089e-917
1.765813999157e-920
3.810048465985e-924
7.83940467527e-928
1.537091920793e-931
2.869917459506e-935
5.09884225484e-939
8.61344592974e-943
1.382440531483e-946
2.106352903608e-950
3.044188269149e-954
4.169627207893e-958
5.407874131713e-962
6.6353822306e-966
7.69501220852e-970
8.42631433788e-974
8.70398931311e-978
8.47236229436e-982
7.76308529526e-986
6.68852564179e-990
5.41251015758e-994
4.108924538128e-998
2.922734682135e-1002
1.94551233857e-1006
1.21030112595e-1010
7.02713088367e-1015
3.802557413221e-1019
1.914921854108e-1023
8.96072970936e-1028
3.890146242819e-1032
1.564242304101e-1036
5.815853720191e-1041
1.995808031814e-1045
6.309735579697e-1050
1.834199579267e-1054
4.892641566661e-1059
1.195032989652e-1063
2.666807440453e-1068
5.424611731929e-1073
1.003349119211e-1077
1.683181026281e-1082
2.554099422451e-1087
3.495792687547e-1092
4.302910866351e-1097
4.748166620663e-1102
4.68165309661e-1107
4.110204692562e-1112
3.201190860383e-1117
2.203132703262e-1122
1.334269223283e-1127
7.079441410586e-1133
3.275381356968e-1138
1.314772192824e-1143
4.554425742032e-1149
1.353677003401e-1154
3.430966224965e-1160
7.366438230138e-1166
1.330251069933e-1171
2.00488445141e-1177
2.500856831162e-1183
2.558471291155e-1189
2.125477457241e-1195
1.418417728921e-1201
7.513625377314e-1208
3.118096582602e-1214
9.99103972642e-1221
2.432151175278e-1227
4.417514761228e-1234
5.866039629144e-1241
5.565475991464e-1248
3.675083292402e-1255
1.638952426736e-1262
4.767065388179e-1270
8.681400587979e-1278
9.4316050652e-1286
5.768188727418e-1294
1.850244832882e-1302
2.850960454464e-1311
1.887260825791e-1320
4.638571270408e-1330
3.47422683164e-1340
5.992208224584e-1351
1.558439937851e-1362
3.028248780124e-1375
1.1355207181744e-1389
2.460802286533e-1407