0.073279781135189
0.0724950908589142
0.0709508190826648
0.0686958495351049
0.0658002720595092
0.0623517670077721
0.058451202880738
0.0542077550586058
0.0497338737637805
0.0451404215688579
0.0405322671275273
0.0360045671830669
0.0316398999031403
0.0275063367222403
0.0236564646697307
0.0201273033218005
0.0169410052666243
0.014106189666989
0.01161973649256
0.0094688637415807
0.0076333193896221
0.0060875407047567
0.0048026621862159
0.0037482858645987
0.0028939605292934
0.0022103467473423
0.0016700702470372
0.00124828616073817
0.000922990358755
0.00067512192918673
0.00048850352245138
0.00034966483238275
0.00024759009222585
0.0001734242567428
0.000120165517874976
0.000082364759142336
0.000055846068560861
0.000037456860609741
0.00002485167581119
0.000016310354484431
0.0000105889368593258
6.8001786250335e-6
4.3198134614796e-6
2.7144636227365e-6
1.6872327981401e-6
1.03737427835853e-6
6.3090344557276e-7
3.7953750273878e-7
2.2584382542792e-7
1.3292931717563e-7
7.7390845491922e-8
4.4566841126928e-8
2.5385438930089e-8
1.4302274991927e-8
7.9702178681554e-9
4.3931580066721e-9
2.3950903140026e-9
1.2915232354699e-9
6.8883399080497e-10
3.6337548760272e-10
1.8959288422566e-10
9.783862953941e-11
4.99363875097e-11
2.5208021793235e-11
1.258553497709e-11
6.2145858636871e-12
3.0349851036595e-12
1.4658886883704e-12
7.002314595725e-13
3.3080686357778e-13
1.5455949216819e-13
7.141691317582e-14
3.2635221968831e-14
1.4748504539481e-14
6.591451669944e-15
2.9132752185186e-15
1.2733416191768e-15
5.5038537571585e-16
2.3525716420323e-16
9.944163866172e-17
4.1566024069529e-17
1.7181013672417e-17
7.022542708736e-18
2.8383794562863e-18
1.1344152743179e-18
4.4832632158675e-19
1.7519911911212e-19
6.769864657049e-20
2.5866236885343e-20
9.772067308455e-21
3.6503478569525e-21
1.3482525670969e-21
4.9237045781434e-22
1.7778327489087e-22
6.346910623618e-23
2.2402719463311e-23
7.818081860618e-24
2.6974597094187e-24
9.201509758739e-25
3.1031774032769e-25
1.0346452031422e-25
3.4104170600504e-26
1.1113440458629e-26
3.5802080920848e-27
1.1401982247174e-27
3.5897017121236e-28
1.1172124346946e-28
3.4372091902931e-29
1.0453513932305e-29
3.1426645440453e-30
9.339127529906e-31
2.7433437797151e-31
7.965495961716e-32
2.2861093430621e-32
6.48523343493e-33
1.8184084113568e-33
5.039496384119e-34
1.3804012134251e-34
3.7371328055577e-35
9.999520325701e-36
2.6443539609646e-36
6.911177584932e-37
1.7851254346255e-37
4.556818511358e-38
1.149537213274e-38
2.8657912980605e-39
7.060218295781e-40
1.7188401032207e-40
4.135121257393e-41
9.830327711716e-42
2.309224622355e-42
5.360115753855e-43
1.2293717773553e-43
2.7860221974004e-44
6.238343097153e-45
1.3801563356433e-45
3.0168418859721e-46
6.515276526171e-47
1.3901443426802e-47
2.9303823037917e-48
6.102622643357e-49
1.2555297266455e-49
2.5517964969292e-50
5.123465647643e-51
1.016179603299e-51
1.9909298891056e-52
3.853099271403e-53
7.365851419122e-54
1.3908615881263e-54
2.5940757115998e-55
4.778687385402e-56
8.694631644961e-57
1.5624264880795e-57
2.7729559516074e-58
4.860381317241e-59
8.413382185378e-60
1.4382440624648e-60
2.4279790718988e-61
4.04758733686e-62
6.66307810999e-63
1.0831018421565e-63
1.7384716260609e-64
2.755230448176e-65
4.311498380962e-66
6.66141275411e-67
1.0161550939941e-67
1.5303711996763e-68
2.2754336032376e-69
3.340023233727e-70
4.839939751507e-71
6.923451434441e-72
9.77652510619e-73
1.3627380425178e-73
1.8749639038245e-74
2.54631811097e-75
3.413170878031e-76
4.515598274055e-77
5.896178049109e-78
7.598185528603e-79
9.663157462989e-80
1.2127848953753e-80
1.5020680830999e-81
1.8357856922193e-82
2.2139414266759e-83
2.63455436555e-84
3.093357054537e-85
3.583600515792e-86
4.096004526705e-87
4.618883990881e-88
5.138469717601e-89
5.639425182017e-90
6.105541338535e-91
6.520571412288e-92
6.869149296482e-93
7.137721287017e-94
7.315413603424e-95
7.394758975063e-96
7.372215002785e-97
7.248424367103e-98
7.028190442785e-99
6.720168784024e-100
6.336302017999e-101
5.891049623077e-102
5.400481999134e-103
4.881318143085e-104
4.349987236166e-105
3.821786866355e-106
3.310195899467e-107
2.826380461963e-108
2.378909838915e-109
1.973678069234e-110
1.6140090072695e-111
1.3009093155091e-112
1.0334261308472e-113
8.090640446478e-115
6.242188754617e-116
4.745923059737e-117
3.555603590721e-118
2.624784468626e-119
1.90915075043e-120
1.3681427893726e-121
9.659294106309e-123
6.718309542354e-124
4.603126852159e-125
3.106716360893e-126
2.065300084412e-127
1.3523046404159e-128
8.720721138678e-130
5.538512733848e-131
3.463960808067e-132
2.133377566201e-133
1.2937579940491e-134
7.725103239615e-136
4.541470977559e-137
2.628479558021e-138
1.497624710674e-139
8.399742285162e-141
4.637324056169e-142
2.519887222743e-143
1.3476598701483e-144
7.093132580247e-146
3.67389887138e-147
1.872492540264e-148
9.390503899221e-150
4.633459864374e-151
2.249267460038e-152
1.0741554411303e-153
5.046082175012e-155
2.331702484064e-156
1.0597263067405e-157
4.736808658236e-159
2.082183223178e-160
9.000405702809e-162
3.825462715188e-163
1.598648317822e-164
6.568057158594e-166
2.652793890073e-167
1.0532218738539e-168
4.11010382665e-170
1.576408106038e-171
5.942010900383e-173
2.200962822755e-174
8.010720612935e-176
2.864671247695e-177
1.0064369952198e-178
3.473528180759e-180
1.177581226046e-181
3.921115688813e-183
1.282299974785e-184
4.118061159978e-186
1.298615662183e-187
4.020815835354e-189
1.222232832317e-190
3.647203035065e-192
1.0682961486507e-193
3.071199899033e-195
8.664981632792e-197
2.398988933235e-198
6.516992536743e-200
1.736926200647e-201
4.541369959851e-203
1.164714282113e-204
2.929772883854e-206
7.227448001892e-208
1.748341547653e-209
4.146780534533e-211
9.642548791944e-213
2.197963924689e-214
4.91075687941e-216
1.0752910440743e-217
2.307295501641e-219
4.850976593577e-221
9.991998641929e-223
2.016139185837e-224
3.984562090998e-226
7.712210227437e-228
1.461708421119e-229
2.712507422064e-231
4.927802368046e-233
8.762960067821e-235
1.52512624202e-236
2.597523692532e-238
4.328650123619e-240
7.057067697017e-242
1.12541732764e-243
1.755327592557e-245
2.6772864264e-247
3.992633122613e-249
5.820854410183e-251
8.294890757655e-253
1.155218179263e-254
1.572094040452e-256
2.090185670103e-258
2.714642357779e-260
3.443421869353e-262
4.265254952514e-264
5.158257569693e-266
6.089606466912e-268
7.016609111885e-270
7.889320586972e-272
8.65460624289e-274
9.261262876977e-276
9.665553851059e-278
9.836350002372e-280
9.759049907285e-282
9.437601326264e-284
8.89424187759e-286
8.1669638691e-288
7.305102734839e-290
6.363763308139e-292
5.397964966884e-294
4.4573745389e-296
3.582318180717e-298
2.801472179843e-300
2.131301752985e-302
1.577021141957e-304
1.134643918034e-306
7.936056451313e-309
5.394665894746e-311
3.563103884693e-313
2.28604033705e-315
1.424347365168e-317
8.616035103328e-320
5.058701936972e-322
2.881966954006e-324
1.592696063488e-326
8.535795956692e-329
4.434993167161e-331
2.233302865071e-333
1.089615313244e-335
5.149108097072e-338
2.356044338722e-340
1.043479532547e-342
4.471844710951e-345
1.853710316003e-347
7.430125630886e-350
2.878676976897e-352
1.077635838002e-354
3.896454603643e-357
1.360248172606e-359
4.582961060955e-362
1.489629305255e-364
4.669115984058e-367
1.410690143011e-369
4.106584636885e-372
1.151301761924e-374
3.10712780481e-377
8.06841090917e-380
2.014967854817e-382
4.837115417742e-385
1.115641074369e-387
2.470916495103e-390
5.25239130862e-393
1.070989668515e-395
2.093630753683e-398
3.921500496186e-401
7.033730589754e-404
1.207361121629e-406
1.982147300705e-409
3.110308479983e-412
4.66179573338e-415
6.669453710555e-418
9.101453533762e-421
1.183863896858e-423
1.466698365313e-426
1.729399528855e-429
1.9391990808e-432
2.066179715685e-435
2.090100135132e-438
2.005589665161e-441
1.823909131051e-444
1.570534239929e-447
1.279257222503e-450
9.846984602285e-454
7.155450240492e-457
4.903389377676e-460
3.165206267848e-463
1.922456884667e-466
1.097347441978e-469
5.879344184409e-473
2.952936728976e-476
1.388485007243e-479
6.103626563676e-483
2.50476848245e-486
9.581357312814e-490
3.411028786706e-493
1.128319612667e-496
3.461986107897e-500
9.835341338447e-504
2.582338884819e-507
6.253847535904e-511
1.394123847354e-514
2.854575190133e-518
5.356571040813e-522
9.18980640076e-526
1.437853678351e-529
2.046295092137e-533
2.641560283323e-537
3.084017798761e-541
3.24630239018e-545
3.070778126368e-549
2.601236516605e-553
1.965951672043e-557
1.320423875248e-561
7.848267007531e-566
4.109619404553e-570
1.886718098055e-574
7.555241870984e-579
2.624314451627e-583
7.859823069471e-588
2.016665059198e-592
4.401898918269e-597
8.112043531448e-602
1.251718149479e-606
1.602635330633e-611
1.685765216111e-616
1.440908347972e-621
9.887538368777e-627
5.374025386269e-632
2.278925642379e-637
7.413584305932e-643
1.815012371017e-648
3.272009001792e-654
4.236060962317e-660
3.825891764015e-666
2.3302203706e-672
9.194405664638e-679
2.239775843226e-685
3.176613617047e-692
2.438807408166e-699
9.240281881246e-707
1.5312626741091e-714
9.426131700168e-723
1.7100967540624e-731
6.446822513953e-741
2.830649448594e-751
4.749886016042e-763
1.7068126304013e-777