0.050710854138398
0.0504504080862875
0.0499335212987463
0.0491681019414753
0.0481657597569709
0.0469415131458737
0.0455134149283778
0.0439021098133897
0.042130338722497
0.040222406570364
0.038203630845514
0.036099788355306
0.033936576822709
0.03173910671012
0.029531436786163
0.027336164656832
0.025174080879796
0.023063892505117
0.021022019071722
0.019062461364107
0.017196740711478
0.0154339043864969
0.0137805908053566
0.0122411467929121
0.0108177881792979
0.0095107944373645
0.0083187279317596
0.0072386685909687
0.0062664553797354
0.0053969267781426
0.004624153497386
0.0039416578121696
0.0033426150998428
0.0028200343869543
0.0023669158631233
0.00197638438815
0.0016417989597434
0.0013568389053893
0.0011155682020173
0.000912479809563
0.00074252223520946
0.00060111073606771
0.00048412563574755
0.00038790019393481
0.00030920034830379
0.00024519846546854
0.00019344301181632
0.00015182580376371
0.00011854823567214
0.00009208762513559
0.0000711645696336
0.000054711982963383
0.000041846279279711
0.000031840999643677
0.000024103031536184
0.000018151455183666
0.000013598960025381
0.000010135707715719
7.515471735869e-6
5.543854818683e-6
4.0683708022571e-6
2.9701742114928e-6
2.1572260758055e-6
1.5586958083567e-6
1.1204143423243e-6
8.01211453474e-7
5.69988956355e-7
4.0340022436508e-7
2.8402451349379e-7
1.9894136596095e-7
1.3862562870164e-7
9.609719224348e-8
6.627140428193e-8
4.5466289674156e-8
3.1031322015436e-8
2.1069683561481e-8
1.4231879662323e-8
9.563405356046e-9
6.393055102582e-9
4.2515710145629e-9
2.8127753784883e-9
1.8512488521181e-9
1.2120992826185e-9
7.895047127943e-10
5.115803948882e-10
3.2977306348997e-10
2.1147452817796e-10
1.3490934210796e-10
8.561828522064e-11
5.40543972302e-11
3.394962560473e-11
2.1211816190981e-11
1.3184360468373e-11
8.152260797092e-12
5.014576638102e-12
3.0685069863088e-12
1.8679102750605e-12
1.1311504354264e-12
6.814273925902e-13
4.08369285499e-13
2.4345584469892e-13
1.4438443468305e-13
8.518300618215e-14
4.999393646917e-14
2.9188572479059e-14
1.6952700344704e-14
9.794782026343e-15
5.629630242407e-15
3.2187964263241e-15
1.8307752220964e-15
1.0358663927615e-15
5.830408460049e-16
3.264525401109e-16
1.8183030291516e-16
1.0074811066993e-16
5.553046239984e-17
3.044729297035e-17
1.6606892670096e-17
9.010515556267e-18
4.863307588205e-18
2.6111626822932e-18
1.3946186552008e-18
7.409614338124e-19
3.916098177238e-19
2.058868476794e-19
1.0767625179599e-19
5.601789251432e-20
2.899000741171e-20
1.4923951073772e-20
7.642446999576e-21
3.893080424376e-21
1.9727217011918e-21
9.943721536112e-22
4.98588138745e-22
2.4868177202685e-22
1.2338266438466e-22
6.089360236421e-23
2.989480091317e-23
1.4599072917363e-23
7.091851517361e-24
3.426871807517e-24
1.6471724430193e-24
7.875576820779e-25
3.745647242193e-25
1.7720324457691e-25
8.339035982799e-26
3.903538713411e-26
1.8176015049259e-26
8.418514497001e-27
3.878536860857e-27
1.777440636471e-27
8.102444333868e-28
3.673921022419e-28
1.657049255678e-28
7.434159712816e-29
3.317555842404e-29
1.4726294908659e-29
6.502144936519e-30
2.85566130201e-30
1.2475059745852e-30
5.420800722396e-31
2.342977378258e-31
1.0072924111604e-31
4.307495205258e-32
1.8322079825329e-32
7.751833087801e-33
3.262215655284e-33
1.3655212607747e-33
5.685396182601e-34
2.354498325908e-34
9.698628697056e-35
3.973703665293e-35
1.6193946947336e-35
6.564186716901e-36
2.64654326503e-36
1.061318662142e-36
4.233311234033e-37
1.6795040287615e-37
6.627461343629e-38
2.601222496108e-38
1.0154786068359e-38
3.942991693259e-39
1.5227954537052e-39
5.849472702495e-40
2.234858893522e-40
8.492597365702e-41
3.2098651605e-41
1.2066675998316e-41
4.511717473419e-42
1.677831283973e-42
6.205911596769e-43
2.28303483002e-43
8.353488656618e-44
3.039977501294e-44
1.1003192486505e-44
3.961061897851e-45
1.4182338146539e-45
5.050402999715e-46
1.788730527436e-46
6.300908559558e-47
2.207493775536e-47
7.69188038257e-48
2.665636599255e-48
9.187628051145e-49
3.149477832954e-49
1.0737545924155e-49
3.640838967335e-50
1.2277967734961e-50
4.117927535242e-51
1.3735887124349e-51
4.556791169763e-52
1.5034345548476e-52
4.933231548438e-53
1.609898947141e-53
5.224977700146e-54
1.686504605277e-54
5.413852697922e-55
1.72838183071e-55
5.487642792743e-56
1.732779828772e-56
5.441402547808e-57
1.699365338788e-57
5.278002383648e-58
1.630263566687e-58
5.007834401488e-59
1.529834541922e-59
4.647718286909e-60
1.4042176085495e-60
4.219167468681e-61
1.260710241898e-61
3.746264134247e-62
1.1070685772467e-62
3.253434596152e-63
9.508225347284e-64
2.763408403178e-64
7.986882372806e-65
2.295590849998e-65
6.561377580406e-66
1.864993325753e-66
5.271565273485e-67
1.481768265136e-67
4.141881935899e-68
1.1513044611773e-68
3.182409180296e-69
8.747692568241e-70
2.391117735358e-70
6.499450651126e-71
1.7567859801e-71
4.72199851346e-72
1.2621061265824e-72
3.354495327836e-73
8.865802114734e-74
2.330057458221e-74
6.089353718653e-75
1.582449858865e-75
4.0892258621e-76
1.050758267346e-76
2.684808352025e-77
6.821355663313e-78
1.723348814585e-78
4.329312444592e-79
1.0814490341452e-79
2.686165116426e-80
6.634328877331e-81
1.629284949822e-81
3.978606212146e-82
9.660438103274e-83
2.332344654851e-83
5.599080941068e-84
1.336493779153e-84
3.1720598213e-85
7.485797451089e-86
1.756528029039e-86
4.098174341081e-87
9.506969975139e-88
2.192846162348e-88
5.029056923307e-89
1.1467672035202e-89
2.599993580326e-90
5.861051648242e-91
1.313660175705e-91
2.927471491023e-92
6.486380178374e-93
1.428927291251e-93
3.129779758744e-94
6.815712122971e-95
1.475707903365e-95
3.176721547443e-96
6.799004720713e-97
1.446761160632e-97
3.060775596841e-98
6.43794295126e-99
1.346299134402e-99
2.799062725519e-100
5.785729414386e-101
1.188983481984e-101
2.429201372768e-102
4.934225319682e-103
9.964143136975e-104
2.000433895114e-104
3.992725499213e-105
7.922703949963e-106
1.562909533541e-106
3.065126422669e-107
5.976057564747e-108
1.158325612094e-108
2.231997581642e-109
4.275644697365e-110
8.142391291633e-111
1.541496109596e-111
2.901152914833e-112
5.427928762391e-113
1.009556399411e-113
1.866627008002e-114
3.430935783692e-115
6.268927962212e-116
1.138668124113e-116
2.055993691048e-117
3.690325269809e-118
6.584507302233e-119
1.167871841246e-119
2.059101929103e-120
3.608849189901e-121
6.287316381338e-122
1.088842438038e-122
1.874413247843e-123
3.207477787875e-124
5.455786783857e-125
9.224523485793e-126
1.550317678418e-126
2.589912187758e-127
4.300652207302e-128
7.098488746899e-129
1.164600847445e-129
1.899176187835e-130
3.078418581665e-131
4.95977122638e-132
7.942632320893e-133
1.264251227503e-133
2.000164327512e-134
3.145274708638e-135
4.915971201125e-136
7.636865394435e-137
1.17916126267e-137
1.80959222765e-138
2.760163878047e-139
4.184396236512e-140
6.304805232112e-141
9.44166568469e-142
1.405273169538e-142
2.078764008292e-143
3.056180596497e-144
4.46559474872e-145
6.484897796993e-146
9.35939004007e-147
1.342485411358e-147
1.913754579497e-148
2.711281163095e-149
3.817433746833e-150
5.341633357202e-151
7.428125284864e-152
1.02655894277e-152
1.409889318252e-153
1.924329895418e-154
2.610143075712e-155
3.518327554591e-156
4.712943864068e-157
6.273778242164e-158
8.29934469983e-159
1.091020751447e-159
1.425258371723e-160
1.850215725711e-161
2.386800353438e-162
3.059648542867e-163
3.897494084003e-164
4.933493873213e-165
6.205483796886e-166
7.75613437628e-167
9.6329723801e-168
1.188823240662e-168
1.457850173271e-169
1.776412295774e-170
2.150832254349e-171
2.587603960664e-172
3.093243848999e-173
3.67411007958e-174
4.33619075933e-175
5.0848640061e-176
5.924634629374e-177
6.858854253797e-178
7.88943376162e-179
9.0165588465e-180
1.023842110969e-180
1.155097834138e-181
1.294775827058e-182
1.441972000943e-183
1.59551865642e-184
1.753986007982e-185
1.915692892066e-186
2.078727232213e-187
2.240976428789e-188
2.40016738323e-189
2.553915380431e-190
2.699780564803e-191
2.835330285268e-192
2.95820518241e-193
3.066186575632e-194
3.15726250461e-195
3.229689706306e-196
3.282048877727e-197
3.313290787911e-198
3.322771152945e-199
3.310272659008e-200
3.276013085126e-201
3.220639108004e-202
3.145206029054e-203
3.051144310059e-204
2.940214400557e-205
2.814451852321e-206
2.676105115394e-207
2.527568674973e-208
2.371314307185e-209
2.209823202474e-210
2.045521535437e-211
1.880721765977e-212
1.717571561914e-213
1.558011766518e-214
1.403744327171e-215
1.256210585621e-216
1.116579836038e-217
9.85747610845e-219
8.64342777036e-220
7.52742232221e-221
6.51091788029e-222
5.593317201753e-223
4.772254449537e-224
4.043898415515e-225
3.40325865177e-226
2.844482717383e-227
2.361134841018e-228
1.946448563167e-229
1.593548205423e-230
1.295636188257e-231
1.046145181385e-232
8.3885574911e-234
6.67981504187e-235
5.28224791896e-236
4.148065992463e-237
3.23474749208e-238
2.50494536829e-239
1.926258414404e-240
1.47090458702e-241
1.115329890605e-242
8.3978142442e-244
6.27868136663e-245
4.661278264133e-246
3.436142339971e-247
2.515138420492e-248
1.827983790752e-249
1.319160205484e-250
9.45219164855e-252
6.72469000616e-253
4.750198576597e-254
3.331547066294e-255
2.31990260767e-256
1.603902849454e-257
1.100945291282e-258
7.5028736385e-260
5.076431788003e-261
3.409991479883e-262
2.274084559136e-263
1.505612579178e-264
9.896186589e-266
6.45751181272e-267
4.183115801574e-268
2.690088276334e-269
1.71735364779e-270
1.088363750963e-271
6.84705891668e-273
4.276064368333e-274
2.650873822753e-275
1.631296795629e-276
9.96484242572e-278
6.04220987443e-279
3.636666349048e-280
2.172639762025e-281
1.288376828964e-282
7.5833880019e-284
4.430401447214e-285
2.569073483885e-286
1.478624156936e-287
8.44658275795e-289
4.788950833854e-290
2.694820824112e-291
1.505024764195e-292
8.34210507739e-294
4.589019634985e-295
2.505361418245e-296
1.357441087069e-297
7.29903801006e-299
3.894916494384e-300
2.062587565346e-301
1.083932285594e-302
5.652768274194e-304
2.925386233081e-305
1.502318227985e-306
7.65580761042e-308
3.871364473037e-309
1.942561033894e-310
9.67200255829e-312
4.778402930458e-313
2.342433399226e-314
1.139366118531e-315
5.498754439457e-317
2.633077858606e-318
1.250992670155e-319
5.89699579949e-321
2.757941977146e-322
1.279708078044e-323
5.89116743661e-325
2.690603113979e-326
1.219126710845e-327
5.48014511707e-329
2.443837432875e-330
1.081141664253e-331
4.744777923619e-333
2.065689721323e-334
8.92119589859e-336
3.821929662182e-337
1.624189608094e-338
6.84664710663e-340
2.862853034558e-341
1.187388206763e-342
4.8848542147e-344
1.993279824781e-345
8.06743119929e-347
3.238509008444e-348
1.28940767168e-349
5.091703543924e-351
1.994141920921e-352
7.74571371921e-354
2.983812508174e-355
1.139931017658e-356
4.318916030809e-358
1.622752361331e-359
6.04648728995e-361
2.234186912797e-362
8.18640714979e-364
2.97451813623e-365
1.071719826494e-366
3.828945136809e-368
1.356444660744e-369
4.764769006275e-371
1.659549391661e-372
5.73111010763e-374
1.962362287944e-375
6.66197611915e-377
2.242342395059e-378
7.48285339252e-380
2.475656715858e-381
8.12012780862e-383
2.640437452661e-384
8.51178711028e-386
2.72012392009e-387
8.61729300259e-389
2.706190569209e-390
8.42446434627e-392
2.599642479255e-393
7.95176084865e-395
2.410916924879e-396
7.24538170165e-398
2.15819739657e-399
6.37180760519e-401
1.864517254378e-402
5.40745648065e-404
1.554293692965e-405
4.427688461817e-407
1.250015448794e-408
3.49734466025e-410
9.69698068448e-412
2.664403067632e-413
7.25468918073e-415
1.957416829176e-416
5.233395024531e-418
1.386466609163e-419
3.639577353312e-421
9.46668692458e-423
2.439722390768e-424
6.22971094878e-426
1.576050586103e-427
3.950361138545e-429
9.80973760967e-431
2.41335611046e-432
5.88190865262e-434
1.420160194249e-435
3.396783526661e-437
8.04820613085e-439
1.888948584546e-440
4.391572712903e-442
1.01131840662e-443
2.306813924353e-445
5.211741759729e-447
1.166239277639e-448
2.584732455717e-450
5.67355560984e-452
1.233375674383e-453
2.655365224906e-455
5.66148514869e-457
1.195369114689e-458
2.499352342169e-460
5.174815871115e-462
1.060943776459e-463
2.153812514641e-465
4.329416891168e-467
8.61677488631e-469
1.698015605585e-470
3.31289655802e-472
6.39927738824e-474
1.223765953207e-475
2.316848253928e-477
4.342261180683e-479
8.05639351882e-481
1.479649792887e-482
2.690034262171e-484
4.840879512878e-486
8.62273844572e-488
1.520223449813e-489
2.652757932222e-491
4.581444262938e-493
7.83083909823e-495
1.324651764242e-496
2.217527411666e-498
3.673637942101e-500
6.02240441121e-502
9.76957603175e-504
1.568193630718e-505
2.490735716203e-507
3.914220891518e-509
6.08608976714e-511
9.36250871405e-513
1.424926245423e-514
2.145478224473e-516
3.195748604708e-518
4.708937919234e-520
6.86372950944e-522
9.89621361293e-524
1.411349009015e-525
1.990860758686e-527
2.77762095184e-529
3.832790777683e-531
5.23060086043e-533
7.05937998817e-535
9.422021805e-537
1.243564034095e-538
1.623014938882e-540
2.094550751244e-542
2.672740719791e-544
3.372125924904e-546
4.206443512947e-548
5.18768795884e-550
6.3250387286e-552
7.62370379595e-554
9.08374866601e-556
1.069899854439e-557
1.245611443118e-559
1.433394958461e-561
1.630328872612e-563
1.832705705428e-565
2.03610592411e-567
2.23552711481e-569
2.425566157199e-571
2.600647186701e-573
2.755283281707e-575
2.884355619562e-577
2.983390844099e-579
3.048816026025e-581
3.078171160877e-583
3.070261710027e-585
3.025238080968e-587
2.944594766104e-589
2.831088526843e-591
2.688581816708e-593
2.521823849918e-595
2.336186675992e-597
2.137376806419e-599
1.931144067469e-601
1.723008385595e-603
1.51802235948e-605
1.32058315443e-607
1.134302032056e-609
9.61934323802e-612
8.05367469424e-614
6.65660373342e-616
5.4312413443e-618
4.374323533073e-620
3.477487142467e-622
2.728602231739e-624
2.1130609559e-626
1.614945050609e-628
1.218018904631e-630
9.06519772409e-633
6.65738563116e-635
4.824022491784e-637
3.448814930308e-639
2.432545507509e-641
1.692613949276e-643
1.161811932027e-645
7.866283851e-648
5.25332076259e-650
3.460215730709e-652
2.247768474281e-654
1.439968760401e-656
9.09664758491e-659
5.66643536667e-661
3.480262443454e-663
2.107465630732e-665
1.258137669715e-667
7.40435853249e-670
4.295468229327e-672
2.456231526982e-674
1.384316715769e-676
7.68918615417e-679
4.208963311467e-681
2.270338317871e-683
1.206694209315e-685
6.31924708449e-688
3.26035476076e-690
1.657163853813e-692
8.29729390945e-695
4.092106958885e-697
1.987768030883e-699
9.50957430781e-702
4.480239285149e-704
2.07851846767e-706
9.49481630479e-709
4.270378524092e-711
1.890863117307e-713
8.24202952352e-716
3.536345542009e-718
1.493438758927e-720
6.20722836576e-723
2.53892943594e-725
1.021905630504e-727
4.047086478083e-730
1.576919794637e-732
6.04471268928e-735
2.279312005584e-737
8.45389148281e-740
3.08387417927e-742
1.106332392131e-744
3.902879010613e-747
1.353804939378e-749
4.616993665148e-752
1.547942543916e-754
5.10155436261e-757
1.652576697426e-759
5.26127489748e-762
1.646072656792e-764
5.06050135175e-767
1.528558432489e-769
4.535983117075e-772
1.322263861638e-774
3.785977835647e-777
1.064649501983e-779
2.940077508719e-782
7.97239476659e-785
2.122513766125e-787
5.54749863175e-790
1.423251214592e-792
3.583898714097e-795
8.85668606763e-798
2.14772710837e-800
5.11010278374e-803
1.192813692134e-805
2.731223070091e-808
6.1338309936e-811
1.350965855547e-813
2.917709670955e-816
6.17833490319e-819
1.282561917715e-821
2.609804171671e-824
5.20480717978e-827
1.017213821226e-829
1.947931819194e-832
3.654528949887e-835
6.71624795235e-838
1.208927972413e-840
2.131044237116e-843
3.678256202676e-846
6.215660415e-849
1.028172206872e-851
1.664617100941e-854
2.637354568012e-857
4.088492886181e-860
6.20058273565e-863
9.19833786949e-866
1.334522549046e-868
1.893273429715e-871
2.626042850317e-874
3.560577985726e-877
4.7184307306e-880
6.11026680058e-883
7.73097611959e-886
9.555315516e-889
1.153496128637e-891
1.359785465994e-894
1.565054164557e-897
1.758382985892e-900
1.928154756887e-903
2.063158424344e-906
2.153784463685e-909
2.193139644311e-912
2.177904376459e-915
2.108786207054e-918
1.990484903742e-921
1.831166246156e-924
1.641525859692e-927
1.433592742636e-930
1.219459839844e-933
1.010129006536e-936
8.1462215939e-940
6.3944974788e-943
4.884572641052e-946
3.630062519712e-949
2.624005286512e-952
1.844472906728e-955
1.260459531094e-958
8.37191459244e-962
5.40316478039e-965
3.387548265261e-968
2.062628065769e-971
1.219373437281e-974
6.99701834756e-978
3.896078408373e-981
2.104536375509e-984
1.102484870514e-987
5.59947505893e-991
2.756443294138e-994
1.314752452144e-997
6.0742917028e-1001
2.717471168942e-1004
1.176820184575e-1007
4.931585546073e-1011
1.9991570356e-1014
7.83683605161e-1018
2.969714753274e-1021
1.087457595855e-1024
3.846571721756e-1028
1.313821104704e-1031
4.331448101801e-1035
1.37782658338e-1038
4.227143944608e-1042
1.250297298762e-1045
3.563791060474e-1049
9.78495440323e-1053
2.586806052537e-1056
6.58163906279e-1060
1.610911467545e-1063
3.791180755592e-1067
8.57503021161e-1071
1.863131537329e-1074
3.886703788701e-1078
7.7808614525e-1082
1.49401571839e-1085
2.749991397289e-1089
4.849734204442e-1093
8.18975349747e-1097
1.323548218616e-1100
2.045823570538e-1104
3.022685266663e-1108
4.266228248815e-1112
5.74836925307e-1116
7.38941944371e-1120
9.05626532348e-1124
1.057453484986e-1127
1.175543389663e-1131
1.243267843818e-1135
1.250011135028e-1139
1.193854618272e-1143
1.082263428716e-1147
9.30473585188e-1152
7.58053249359e-1156
5.84714852513e-1160
4.266286610774e-1164
2.941834633582e-1168
1.91530173934e-1172
1.176202914746e-1176
6.80636407021e-1181
3.707520019521e-1185
1.89897761466e-1189
9.13568597692e-1194
4.123329288684e-1198
1.743908740731e-1202
6.90293246834e-1207
2.554017524371e-1211
8.82105931036e-1216
2.840072456103e-1220
8.51202533408e-1225
2.371323526344e-1229
6.13109489973e-1234
1.468870185806e-1238
3.255428645447e-1243
6.66291654543e-1248
1.257109481788e-1252
2.182341267772e-1257
3.479096938021e-1262
5.083012044071e-1267
6.79146611902e-1272
8.27997072169e-1277
9.18982465965e-1282
9.26277865862e-1287
8.45711648051e-1292
6.97568480952e-1297
5.183375666137e-1302
3.459509202464e-1307
2.067469058856e-1312
1.102706247312e-1317
5.230840581609e-1323
2.198786427824e-1328
8.15851266896e-1334
2.661161457845e-1339
7.59749162135e-1345
1.889710011082e-1350
4.07476670092e-1356
7.57716555676e-1362
1.208270055872e-1367
1.642321682812e-1373
1.890523340062e-1379
1.830274509252e-1385
1.479128711537e-1391
9.89768249217e-1398
5.436090039009e-1404
2.427291066301e-1410
8.72010102134e-1417
2.491972947745e-1423
5.594491519554e-1430
9.73175653704e-1437
1.291850031882e-1443
1.286636676794e-1450
9.43376585609e-1458
4.98466734194e-1465
1.85279041826e-1472
4.713124155627e-1480
7.949901334447e-1488
8.57200703285e-1496
5.660506552181e-1504
2.175873481136e-1512
4.58095005353e-1521
4.904052247611e-1530
2.434139751542e-1539
4.981755933163e-1549
3.606500973216e-1559
7.504158580826e-1570
3.34310974658e-1581
2.043252274435e-1593
8.186950274505e-1607
5.178021781625e-1622
1.2884018520462e-1640