0.1708888177427668
0.1610671150703561
0.1430817402601766
0.1197918734950548
0.0945167612607455
0.0702735534730088
0.0492300830994214
0.03249146915377795
0.0201996243816257
0.01182708705930619
0.00652061326040788
0.003384393608418491
0.00165329566403815
0.000759945607805241
0.000328587683051866
0.0001336042955669331
0.0000510672345377778
0.00001834247540247371
6.18865540174661e-6
1.960533379432534e-6
5.82902548921178e-7
1.625745395224747e-7
4.251297295151958e-8
1.041756365633558e-8
2.390756058543591e-9
5.13525629077138e-10
1.03172525916147e-10
1.93749975221235e-11
3.398426745119674e-12
5.56336325138333e-13
8.49308311606905e-14
1.208054649116385e-14
1.599573895685677e-15
1.969695432444159e-16
2.253343160178461e-17
2.392323989856417e-18
2.354403296518339e-19
2.145284361075333e-20
1.807491293935792e-21
1.406262005233513e-22
1.008860580672765e-23
6.66360840309082e-25
4.045751792085419e-26
2.254005340701488e-27
1.150228358785224e-28
5.36590899847578e-30
2.283674784551568e-31
8.84705536430692e-33
3.112529365039723e-34
9.91936748546857e-36
2.855867512311364e-37
7.40658414673031e-39
1.724931472020503e-40
3.595372305411526e-42
6.68286829864626e-44
1.103391298616537e-45
1.61139190459737e-47
2.071927080682666e-49
2.333808188830375e-51
2.29025689912727e-53
1.946299152035131e-55
1.422829725126694e-57
8.8821741614199e-60
4.69633202004014e-62
2.084047690269921e-64
7.68272973299894e-67
2.325709487633996e-69
5.70571558385188e-72
1.117448121610339e-74
1.716852713344881e-77
2.027611639122737e-80
1.796975155534756e-83
1.161219004783756e-86
5.28353296596546e-90
1.621027622579828e-93
3.174990717521435e-97
3.697076726089608e-101
2.325304470833846e-105
6.9000209771443e-110
7.88358643523249e-115
2.482064734597945e-120
1.136641396731305e-126
1.477486404473094e-134