0.0903165555565061
0.0888497203395955
0.0859870935468363
0.0818650616308062
0.0766745888609526
0.0706465706122735
0.0640348671715952
0.0570987472792788
0.0500864131916305
0.043221020823259
0.0366902019457969
0.0306396105562479
0.02517052676385
0.020341124865987
0.0161706956107879
0.0126459306391275
0.0097283308185024
0.0073618708859176
0.0054802085270976
0.0040129291060135
0.00289053146778383
0.00204805598254355
0.00142741333829375
0.0009785819026459
0.00065990224834683
0.00043771590784724
0.00028558174319823
0.000183268923099862
0.000115681038931343
0.000071819930415672
0.000043856251028956
0.000026340003211751
0.0000155593626269054
9.0396808365987e-6
5.1652715020364e-6
2.902720439582e-6
1.60428784647865e-6
8.720014666642e-7
4.6612519438548e-7
2.4503649172776e-7
1.26675886202702e-7
6.43997360229e-8
3.2195332105526e-8
1.5827485848579e-8
7.651251121806e-9
3.6370188289678e-9
1.6999731545413e-9
7.8129064106245e-10
3.5305927398751e-10
1.5686903986616e-10
6.8528528417071e-11
2.9433359496276e-11
1.2428880177495e-11
5.1598508190314e-12
2.1059316536968e-12
8.4497166896493e-13
3.3328770848237e-13
1.2923019655591e-13
4.9256586288329e-14
1.8454743184066e-14
6.7964580137923e-15
2.4602288227563e-15
8.7533368228152e-16
3.0610036004083e-16
1.0520409242782e-16
3.553581607343e-17
1.1796436346021e-17
3.8483271630385e-18
1.2337161395695e-18
3.8865639647694e-19
1.2031191676389e-19
3.6595559371507e-20
1.093728275051e-20
3.2117068906994e-21
9.265985301971e-22
2.6263952850179e-22
7.3134888594638e-23
2.0006361369839e-23
5.376173425918e-24
1.4191308905105e-24
3.6795755634871e-25
9.370890185045e-26
2.3439766142862e-26
5.7583246381241e-27
1.3892816150552e-27
3.2916694098233e-28
7.658683103693e-29
1.7497814698064e-29
3.9254086925456e-30
8.646423336176e-31
1.8698962702596e-31
3.9701457845374e-32
8.275256794368e-33
1.6932473574948e-33
3.4009535134095e-34
6.705010266872e-35
1.2974582621316e-35
2.4641032829174e-36
4.5927411820528e-37
8.400559282359e-38
1.5077968107274e-38
2.6555266627953e-39
4.5888744893645e-40
7.780068117825e-41
1.294064607338e-41
2.1115291442063e-42
3.3797109908011e-43
5.3061043848026e-44
8.170670632461e-45
1.2339478875395e-45
1.8275286815059e-46
2.6541805975374e-47
3.7797735847713e-48
5.2776410087e-49
7.224734254535e-50
9.695732588651e-51
1.2755114588892e-51
1.6447536322584e-52
2.0787265701771e-53
2.574783184775e-54
3.1253379713682e-55
3.7173380556714e-56
4.3322255134056e-57
4.946506941548e-58
5.532976782732e-59
6.062548944861e-60
6.50655056392e-61
6.839240526889e-62
7.04025270652e-63
7.096645402544e-64
7.004272309541e-65
6.768274265724e-66
6.402612285925e-67
5.928699782336e-68
5.37332033327e-69
4.766113397661e-70
4.136957357786e-71
3.5135709444457e-72
2.9195955177952e-73
2.3733264422282e-74
1.8871521367284e-75
1.46765528947e-76
1.11624940359e-77
8.301756164135e-79
6.036719634948e-80
4.291452142565e-81
2.9821459039977e-82
2.0254574379905e-83
1.344418225877e-84
8.719854542856e-86
5.525776562158e-87
3.420829048063e-88
2.0685556393813e-89
1.2216412548774e-90
7.045352339876e-92
3.967210027621e-93
2.1808762015123e-94
1.1702510541015e-95
6.128681944962e-97
3.132072965713e-98
1.5617410644503e-99
7.596841410839e-101
3.604435929046e-102
1.6678383203177e-103
7.52512878804e-105
3.310144909623e-106
1.419324250378e-107
5.9312326776e-109
2.4152543490416e-110
9.58208136243e-112
3.703045216096e-113
1.3937408966435e-114
5.107979818153e-116
1.8225487007099e-117
6.329787970295e-119
2.1394142170255e-120
7.035748742374e-122
2.2508568805944e-123
7.003550288138e-125
2.1189972353064e-126
6.232918881667e-128
1.7819965298481e-129
4.950852620283e-131
1.3363260959123e-132
3.503513283023e-134
8.919725306351e-136
2.2047076885399e-137
5.289269060538e-139
1.2313357215514e-140
2.780880120962e-142
6.091152594445e-144
1.2936361958627e-145
2.663188267988e-147
5.313095487134e-149
1.0268944233728e-150
1.9222508527381e-152
3.483945073021e-154
6.11191781383e-156
1.0375133916565e-157
1.7036559055139e-159
2.705209034971e-161
4.152466100968e-163
6.159562424471e-165
8.826343499223e-167
1.221361130481e-168
1.631477397586e-170
2.102951600858e-172
2.614702743688e-174
3.134654402213e-176
3.622067383836e-178
4.032215280423e-180
4.322823185347e-182
4.461072995258e-184
4.429614199353e-186
4.230081426706e-188
3.88314908974e-190
3.425016772877e-192
2.901147039782e-194
2.358763365007e-196
1.839838303846e-198
1.3760121136758e-200
9.862163613564e-203
6.769905486308e-205
4.44835433577e-207
2.796152881423e-209
1.680342469491e-211
9.647892727027e-214
5.28906372188e-216
2.766570921782e-218
1.3798033619626e-220
6.556785226443e-223
2.966462767552e-225
1.2768097705509e-227
5.224044372978e-230
2.030126960516e-232
7.486955826241e-235
2.618003610598e-237
8.672049440668e-240
2.718624265449e-242
8.057995224526e-245
2.255868916172e-247
5.958703782862e-250
1.4834240827302e-252
3.47664577141e-255
7.661672451374e-258
1.585697966297e-260
3.078186423158e-263
5.597157192321e-266
9.519938532715e-269
1.5123926678849e-271
2.240787252036e-274
3.091395200822e-277
3.964668159918e-280
4.718504509517e-283
5.201850122056e-286
5.301994838261e-289
4.986311760075e-292
4.317818735363e-295
3.435046353048e-298
2.504787418017e-301
1.669977037115e-304
1.0153661506508e-307
5.614531860454e-311
2.815260768413e-314
1.2761350744127e-317
5.212218823365e-321
1.911526057291e-324
6.271232098856e-328
1.833218113528e-331
4.754627733833e-335
1.0891278242872e-338
2.192663216838e-342
3.859241973944e-346
5.904618606106e-350
7.804746524009e-354
8.852977007079e-358
8.554788828312e-362
6.986327434353e-366
4.779710685655e-370
2.713154540277e-374
1.2642406889552e-378
4.778733749191e-383
1.4459912454166e-387
3.450796162718e-392
6.38646311806e-397
8.992137901366e-402
9.422659451758e-407
7.163624266646e-412
3.835387011612e-417
1.3960664233113e-422
3.311966309778e-428
4.864275226512e-434
4.149518331762e-440
1.8961238979513e-446
4.175886311557e-453
3.842626328625e-460
1.2069884128515e-467
9.539508926981e-476
1.1452842904213e-484
7.916428394273e-495
2.5757755939346e-507