0.0523748818799499
0.0520879735559792
0.0515188624635712
0.0506768313462802
0.0495754882934413
0.0482324009694895
0.0466686306502959
0.0449081833293835
0.042977397863903
0.040904292905866
0.038717895150236
0.036447571224723
0.034122384396359
0.031770495274835
0.029418622990258
0.027091580081355
0.024811890736018
0.022599498272809
0.020471564028232
0.018442356293225
0.0165232247725203
0.0147226533402935
0.0130463817183022
0.0114975851553474
0.0100771002506576
0.0087836847173624
0.0076142990762272
0.0065643989328204
0.0056282275362926
0.004799099649191
0.0040696692771133
0.0034321754198568
0.0028786616256489
0.0024011666825122
0.0019918852056413
0.001643298132111
0.0013482741851975
0.001100144205662
0.00089275086524805
0.00072047668809687
0.00057825352708866
0.0004615566986421
0.00036638689928578
0.00028924283984144
0.00022708726742522
0.00017730872887754
0.00013768108590419
0.00010632244270823
0.00008165480777117
0.000062365495216874
0.000047370986545938
0.000035783725695574
0.000026882111641882
0.00002008378300093
0.000014922156352458
0.000011026081057492
8.102404106493e-6
5.9211945522702e-6
4.3033538159365e-6
3.1103312512749e-6
2.2356698208582e-6
1.5981210562429e-6
1.1360886531692e-6
8.031836388732e-7
5.646991078389e-7
3.9483759271937e-7
2.7454817096968e-7
1.8985270639351e-7
1.3056077325943e-7
8.92906152789e-8
6.072892430221e-8
4.1075372879658e-8
2.7628866550892e-8
1.8481606446449e-8
1.2294501432244e-8
8.133474928579e-9
5.35099805946e-9
3.5009534964513e-9
2.277876671494e-9
1.4738925011602e-9
9.484022220048e-10
6.068898489619e-10
3.8620433051469e-10
2.4440706218136e-10
1.5381514201008e-10
9.626591304901e-11
5.99147082168e-11
3.7083540688725e-11
2.2825227776253e-11
1.39712277727e-11
8.504306190509e-12
5.147867902857e-12
3.0988418420697e-12
1.8550441605548e-12
1.1043105549136e-12
6.53746865644e-13
3.848652781492e-13
2.2531382495346e-13
1.3117353398912e-13
7.59421929464e-14
4.372178075578e-14
2.503165667902e-14
1.4251403295593e-14
8.068655733354e-15
4.542756789758e-15
2.5433829137176e-15
1.4160454256025e-15
7.839980745832e-16
4.316426751444e-16
2.3632219367099e-16
1.2866326726025e-16
6.965843998252e-17
3.750258261849e-17
2.0077795497204e-17
1.0689008917471e-17
5.658802710027e-18
2.979041107486e-18
1.5595251759182e-18
8.118416869781e-19
4.202545987016e-19
2.163290614715e-19
1.1073313902543e-19
5.636373835285e-20
2.8528600973133e-20
1.4358819237711e-20
7.186436730289e-21
3.576548808168e-21
1.7699843083363e-21
8.710205811163e-22
4.262262376658e-22
2.0739759720667e-22
1.0035015379924e-22
4.828165439352e-23
2.3099097432509e-23
1.0988935536201e-23
5.198319390805e-24
2.4452089421636e-24
1.1437039676612e-24
5.319304633745e-25
2.4600198885328e-25
1.1312636252675e-25
5.172844192965e-26
2.3519834086802e-26
1.0633525944268e-26
4.780324909997e-27
2.1368473678841e-27
9.49783086471e-28
4.197677527594e-28
1.8447022802702e-28
8.060740118187e-29
3.502303833849e-29
1.5130797474886e-29
6.49976628279e-30
2.776261705524e-30
1.1790944945467e-30
4.979218283073e-31
2.0907247210267e-31
8.728798305287e-32
3.623537409422e-32
1.4956517717504e-32
6.138276302853e-33
2.504836165676e-33
1.0163139820443e-33
4.100066362081e-34
1.6446254237788e-34
6.559261561681e-35
2.601078354895e-35
1.0255601723082e-35
4.020469439041e-36
1.5671081265573e-36
6.073323318842e-37
2.340225653878e-37
8.965852894892e-38
3.415282683848e-38
1.2934853161139e-38
4.870737956488e-39
1.8235809655135e-39
6.788142575152e-40
2.512297513906e-40
9.244511526884e-41
3.382113856483e-41
1.2302188988123e-41
4.449026888534e-42
1.5996857362754e-42
5.718601726713e-43
2.032493136857e-43
7.182090846109e-44
2.523212179489e-44
8.813252531433e-45
3.060530437587e-45
1.0566562128421e-45
3.626984512618e-46
1.2377448466891e-46
4.199411482231e-47
1.4164982691227e-47
4.750205528784e-48
1.5837108892625e-48
5.249343082125e-49
1.7298082327158e-49
5.667001032562e-50
1.845734914797e-50
5.976465690812e-51
1.923875456673e-51
6.156944538753e-52
1.958879067262e-52
6.195871876794e-53
1.948264707261e-53
6.090353937487e-54
1.892711525079e-54
5.847522860039e-55
1.795987493859e-55
5.483739639908e-56
1.664526580386e-56
5.022769762541e-57
1.5067203893597e-57
4.493214335597e-58
1.3320327128084e-58
3.925582662882e-59
1.1500667071754e-59
3.349421316289e-60
9.697114811445e-61
2.790869045138e-61
7.984701532525e-62
2.270901800625e-62
6.420318657529e-63
1.804394460161e-63
5.041051778376e-64
1.3999859981359e-64
3.864890236701e-65
1.0606195833776e-65
2.893271436044e-66
7.845557721613e-67
2.11476250762e-67
5.666312757078e-68
1.509171697637e-68
3.995525724535e-69
1.051488112541e-69
2.750603152983e-70
7.152248640547e-71
1.848614361326e-71
4.749381262777e-72
1.2128655755715e-72
3.078726761831e-73
7.76802066942e-74
1.948176237715e-74
4.856491559211e-75
1.2033485336883e-75
2.963688029588e-76
7.25510403986e-77
1.765317168094e-77
4.269407514514e-78
1.0263040725714e-78
2.452143438766e-79
5.823376278019e-80
1.374550734312e-80
3.224789694246e-81
7.519595387639e-82
1.742760625297e-82
4.01447652209e-83
9.191062845738e-84
2.091442264625e-84
4.730064296069e-85
1.0632292201116e-85
2.37532544754e-86
5.274160580026e-87
1.1638988044614e-87
2.552738729178e-88
5.564477572598e-89
1.2054991490115e-89
2.595562487806e-90
5.554125795309e-91
1.181182861838e-91
2.496510007869e-92
5.2439889595e-93
1.0947123798631e-93
2.271148862261e-94
4.682696136686e-95
9.595080842174e-96
1.953894234506e-96
3.954127510979e-97
7.952339897527e-98
1.589392905666e-98
3.156872851506e-99
6.231172775945e-100
1.222268908415e-100
2.382568384711e-101
4.615332360491e-102
8.884580500176e-103
1.69959146235e-103
3.230897187323e-104
6.103374512579e-105
1.145730493226e-105
2.137262012252e-106
3.961805604294e-107
7.297698237881e-108
1.335774698481e-108
2.429586198065e-109
4.391171479217e-110
7.886324691267e-111
1.407382840803e-111
2.495688319679e-112
4.397502329648e-113
7.699394497012e-114
1.339488344815e-114
2.315529261597e-115
3.977293640951e-116
6.78809873289e-117
1.151141754167e-117
1.939664686017e-118
3.247421975162e-119
5.40209240135e-120
8.928808238563e-121
1.46632472976e-121
2.392593694327e-122
3.878884250063e-123
6.247995118403e-124
9.99925045457e-125
1.58995197493e-125
2.511812615989e-126
3.942520848878e-127
6.148102980156e-128
9.525449261143e-129
1.466235779567e-129
2.242296102969e-130
3.406823953645e-131
5.142458118475e-132
7.711749593994e-133
1.148928192652e-133
1.700542045618e-134
2.500535792512e-135
3.652806484475e-136
5.301085409366e-137
7.64265271109e-138
1.094614658997e-138
1.557445330778e-139
2.20138177692e-140
3.091046215543e-141
4.311612853602e-142
5.97440528603e-143
8.223690989828e-144
1.12448214653e-144
1.527384944908e-145
2.060872236975e-146
2.762210031057e-147
3.677577379817e-148
4.863655885405e-149
6.389342195203e-150
8.337543527435e-151
1.08069984383e-151
1.391404500861e-152
1.779423708808e-153
2.260368723159e-154
2.851999389658e-155
3.574259209829e-156
4.449235310171e-157
5.50102521467e-158
6.755492602644e-159
8.23989568525e-160
9.98237465208e-161
1.201128896724e-161
1.435440119499e-162
1.703791146581e-163
2.008535548725e-164
2.351638885188e-165
2.734549084563e-166
3.158063142533e-167
3.622195481062e-168
4.126054144007e-169
4.667731606276e-170
5.244217269395e-171
5.851338637958e-172
6.483737668092e-173
7.134887824267e-174
7.7971559772e-175
8.46191145939e-176
9.11968243682e-177
9.76035735896e-178
1.037342674742e-178
1.094825812873e-179
1.147439467299e-180
1.194186623054e-181
1.234150011054e-182
1.26652182406e-183
1.290630736723e-184
1.305964973948e-185
1.312190324424e-186
1.309162216277e-187
1.296931247223e-188
1.275741876121e-189
1.246024317179e-190
1.208380011195e-191
1.163561359314e-192
1.112446674321e-193
1.056011516256e-194
9.95297721106e-196
9.31381496429e-197
8.65341944752e-198
7.98231288312e-199
7.3104791614e-200
6.647131695786e-201
6.000525407735e-202
5.377816978514e-203
4.784974875898e-204
4.226738177042e-205
3.70662100182e-206
3.226957551226e-207
2.788981384103e-208
2.392931695166e-209
2.038178974808e-210
1.723362500927e-211
1.446532573994e-212
1.205291179477e-213
9.96925757634e-215
8.18531888248e-216
6.671218708196e-217
5.39717322767e-218
4.334249675129e-219
3.454956950413e-220
2.733677209352e-221
2.146952330023e-222
1.673642985008e-223
1.294980221182e-224
9.94530158818e-226
7.5809192996e-227
5.735475635985e-228
4.306804726648e-229
3.209767647745e-230
2.374210103351e-231
1.742955413734e-232
1.269899604307e-233
9.18254054961e-235
6.58962989325e-236
4.693082689009e-237
3.317024556142e-238
2.326626740341e-239
1.619520729691e-240
1.118722215678e-241
7.66881257909e-243
5.216728313111e-244
3.521491455168e-245
2.358888651106e-246
1.567958812837e-247
1.034194584654e-248
6.76868379656e-250
4.39576509391e-251
2.832610755819e-252
1.811153897901e-253
1.149036074434e-254
7.23295252817e-256
4.517466713887e-257
2.799402987273e-258
1.721157760246e-259
1.049915583147e-260
6.35418918029e-262
3.815324947467e-263
2.272804580709e-264
1.343214387384e-265
7.87543797446e-267
4.580824639671e-268
2.643294672928e-269
1.513121533665e-270
8.59254225904e-272
4.840413390093e-273
2.70488859514e-274
1.499393643396e-275
8.24469252582e-277
4.496958726139e-278
2.43299973737e-279
1.305680713933e-280
6.95019015514e-282
3.669561059153e-283
1.921685028421e-284
9.9814545389e-286
5.142115629636e-287
2.627356596144e-288
1.33142938717e-289
6.69162977584e-291
3.335438926769e-292
1.648822980016e-293
8.08327971203e-295
3.929943100011e-296
1.894796160332e-297
9.05959456485e-299
4.295537080028e-300
2.019672678825e-301
9.4165461135e-303
4.353531465655e-304
1.995829189216e-305
9.0725394786e-307
4.089312630147e-308
1.827594323524e-309
8.09858916585e-311
3.558205370926e-312
1.550017760989e-313
6.69450170889e-315
2.866603363155e-316
1.216960611541e-317
5.121966744498e-319
2.137174596094e-320
8.84052217835e-322
3.625284527585e-323
1.47375092022e-324
5.93902822592e-326
2.372506667376e-327
9.39488866076e-329
3.687731696446e-330
1.434834341214e-331
5.533631163057e-333
2.115318811031e-334
8.01474583723e-336
3.009837478281e-337
1.120280346822e-338
4.132679495946e-340
1.510946095497e-341
5.474813078207e-343
1.965999880982e-344
6.99652309823e-346
2.46749522441e-347
8.6237517037e-349
2.986706813059e-350
1.025028307589e-351
3.485912445793e-353
1.174694161997e-354
3.922393629997e-356
1.297734397098e-357
4.254209945558e-359
1.381785416545e-360
4.446731770675e-362
1.417783438265e-363
4.478550043514e-365
1.401565491142e-366
4.345378303809e-368
1.334657254901e-369
4.060967760976e-371
1.224042679647e-372
3.654772427372e-374
1.080961784058e-375
3.166911705575e-377
9.19023269084e-379
2.641625508636e-380
7.52071901053e-382
2.120703517381e-383
5.92273182082e-385
1.63822919793e-386
4.487729048634e-388
1.217493867812e-389
3.271025021526e-391
8.70295112604e-393
2.292996576778e-394
5.98250352445e-396
1.54558768509e-397
3.953883040428e-399
1.001524892276e-400
2.511861175109e-402
6.23754353107e-404
1.533570162647e-405
3.732963698952e-407
8.99604888829e-409
2.146275930846e-410
5.069238344908e-412
1.18525252511e-413
2.743327246251e-415
6.28536256959e-417
1.425464467734e-418
3.199949059167e-420
7.11012956549e-422
1.563676215249e-423
3.403595991332e-425
7.33226131823e-427
1.563267973185e-428
3.298459865397e-430
6.8874407056e-432
1.423180416537e-433
2.910073024199e-435
5.88811094054e-437
1.178860668611e-438
2.335336663002e-440
4.577444310567e-442
8.87705926476e-444
1.703230674245e-445
3.233120116236e-447
6.07155372651e-449
1.127958146964e-450
2.07293970017e-452
3.768479746162e-454
6.77667592588e-456
1.205378211062e-457
2.120659801675e-459
3.690154650063e-461
6.35080473367e-463
1.080956457049e-464
1.819564228178e-466
3.028940306584e-468
4.986116693742e-470
8.11646102066e-472
1.306434212466e-473
2.079260258137e-475
3.272008382325e-477
5.090821401263e-479
7.83091911968e-481
1.190892160216e-482
1.790400629463e-484
2.660904154893e-486
3.9092412214e-488
5.67705113173e-490
8.14897480788e-492
1.156153706403e-493
1.621224160558e-495
2.246817353239e-497
3.077314341572e-499
4.165214548955e-501
5.57116739547e-503
7.36342891458e-505
9.61657992635e-507
1.240935747738e-508
1.582148865137e-510
1.992947845758e-512
2.480139172143e-514
3.049077965601e-516
3.703002790109e-518
4.442353282388e-520
5.264123159519e-522
6.16131013353e-524
7.12252854122e-526
8.13184849173e-528
9.16891597059e-530
1.020939132167e-531
1.122571954323e-533
1.218821662547e-535
1.306642445017e-537
1.38306560296e-539
1.445362687574e-541
1.491205067887e-543
1.518807113033e-545
1.527040833152e-547
1.515511791132e-549
1.484589215961e-551
1.435387203719e-553
1.369698250955e-555
1.28988463118e-557
1.198736808872e-559
1.099310770887e-561
9.9475755941e-564
8.88158298848e-566
7.82376686197e-568
6.79938488334e-570
5.82944410408e-572
4.930191838507e-574
4.112962920827e-576
3.38434775342e-578
2.746623056472e-580
2.198373487966e-582
1.735227566484e-584
1.350634717577e-586
1.036620064837e-588
7.84467612195e-591
5.85298421486e-593
4.30526198218e-595
3.121867180845e-597
2.231486768698e-599
1.57221324313e-601
1.091786550109e-603
7.47213704576e-606
5.039693025429e-608
3.349550984225e-610
2.193628899021e-612
1.415481828304e-614
8.99870956211e-617
5.63586909073e-619
3.477089838001e-621
2.11307349801e-623
1.2648120242e-625
7.45622080466e-628
4.328738105641e-630
2.474695102553e-632
1.393053055957e-634
7.72087619599e-637
4.212942753522e-639
2.263035091878e-641
1.196603191087e-643
6.22770721808e-646
3.190002667878e-648
1.608066626351e-650
7.97686239415e-653
3.893496538437e-655
1.869783397145e-657
8.83385803992e-660
4.10563700191e-662
1.876915435858e-664
8.43928186082e-667
3.73185792349e-669
1.622801168794e-671
6.93884967128e-674
2.917108126171e-676
1.20564915346e-678
4.89838344916e-681
1.956174627442e-683
7.67793814822e-686
2.96157279659e-688
1.122533285816e-690
4.180543740945e-693
1.529608440717e-695
5.4979205125e-698
1.941080522447e-700
6.73087100048e-703
2.292117045952e-705
7.66469325874e-708
2.516513979425e-710
8.11155395489e-713
2.566622087753e-715
7.97123077821e-718
2.429664372692e-720
7.26734711959e-723
2.132872569801e-725
6.14134305837e-728
1.734685264442e-730
4.806021491884e-733
1.305889943898e-735
3.479611862583e-738
9.09086530838e-741
2.328498693268e-743
5.8464009477e-746
1.438758088653e-748
3.469905036786e-751
8.20014141446e-754
1.898635529091e-756
4.306457658731e-759
9.56749204135e-762
2.081687969271e-764
4.435189596463e-767
9.25180355687e-770
1.889278819175e-772
3.776226891034e-775
7.38666733081e-778
1.413847640445e-780
2.647613369828e-783
4.849955480352e-786
8.68929574662e-789
1.522392002184e-791
2.607918188715e-794
4.36733447757e-797
7.14862328313e-800
1.143508077853e-802
1.787282767821e-805
2.72903908036e-808
4.070172693449e-811
5.92823644368e-814
8.43081659823e-817
1.170485053229e-819
1.586111297106e-822
2.097448053136e-825
2.706172561539e-828
3.405980302811e-831
4.180858642455e-834
5.00424453056e-837
5.83946214341e-840
6.64169058088e-843
7.36147147078e-846
7.94946832295e-849
8.36189528965e-852
8.565816026e-855
8.54343914456e-858
8.29464215356e-861
7.83723400437e-864
7.2048642111e-867
6.44291576405e-870
5.60307997033e-873
4.73752060879e-876
3.89354906074e-879
3.109559209231e-882
2.412665200923e-885
1.818129098045e-888
1.330344425623e-891
9.44920653658e-895
6.51323000128e-898
4.355550087557e-901
2.824935383455e-904
1.776494788561e-907
1.082873765822e-910
6.39611485112e-914
3.659676287453e-917
2.027766326281e-920
1.087677260184e-923
5.64604564803e-927
2.835328061511e-930
1.376975693377e-933
6.46486759778e-937
2.933233446272e-940
1.285663294539e-943
5.441744387662e-947
2.223373998163e-950
8.76556813234e-954
3.333241642236e-957
1.222066844472e-960
4.318002846839e-964
1.469755332801e-967
4.817165221855e-971
1.519596781442e-974
4.611657538223e-978
1.345781558641e-981
3.774619720547e-985
1.017045408498e-988
2.631227222844e-992
6.53287563222e-996
1.555787288572e-999
3.551910577354e-1003
7.76962772822e-1007
1.627493263491e-1010
3.262625341611e-1014
6.25584542071e-1018
1.146596786942e-1021
2.007564583143e-1025
3.355702274963e-1029
5.351381903101e-1033
8.13622358256e-1037
1.178560622678e-1040
1.625333313379e-1044
2.13243114911e-1048
2.659629874779e-1052
3.150961298992e-1056
3.543176952793e-1060
3.778439527554e-1064
3.817976131559e-1068
3.652372793271e-1072
3.304810230351e-1076
2.825814640775e-1080
2.281129585048e-1084
1.736742634821e-1088
1.24582290121e-1092
8.41112277357e-1097
5.338934591025e-1101
3.182498865161e-1105
1.779459572251e-1109
9.32158264789e-1114
4.569089391509e-1118
2.092884831705e-1122
8.94650157882e-1127
3.564086243827e-1131
1.321301999189e-1135
4.551584133427e-1140
1.454627350737e-1144
4.305907252029e-1149
1.178603635318e-1153
2.977811337966e-1158
6.9319725693e-1163
1.483940743503e-1167
2.91547871423e-1172
5.246041155229e-1177
8.62652300856e-1182
1.293397562355e-1186
1.763938626345e-1191
2.182744846523e-1196
2.444273184094e-1201
2.470161810484e-1206
2.246310109252e-1211
1.832550180397e-1216
1.336858301434e-1221
8.69125044923e-1227
5.01749373688e-1232
2.56241016876e-1237
1.152971857902e-1242
4.551356007713e-1248
1.569068211786e-1253
4.701331001532e-1259
1.217970742397e-1264
2.71328296053e-1270
5.166913804978e-1276
8.35783261786e-1282
1.140573605638e-1287
1.303557617335e-1293
1.237846878146e-1299
9.68272074799e-1306
6.181035032274e-1312
3.187361530142e-1318
1.313000291724e-1324
4.268195494738e-1331
1.08021017663e-1337
2.096850513041e-1344
3.070462361183e-1351
3.32925178078e-1358
2.61770608803e-1365
1.457662741448e-1372
5.595672984744e-1380
1.43570446338e-1387
2.375301189327e-1395
2.429850556359e-1403
1.46236230143e-1411
4.877854800803e-1420
8.384990464857e-1429
6.786105522008e-1438
2.305143277745e-1447
2.828415617856e-1457
1.0230301801212e-1467
8.175963827069e-1479
9.338129952502e-1491
7.398602030367e-1504
1.0092452480901e-1518
6.395497391821e-1537