0.1008733003417329
0.0988319138902487
0.094872158215768
0.0892278034465522
0.0822205431974037
0.0742296980661857
0.065658412273568
0.0569005061132853
0.0483116993974172
0.0401879557244352
0.0327524306503416
0.0261511866404025
0.020456689425243
0.0156772849161157
0.011770447558353
0.0086575781826291
0.0062384327228956
0.0044037648384747
0.00304534027784618
0.00206302153071145
0.00136905430028173
0.00088997729144826
0.00056672253180496
0.0003534979536817
0.000215982899506628
0.000129258358515089
0.000075769614254655
0.000043502943732381
0.0000244635170905331
0.0000134736408153759
7.2678437865883e-6
3.8394504051025e-6
1.98638438361227e-6
1.00641185886427e-6
4.9933667857439e-7
2.4260686072308e-7
1.15422575959426e-7
5.377027692136e-8
2.4526914874692e-8
1.09541223179099e-8
4.78994675657e-9
2.050624771651e-9
8.594639172222e-10
3.5264529783187e-10
1.41644640871087e-10
5.5692400039869e-11
2.1434192150619e-11
8.0744861043355e-12
2.9771447786355e-12
1.07434193812279e-12
3.7942185420264e-13
1.31135001065988e-13
4.4351682898667e-14
1.46782743308761e-14
4.7532539740381e-15
1.5060359828647e-15
4.6685782719731e-16
1.41584279322456e-16
4.2005107971727e-17
1.21904825564206e-17
3.460556128419e-18
9.6083990778808e-19
2.6092137691643e-19
6.9293830151545e-20
1.7996081411835e-20
4.5701601154589e-21
1.13481737246984e-21
2.7550661361662e-22
6.5391207656109e-23
1.5172499109745e-23
3.441231090943e-24
7.6288203277672e-25
1.6529320025493e-25
3.5000415456852e-26
7.2423232016113e-27
1.4643142592225e-27
2.892723116683e-28
5.5828944406586e-29
1.0525797546203e-29
1.9384562014632e-30
3.4867752238042e-31
6.1251922652712e-32
1.0507596383264e-32
1.7600872868198e-33
2.8785294905585e-34
4.5958991389131e-35
7.1629261450435e-36
1.0896490482672e-36
1.6177602215911e-37
2.3438363125895e-38
3.3134422954678e-39
4.5700719379506e-40
6.1490739153801e-41
8.070307124375e-42
1.0330319249174e-42
1.2895240199799e-43
1.5695849421659e-44
1.8626298949612e-45
2.1547669020522e-46
2.4296883257873e-47
2.6700590178241e-48
2.8592593533763e-49
2.9832515729127e-50
3.03228440706e-51
3.0021516230972e-52
2.8947805833284e-53
2.7180377820068e-54
2.4847766016886e-55
2.2112872000871e-56
1.9154089119752e-57
1.6146100827806e-58
1.3243217067762e-59
1.0567383764897e-60
8.201940672359e-62
6.191080714174e-63
4.5440282879708e-64
3.242371471745e-65
2.2488089863165e-66
1.5157572750534e-67
9.926853555739e-69
6.315595084096e-70
3.902579312127e-71
2.341727067137e-72
1.3642008563708e-73
7.714119930856e-75
4.2331830597959e-76
2.2538492590772e-77
1.1640250695526e-78
5.830151337915e-80
2.8312325775075e-81
1.3327400407734e-82
6.079714372695e-84
2.6870764238838e-85
1.1503362650401e-86
4.768742608504e-88
1.9138194794092e-89
7.433565147117e-91
2.7936420240553e-92
1.0155405729686e-93
3.5698445480359e-95
1.2130994436183e-96
3.9838689288919e-98
1.2639749885254e-99
3.8730818297165e-101
1.1458193580311e-102
3.2716733259036e-104
9.012958348786e-106
2.3947160931549e-107
6.134393381569e-109
1.5144599051707e-110
3.6020187795453e-112
8.250216430058e-114
1.8190328635187e-115
3.859149445179e-117
7.87469412375e-119
1.5448169881423e-120
2.9122365228058e-122
5.273296026602e-124
9.167219004772e-126
1.5292597101703e-127
2.4467819711945e-129
3.752801562739e-131
5.514823485711e-133
7.760431964109e-135
1.0451386923951e-136
1.346306073748e-138
1.6578144590521e-140
1.9502156127344e-142
2.1903215411526e-144
2.347074304738e-146
2.397979863088e-148
2.3343198855498e-150
2.1635041301605e-152
1.9077148828566e-154
1.5991618615709e-156
1.2733502300336e-158
9.623231845977e-161
6.896679585177e-163
4.682956928512e-165
3.009970115803e-167
1.8295831797185e-169
1.0506558757968e-171
5.694309819385e-174
2.909580935132e-176
1.4000599169881e-178
6.337066197319e-181
2.694841997955e-183
1.0753206006109e-185
4.021010406121e-188
1.4071272010256e-190
4.60166108635e-193
1.4042140657335e-195
3.992215947108e-198
1.0557221561153e-200
2.59238289958e-203
5.900452027925e-206
1.2424870963041e-208
2.415800497118e-211
4.32802795379e-214
7.128986129439e-217
1.0771370871614e-219
1.4892243033948e-222
1.8792068670059e-225
2.158378563092e-228
2.249885573882e-231
2.121953293493e-234
1.8048075803083e-237
1.3795231750624e-240
9.440835576691e-244
5.761587650532e-247
3.122238168474e-250
1.4954958210675e-253
6.300121047249e-257
2.321852184879e-260
7.442648238329e-264
2.062039352273e-267
4.904203058805e-271
9.937818856718e-275
1.701762485627e-278
2.440423589404e-282
2.901663300682e-286
2.828908215485e-290
2.233527833687e-294
1.4083521767305e-298
6.981308237492e-303
2.672273562345e-307
7.737682572749e-312
1.6549663043125e-316
2.542912022795e-321
2.716111888355e-326
1.9387115157647e-331
8.814168903292e-337
2.4049046240844e-342
3.651459119706e-348
2.795828164773e-354
9.449999638207e-361
1.1679949839733e-367
3.974034341383e-375
2.3274732547344e-383
9.522176155741e-393
2.6615156973946e-404