0.1153354835157449
0.1122894297878031
0.106436333111329
0.0982232579106885
0.0882489680117885
0.0771920235613098
0.0657352742769753
0.0544982703911447
0.0439864809386093
0.034562185403181
0.0264375382781296
0.0196865754476148
0.0142705043505489
0.0100697393134483
0.00691664992094435
0.00462444961543025
0.00300952632928733
0.00190632236408373
0.00117527638737853
0.00070520214677822
0.000411813670255319
0.000234036757241565
0.000129433086772513
0.000069657083620899
0.0000364774016573516
0.0000185866052869945
9.2145010667946e-6
4.44443107497158e-6
2.08549519708502e-6
9.5197592621503e-7
4.22708116460253e-7
1.82568627400561e-7
7.6692825346847e-8
3.13326698680848e-8
1.24487046655877e-8
4.809544925333e-9
1.80677789665998e-9
6.599231047724e-10
2.34334054206945e-10
8.089014276482e-11
2.71417227423565e-11
8.8516284449685e-12
2.8055246235945e-12
8.6411221225684e-13
2.5861288453308e-13
7.5198940504479e-14
2.12427719088001e-14
5.8291287102219e-15
1.55361323239453e-15
4.0214390921044e-16
1.01081244082515e-16
2.46694797771598e-17
5.8451840043667e-18
1.34441149076145e-18
3.0012881671936e-19
6.5023267196102e-20
1.36696741194499e-20
2.7881553554671e-21
5.5167691499933e-22
1.05876531426638e-22
1.97059805413548e-23
3.5564326628737e-24
6.2227504145008e-25
1.05543806517759e-25
1.73498315279999e-26
2.7637430197141e-27
4.2654596854645e-28
6.3771085987928e-29
9.2340799876291e-30
1.29477817182251e-30
1.7577093115379e-31
2.3097481222917e-32
2.9373917401322e-33
3.6145179339162e-34
4.3026844543387e-35
4.9537743547343e-36
5.5149957283906e-37
5.9356537008397e-38
6.1745598718051e-39
6.2066121205616e-40
6.0271050636532e-41
5.6527547861579e-42
5.1191470720493e-43
4.4751447558394e-44
3.7754744950432e-45
3.0730585391503e-46
2.4125796112626e-47
1.8263222458376e-48
1.3326868897741e-49
9.3713106284369e-51
6.3482929288736e-52
4.1414955336048e-53
2.6010960997956e-54
1.5721932398764e-55
9.1422485223237e-57
5.1125865817659e-58
2.7485741186999e-59
1.4199967540462e-60
7.0470870028239e-62
3.3581388341887e-63
1.5359378670227e-64
6.7398247310169e-66
2.836168251152e-67
1.1440014847972e-68
4.4210888475621e-70
1.63617834354e-71
5.7958221765978e-73
1.9640840793735e-74
6.3640905576852e-76
1.9706399028644e-77
5.8281225516822e-79
1.645312918387e-80
4.4310482791523e-82
1.1377155845334e-83
2.7832505053065e-85
6.482984053191e-87
1.4368271597611e-88
3.0278444010597e-90
6.0623881329796e-92
1.1524058154785e-93
2.078151016059e-95
3.5522591560331e-97
5.7507012026109e-99
8.809362279751e-101
1.2757921571782e-102
1.7450829038336e-104
2.2522962826633e-106
2.7400833787749e-108
3.1388327581293e-110
3.3818695338425e-112
3.4231630583321e-114
3.2512966768214e-116
2.8939910863684e-118
2.4108950058748e-120
1.8771671522801e-122
1.3641010183599e-124
9.237511274684e-127
5.820264501436e-129
3.4063595625451e-131
1.848599845e-133
9.285512445442e-136
4.3086738191914e-138
1.8432130413038e-140
7.253918388874e-143
2.6203167733746e-145
8.667246576512e-148
2.618518199008e-150
7.206282809894e-153
1.801398438283e-155
4.077868451967e-158
8.332530644731e-161
1.5315843465646e-163
2.523017883713e-166
3.710175828752e-169
4.849696572762e-172
5.609050209451e-175
5.711745137693e-178
5.093607698481e-181
3.954870502058e-184
2.656665893208e-187
1.5333175687494e-190
7.546049379722e-194
3.140279841515e-197
1.094871861289e-200
3.165515641495e-204
7.502949667417e-208
1.4392436284593e-211
2.2020806520086e-215
2.6432607791324e-219
2.442368795278e-223
1.6994578332369e-227
8.679485137869e-232
3.156386191976e-236
7.881714494639e-241
1.2929671451994e-245
1.3191448570065e-250
7.80843827781e-256
2.4494708820491e-261
3.603371135836e-267
2.0911011309065e-273
3.68926603919e-280
1.2867285448687e-287
3.8852746155145e-296
1.2130284214819e-306