0.1857755947496456
0.17319382084353865
0.15052362288934149
0.12194809856528326
0.09208687757656574
0.0648054602879719
0.04249518899231223
0.02595909730605538
0.014769041560724618
0.007823530700957527
0.0038574393750279968
0.0017696288232331102
0.0007550492714138913
0.00029949084760834215
0.00011038074912944298
0.00003778083936626912
0.000012002319438047462
3.5367142158469385e-6
9.660064601316697e-7
2.443917996167551e-7
5.7223858055497226e-8
1.2390357485809391e-8
2.478635310548707e-9
4.5765854976073977e-10
7.791468299753889e-11
1.2216962997815547e-11
1.7622103628998998e-12
2.335349271159706e-13
2.8395986506952945e-14
3.1633284490034335e-15
3.22360516171728e-16
3.0000691187993135e-17
2.545330525629688e-18
1.9649805509896508e-19
1.377503165367749e-20
8.749894576885227e-22
5.0242965481153827e-23
2.6014811007021463e-24
1.211342378719608e-25
5.05767267162505e-27
1.887592909399927e-28
6.27573717777445e-30
1.851916098973229e-31
4.83104930952665e-33
1.109262187659287e-34
2.231180299371328e-36
3.910942650458036e-38
5.94004584450575e-40
7.76818761249824e-42
8.68635770385874e-44
8.24082626291462e-46
6.57582170286138e-48
4.370607696405789e-50
2.393104639630984e-52
1.066022499092338e-54
3.808168786091535e-57
1.07299329793775e-59
2.338762769786236e-62
3.85424037806327e-65
4.67259472226776e-68
4.030805114621556e-71
2.374423268277164e-74
9.06640320951985e-78
2.097034861305276e-81
2.682005981649938e-85
1.667880297825872e-89
4.158421600044635e-94
3.026373334263106e-99
3.509181844114163e-105
1.381974865217519e-112