0.0643161732307784
0.0637852871650117
0.0627366215474489
0.0611958517453483
0.0592001774434392
0.0567968305445011
0.0540412190268588
0.050994808496691
0.0477228542479239
0.044292100034453
0.0407685555640562
0.03721545363576
0.0336914710653966
0.030249276653384
0.0269344462315074
0.0237847611101115
0.020829883743199
0.018091384591365
0.0155830780925371
0.013311614039349
0.0112772637783277
0.0094748383639626
0.0078946776600317
0.0065236546701438
0.0053461472316488
0.0043449386927189
0.0035020194070575
0.0027992710149742
0.0022190248693967
0.001744494120692
0.00136008558696991
0.00105160247151068
0.00080635226058792
0.00061317587609833
0.00046241458397773
0.00034583053528376
0.00025649542237535
0.00018865983865153
0.0001376137790621
0.000099546511585903
0.000071411942180334
0.000050803695672008
0.000035842507971403
0.000025077199460744
0.000017399475097291
0.000011972052473603
8.1691202052131e-6
5.5278341302009e-6
3.7094247590932e-6
2.4684751301418e-6
1.6289971521085e-6
1.066055954263e-6
6.9184129672371e-7
4.4524437805263e-7
2.8415449831372e-7
1.7983465098338e-7
1.1286351241382e-7
7.0241481008327e-8
4.3350310477851e-8
2.653064043812e-8
1.6101217349459e-8
9.68999627073e-9
5.7828357908623e-9
3.42222745541e-9
2.0082881382104e-9
1.1686667006108e-9
6.743744953816e-10
3.858830695554e-10
2.1895390943245e-10
1.2319421652788e-10
6.87332357531e-11
3.8025970143122e-11
2.0860706928796e-11
1.1347784528899e-11
6.121031114002e-12
3.273916657376e-12
1.7363538311201e-12
9.131338461081e-13
4.7616146732429e-13
2.4620429149143e-13
1.2622822992801e-13
6.417040487122e-14
3.23465794934e-14
1.6167210627177e-14
8.012218898145e-15
3.9371257712355e-15
1.9182813851857e-15
9.267223078101e-16
4.4390385230971e-16
2.1082780345529e-16
9.92805513297e-17
4.635487627212e-17
2.145948109697e-17
9.849929346792e-18
4.482648224301e-18
2.0226528609497e-18
9.048793430996e-19
4.0136552698813e-19
1.7650904003224e-19
7.696064773993e-20
3.3269226904514e-20
1.4258907894595e-20
6.058940314911e-21
2.5525320675425e-21
1.0661224686642e-21
4.41470356424e-22
1.8123903174191e-22
7.376575598779e-23
2.9765134680408e-23
1.1907154178664e-23
4.722285307927e-24
1.8566823382478e-24
7.237042364051e-25
2.7965314225362e-25
1.0712980028736e-25
4.068457479919e-26
1.5317046165958e-26
5.716666302031e-27
2.1150957769918e-27
7.757706989917e-28
2.8206524274678e-28
1.0166590716696e-28
3.632514322759e-29
1.2865959809961e-29
4.51727472239e-30
1.5721965498558e-30
5.424125483626e-31
1.8549904093266e-31
6.288385014498e-32
2.1130925774717e-32
7.038437614528e-33
2.3238533017949e-33
7.605226999239e-34
2.4670785400838e-34
7.93263276459e-35
2.5282005742399e-35
7.986595553841e-36
2.5007138600709e-36
7.76094436349e-37
2.387313644874e-37
7.278548454048e-38
2.1994620421983e-38
6.587498596361e-39
1.955477879416e-39
5.753200210948e-40
1.6775912035837e-40
4.848179516001e-41
1.3886184584667e-41
3.94180029629e-42
1.1089436011909e-42
3.091883601953e-43
8.543410762314e-44
2.3395348318042e-44
6.349117775832e-45
1.7075696048574e-45
4.551138987701e-46
1.2020814060409e-46
3.14640893042e-47
8.161299712599e-48
2.097788456974e-48
5.343398304976e-49
1.3487210851574e-49
3.373422182866e-50
8.361002721085e-51
2.0534317829987e-51
4.997255193179e-52
1.2050557932483e-52
2.879401088475e-53
6.817286078278e-54
1.5993007416275e-54
3.717516472468e-55
8.561988563532e-56
1.9538452211906e-56
4.417679372109e-57
9.896496056743e-58
2.1965779066193e-58
4.830413140882e-59
1.0524198464866e-59
2.271723124337e-60
4.858227766603e-61
1.0293211342074e-61
2.160572526207e-62
4.492893260121e-63
9.255863684856e-64
1.889016082092e-64
3.819235422892e-65
7.649506873881e-66
1.5177519619527e-66
2.983132837271e-67
5.808216987805e-68
1.1202256158758e-68
2.14020079342e-69
4.050268146545e-70
7.592540152477e-71
1.409802462485e-71
2.592931304183e-72
4.72366421451e-73
8.523459806182e-74
1.5233345465659e-74
2.696563610495e-75
4.727761193609e-76
8.209624718049e-77
1.4119111411679e-77
2.404922223505e-78
4.056930676692e-79
6.77782319723e-80
1.121429940767e-80
1.837538428476e-81
2.981783734495e-82
4.791641100964e-83
7.625244904485e-84
1.2016488572349e-84
1.875203735211e-85
2.897738694731e-86
4.434070376146e-87
6.718482791935e-88
1.0079934482569e-88
1.4974579349532e-89
2.202695509743e-90
3.208112919425e-91
4.626286699749e-92
6.605344463513e-93
9.337501419968e-94
1.3068639134379e-94
1.810867425635e-95
2.484228970351e-96
3.3739393346e-97
4.536443885437e-98
6.038350586067e-99
7.956781485477e-100
1.0379217605846e-100
1.3402677616514e-101
1.713207304831e-102
2.167760077994e-103
2.715107021039e-104
3.366111978893e-105
4.130735544207e-106
5.017353956559e-107
6.032006853097e-108
7.177609112653e-109
8.45317294659e-110
9.853095521183e-111
1.1366573427234e-111
1.2977206992133e-112
1.466285374769e-113
1.63957807252e-114
1.81431496103e-115
1.986784777838e-116
2.152965316123e-117
2.308669371431e-118
2.449713539143e-119
2.572100866874e-120
2.672206542832e-121
2.746954768598e-122
2.793974883437e-123
2.811725747011e-124
2.799579312758e-125
2.757857093079e-126
2.687816592248e-127
2.591588455639e-128
2.472068709435e-129
2.332773701502e-130
2.177667901299e-131
2.010976350746e-132
1.836994154876e-133
1.659904948576e-134
1.48361886961e-135
1.311638396675e-136
1.1469577281897e-137
9.919984695285e-139
8.485815481789e-140
7.179327395415e-141
6.007171549065e-142
4.970966388591e-143
4.06803290082e-144
3.292222289975e-145
2.634772003776e-146
2.085134902929e-147
1.631738049396e-148
1.262640529863e-149
9.660725698377e-151
7.308498366054e-152
5.466665123106e-153
4.042780235764e-154
2.955891395826e-155
2.136656528633e-156
1.526883759082e-157
1.0786716648322e-158
7.533061338439e-160
5.20043258776e-161
3.54878638785e-162
2.393752480363e-163
1.595967641674e-164
1.0517214444521e-165
6.850076448696e-167
4.409549966516e-168
2.805325636501e-169
1.763795943092e-170
1.095910805327e-171
6.728984579978e-173
4.082788036273e-174
2.4478370772e-175
1.450146346431e-176
8.488480467486e-178
4.909326229002e-179
2.805256264963e-180
1.583677191073e-181
8.832606563348e-183
4.866578250258e-184
2.648838625131e-185
1.424191807137e-186
7.563916899839e-188
3.968023630085e-189
2.056055328144e-190
1.052233346484e-191
5.318504939139e-193
2.654915456955e-194
1.308816261767e-195
6.371718958016e-197
3.063144043501e-198
1.454098713694e-199
6.815828483734e-201
3.154453887888e-202
1.44142748245e-203
6.502893722772e-205
2.896328085733e-206
1.273497013677e-207
5.527628563499e-209
2.368383482619e-210
1.001656421688e-211
4.181386231725e-213
1.722810583094e-214
7.005696755101e-216
2.811527503777e-217
1.113501988088e-218
4.351886857391e-220
1.678348828933e-221
6.386821956348e-223
2.398087679098e-224
8.88387638071e-226
3.246956692716e-227
1.170755402793e-228
4.164381200693e-230
1.46119495142e-231
5.057289000579e-233
1.726464466298e-234
5.813074787374e-236
1.93036969791e-237
6.321775888369e-239
2.041640228881e-240
6.501867594103e-242
2.041704410576e-243
6.321501988433e-245
1.929731811892e-246
5.807634388218e-248
1.72307170029e-249
5.039472729788e-251
1.452847987729e-252
4.128421161776e-254
1.156249948825e-255
3.191525278177e-257
8.68157152867e-259
2.32716037626e-260
6.146902655774e-262
1.599787498631e-263
4.102209358988e-265
1.036325654501e-266
2.579114689571e-268
6.322863856516e-270
1.526856724382e-271
3.631585252928e-273
8.50706273784e-275
1.962547142819e-276
4.458502014819e-278
9.9737224118e-280
2.196826461136e-281
4.764033446386e-283
1.017102035168e-284
2.137640591181e-286
4.422366583812e-288
9.00520892359e-290
1.804764849131e-291
3.559620230342e-293
6.90893342749e-295
1.319503004574e-296
2.479528872612e-298
4.584103138895e-300
8.3374388156e-302
1.491661490871e-303
2.625023066592e-305
4.543459910223e-307
7.733856631315e-309
1.294571627745e-310
2.130791271044e-312
3.448295565828e-314
5.486309248186e-316
8.5808707353e-318
1.319229422173e-319
1.993468461649e-321
2.960466923154e-323
4.320501283672e-325
6.195722553275e-327
8.72959367761e-329
1.208370774324e-330
1.643122322665e-332
2.19463332666e-334
2.878954655243e-336
3.708910374783e-338
4.691955364829e-340
5.827929039231e-342
7.106958538485e-344
8.50781814259e-346
9.99706909222e-348
1.152927215373e-349
1.304847735474e-351
1.449105443268e-353
1.578974828204e-355
1.687865143896e-357
1.769861304404e-359
1.820248474618e-361
1.835956670931e-363
1.815867652122e-365
1.760941811324e-367
1.674145588529e-369
1.560186470715e-371
1.425088438431e-373
1.275661321755e-375
1.118929503113e-377
9.61587004093e-380
8.09537483116e-382
6.67561179407e-384
5.391298061683e-386
4.263687699988e-388
3.301474872936e-390
2.502655789527e-392
1.856965583199e-394
1.34851074417e-396
9.58274899811e-399
6.66265567459e-401
4.531705299296e-403
3.014862501814e-405
1.961545911919e-407
1.24792109718e-409
7.761845785121e-412
4.719137633302e-414
2.804203254164e-416
1.62829813629e-418
9.23768673693e-421
5.119452897943e-423
2.771021423583e-425
1.464657371647e-427
7.558482920999e-430
3.807650189802e-432
1.872075572308e-434
8.98157417979e-437
4.203991217761e-439
1.919409080235e-441
8.54642457078e-444
3.710444233932e-446
1.570376475371e-448
6.47781433616e-451
2.603807959007e-453
1.019653181321e-455
3.889240689735e-458
1.44460821139e-460
5.224090338086e-463
1.838854314755e-465
6.298816464147e-468
2.099146274338e-470
6.804462800958e-473
2.144893585475e-475
6.573093925298e-478
1.957832430551e-480
5.666438003766e-483
1.593158350815e-485
4.350157586988e-488
1.153264992424e-490
2.967630593963e-493
7.410087922944e-496
1.794913106979e-498
4.216395160991e-501
9.60253042656e-504
2.11954502687e-506
4.532893522041e-509
9.38955165037e-512
1.8832515532e-514
3.656121883689e-517
6.868050915239e-520
1.247944778198e-522
2.192560169143e-525
3.723435949959e-528
6.109574241166e-531
9.68250246106e-534
1.481511896835e-536
2.187716213344e-539
3.116511154332e-542
4.281123381717e-545
5.668569615902e-548
7.231475369159e-551
8.88432760823e-554
1.050674923033e-556
1.195516188605e-559
1.308211749728e-562
1.376015084706e-565
1.390505401029e-568
1.349282145339e-571
1.256562365402e-574
1.122486603785e-577
9.6128609074e-581
7.887705509061e-584
6.197560984651e-587
4.660169465491e-590
3.351389783942e-593
2.303640119132e-596
1.512471485098e-599
9.47874855312e-603
5.666384781063e-606
3.228818736247e-609
1.752451521956e-612
9.05286059816e-616
4.447602446936e-619
2.076437700665e-622
9.20463114062e-626
3.870961547652e-629
1.543032087031e-632
5.82479965554e-636
2.080320915926e-639
7.022678860021e-643
2.238535695246e-646
6.730768874894e-650
1.906952191207e-653
5.085199304956e-657
1.274883375535e-660
3.001305987999e-664
6.626607698538e-668
1.370430456981e-671
2.651122034511e-675
4.790811309598e-679
8.075526314912e-683
1.267843288518e-686
1.851045449011e-690
2.509116293305e-694
3.152405149746e-698
3.664494933848e-702
3.934018248963e-706
3.892886903205e-710
3.543600254585e-714
2.960998785551e-718
2.26616319384e-722
1.584875548424e-726
1.010394661648e-730
5.856864845083e-735
3.078544439264e-739
1.463175279244e-743
6.269233735927e-748
2.413918012409e-752
8.324600940213e-757
2.562084202425e-761
7.01090906197e-766
1.698890102994e-770
3.630052655966e-775
6.808333002195e-780
1.11541677573e-784
1.58796670819e-789
1.95356653319e-794
2.064381719485e-799
1.86172885375e-804
1.422888636919e-809
9.146681003267e-815
4.904779628923e-820
2.174414237083e-825
7.891695273254e-831
2.31966731336e-836
5.456991447471e-842
1.0140217142887e-847
1.466772375914e-853
1.624828230807e-859
1.353345538163e-865
8.301320002505e-872
3.662248547588e-878
1.1308700378196e-884
2.368505819647e-891
3.242945943669e-898
2.778915983575e-905
1.414379761743e-912
4.011676216889e-920
5.858339430188e-928
3.983280651522e-936
1.105810190324e-944
1.0492883415039e-953
2.645145335348e-963
1.2106963826268e-973
5.353515299456e-985
6.783405098699e-998
1.0594533990604e-1013