0.060799391513725
0.060350807633637
0.0594635420948505
0.058157036014529
0.0564595613673432
0.0544072042378025
0.052042590409283
0.0494134160930493
0.046570854391656
0.04356791154073
0.040457806030774
0.037292438641652
0.034121012772731
0.030988852989914
0.027936456355223
0.0249987968418641
0.0222048889414124
0.0195776033268886
0.0171337158858007
0.0148841621306507
0.0128344622684548
0.0109852781877002
0.0093330622231623
0.0078707585384058
0.0065885209450598
0.0054744154952465
0.0045150817389188
0.0036963326359361
0.0030036792986369
0.0024227726272197
0.0019397591851472
0.0015415531353494
0.00121602960201762
0.0009521474024393
0.00074001074395885
0.00057088029203426
0.00043714411248102
0.00033225852041677
0.0002506679816074
0.00018771205376266
0.00013952605535769
0.00010294081628274
0.000075385582854441
0.000054796980309388
0.000039535917384444
0.000028313469126185
0.000020126099100018
0.000014200072292772
9.944548749224e-6
6.9126141466541e-6
4.7693739253437e-6
3.2661892697284e-6
2.2201448798587e-6
1.4978914297528e-6
1.0030843307296e-6
6.6673256477302e-7
4.3986762821117e-7
2.8803643764044e-7
1.8720908489631e-7
1.2077009696156e-7
7.732925771665e-8
4.914497374692e-8
3.100017188236e-8
1.940875574392e-8
1.2060872781345e-8
7.438854422831e-9
4.5538474394033e-9
2.7669084027204e-9
1.6686058049833e-9
9.987438917889e-10
5.933277719942e-10
3.4984372560203e-10
2.0473451843205e-10
1.1891709774983e-10
6.855394297336e-11
3.9224202602702e-11
2.2274500587292e-11
1.2554302706154e-11
7.022739615187e-12
3.8989570206833e-12
2.1484081100914e-12
1.1749248639729e-12
6.377153706385e-13
3.4353076529787e-13
1.8366432797082e-13
9.745471586944e-14
5.132136478384e-14
2.6823116115884e-14
1.3913434280345e-14
7.162619725545e-15
3.6594872062346e-15
1.8555714439182e-15
9.337756375093e-16
4.663511920687e-16
2.3114664792093e-16
1.1370100571e-16
5.550619178633e-17
2.6891633143823e-17
1.2929737996408e-17
6.169603176043e-18
2.9215803683046e-18
1.3729972306935e-18
6.40340248086e-19
2.9637347350168e-19
1.3612983167216e-19
6.20512831595e-20
2.8069179726712e-20
1.2600511172325e-20
5.613375118376e-21
2.4816205444217e-21
1.0887295839489e-21
4.739973540315e-22
2.0478631974249e-22
8.779968547705e-23
3.735509253489e-23
1.5771366766565e-23
6.607684586035e-24
2.7471825015022e-24
1.133396088398e-24
4.640124477395e-25
1.8850765382672e-25
7.599367893218e-26
3.0399941130222e-26
1.2067365076666e-26
4.753288991708e-27
1.8578713843629e-27
7.205668985425e-28
2.7731142346582e-28
1.0589940870561e-28
4.012815035961e-29
1.5088013611302e-29
5.629110497748e-30
2.0838655849947e-30
7.654543051639e-31
2.7898822304823e-31
1.0089435661197e-31
3.620425630103e-32
1.2890253579666e-32
4.553755052182e-33
1.5961787419343e-33
5.551294697256e-34
1.9156015344441e-34
6.558603962928e-35
2.2279741942591e-35
7.509284876818e-36
2.5111566841709e-36
8.33168721798e-37
2.742667133253e-37
8.957592549191e-38
2.902582663966e-38
9.331468423102e-39
2.97635321681e-39
9.41857049632e-40
2.95698073196e-40
9.210259872169e-41
2.846112385177e-41
8.725409849394e-42
2.653811602995e-42
8.007585981165e-43
2.3970504958843e-43
7.118583125503e-44
2.0972368178907e-44
6.129649243149e-45
1.7772752305904e-45
5.112123271773e-46
1.4587206654572e-46
4.129179276747e-47
1.1595051941987e-47
3.22994819837e-48
8.925423492674e-49
2.446634024067e-49
6.652923919294e-50
1.7945514094333e-50
4.801704830382e-51
1.2744640876376e-51
3.355433865123e-52
8.763044687139e-53
2.270089220446e-53
5.833223953039e-54
1.4867859109974e-54
3.758880299805e-55
9.426164372154e-56
2.344628973487e-56
5.784581918077e-57
1.4155481538477e-57
3.435802634747e-58
8.27139370906e-59
1.9750227753786e-59
4.677399115485e-60
1.0986809707151e-60
2.559584928758e-61
5.914174580355e-62
1.3553181239542e-62
3.080396959884e-63
6.943624947355e-64
1.5523002068003e-64
3.441682469398e-65
7.567757528148e-66
1.6502913067301e-66
3.569000813936e-67
7.654572132825e-68
1.6280922347659e-68
3.434127724714e-69
7.183378425902e-70
1.4900861867629e-70
3.065207054797e-71
6.252726612514e-72
1.264840139069e-72
2.53719448049e-73
5.046835022593e-74
9.954672300862e-75
1.947029723417e-75
3.776166706348e-76
7.262027275771e-77
1.3848026108188e-77
2.618401609139e-78
4.909057331907e-79
9.125747440175e-80
1.682063100987e-80
3.074075898271e-81
5.570321751093e-82
1.0007699691713e-82
1.782671796363e-83
3.148375250075e-84
5.51282666994e-85
9.570391112912e-86
1.647203461084e-86
2.81074657866e-87
4.754968630709e-88
7.974798910036e-89
1.3259663564318e-89
2.185649260588e-90
3.571561398576e-91
5.785753142819e-92
9.291379829183e-93
1.4791541276932e-93
2.334284967075e-94
3.651706220464e-95
5.662830350472e-96
8.704848937718e-97
1.3263955636278e-97
2.003379112114e-98
2.999339070967e-99
4.450966992519e-100
6.547018503153e-101
9.54524560695e-102
1.3793640661471e-102
1.975662894248e-103
2.804676298723e-104
3.946230050592e-105
5.503076530503e-106
7.60581757051e-107
1.0418306061514e-107
1.41433662071e-108
1.902858507973e-109
2.537182831007e-110
3.352602512955e-111
4.39026600595e-112
5.697331053402e-113
7.326849446676e-114
9.337305400345e-115
1.1791731715176e-115
1.475633627618e-116
1.82985879048e-117
2.248473593753e-118
2.737677222782e-119
3.302888674964e-120
3.948351675316e-121
4.67671415094e-122
5.488602605755e-123
6.382216317283e-124
7.352969765954e-125
8.393213570578e-126
9.492063968344e-127
1.0635368194606e-127
1.1805827822143e-128
1.298329428064e-129
1.414524072604e-130
1.526740276322e-131
1.632456807671e-132
1.729148280269e-133
1.814383157835e-134
1.885923970854e-135
1.941824073516e-136
1.980515157222e-137
2.000880062933e-138
2.00230619413e-139
1.984715978374e-140
1.948572273485e-141
1.894858247774e-142
1.825032946505e-143
1.740965346725e-144
1.644851066092e-145
1.539116917156e-146
1.426319108738e-147
1.309041053315e-148
1.189796449628e-149
1.070942619716e-150
9.546080701987e-152
8.426370237683e-153
7.365523452291e-154
6.375369833775e-155
5.464328694001e-156
4.637552371693e-157
3.897196162152e-158
3.242783200344e-159
2.6716310782e-160
2.179308089988e-161
1.760090208003e-162
1.407394616311e-163
1.114171253032e-164
8.73239736535e-166
6.775647603345e-167
5.204681308795e-168
3.957798178624e-169
2.979335454538e-170
2.220145505269e-171
1.637682418409e-172
1.195787520351e-173
8.642596177051e-175
6.182868607505e-176
4.378053318708e-177
3.068363956591e-178
2.128418292537e-179
1.461237421938e-180
9.92859079434e-182
6.676467058232e-183
4.443111913626e-184
2.926161731972e-185
1.907080122145e-186
1.229951584457e-187
7.84954345835e-189
4.957090439393e-190
3.097590625129e-191
1.915245811597e-192
1.171701113623e-193
7.092337571341e-195
4.247471886889e-196
2.516682460978e-197
1.475269190235e-198
8.55553394542e-200
4.908444950272e-201
2.785797610009e-202
1.564054230443e-203
8.68637042768e-205
4.771959680439e-206
2.593071900645e-207
1.393731519257e-208
7.409309749691e-210
3.895808900791e-211
2.025936848455e-212
1.041956343472e-213
5.299750192766e-215
2.665816951475e-216
1.326053326702e-217
6.522798691233e-219
3.172749326984e-220
1.525993611352e-221
7.257233582949e-223
3.412534664812e-224
1.586560609305e-225
7.292825455879e-227
3.314212451887e-228
1.489004281759e-229
6.613452113775e-231
2.903772689711e-232
1.260330684067e-233
5.407283357915e-235
2.293145372937e-236
9.61229033783e-238
3.982445828613e-239
1.630742255375e-240
6.599603501147e-242
2.639562380657e-243
1.043306584808e-244
4.075136269798e-246
1.57291986734e-247
5.999144297194e-249
2.260862266818e-250
8.41869342527e-252
3.097309766883e-253
1.125841820115e-254
4.043022773787e-256
1.43434697553e-257
5.026949055253e-259
1.740362965525e-260
5.951726725659e-262
2.010464906792e-263
6.707841494623e-265
2.210467484846e-266
7.194201954112e-268
2.312385458259e-269
7.34004535166e-271
2.300804966946e-272
7.121720054069e-274
2.176683754833e-275
6.568894287727e-277
1.957296841553e-278
5.757970315163e-280
1.672288101715e-281
4.794708464592e-283
1.3570724705e-284
3.791523299647e-286
1.045620809298e-287
2.84619251027e-289
7.646513729074e-291
2.027454973631e-292
5.30526054122e-294
1.369963475606e-295
3.490895593926e-297
8.77746211124e-299
2.177628209398e-300
5.33039516715e-302
1.287282942719e-303
3.066940753989e-305
7.208271618175e-307
1.671201032454e-308
3.821864108072e-310
8.62080383443e-312
1.917887042398e-313
4.208017820207e-315
9.10516284827e-317
1.942806549382e-318
4.087699440044e-320
8.48030625103e-322
1.734613385811e-323
3.498062622149e-325
6.954423048348e-327
1.362943760773e-328
2.633009856031e-330
5.01370659325e-332
9.40959936923e-334
1.740454944358e-335
3.172541083126e-337
5.698724454268e-339
1.008664745554e-340
1.759087231701e-342
3.022536505721e-344
5.116481267197e-346
8.53215234401e-348
1.401537194697e-349
2.267673931023e-351
3.61374398083e-353
5.67159860541e-355
8.76587261081e-357
1.334124327515e-358
1.999302616166e-360
2.949926041431e-362
4.285120494378e-364
6.127776121445e-366
8.62579177172e-368
1.195141220394e-369
1.629788530794e-371
2.187269589915e-373
2.888679047559e-375
3.753952019425e-377
4.799950473129e-379
6.038223687278e-381
7.47259511619e-383
9.09679785878e-385
1.089243832078e-386
1.282759925744e-388
1.48563868887e-390
1.691967369308e-392
1.894718682069e-394
2.086094827148e-396
2.257990249871e-398
2.40253930287e-400
2.512699961379e-402
2.582814867599e-404
2.609088404328e-406
2.589924338606e-408
2.526082572857e-410
2.420633992473e-412
2.278716393012e-414
2.107118378864e-416
1.913738267363e-418
1.70697836304e-420
1.495139642019e-422
1.285877578687e-424
1.085767745422e-426
9.00012327477e-429
7.3229891599e-431
5.848040401574e-433
4.583185364456e-435
3.524617693144e-437
2.659475507688e-439
1.968659414745e-441
1.42950737724e-443
1.018106945556e-445
7.111167404877e-448
4.87054502504e-450
3.270780200853e-452
2.153325030042e-454
1.389628910553e-456
8.78951671286e-459
5.448202077103e-461
3.309084716744e-463
1.969122285485e-465
1.147864165136e-467
6.553954446213e-470
3.664820843561e-472
2.006683928802e-474
1.075775724838e-476
5.645726722132e-479
2.900088452979e-481
1.45791755211e-483
7.17168425906e-486
3.451525288983e-488
1.624938567314e-490
7.48224884069e-493
3.36921719803e-495
1.483402052486e-497
6.384870174379e-500
2.686197091551e-502
1.104446031221e-504
4.437098475133e-507
1.741516484494e-509
6.67659353505e-512
2.499797444283e-514
9.1390226884e-517
3.261827940309e-519
1.136341215265e-521
3.863328830629e-524
1.281555103814e-526
4.147169098031e-529
1.308940324677e-531
4.028607858077e-534
1.20884094631e-536
3.535679251863e-539
1.007801744863e-541
2.79887423906e-544
7.57187807961e-547
1.994987121445e-549
5.117943618905e-552
1.278117515595e-554
3.106455990493e-557
7.34642788313e-560
1.690049698688e-562
3.781192203631e-565
8.22537899414e-568
1.739285464247e-570
3.574057093442e-573
7.1353221477e-576
1.383600956958e-578
2.605162358285e-581
4.761728939635e-584
8.44651265923e-587
1.453609283304e-589
2.426317207637e-592
3.926872162796e-595
6.160448403793e-598
9.36501973463e-601
1.379105821977e-603
1.966699096821e-606
2.715099188831e-609
3.627387814586e-612
4.688271789265e-615
5.859882580076e-618
7.080533486286e-621
8.26769080106e-624
9.3256785251e-627
1.015752389993e-629
1.067913358819e-632
1.083304889109e-635
1.05987281717e-638
9.99684545075e-642
9.08640325591e-645
7.95518267394e-648
6.705671641193e-651
5.439620862243e-654
4.244481764526e-657
3.184204444254e-660
2.295529476745e-663
1.589463636763e-666
1.056522539957e-669
6.738083022378e-673
4.120846661577e-676
2.415383161064e-679
1.356081331123e-682
7.288356806299e-686
3.747614680194e-689
1.842433366437e-692
8.65491806917e-696
3.882250318065e-699
1.661730611904e-702
6.782550331737e-706
2.637976399717e-709
9.76956908674e-713
3.442534375672e-716
1.153297878298e-719
3.670428446791e-723
1.108779400142e-726
3.176556285099e-730
8.62321518692e-734
2.216099223453e-737
5.386538511241e-741
1.237117178606e-744
2.681997106862e-748
5.482812248016e-752
1.055800406057e-755
1.912992367665e-759
3.25761808908e-763
5.207475846012e-767
7.80477383186e-771
1.095330744917e-774
1.437497586339e-778
1.761768143027e-782
2.013491078999e-786
2.142717213655e-790
2.119936926531e-794
1.946816512153e-798
1.656696002585e-802
1.304118085879e-806
9.47883058724e-811
6.349340045855e-815
3.911768094471e-819
2.211989096138e-823
1.145539758566e-827
5.420768726927e-832
2.338257779291e-836
9.17084735653e-841
3.261823753028e-845
1.049139366399e-849
3.042635216554e-854
7.9316288718e-859
1.852448504003e-863
3.862726414986e-868
7.164878320346e-873
1.17759541813e-877
1.707869478223e-882
2.176040665144e-887
2.424309475015e-892
2.349809852719e-897
1.970886364495e-902
1.422213470934e-907
8.774928099841e-913
4.598213468165e-918
2.031694174057e-923
7.510097470324e-929
2.302767409743e-934
5.802801429328e-940
1.189586658693e-945
1.961920557694e-951
2.571314843228e-957
2.641852376459e-963
2.095896156665e-969
1.262387795393e-975
5.663941203949e-982
1.852694528234e-988
4.311241609801e-995
6.938884436233e-1002
7.476573852173e-1009
5.191180669644e-1016
2.220017638418e-1023
5.538939473207e-1031
7.547003638814e-1039
5.173128397403e-1047
1.607226064687e-1055
1.975077141339e-1064
7.983598443803e-1074
8.17315214092e-1084
1.4276659732268e-1094
2.210668795378e-1106
8.592824087106e-1120
3.194391792409e-1136