0.0521148076223666
0.0518321479217475
0.0512714186290651
0.050441675977014
0.0493561990328476
0.0480321362355481
0.0464900549044812
0.0447534102498938
0.042847953023158
0.040801096667904
0.0386412656157
0.036397246206961
0.03409756065454
0.031769882594948
0.029440510219275
0.027133909900602
0.024872339813167
0.022675559453699
0.020560627406524
0.018541786306331
0.0166304308890966
0.0148351523968714
0.0131618504979584
0.0116139023478661
0.0101923774622451
0.0088962866835002
0.0077228536537734
0.0066677977928839
0.005725618739605
0.0048898734583453
0.0041534386479446
0.0035087526245643
0.002948032403423
0.0024634632021053
0.0020473589722537
0.0016922937920726
0.0013912049893828
0.0011374696981776
0.00092495717760382
0.0007480596486107
0.00060170464624427
0.00048135196692766
0.00038297823612769
0.00030305196037001
0.00023850168637456
0.00018667959534803
0.00014532253577449
0.00011251216362368
0.0000866355312527
0.000066347158092941
0.000050533336502667
0.000038279180594477
0.000028838717187534
0.00002160814667209
0.000016102266039055
0.000011933943806595
8.796463379472e-6
6.448503342511e-6
4.7014960135972e-6
3.4090950759251e-6
2.4584853866953e-6
1.7632796550069e-6
1.2577646176406e-6
8.92281149202e-7
6.295464502614e-7
4.4175055087103e-7
3.0828274209331e-7
2.1396544788985e-7
1.4769300310574e-7
1.0139056614096e-7
6.922389510425e-8
4.7004005963252e-8
3.174194674402e-8
2.1318251109751e-8
1.4239291894402e-8
9.458962087871e-9
6.249083248074e-9
4.1058806628593e-9
2.6829523991284e-9
1.7435551290827e-9
1.126870221421e-9
7.243142791344e-10
4.630144379285e-10
2.9435795085694e-10
1.8611019332486e-10
1.1702458108214e-10
7.318059931008e-11
4.551202286133e-11
2.8149260983945e-11
1.7314816824416e-11
1.0592005717871e-11
6.443877286099e-12
3.8987411935747e-12
2.3458971962999e-12
1.403784023423e-12
8.35406177523e-13
4.94425029152e-13
2.9100998767422e-13
1.703410491688e-13
9.915942626911e-14
5.740520033267e-14
3.3049910280487e-14
1.8923018493493e-14
1.077484125888e-14
6.101420184341e-15
3.435973587342e-15
1.9242733321217e-15
1.0717191567642e-15
5.935970480765e-16
3.269626827226e-16
1.7910164013185e-16
9.75652253263e-17
5.285472796473e-17
2.8475090444199e-17
1.5255907048728e-17
8.128338302777e-18
4.306807671684e-18
2.2693333911726e-18
1.1891301394606e-18
6.196520059248e-19
3.211092725533e-19
1.6547921921631e-19
8.480448420362e-20
4.321932786211e-20
2.1903833502178e-20
1.1039369354117e-20
5.532857540719e-21
2.7576228535531e-21
1.3667826844918e-21
6.73662442652e-22
3.30188935231e-22
1.6093816454419e-22
7.800652790919e-23
3.759908241404e-23
1.8021749583486e-23
8.589918909196e-24
4.07148257788e-24
1.9190508717201e-24
8.994763782121e-25
4.192387097981e-25
1.9431229849899e-25
8.955822050609e-26
4.104647068238e-26
1.8707265997235e-26
8.478282548973e-27
3.820915507005e-27
1.7123316259208e-27
7.630765731251e-28
3.381481822259e-28
1.4900593733258e-28
6.529148532481e-29
2.844885887544e-29
1.2326146973783e-29
5.310591228241e-30
2.275151340026e-30
9.692335252564e-31
4.105784130813e-31
1.7294665274101e-31
7.243949011419e-32
3.01706442484e-32
1.2495065895662e-32
5.145600545416e-33
2.107055196546e-33
8.579398650375e-34
3.473582618986e-34
1.3984180320083e-34
5.598010838372e-35
2.228263378147e-35
8.819299682975e-36
3.470844693482e-36
1.3582148336501e-36
5.284849935875e-37
2.04468513439e-37
7.865901166533e-38
3.008828718002e-38
1.1443846919207e-38
4.327836626433e-39
1.6273934420916e-39
6.084652531046e-40
2.262034080447e-40
8.3614434964e-41
3.073128594188e-41
1.1230424229503e-41
4.080619785499e-42
1.474243485237e-42
5.295707489158e-43
1.891424470217e-43
6.716806088836e-44
2.371613696847e-44
8.325895420252e-45
2.906178840066e-45
1.008594546955e-45
3.480264822001e-46
1.1940097046807e-46
4.072881677295e-47
1.3813145147086e-47
4.657776723032e-48
1.5615594398586e-48
5.205118023833e-49
1.725016625207e-49
5.683882037044e-50
1.862019864019e-50
6.064701801673e-51
1.963897773155e-51
6.322822261195e-52
2.023877003451e-52
6.440753377996e-53
2.037825501366e-53
6.410227311722e-54
2.004722749731e-54
6.233155834136e-55
1.926782726715e-55
5.921434143253e-56
1.809209079141e-56
5.49561873051e-57
1.659620110864e-57
4.982683542462e-58
1.4872319260465e-58
4.413194994527e-59
1.3019214772828e-59
3.81831670504e-60
1.11330151212e-60
3.227048920194e-61
9.299260010762e-62
2.664032426657e-62
7.587122017666e-63
2.148123456797e-63
6.04622304566e-64
1.691803772251e-64
4.706031619729e-65
1.3013581568281e-65
3.577454261069e-66
9.776528977438e-67
2.655991804954e-67
7.172957897072e-68
1.925738926387e-68
5.139515340774e-69
1.3635485208704e-69
3.596174277154e-70
9.428239107197e-71
2.457186830648e-71
6.365924760483e-72
1.63945138039e-72
4.197080275477e-73
1.068084635791e-73
2.701914928149e-74
6.794276645476e-75
1.698315073971e-75
4.219827556145e-76
1.0422465155482e-76
2.558841609175e-77
6.244698063726e-78
1.51485981822e-78
3.652786329971e-79
8.755173607913e-80
2.085891735237e-80
4.93972870523e-81
1.1627773912478e-81
2.720633294284e-82
6.327340064721e-83
1.46267507282e-83
3.36083990726e-84
7.675714733974e-85
1.742443091723e-85
3.931559799196e-86
8.81729540562e-87
1.965476357498e-87
4.354716398359e-88
9.589792917643e-89
2.099005364905e-89
4.56636360779e-90
9.87364927784e-91
2.12193852296e-91
4.532454047993e-92
9.622261121386e-93
2.030306358276e-93
4.257790591068e-94
8.874479162524e-95
1.838378177594e-95
3.784929411309e-96
7.744781788648e-97
1.575021820101e-97
3.183372439566e-98
6.394539953056e-99
1.276584622881e-99
2.53282873187e-100
4.994308884327e-101
9.787139245295e-102
1.906094158348e-102
3.689253988783e-103
7.096362241183e-104
1.356542464177e-104
2.577085171749e-105
4.865408009846e-106
9.128558708848e-107
1.702060286352e-107
3.153804390002e-108
5.807362745201e-109
1.062685668958e-109
1.932456074029e-110
3.492131826135e-111
6.271119266307e-112
1.119103228684e-112
1.984554846843e-113
3.497205308636e-114
6.124087681547e-115
1.065665943851e-115
1.842711485101e-116
3.166265329618e-117
5.40615008974e-118
9.172270015739e-119
1.546359960842e-119
2.590517154383e-120
4.312226097942e-121
7.132680944794e-122
1.172296121668e-122
1.914485725289e-123
3.10666348743e-124
5.009109864434e-125
8.025057184832e-126
1.277479397806e-126
2.020574206032e-127
3.175468137021e-128
4.958492692799e-129
7.693030458619e-130
1.185899699624e-130
1.816343815671e-131
2.764041744974e-132
4.179115769927e-133
6.277898421017e-134
9.36981551497e-135
1.389413288514e-135
2.046973740736e-136
2.996196246251e-137
4.357146173218e-138
6.295128601963e-139
9.035961700635e-140
1.28857034663e-140
1.825586949063e-141
2.5695329685e-142
3.593021167953e-143
4.991325319336e-144
6.888411602994e-145
9.44421769437e-146
1.28633217592e-146
1.740512156028e-147
2.339560575723e-148
3.124074183008e-149
4.144142470655e-150
5.460982456177e-151
7.148683989754e-152
9.29602029717e-153
1.200826011228e-153
1.540889743394e-154
1.964119344639e-155
2.486940360119e-156
3.127954275409e-157
3.907952439597e-158
4.849849850088e-159
5.978520860512e-160
7.320519473497e-161
8.9036686878e-162
1.075650656422e-162
1.290758137644e-163
1.5384594455e-164
1.821339704276e-165
2.141685645605e-166
2.501361675139e-167
2.901678945405e-168
3.343262010748e-169
3.825918574127e-170
4.34851860546e-171
4.908889638227e-172
5.503735260846e-173
6.128583649023e-174
6.777772390442e-175
7.44447481371e-176
8.12077155927e-177
8.79776926336e-178
9.46576604335e-179
1.011446108074e-179
1.073320313148e-180
1.13112704031e-181
1.183817208612e-182
1.230396006919e-183
1.269953814446e-184
1.301695543424e-185
1.324967091458e-186
1.339277680324e-187
1.34431701929e-188
1.339966456914e-189
1.326303563227e-190
1.303599897884e-191
1.2723120501e-192
1.233066362515e-193
1.186638053132e-194
1.133925708703e-195
1.075922323841e-196
1.01368419157e-197
9.48299006846e-199
8.80854523927e-200
8.12409015815e-201
7.43964628423e-202
6.764445165235e-203
6.106744085968e-204
5.473689900483e-205
4.87123236067e-206
4.304085820141e-207
3.775736041213e-208
3.288487066326e-209
2.843541800287e-210
2.441109116635e-211
2.080529945044e-212
1.760414881365e-213
1.478786327148e-214
1.233218933719e-215
1.020973110172e-216
8.39117466026e-218
6.84637213874e-219
5.545266808983e-220
4.458651105396e-221
3.558758322609e-222
2.81969610236e-223
2.217735381024e-224
1.731472276829e-225
1.341882566725e-226
1.032289137482e-227
7.88262345082e-229
5.974718548945e-230
4.49506536313e-231
3.356766033264e-232
2.488096484214e-233
1.830496919482e-234
1.336659998097e-235
9.68763035671e-237
6.96872444888e-238
4.975337949249e-239
3.525492896399e-240
2.479359155901e-241
1.730516423521e-242
1.198734502988e-243
8.24091749213e-245
5.622476607661e-246
3.806917795426e-247
2.558039693828e-248
1.705780534482e-249
1.128795443452e-250
7.4127209496e-252
4.830637237889e-253
3.12384584508e-254
2.004597355664e-255
1.276471321092e-256
8.06557338878e-258
5.057007556299e-259
3.146154074953e-260
1.942174405777e-261
1.189630558524e-262
7.23011821796e-264
4.359953010739e-265
2.608645283435e-266
1.548598057705e-267
9.12108427008e-269
5.330057358956e-270
3.090213584578e-271
1.777500860583e-272
1.014353472917e-273
5.742756919565e-275
3.225496362928e-276
1.797260577514e-277
9.93475658941e-279
5.447890735616e-280
2.963587588178e-281
1.599258155644e-282
8.5609897698e-284
4.545975687902e-285
2.394534268327e-286
1.251119728941e-287
6.48415768192e-289
3.33332847508e-290
1.699673242122e-291
8.59623802546e-293
4.312210431992e-294
2.145521076222e-295
1.058765340003e-296
5.181952899359e-298
2.515397952044e-299
1.210966362593e-300
5.781788318703e-302
2.737723464862e-303
1.285602657773e-304
5.986957873904e-306
2.764905684297e-307
1.266255938041e-308
5.7507177759e-310
2.589848062034e-311
1.156566024954e-312
5.121564915977e-314
2.248863980708e-315
9.79138330523e-317
4.227049441953e-318
1.809401814977e-319
7.67943190393e-321
3.231554280472e-322
1.348260989108e-323
5.577100212608e-325
2.287213249749e-326
9.29951530641e-328
3.748530761593e-329
1.497961216537e-330
5.93431161093e-332
2.330568787283e-333
9.07333121728e-335
3.501678527936e-336
1.339620566457e-337
5.08012814815e-339
1.909616271044e-340
7.11520338184e-342
2.627782677167e-343
9.61930231102e-345
3.490123020876e-346
1.255081436869e-347
4.473299808933e-349
1.580155762394e-350
5.531951849408e-352
1.919350241233e-353
6.59960755776e-355
2.248850901604e-356
7.59403264843e-358
2.541230254015e-359
8.42686018947e-361
2.769033235152e-362
9.01615749685e-364
2.908948439161e-365
9.29955098828e-367
2.945706723006e-368
9.24503767837e-370
2.874812595487e-371
8.85690574012e-373
2.703435598706e-374
8.17525639347e-376
2.449220265488e-377
7.26917474781e-379
2.137286802275e-380
6.22515956779e-382
1.796129528451e-383
5.133501823351e-385
1.453342737782e-386
4.075584562809e-388
1.132057599271e-389
3.114533693646e-391
8.4869668407e-393
2.290529749116e-394
6.12254874129e-396
1.620803248995e-397
4.249314292577e-399
1.103282215588e-400
2.836757510173e-402
7.22294301692e-404
1.821172206533e-405
4.54695944692e-407
1.124120073984e-408
2.751782567037e-410
6.66981010995e-412
1.600659070924e-413
3.803279278817e-415
8.94704269412e-417
2.083773653929e-418
4.804620140908e-420
1.096712290211e-421
2.47821551767e-423
5.54352010194e-425
1.227495111669e-426
2.690474093008e-428
5.83713820518e-430
1.253488592993e-431
2.664262939035e-433
5.60475994355e-435
1.166936001999e-436
2.40455055926e-438
4.903478853055e-440
9.89566059566e-442
1.976249818007e-443
3.905546745868e-445
7.63749719799e-447
1.477868169434e-448
2.829578949531e-450
5.360377874903e-452
1.004713744953e-453
1.863152501843e-455
3.418214073025e-457
6.20412402062e-459
1.113980277734e-460
1.978680634719e-462
3.476644767542e-464
6.04249750755e-466
1.03879347175e-467
1.766377093901e-469
2.970735017201e-471
4.941460963699e-473
8.12909787686e-475
1.322541528534e-476
2.127847985351e-478
3.385481214741e-480
5.326388515086e-482
8.28632322213e-484
1.274651150584e-485
1.938674884283e-487
2.915321085468e-489
4.334300754255e-491
6.3706871243e-493
9.25702223759e-495
1.329710863808e-496
1.888108538673e-498
2.650106580245e-500
3.676622574765e-502
5.041579571998e-504
6.83279631282e-506
9.15222858651e-508
1.211529240463e-509
1.58489895377e-511
2.048857374862e-513
2.617254970764e-515
3.303589182996e-517
4.120150901712e-519
5.077015993949e-521
6.18092318362e-523
7.43410164589e-525
8.83313257716e-527
1.036794585785e-528
1.202106268872e-530
1.376719494362e-532
1.557329984979e-534
1.739916356695e-536
1.919854993148e-538
2.092090345634e-540
2.251354273132e-542
2.392422713743e-544
2.510393254078e-546
2.600963662538e-548
2.660689709786e-550
2.687200971562e-552
2.679355907558e-554
2.637322167465e-556
2.562574351494e-558
2.457808680805e-560
2.326781407223e-562
2.174084472747e-564
2.004877164008e-566
1.824595729363e-568
1.638663835187e-570
1.452225329221e-572
1.269917336075e-574
1.095696750624e-576
9.32727385679e-579
7.83329086533e-581
6.48984710118e-583
5.30396509766e-585
4.275805063432e-587
3.399859901191e-589
2.666273121622e-591
2.062163550664e-593
1.572861807417e-595
1.18298954157e-597
8.77339665517e-600
6.41541183412e-602
4.625134614011e-604
3.287306228512e-606
2.303268280368e-608
1.590778957818e-610
1.082949481868e-612
7.26626847665e-615
4.804974919045e-617
3.131255712664e-619
2.010780543611e-621
1.272331441798e-623
7.93223771728e-626
4.872156110423e-628
2.948129271555e-630
1.757281119758e-632
1.031750266395e-634
5.96644288022e-637
3.398071759709e-639
1.905873438026e-641
1.052611207528e-643
5.72429469133e-646
3.064949660331e-648
1.615619353008e-650
8.38369968868e-653
4.282324997246e-655
2.152963690451e-657
1.065301468133e-659
5.187430461947e-662
2.485654872395e-664
1.171932516704e-666
5.43627850125e-669
2.480857389557e-671
1.113694850532e-673
4.91765247712e-676
2.135694679996e-678
9.12162662473e-681
3.831059343785e-683
1.58212274485e-685
6.42387362674e-688
2.564187027291e-690
1.006139581446e-692
3.880449844591e-695
1.470890143924e-697
5.47912586194e-700
2.005548961667e-702
7.21279866304e-705
2.548472805132e-707
8.84541996944e-710
3.015610667088e-712
1.009731785979e-714
3.320211799881e-717
1.072035285948e-719
3.39852045233e-722
1.05769790647e-724
3.231299575955e-727
9.68922244119e-730
2.851336504774e-732
8.2339267213e-735
2.333001540738e-737
6.48518657993e-740
1.768392405224e-742
4.729684625407e-745
1.240598112089e-747
3.190970559382e-750
8.04736899591e-753
1.989621554865e-755
4.821895515201e-758
1.145355949158e-760
2.666136646581e-763
6.08116423786e-766
1.358926181041e-768
2.9747566646e-771
6.37814429846e-774
1.339259155452e-776
2.753604518515e-779
5.54298383546e-782
1.092265890853e-784
2.106651021605e-787
3.976236188201e-790
7.34348294262e-793
1.326833520583e-795
2.345029807891e-798
4.053499324609e-801
6.85161420171e-804
1.132314387003e-806
1.82928656809e-809
2.888452989248e-812
4.457023218407e-815
6.71965000064e-818
9.89681862945e-821
1.42369085737e-823
1.999998609522e-826
2.743211093457e-829
3.673032206168e-832
4.800046450567e-835
6.12123878398e-838
7.61593262173e-841
9.24298338722e-844
1.094008382576e-846
1.262586842806e-849
1.420513444985e-852
1.557696506148e-855
1.664493973036e-858
1.732808151261e-861
1.757086252431e-864
1.735057751171e-867
1.668074188187e-870
1.560982549826e-873
1.421546289051e-876
1.259509755878e-879
1.085463395763e-882
9.09694759599e-886
7.41199246759e-889
5.86979622396e-892
4.516977563331e-895
3.37672569782e-898
2.451605696233e-901
1.728201614224e-904
1.182515786409e-907
7.85173893228e-911
5.057623110957e-914
3.159525070862e-917
1.913650030908e-920
1.123406112483e-923
6.39013851513e-927
3.520838194693e-930
1.878471401836e-933
9.70160348087e-937
4.84861541284e-940
2.344116643151e-943
1.095915232432e-946
4.95286976911e-950
2.163026476644e-953
9.12496642286e-957
3.717075755734e-960
1.461520743415e-963
5.54461214364e-967
2.0287358119e-970
7.15631907504e-974
2.432661136901e-977
7.9655374197e-981
2.511306752678e-984
7.61975579178e-988
2.224026260366e-991
6.24155399225e-995
1.683414965665e-998
4.361361165304e-1002
1.08484345189e-1005
2.589421524008e-1009
5.92789089526e-1013
1.300843117995e-1016
2.734869646779e-1020
5.505401935645e-1024
1.060546237514e-1027
1.953886768271e-1031
3.440588420773e-1035
5.78704683491e-1039
9.29164052129e-1043
1.423153120634e-1046
2.07797160477e-1050
2.890368214758e-1054
3.827196392804e-1058
4.820610200747e-1062
5.77148465459e-1066
6.56293988687e-1070
7.08248827961e-1074
7.24754236873e-1078
7.02656839805e-1082
6.44855414844e-1086
5.596998750472e-1090
4.590043972998e-1094
3.553280204316e-1098
2.593951510905e-1102
1.783893158658e-1106
1.154490977781e-1110
7.02346964111e-1115
4.012000250544e-1119
2.149363891528e-1123
1.078630246351e-1127
5.064121143531e-1132
2.221467454004e-1136
9.09274528776e-1141
3.467865995834e-1145
1.230585528468e-1149
4.056852669232e-1154
1.240551146939e-1158
3.513023589232e-1163
9.1971368474e-1168
2.222098188714e-1172
4.94554801003e-1177
1.011983653333e-1181
1.900077818414e-1186
3.266632489075e-1191
5.131107117217e-1196
7.34701112284e-1201
9.56663066316e-1206
1.129966607799e-1210
1.207497517515e-1215
1.164176686921e-1220
1.009716594774e-1225
7.85411403991e-1231
5.461466125665e-1236
3.383414161718e-1241
1.86067487074e-1246
9.04898215144e-1252
3.876042522013e-1257
1.456045660436e-1262
4.775072017081e-1268
1.360491817288e-1273
3.350234020387e-1279
7.09112837182e-1285
1.282461418575e-1290
1.969254895241e-1296
2.549881027237e-1302
2.763747883096e-1308
2.487592489253e-1314
1.843379377594e-1320
1.114119410991e-1326
5.436125187001e-1333
2.117530778559e-1339
6.50456880837e-1346
1.554446795757e-1352
2.847030420654e-1359
3.930305705231e-1366
4.014047187915e-1373
2.970001110092e-1380
1.55470035972e-1387
5.604187914305e-1395
1.348559420963e-1402
2.089741634556e-1410
1.999346956035e-1418
1.123556201912e-1426
3.493116353514e-1435
5.585246571708e-1444
4.194693681281e-1453
1.318681484157e-1462
1.492649837813e-1472
4.96133050439e-1483
3.626233938038e-1494
3.764207723686e-1506
2.687275899295e-1519
3.259474690177e-1534
1.79055329637e-1552