0.1150258419491976
0.1120041369797508
0.1061965773647995
0.0980444754541306
0.0881392586651132
0.0771517875460217
0.0657580258503876
0.0545723581106631
0.0440973023424924
0.0346944494879586
0.0265771949373733
0.0198221649752145
0.014393838521611
0.0101759672620405
0.00700385899778575
0.00469299323431439
0.00306126312111948
0.00194390964691808
0.00120160515976115
0.00072300702396109
0.000423449974280448
0.000241392355723334
0.000133933360724027
0.000072323428512502
0.0000380079501968056
0.0000194381257072439
9.673801650913e-6
4.68468334028783e-6
2.20739490018037e-6
1.01198031175622e-6
4.51368090962082e-7
1.95852874874727e-7
8.2668851473793e-8
3.39420646166808e-8
1.35546881422198e-8
5.2645980396235e-9
1.98853740500941e-9
7.3040301445592e-10
2.60866256912685e-10
9.0586824691325e-11
3.05821535826177e-11
1.00366779252094e-11
3.20178867322925e-12
9.9274291245439e-13
2.9914511121796e-13
8.7596417030428e-14
2.49233958419329e-14
6.8897016530285e-15
1.85020810165332e-15
4.8263749580815e-16
1.22279573368129e-16
3.0086376043695e-17
7.1881699740297e-18
1.66742881625831e-18
3.7549433116835e-19
8.2078945600204e-20
1.74131035420423e-20
3.5849150441076e-21
7.161113413932e-22
1.3877793199817e-22
2.6087715147158e-23
4.7562363715443e-24
8.4088556962055e-25
1.44141519501294e-25
2.3952504743665e-26
3.8579053334907e-27
6.0216891713815e-28
9.1070292396379e-29
1.33429038091326e-29
1.8934806205832e-30
2.6021236390173e-31
3.4623357163654e-32
4.4596435441479e-33
5.5594808338941e-34
6.7062947955357e-35
7.8262603492174e-36
8.8339676650266e-37
9.6425392474165e-38
1.01756674316606e-38
1.03793352532378e-39
1.0230762407406e-40
9.7425422276282e-42
8.9609428600206e-43
7.9586734549272e-44
6.8236819851752e-45
5.6463856911801e-46
4.5079121223191e-47
3.4714408501468e-48
2.5777840582252e-49
1.8452505997077e-50
1.2729236695052e-51
8.4596047619894e-53
5.4144865336063e-54
3.3364061507988e-55
1.9786361085712e-56
1.1289251780563e-57
6.1946840827123e-59
3.2678799165694e-60
1.6566833585715e-61
8.0680439481388e-63
3.7729082216858e-64
1.6934886206872e-65
7.2928940688181e-67
3.0118763510421e-68
1.1923295402385e-69
4.5224501712069e-71
1.6427059021407e-72
5.7113422339319e-74
1.8997043103864e-75
6.0418987434424e-77
1.8363835212239e-78
5.3310305719027e-80
1.4772848255194e-81
3.9053662560546e-83
9.84315554839e-85
2.3637608992416e-86
5.4048233943807e-88
1.1759003625747e-89
2.4325543189823e-91
4.7812196408771e-93
8.922133596977e-95
1.57946660453e-96
2.6503861453779e-98
4.2120830855046e-100
6.3342031952339e-102
9.005294711306e-104
1.2092133250673e-105
1.532070965825e-107
1.8297027062286e-109
2.0575217076773e-111
2.1761453371413e-113
2.1622599236705e-115
2.0159501038766e-117
1.7613916767638e-119
1.4403379215465e-121
1.1007969025568e-123
7.851610422098e-126
5.218718862425e-128
3.2272752867572e-130
1.8537649567499e-132
9.873322079163e-135
4.867058364951e-137
2.2162938569563e-139
9.303871213072e-142
3.5929004653328e-144
1.2734710918915e-146
4.132910645274e-149
1.22502548565e-151
3.3074156972095e-154
8.110480688105e-157
1.8009377418936e-159
3.609426982895e-162
6.506732906365e-165
1.0511519567037e-167
1.5157323563761e-170
1.9425953523437e-173
2.2026762805546e-176
2.1987418357653e-179
1.9218606249174e-182
1.4623880633475e-185
9.62587023899e-189
5.443045015273e-192
2.624007841705e-195
1.0694802313938e-198
3.651267048625e-202
1.033500351935e-205
2.3976521998928e-209
4.500593024654e-213
6.73648253048e-217
7.90817608756e-221
7.144017955723e-225
4.858251102903e-229
2.4239691599567e-233
8.607771362537e-238
2.0978135172809e-242
3.356802951676e-247
3.33833762788e-252
1.9246791993252e-257
5.875081124915e-263
8.400385152256e-269
4.731370109765e-275
8.086333544753e-282
2.724900680499e-289
7.916911628326e-298
2.3595497193567e-308