0.0654223202640953
0.0648636130932147
0.0637604680196797
0.0621408180871216
0.0600450849871436
0.0575245032918719
0.0546390409855471
0.051455033992696
0.0480426646277453
0.044473416994722
0.0408176365319835
0.037142307037844
0.0335091381456225
0.0299730312894252
0.0265809648904228
0.0233713119889019
0.0203735778613343
0.0176085229648087
0.0150886190605646
0.012818774290236
0.0107972565055112
0.0090167430100735
0.0074654284055746
0.006128129511759
0.0049873362719891
0.0040241690389958
0.0032192146051999
0.0025532248835948
0.0020076725401746
0.0015651666286549
0.0012097381047921
0.00092700992382131
0.00070426934005955
0.00053046124684874
0.00039612121221652
0.0002932656136482
0.00021525428924008
0.00015663871179895
0.0001130061222653
0.000080827539414122
0.000057315246538382
0.00004029334016694
0.000028083260129845
0.000019404914880782
0.000013293052471469
9.0278683179317e-6
6.0784376373289e-6
4.0573612017543e-6
2.684967361639e-6
1.7614755845881e-6
1.1456583908137e-6
7.387085667806e-7
4.7220346803913e-7
2.9924147027763e-7
1.8799636757965e-7
1.1708753877691e-7
7.2294270208204e-8
4.4251446557324e-8
2.6852198019897e-8
1.6153228524979e-8
9.633060379663e-9
5.6949900449891e-9
3.3376720366102e-9
1.9391642129768e-9
1.1168734170131e-9
6.3769047819329e-10
3.609363845218e-10
2.0251829407696e-10
1.1264419191552e-10
6.211011665055e-11
3.3948680895244e-11
1.8394520491005e-11
9.88000137736e-12
5.2604928471303e-12
2.776480683485e-12
1.4526451463551e-12
7.533883717701e-13
3.873205918119e-13
1.9738417567657e-13
9.971072885198e-14
4.992947189189e-14
2.4783078693503e-14
1.2193668607775e-14
5.946918455901e-15
2.8749190861491e-15
1.3776308732232e-15
6.543516851521e-16
3.080762277524e-16
1.4377097230428e-16
6.650399168978e-17
3.049194220312e-17
1.3857366106002e-17
6.242116169941e-18
2.7869928026025e-18
1.2333602579554e-18
5.409926709054e-19
2.3520000858371e-19
1.0135028263418e-19
4.328639313803e-20
1.8323723551675e-20
7.687922851583e-21
3.19693848803e-21
1.3176088761025e-21
5.382235140111e-22
2.1790122330913e-22
8.743280307352e-23
3.4769922337598e-23
1.3703908246583e-23
5.352952005826e-24
2.0722740598708e-24
7.950650781877e-25
3.0231276806029e-25
1.1392138789244e-25
4.254471483216e-26
1.5746140040681e-26
5.775469299244e-27
2.0993344163061e-27
7.562294912611e-28
2.6996014839732e-28
9.550281213934e-29
3.3481080667924e-29
1.1631772407084e-29
4.004531594181e-30
1.3661965796514e-30
4.618771820951e-31
1.5473474083675e-31
5.136807546278e-32
1.689814322798e-32
5.508342797925e-33
1.7792428403323e-33
5.69479065363e-34
1.8061112839831e-34
5.675855773232e-35
1.7673971793503e-35
5.453166317838e-36
1.6671354576797e-36
5.050057598956e-37
1.5157262507856e-37
4.507542908745e-38
1.3281564707643e-38
3.87743448935e-39
1.121556318409e-39
3.214212537536e-40
9.126419705239e-41
2.5674029682509e-41
7.155677642408e-42
1.9759045126399e-42
5.405487688201e-43
1.4650511948341e-43
3.933823865156e-44
1.0464449129338e-44
2.757733521916e-45
7.199755775962e-46
1.862120580663e-46
4.771087581197e-47
1.2109925518532e-47
3.044913405036e-48
7.584250394365e-49
1.871325901217e-49
4.573829859269e-50
1.1073862036095e-50
2.655836947087e-51
6.309305094684e-52
1.484684065362e-52
3.46061666742e-53
7.989771442731e-54
1.827136807659e-54
4.138643480145e-55
9.285163293584e-56
2.0632884593369e-56
4.541125143418e-57
9.899067952202e-58
2.1372070665484e-58
4.569981644108e-59
9.678140347287e-60
2.0298922209152e-60
4.216495036495e-61
8.674044678049e-62
1.7671646226468e-62
3.565426180987e-63
7.123914828623e-64
1.40958901579e-64
2.762017664755e-65
5.359374904581e-66
1.0297910144525e-66
1.9594076939362e-67
3.691770503633e-68
6.887666770309e-69
1.2724198045532e-69
2.327570441618e-70
4.215824972348e-71
7.560713560021e-72
1.3425688443353e-72
2.360461640341e-73
4.10900728341e-74
7.08189327895e-75
1.2084458952973e-75
2.041565016996e-76
3.414680994949e-77
5.654323659804e-78
9.269310359296e-79
1.5043295365175e-79
2.416906492337e-80
3.844062732655e-81
6.052394410699e-82
9.43327371415e-83
1.4554201054675e-83
2.222783789372e-84
3.360323756065e-85
5.028426937535e-86
7.448045010806e-87
1.0919518990113e-87
1.5845562682273e-88
2.275865412418e-89
3.235280802406e-90
4.551929814809e-91
6.338535305302e-92
8.735415981975e-93
1.1914369404425e-93
1.6082098859636e-94
2.148275239997e-95
2.839905644485e-96
3.715145981521e-97
4.809467135369e-98
6.161099089474e-99
7.809991412449e-100
9.796364875529e-101
1.2158841894792e-101
1.4932175556527e-102
1.814463599688e-103
2.181515654453e-104
2.595038680944e-105
3.054184131045e-106
3.556336510349e-107
4.096915685932e-108
4.669259009525e-109
5.264605114901e-110
5.872196627386e-111
6.479512068828e-112
7.072628310074e-113
7.636704651798e-114
8.15656888116e-115
8.617375497404e-116
9.005297818707e-117
9.308209893767e-118
9.516311853801e-119
9.622654036238e-120
9.623520962659e-121
9.518645688334e-122
9.311237364452e-123
9.007818928805e-124
8.617886311844e-125
8.153413999623e-126
7.628242930136e-127
7.057394475094e-128
6.456358018595e-129
5.840399180518e-130
5.223931296963e-131
4.619985021277e-132
4.039800813158e-133
3.492557781294e-134
2.985241008306e-135
2.522639180211e-136
2.10745591299e-137
1.740512172949e-138
1.421013862622e-139
1.1468579226217e-140
9.14951858893e-142
7.215249394466e-143
5.624138127224e-144
4.333103648197e-145
3.299646945807e-146
2.483406907654e-147
1.847255270968e-148
1.357972743302e-149
9.865672063758e-151
7.083045631211e-152
5.025245536492e-153
3.523095676183e-154
2.440660619399e-155
1.670674852235e-156
1.1299616903376e-157
7.551066228536e-159
4.985526424166e-160
3.252050117053e-161
2.095714192876e-162
1.334198721679e-163
8.390880178497e-165
5.212881021097e-166
3.199013160883e-167
1.939128785646e-168
1.161004885737e-169
6.86566210324e-171
4.00992144986e-172
2.313014218424e-173
1.317630169125e-174
7.412508374507e-176
4.117909577005e-177
2.258976494116e-178
1.22363846483e-179
6.544614743795e-181
3.456109640413e-182
1.80196413506e-183
9.275611954474e-185
4.713670606235e-186
2.364712746621e-187
1.171068146416e-188
5.724696999392e-190
2.76230216916e-191
1.315587748388e-192
6.184147748905e-194
2.869013334974e-195
1.313587625715e-196
5.935266519397e-198
2.646408252984e-199
1.164365862143e-200
5.054968726739e-202
2.165329874504e-203
9.151373043883e-205
3.815793547804e-206
1.569638089063e-207
6.369563541061e-209
2.549732069617e-210
1.006776770603e-211
3.921068551073e-213
1.506214861857e-214
5.706359082391e-216
2.132058718234e-217
7.855704356483e-219
2.854268338229e-220
1.022599901215e-221
3.612395788251e-223
1.258173914176e-224
4.320347728727e-226
1.462534385232e-227
4.88066805637e-229
1.60551539118e-230
5.205802227551e-232
1.663698323575e-233
5.240234275515e-235
1.62663936523e-236
4.975895964914e-238
1.499910956246e-239
4.455006181739e-241
1.303749051602e-242
3.759036206396e-244
1.067749801305e-245
2.987764635143e-247
8.235316348029e-249
2.235857184966e-250
5.978748213671e-252
1.57453084933e-253
4.083558393655e-255
1.042904967826e-256
2.622650707726e-258
6.493771444008e-260
1.583015390672e-261
3.799052706417e-263
8.97506648362e-265
2.087094002058e-266
4.777028173246e-268
1.076103873705e-269
2.385612983217e-271
5.204315851942e-273
1.117154587867e-274
2.359481765245e-276
4.902765208432e-278
1.002198414731e-279
2.015213800745e-281
3.9857460582e-283
7.753273349576e-285
1.483245519123e-286
2.790349363959e-288
5.161624588091e-290
9.38773540481e-292
1.678594297367e-293
2.950560913661e-295
5.098006656273e-297
8.65756538435e-299
1.444950219088e-300
2.369918533991e-302
3.819430599028e-304
6.047965196236e-306
9.4086151784e-308
1.437830584177e-309
2.1583141346e-311
3.182037974237e-313
4.607211614543e-315
6.550446132671e-317
9.14451780945e-319
1.253327915368e-320
1.686315400853e-322
2.227095073127e-324
2.886819762216e-326
3.672282444302e-328
4.583971701099e-330
5.614234923699e-332
6.745820659983e-334
7.951090495814e-336
9.19216498945e-338
1.042219058262e-339
1.158778749268e-341
1.263257574484e-343
1.3501501478e-345
1.41455291752e-347
1.452615945562e-349
1.461920260689e-351
1.441729871853e-353
1.39308227434e-355
1.318702595659e-357
1.222750864729e-359
1.110434971675e-361
9.87539619324e-364
8.59930917908e-366
7.330959108531e-368
6.117668449979e-370
4.996637265102e-372
3.993690544685e-374
3.123293153245e-376
2.389620675147e-378
1.788373594938e-380
1.308985443873e-382
9.36897136679e-385
6.556344551741e-387
4.485135822422e-389
2.998910926905e-391
1.959542846368e-393
1.25105726884e-395
7.802930300387e-398
4.753594296681e-400
2.828101015427e-402
1.642856065264e-404
9.3166130764e-407
5.156932563229e-409
2.785603617287e-411
1.468114645763e-413
7.54797387784e-416
3.784828234574e-418
1.850638241368e-420
8.82204411606e-423
4.099213585934e-425
1.856202207816e-427
8.18939236921e-430
3.519543934166e-432
1.473107555717e-434
6.003427276242e-437
2.381674757361e-439
9.1956827633e-442
3.454633388653e-444
1.262503830586e-446
4.48715015352e-449
1.550629819329e-451
5.208777120636e-454
1.700364291347e-456
5.392784715365e-459
1.661243491719e-461
4.96917839939e-464
1.442934723391e-466
4.066276976331e-469
1.111758308446e-471
2.948217166303e-474
7.580785104516e-477
1.889478192162e-479
4.56359641821e-482
1.067756254521e-484
2.419332792406e-487
5.306813281124e-490
1.126522314959e-492
2.313468336699e-495
4.594643833154e-498
8.82161547453e-501
1.636787916031e-503
2.933737299548e-506
5.077704641712e-509
8.48320906031e-512
1.367491612483e-514
2.126092624926e-517
3.186763274744e-520
4.602993562054e-523
6.404161563173e-526
8.57865838763e-529
1.105886998755e-531
1.371294134781e-534
1.634813082987e-537
1.872867655364e-540
2.06075331701e-543
2.17669535345e-546
2.205915922683e-549
2.143684113243e-552
1.996492646657e-555
1.780974701551e-558
1.520800039044e-561
1.242352852637e-564
9.70293439977e-568
7.240451978198e-571
5.158743258188e-574
3.507040066593e-577
2.273266793816e-580
1.403971365667e-583
8.255438862301e-587
4.618088734825e-590
2.455729181902e-593
1.240337787072e-596
5.945314545995e-600
2.702137415436e-603
1.163450499522e-606
4.741258419732e-610
1.826957810089e-613
6.650012386418e-617
2.28418113768e-620
7.395922978663e-624
2.254920718319e-627
6.466263516696e-631
1.741994871337e-634
4.403325744151e-638
1.043048025522e-641
2.31230583858e-645
4.79081410135e-649
9.26357054022e-653
1.669204484382e-656
2.798550968958e-660
4.358648901488e-664
6.295615282833e-668
8.418468166345e-672
1.040264659093e-675
1.185610074048e-679
1.243827900111e-683
1.198647045291e-687
1.058725759313e-691
8.551425043271e-696
6.300976814623e-700
4.224635608392e-704
2.570527361367e-708
1.41541546074e-712
7.032083884248e-717
3.142384246622e-721
1.258830868749e-725
4.504849107897e-730
1.434750792996e-734
4.05072621935e-739
1.009520464639e-743
2.210889182201e-748
4.234463594889e-753
7.05621792079e-758
1.017389997108e-762
1.261723386841e-767
1.337275134054e-772
1.202962854603e-777
9.11596719314e-783
5.772112556929e-788
3.026860795517e-793
1.301843257558e-798
4.543648040615e-804
1.271830809396e-809
2.818298363874e-815
4.873035588731e-821
6.469191102891e-827
6.475151570396e-833
4.787139212932e-839
2.553658619468e-845
9.568379891976e-852
2.441079482185e-858
4.088574554662e-865
4.306054521293e-872
2.707914193043e-879
9.546690092712e-887
1.744726330723e-894
1.496458303317e-902
5.289885794296e-911
6.464342071447e-920
2.12851204537e-929
1.2960802634818e-939
7.820720121815e-951
1.4062490906714e-963
3.359601657758e-979