0.089002207639714
0.087598301957672
0.0848565416256071
0.0809038792178715
0.075918428704443
0.0701161747843408
0.0637355111556206
0.0570211436080579
0.0502088559033873
0.0435124224431563
0.037113604783368
0.0311557479453268
0.025741060756849
0.0209312797759301
0.016751122009571
0.0131937517798263
0.0102274257946403
0.0078025244479589
0.0058583010320425
0.0043288522935323
0.0031480019826918
0.00225296685506593
0.00158682279191401
0.00109989680948835
0.00075027628704983
0.00050365362124591
0.00033272058823526
0.000216301579199316
0.000138378031050633
0.000087115814095216
0.000053968955775146
0.000032900520824828
0.000019736387495988
0.0000116501867409448
6.7669419888913e-6
3.8675878053753e-6
2.175052277608e-6
1.20357855040341e-6
6.5531127504607e-7
3.5106080695961e-7
1.850424656225e-7
9.5963807420907e-8
4.8964687923978e-8
2.458047214231e-8
1.2140070586794e-8
5.898856282849e-9
2.8198218949692e-9
1.3260937987093e-9
6.1350308408932e-10
2.7921595258939e-10
1.25007335392836e-10
5.505454462467e-11
2.3850838919314e-11
1.01638241084819e-11
4.2603334674951e-12
1.7565187010116e-12
7.1231851856384e-13
2.8411704460844e-13
1.1145794735525e-13
4.3003556281442e-14
1.6317962810287e-14
6.0895355759128e-15
2.2348443128491e-15
8.0657214289981e-16
2.8625939371497e-16
9.990434312677e-17
3.4285015969048e-17
1.156929100123e-17
3.8386483684774e-18
1.2522921815953e-18
4.0167524644623e-19
1.2666965688098e-19
3.927209417339e-20
1.1970024308434e-20
3.5866650491462e-21
1.0564683258799e-21
3.0589812136759e-22
8.706354437127e-23
2.4356750867137e-23
6.6974556694526e-24
1.8100541252669e-24
4.8078173550686e-25
1.2550534903453e-25
3.2197140244479e-26
8.117004434042e-27
2.0108516680407e-27
4.8949934843622e-28
1.1708298907246e-28
2.7516079959393e-29
6.3534787759447e-30
1.441284591545e-30
3.2120449935124e-31
7.032139573813e-32
1.5123325081406e-32
3.1947779638322e-33
6.628984211499e-34
1.350968438501e-34
2.7040456004015e-35
5.3153486171466e-36
1.026068703186e-36
1.9450274908187e-37
3.6204036149624e-38
6.61678705531e-39
1.1873339222498e-39
2.0917530570137e-40
3.617726035989e-41
6.142203563636e-42
1.0236492481823e-42
1.6745239583384e-43
2.6885566790535e-44
4.2365143949366e-45
6.551390158839e-46
9.941839769144e-47
1.4804079148219e-47
2.1629665151953e-48
3.1005872168833e-49
4.3604914888162e-50
6.015828089401e-51
8.14131554166e-52
1.0806952073573e-52
1.406990465006e-53
1.7965021521783e-54
2.2494787437122e-55
2.7619896449977e-56
3.325187644535e-57
3.9249280946436e-58
4.541880137529e-59
5.152221584226e-60
5.728939960969e-61
6.243675755136e-62
6.668953309023e-63
6.980566625535e-64
7.159838014803e-65
7.195459654417e-66
7.084667236078e-67
6.833577299746e-68
6.456632964477e-69
5.975227157574e-70
5.415685983107e-71
4.806877452638e-72
4.177748692256e-73
3.5550833787114e-74
2.9617157358295e-75
2.415351193227e-76
1.9280446657802e-77
1.5062937137817e-78
1.1516305799455e-79
8.615532815223e-81
6.306236823377e-82
4.515757526982e-83
3.1631182483973e-84
2.1670863871501e-85
1.4519903630259e-86
9.513227748788e-88
6.094215840447e-89
3.816645725345e-90
2.3365087193071e-91
1.3980448479964e-92
8.175017011948e-94
4.671054346326e-95
2.6076168840005e-96
1.4220610476617e-97
7.574959577106e-99
3.940679180927e-100
2.0018456322689e-101
9.928825668197e-103
4.807408131676e-104
2.2719923395776e-105
1.0479036711705e-106
4.716167845941e-108
2.0708286545171e-109
8.869896895415e-111
3.705473888249e-112
1.509557977616e-113
5.996053892568e-115
2.3217663519342e-116
8.762641015339e-118
3.222849203934e-119
1.1549335134255e-120
4.031885536503e-122
1.3709271180372e-123
4.539361698004e-125
1.4634141316757e-126
4.592487483986e-128
1.402657600657e-129
4.168610914222e-131
1.2052536372473e-132
3.389398476099e-134
9.268977842e-136
2.464405935057e-137
6.368954537572e-139
1.599565304476e-140
3.903140710088e-142
9.251312154266e-144
2.129441901408e-145
4.758783234425e-147
1.0322523615631e-148
2.172829373476e-150
4.437136503506e-152
8.788255548213e-154
1.6877501497971e-155
3.14195236394e-157
5.668325760966e-159
9.907154214871e-161
1.6770823417558e-162
2.748785189744e-164
4.360887510193e-166
6.694534053502e-168
9.9411780907e-170
1.4275286645054e-171
1.981597644313e-173
2.658156538914e-175
3.444509135354e-177
4.310220593166e-179
5.206392885563e-181
6.068421078115e-183
6.822567698127e-185
7.395733944944e-187
7.72679881693e-189
7.777177505201e-191
7.538120657181e-193
7.032870909131e-195
6.312996927371e-197
5.449688031099e-199
4.522049200816e-201
3.605084362536e-203
2.759912341484e-205
2.02792598609e-207
1.4294103692036e-209
9.659939318431e-212
6.255505956302e-214
3.879466639596e-216
2.302750267532e-218
1.3074438363458e-220
7.096249527203e-223
3.679462481448e-225
1.821381772653e-227
8.601638266855e-230
3.872737394216e-232
1.661096694868e-234
6.782422241341e-237
2.634208194143e-239
9.723929627709e-242
3.408782099611e-244
1.133833574385e-246
3.575246210328e-249
1.0677496911711e-251
3.017350446438e-254
8.060197791512e-257
2.033219374603e-259
4.83815263461e-262
1.0848062771594e-264
2.289306583705e-267
4.541684742525e-270
8.459652356957e-273
1.4775755434487e-275
2.416708278071e-278
3.696297946681e-281
5.278886829856e-284
7.028889412323e-287
8.711771392301e-290
1.0034047624617e-292
1.0721023511356e-295
1.0606957214168e-298
9.69850900311e-302
8.179034759695e-305
6.348345361095e-308
4.524917884103e-311
2.954818626822e-314
1.763368859161e-317
9.592004288955e-321
4.742697591394e-324
2.125280037729e-327
8.604564256535e-331
3.13708652476e-334
1.0263126575559e-337
3.001636630612e-341
7.816648041825e-345
1.804694365413e-348
3.677132200451e-352
6.579452438983e-356
1.0283279523796e-359
1.3958419204221e-363
1.635300679109e-367
1.642392344677e-371
1.403693490165e-375
1.0127066432261e-379
6.113233642158e-384
3.057768706462e-388
1.2537348902322e-392
4.163649278766e-397
1.1050977637943e-401
2.309185378299e-406
3.734819997357e-411
4.585984451804e-416
4.18126750923e-421
2.758903565492e-426
1.2784069023046e-431
4.014851854569e-437
8.189023327412e-443
1.0299606093075e-448
7.489855754943e-455
2.902054177431e-461
5.38531059881e-468
4.143712166868e-475
1.0779712485217e-482
6.96867705267e-491
6.725466056892e-500
3.638156656576e-510
8.798266065548e-523