0.0588068038584601
0.0584008415730329
0.0575973031803564
0.0564126730368787
0.0548709714893559
0.0530029452730343
0.0508450485972434
0.0484382620474058
0.045826802665989
0.043056781721226
0.040174866655836
0.037227000667808
0.034257227646083
0.031306662261298
0.028412635506911
0.025608035574223
0.022920853311884
0.0203739313123925
0.0179849064479819
0.0157663278929847
0.0137259266293284
0.0118670083008739
0.0101889390841664
0.0086876938740487
0.0073564373341971
0.0061861109498237
0.005166002810721
0.0042842810984808
0.0035284768127468
0.0028859058400921
0.0023440247860249
0.0018907188544016
0.0015145233303061
0.0012047828244767
0.00095175434751648
0.00074666152516293
0.00058170790294042
0.00045005740583879
0.00034578971682463
0.00026383772216871
0.00019991334353717
0.00015042712885617
0.00011240598493276
0.000083412467858962
0.000061468149309428
0.000044982779504387
0.000032690288635008
0.000023592114220415
0.000016907909471498
0.000012033368067374
8.504680411556e-6
5.9689998362353e-6
4.1602281837097e-6
2.8794131452034e-6
1.9790705457404e-6
1.3507912180349e-6
9.15554131943e-7
6.1623709847011e-7
4.1188769857823e-7
2.7338589896037e-7
1.8019337907029e-7
1.1794134800759e-7
7.665791030723e-8
4.9477821984309e-8
3.1712168586562e-8
2.0183762454251e-8
1.2756694607224e-8
8.006322033107e-9
4.9898307317396e-9
3.0881289029955e-9
1.8978454514858e-9
1.1581932682404e-9
7.018671831786e-10
4.2235872161212e-10
2.5238267102536e-10
1.4975730781366e-10
8.82400645517e-11
5.162876901472e-11
2.9996095445418e-11
1.7305474596178e-11
9.913955011787e-12
5.639671545042e-12
3.1856854834806e-12
1.7868700226994e-12
9.95228394914e-13
5.504159550679e-13
3.0227097482864e-13
1.6483056770951e-13
8.925110898558e-14
4.79869020791e-14
2.5619089055537e-14
1.3581106797492e-14
7.14884326001e-15
3.7364925241988e-15
1.9391829207939e-15
9.993056059713e-16
5.113300416804e-16
2.5979229704117e-16
1.310604713742e-16
6.565021902718e-17
3.2652626267657e-17
1.612560472084e-17
7.907301702366e-18
3.849935492253e-18
1.8611863505314e-18
8.933793928858e-19
4.25784702041e-19
2.0148865455023e-19
9.46707705425e-20
4.416562022331e-20
2.0457576304813e-20
9.408572821389e-21
4.296267654679e-21
1.9478485360562e-21
8.768262841719e-22
3.918904599839e-22
1.7390288685177e-22
7.661927835071e-23
3.351634619075e-23
1.4556628026247e-23
6.276948299519e-24
2.6873120257873e-24
1.1422667237468e-24
4.820531568665e-25
2.0197535821398e-25
8.401869809571e-26
3.469969444523e-26
1.4228054333356e-26
5.792066537732e-27
2.340926163796e-27
9.393036286481e-28
3.741849728568e-28
1.4798805799748e-28
5.81065240208e-29
2.265055823716e-29
8.765699635627e-30
3.367795998312e-30
1.284559781513e-30
4.864184442345e-31
1.8285663222997e-31
6.824237736611e-32
2.5283552134556e-32
9.299514615915e-33
3.395615042609e-33
1.2308646393968e-33
4.429283777262e-34
1.5822887699471e-34
5.611315162857e-35
1.9754583652791e-35
6.903876450665e-36
2.3951771481967e-36
8.248962620947e-37
2.820172335913e-37
9.571149636267e-38
3.224498794539e-38
1.0783692022483e-38
3.579953183182e-39
1.1797480866841e-39
3.859230415583e-40
1.2531672543768e-40
4.039351607034e-41
1.2924267480314e-41
4.104773751418e-42
1.2940732098611e-42
4.049599837824e-43
1.2579005373732e-43
3.878454390438e-44
1.1869885043254e-44
3.605844542964e-45
1.0872698624277e-45
3.254128864602e-46
9.667103100968e-47
2.850488537422e-47
8.342586343269e-48
2.423470179504e-48
6.987587886857e-49
1.9997079460436e-49
5.680055485961e-50
1.6013354197762e-50
4.480771058213e-51
1.2444025061611e-51
3.430075033288e-52
9.383781893656e-53
2.547889734026e-53
6.866076975905e-54
1.836364443772e-54
4.874477622671e-55
1.2841421253349e-55
3.357458827702e-56
8.711995669667e-57
2.243523883401e-57
5.733852936521e-58
1.4543264437909e-58
3.660778219549e-59
9.1448744777e-60
2.267104358148e-60
5.577650602985e-61
1.3618011720825e-61
3.299554115698e-62
7.933639944811e-63
1.893049188012e-63
4.482496587597e-64
1.0532783228188e-64
2.455997169813e-65
5.682906594439e-66
1.3048707378201e-66
2.973138476509e-67
6.722174494252e-68
1.5081610756151e-68
3.357571369514e-69
7.417176416559e-70
1.6258632753904e-70
3.536369947331e-71
7.632306323002e-72
1.6344606660386e-72
3.473040570792e-73
7.322477356886e-74
1.5318459237673e-74
3.179633345626e-75
6.548471266662e-76
1.3381343660071e-76
2.713016276852e-77
5.457501777818e-78
1.0892312467141e-78
2.156884532447e-79
4.237504300583e-80
8.259726819614e-81
1.597310285048e-81
3.064620718311e-82
5.833426895273e-83
1.1016054577475e-83
2.063855914447e-84
3.836006198133e-85
7.073290294025e-86
1.2939023954839e-86
2.348091256297e-87
4.227244652264e-88
7.549605550276e-89
1.3375532581537e-89
2.350787099705e-90
4.098513079407e-91
7.088356496666e-92
1.2160917297295e-92
2.069588501733e-93
3.493766300056e-94
5.850475243834e-95
9.717870796457e-96
1.601138786287e-96
2.616735880906e-97
4.241886015945e-98
6.820581458612e-99
1.0877827863339e-99
1.720744472457e-100
2.699846132688e-101
4.201506619263e-102
6.484991966423e-103
9.927664604316e-104
1.507345791718e-104
2.269873610959e-105
3.390066806691e-106
5.021429994508e-107
7.376560108716e-108
1.0746879635963e-108
1.552771615945e-109
2.224969802986e-110
3.161743256804e-111
4.455634845413e-112
6.226838848454e-113
8.629690135608e-114
1.1860057095445e-114
1.616355126206e-115
2.184437411457e-116
2.92745072861e-117
3.890281833473e-118
5.126350494753e-119
6.698314385877e-120
8.678545832019e-121
1.1149278469566e-121
1.420231228622e-122
1.793816170315e-123
2.246453545583e-124
2.7894051019e-125
3.434111181207e-126
4.191791336069e-127
5.072959497436e-128
6.086861512478e-129
7.240849898709e-130
8.539718150337e-131
9.985024344026e-132
1.157444047376e-132
1.330116918039e-133
1.515347260853e-134
1.711435836675e-135
1.916146448037e-136
2.126717853002e-137
2.339901587471e-138
2.552026831361e-139
2.759091844233e-140
2.956879732652e-141
3.14109452333e-142
3.307511847213e-143
3.452137138399e-144
3.571363255055e-145
3.662118948876e-146
3.721999717987e-147
3.749373300018e-148
3.743453368092e-149
3.704336800252e-150
3.633002072129e-151
3.531268707297e-152
3.401720122605e-153
3.247594436582e-154
3.07264969313e-155
2.881011347267e-156
2.677010667425e-157
2.46502288578e-158
2.249313486752e-159
2.033900029124e-160
1.822435458348e-161
1.618117122822e-162
1.423623817796e-163
1.241081299766e-164
1.072054985058e-165
9.175670850176e-167
7.781343182496e-168
6.538216211418e-169
5.443069567e-170
4.489523701692e-171
3.668768027054e-172
2.970267781944e-173
2.382418410417e-174
1.893124621882e-175
1.490289719357e-176
1.162208594032e-177
8.9786453689e-179
6.871354244189e-180
5.209187736264e-181
3.911876525055e-182
2.9099060835e-183
2.144088461066e-184
1.56483101821e-185
1.131212714036e-186
8.0996116758e-188
5.744049157615e-189
4.034567696264e-190
2.806671534956e-191
1.93371581446e-192
1.319443721658e-193
8.91613998102e-195
5.966796516353e-196
3.954343659093e-197
2.595176196232e-198
1.686587598033e-199
1.085402604407e-200
6.916763723342e-202
4.364508039369e-203
2.726955267081e-204
1.687023377852e-205
1.033366790209e-206
6.267121037206e-208
3.763150998571e-209
2.237149017771e-210
1.316702137093e-211
7.672185653457e-213
4.425670799888e-214
2.527301043203e-215
1.42870336331e-216
7.99509545094e-218
4.42884960203e-219
2.428471580317e-220
1.318071510573e-221
7.081051241041e-223
3.765287988607e-224
1.981660071169e-225
1.032236794086e-226
5.321540416633e-228
2.715137325118e-229
1.370979969131e-230
6.850837671865e-232
3.387800292807e-233
1.657836485425e-234
8.02792816655e-236
3.846725451377e-237
1.823865380748e-238
8.55649896722e-240
3.971814203369e-241
1.824143171712e-242
8.28883847911e-244
3.726324557802e-245
1.65732362917e-246
7.292239225977e-248
3.174158708074e-249
1.366776866173e-250
5.821767548123e-252
2.45294195566e-253
1.022307767459e-254
4.214293090923e-256
1.718316278641e-257
6.929521849844e-259
2.763831913294e-260
1.090220826964e-261
4.253025602919e-263
1.640772150066e-264
6.259667744418e-266
2.361526794702e-267
8.80965323211e-269
3.249636098414e-270
1.185239600533e-271
4.274235973222e-273
1.523972226271e-274
5.372136076664e-276
1.872205062127e-277
6.450319491877e-279
2.196925151409e-280
7.39673773039e-282
2.461731492869e-283
8.09843497477e-285
2.633333120755e-286
8.46328544661e-288
2.688343343011e-289
8.43969942755e-291
2.618481669014e-292
8.02853097007e-294
2.432597028168e-295
7.28341743638e-297
2.154837118163e-298
6.299281903662e-300
1.819482921475e-301
5.192399707126e-303
1.46397665647e-304
4.077825631471e-306
1.12210637883e-307
3.05022979498e-309
8.19042338435e-311
2.172387905787e-312
5.691247119161e-314
1.472645485449e-315
3.76349355305e-317
9.49877678412e-319
2.367603138719e-320
5.827682300999e-322
1.416476640816e-323
3.399618934087e-325
8.05635976684e-327
1.885018429976e-328
4.354523703068e-330
9.93102385267e-332
2.235916189178e-333
4.969409520908e-335
1.09023793124e-336
2.360936455829e-338
5.046298203385e-340
1.06454991447e-341
2.216370530149e-343
4.553868065021e-345
9.23333485503e-347
1.847374395835e-348
3.647097502513e-350
7.10417534779e-352
1.365310198765e-353
2.588675847286e-355
4.842055746201e-357
8.93438292487e-359
1.626142777598e-360
2.919366194882e-362
5.169285198889e-364
9.02735325656e-366
1.554727158421e-367
2.640506762991e-369
4.422166083081e-371
7.30251668715e-373
1.188980269975e-374
1.908604368048e-376
3.020443403023e-378
4.712084965723e-380
7.24631133929e-382
1.098388357792e-383
1.64097979901e-385
2.416195076497e-387
3.506024917476e-389
5.013312421793e-391
7.06372137584e-393
9.80648438229e-395
1.34133050135e-396
1.807475171647e-398
2.399352581745e-400
3.13741385549e-402
4.040881103376e-404
5.12598192562e-406
6.403902480056e-408
7.87859147964e-410
9.54460505007e-412
1.138522986971e-413
1.337114912272e-415
1.545991293478e-417
1.759643528197e-419
1.971466073938e-421
2.174043094172e-423
2.35954430857e-425
2.520204806397e-427
2.648850469286e-429
2.739421053014e-431
2.787438741989e-433
2.790372275176e-435
2.74785574283e-437
2.661735980301e-439
2.535941248729e-441
2.376183987015e-443
2.189528958818e-445
1.983872438883e-447
1.767386211036e-449
1.547981136577e-451
1.332839107758e-453
1.12805060933e-455
9.38379943478e-458
7.67163877306e-460
6.163344233085e-462
4.86544573259e-464
3.773682579369e-466
2.87542955055e-468
2.152248097228e-470
1.582308887656e-472
1.14249976035e-474
8.10108033274e-477
5.640365559586e-479
3.855707097882e-481
2.587543808023e-483
1.704559408242e-485
1.10212439468e-487
6.99352023007e-490
4.354716769989e-492
2.660567961455e-494
1.594740620634e-496
9.37685666846e-499
5.407862581978e-501
3.058751134251e-503
1.696528195854e-505
9.22622634658e-508
4.919037893142e-510
2.570842835843e-512
1.316908882258e-514
6.61097604165e-517
3.251989792948e-519
1.567291654821e-521
7.39963126961e-524
3.421934692862e-526
1.549800172453e-528
6.8732509071e-531
2.984492692759e-533
1.268642177451e-535
5.278441181776e-538
2.149348653108e-540
8.56403675145e-543
3.338532074899e-545
1.273127596325e-547
4.748546246524e-550
1.732023612263e-552
6.177067945162e-555
2.153656322475e-557
7.33947256665e-560
2.444418973172e-562
7.95491625003e-565
2.529126003961e-567
7.85425135734e-570
2.382111157462e-572
7.05446998261e-575
2.039543274609e-577
5.755557776941e-580
1.585062509932e-582
4.259190662847e-585
1.116465697229e-587
2.854406679653e-590
7.11625720141e-593
1.729674911539e-595
4.097931408771e-598
9.461522593e-601
2.128436989908e-603
4.664119829284e-606
9.95386739169e-609
2.068377130666e-611
4.183927278995e-614
8.23671669573e-617
1.57774584255e-619
2.93987172075e-622
5.327479514287e-625
9.38661524628e-628
1.607606906072e-630
2.675605766885e-633
4.326348870229e-636
6.7945662237e-639
1.036153702862e-641
1.533868467981e-644
2.203588511578e-647
3.0713260952e-650
4.151897316935e-653
5.442046352915e-656
6.91416899809e-659
8.5122507201e-662
1.01516661959e-664
1.172405438526e-667
1.310756752937e-670
1.418154141033e-673
1.484335474954e-676
1.502433004936e-679
1.470132546625e-682
1.390134417125e-685
1.269793823661e-688
1.120003553636e-691
9.53554238765e-695
7.83316906502e-698
6.206090735656e-701
4.740298555372e-704
3.48910898207e-707
2.473743651356e-710
1.688619589803e-713
1.109294943705e-716
7.0096563568e-720
4.258654872358e-723
2.486341016413e-726
1.39425679683e-729
7.50575827949e-733
3.87691622852e-736
1.920360738582e-739
9.11679715183e-743
4.145883777379e-746
1.804899961209e-749
7.51777708763e-753
2.99404413493e-756
1.139421234762e-759
4.140808694724e-763
1.436052569131e-766
4.749427399523e-770
1.496893389837e-773
4.49265766871e-777
1.283079513563e-780
3.484231205154e-784
8.98915533622e-788
2.201578988573e-791
5.11431153075e-795
1.125901201862e-798
2.346844773651e-802
4.627407717757e-806
8.62275019195e-810
1.516981053173e-813
2.517086877068e-817
3.934978291002e-821
5.789475450651e-825
8.00753713073e-829
1.03995448267e-832
1.2666592898e-836
1.44507589298e-840
1.542204079034e-844
1.537542055809e-848
1.430003793956e-852
1.238909684699e-856
9.98335312376e-861
7.47072830741e-865
5.183061165251e-869
3.328157090684e-873
1.974425756427e-877
1.080162094409e-881
5.438809727432e-886
2.515376389309e-890
1.066259217133e-894
4.133483554394e-899
1.462007036505e-903
4.706508133723e-908
1.375456773164e-912
3.639309407541e-917
8.69316871988e-922
1.869049456494e-926
3.605549469261e-931
6.219802921202e-936
9.56089165298e-941
1.304689710254e-945
1.574250701696e-950
1.672477932204e-955
1.557435002398e-960
1.265130985415e-965
8.91881275868e-971
5.426714908437e-976
2.833111888046e-981
1.26105103199e-986
4.75307631004e-992
1.50585013183e-997
3.978113339245e-1003
8.687266456594e-1009
1.553393216457e-1014
2.250957387488e-1020
2.613337281299e-1026
2.400575766564e-1032
1.7206546784e-1038
9.47589494403e-1045
3.940883133124e-1051
1.213891264283e-1057
2.709172580927e-1064
4.272596352234e-1071
4.62657598516e-1078
3.327162250719e-1085
1.528283280304e-1092
4.281571993987e-1100
6.92176857029e-1108
6.035618526724e-1116
2.610334613445e-1124
5.033471799968e-1133
3.765135335052e-1142
9.049007892533e-1152
5.349264003404e-1162
5.194322735989e-1173
4.242116121325e-1185
8.020712871862e-1199
1.2421139556943e-1215