0.0878808320274088
0.0865291780999435
0.0838878863064901
0.0800762730498794
0.0752620228478611
0.0696489704591414
0.0634628358437999
0.0569362976708367
0.0502947667810725
0.0437440397435614
0.0374607106651844
0.0315858471868812
0.0262220495182673
0.0214336605705531
0.0172496202335485
0.0136682809299472
0.0106634307522453
0.0081907952618546
0.0061943885617645
0.0046122315599833
0.0033811225155532
0.0024403074776646
0.00173403778260547
0.00121310747476406
0.00083553164748686
0.00056655939849208
0.00037821848923098
0.0002485710229938
0.000160828933724976
0.000102442256011358
0.000064237778042727
0.000039654574553858
0.000024098071882136
0.0000144162447235554
8.489796964815e-6
4.9216650130566e-6
2.8086038660453e-6
1.57770770144738e-6
8.7239660256002e-7
4.7483892820012e-7
2.5439992701963e-7
1.34158801080541e-7
6.9637936792229e-8
3.5578693882733e-8
1.789139224175e-8
8.855248870308e-9
4.3137222982806e-9
2.0681901510847e-9
9.7590495064425e-10
4.5320538619133e-10
2.0713076619193e-10
9.3163864892702e-11
4.1237739723724e-11
1.7962948313206e-11
7.6999258183236e-12
3.247971136722e-12
1.34817052008e-12
5.5064878073818e-13
2.2130522672327e-13
8.7515611834392e-14
3.4052249207733e-14
1.3036523980875e-14
4.9104655330875e-15
1.819773305049e-15
6.634899885215e-16
2.3799202483914e-16
8.3982664388011e-17
2.9154403522128e-17
9.956203685102e-18
3.3446147344827e-18
1.1052194731388e-18
3.5924292793238e-19
1.1485558951548e-19
3.611827186099e-20
1.1171183595755e-20
3.398247944068e-21
1.0166713729383e-21
2.9913109509292e-22
8.65532730945e-23
2.4628144506026e-23
6.8911420485587e-24
1.896037075721e-24
5.1295954570858e-25
1.3645340445676e-25
3.5689022350466e-26
9.177359259927e-27
2.320155813033e-27
5.7665514910033e-28
1.4089572109416e-28
3.3841123672015e-29
7.989867004116e-30
1.8542330537527e-30
4.2296164983175e-31
9.482682284768e-32
2.0894707270682e-32
4.5247785157629e-33
9.629307895341e-34
2.0137706667844e-34
4.1383032856973e-35
8.35625852005e-36
1.6578996455269e-36
3.2317718579584e-37
6.189252330294e-38
1.1644728245427e-38
2.1522490197014e-39
3.9075600822057e-40
6.968614811191e-41
1.2206530385082e-41
2.1000033635694e-42
3.5481859760249e-43
5.887456329034e-44
9.593120924962e-45
1.5348948824163e-45
2.4113435975098e-46
3.7194281774355e-47
5.632541245662e-48
8.37370855625e-49
1.2220537557241e-49
1.7506331651817e-50
2.4615311717221e-51
3.3969836019883e-52
4.600782011983e-53
6.114933274472e-54
7.975262692278e-55
1.0206160833593e-55
1.2814877393432e-56
1.578596754639e-57
1.9076657556928e-58
2.2613972916809e-59
2.6294425146266e-60
2.9986859456309e-61
3.3538726745133e-62
3.678559269571e-63
3.9563196829444e-64
4.172090958155e-65
4.313509640199e-66
4.372076212194e-67
4.343996201403e-68
4.23058283771e-69
4.038162397777e-70
3.777490517727e-71
3.4627542645553e-72
3.1102890473986e-73
2.7371723672209e-74
2.359863096131e-75
1.9930357690236e-76
1.64871942421e-77
1.3357984504048e-78
1.0598786739473e-79
8.234747614958e-81
6.264416003898e-82
4.665558336063e-83
3.401537802927e-84
2.427453104631e-85
1.6954492448271e-86
1.1588599536171e-87
7.750726855331e-89
5.071910533595e-90
3.246908285131e-91
2.0332397338172e-92
1.2453096358815e-93
7.459085250204e-95
4.368795448398e-96
2.5018046637741e-97
1.4005783679001e-98
7.664250344111e-100
4.09906912746e-101
2.1423885512481e-102
1.0940871013233e-103
5.458690992552e-105
2.6604151383341e-106
1.2664118230644e-107
5.887141969592e-109
2.672245842109e-110
1.1842079153127e-111
5.122658371116e-113
2.1627875492164e-114
8.910814359485e-116
3.582109833611e-117
1.4047857766098e-118
5.37355318001e-120
2.0045762244531e-121
7.29157343704e-123
2.585737267821e-124
8.937941302039e-126
3.010958213898e-127
9.88345709108e-129
3.160613202729e-130
9.844917750011e-132
2.986411114853e-133
8.82065488812e-135
2.536186780356e-136
7.097487736926e-138
1.9327838982943e-139
5.120681103746e-141
1.3196136102351e-142
3.307101699223e-144
8.058149226461e-146
1.9085936901068e-147
4.393226716647e-149
9.825287844396e-151
2.134499500286e-152
4.503305964506e-154
9.224543227147e-156
1.8341190501456e-157
3.538900785254e-159
6.624515811876e-161
1.2027326123731e-162
2.117361877189e-164
3.61336222543e-166
5.975786664601e-168
9.57458468725e-170
1.4857900180504e-171
2.232420931507e-173
3.24669508217e-175
4.568948782014e-177
6.219564032201e-179
8.187074835632e-181
1.0417793154478e-182
1.2810038369977e-184
1.52159443946e-186
1.745273861448e-188
1.932337977047e-190
2.064392045252e-192
2.127264877864e-194
2.113478447219e-196
2.023686245819e-198
1.86670381633e-200
1.658088389979e-202
1.4175824334898e-204
1.1660058559308e-206
9.222807226863e-209
7.011781894782e-211
5.12134292639e-213
3.591791041076e-215
2.417606301156e-217
1.560905964051e-219
9.661563281831e-222
5.729987622382e-224
3.254203316272e-226
1.768732653768e-228
9.194759880596e-231
4.568835443388e-233
2.168580361309e-235
9.825614339445e-238
4.246766433034e-240
1.749694999353e-242
6.866771796535e-245
2.565073545501e-247
9.11305131992e-250
3.076756438489e-252
9.863348449544e-255
2.999727346468e-257
8.647218882909e-260
2.360509547057e-262
6.096107793103e-265
1.487937902087e-267
3.428893383584e-270
7.452380120793e-273
1.525895839541e-275
2.939963115711e-278
5.32383192187e-281
9.049604241635e-284
1.4420911388371e-286
2.151419857993e-289
3.000636650333e-292
3.906764560751e-295
4.740980670766e-298
5.353867656104e-301
5.616746662818e-304
5.464554381614e-307
4.921252702874e-310
4.094554066077e-313
3.140975386979e-316
2.216772892332e-319
1.4361499679669e-322
8.520618913753e-326
4.617954053128e-329
2.280281666427e-332
1.0229984750272e-335
4.157425721752e-339
1.525718486214e-342
5.039379082316e-346
1.4927660356794e-349
3.950719246192e-353
9.304138322042e-357
1.941397798318e-360
3.572549326997e-364
5.769041918969e-368
8.131301707425e-372
9.945576902028e-376
1.0490281906176e-379
9.476994154064e-384
7.278708515537e-388
4.714240385062e-392
2.551958487277e-396
1.1433471119902e-400
4.193827886494e-405
1.2443173902319e-409
2.946360745541e-414
5.484005763412e-419
7.887352075727e-424
8.596464199147e-429
6.943030097214e-434
4.049226905799e-439
1.6543875870874e-444
4.568634204057e-450
8.168964245851e-456
8.975593880725e-462
5.679228895693e-468
1.9057881588379e-474
3.046055668984e-481
2.0052534620384e-488
4.425954968458e-496
2.4012236574014e-504
1.9155987095991e-513
8.367502997566e-524
1.5619935271256e-536