0.07450600091927
0.0736813385028555
0.0720592856597086
0.0696928892858611
0.0666580916074365
0.0630496860605946
0.058976408812245
0.0545555198187733
0.0499072484083108
0.0451494663894851
0.0403929097207155
0.0357372038697451
0.0312678662671358
0.0270543707919581
0.0231492729492183
0.0195883180783071
0.0163913944341166
0.013564151831016
0.011100085823587
0.008982885985476
0.0071888618390163
0.0056892873109257
0.0044525396385757
0.003445946884445
0.0026372956338647
0.0019959839228588
0.0014938318684646
0.00110558279025462
0.00080914067871593
0.00058559627124675
0.00041909482167714
0.00029659523677274
0.00020756400063586
0.000143639509009007
0.000098294174973649
0.000066513768039717
0.000044506461518168
0.00002944829202223
0.000019267279726463
0.000012465267334467
7.9744600326473e-6
5.044486875195e-6
3.1553402130939e-6
1.9515796119242e-6
1.1935333839515e-6
7.2175260131352e-7
4.3156363006192e-7
2.5515327644428e-7
1.4916068465922e-7
8.6218706287927e-8
4.9276459221352e-8
2.7846154006394e-8
1.5558778323383e-8
8.5954190656639e-9
4.6950106839685e-9
2.5355997034523e-9
1.353929095121e-9
7.1479045941441e-10
3.7310028344202e-10
1.9254522677194e-10
9.824185473539e-11
4.9557931521642e-11
2.4716031863848e-11
1.2186790477726e-11
5.940745698451e-12
2.8630539149338e-12
1.3641147163545e-12
6.4254101123729e-13
2.9920932020119e-13
1.3774293563126e-13
6.2687229769283e-14
2.8203295064391e-14
1.2543741165268e-14
5.5151348483844e-15
2.3970786972016e-15
1.0299135389286e-15
4.3742812233397e-16
1.8365178689591e-16
7.621862911137e-17
3.126795966713e-17
1.2679590601878e-17
5.0824482565783e-18
2.0137123766531e-18
7.886299533934e-19
3.0527763794775e-19
1.1680382802293e-19
4.4172695823775e-20
1.6511243672118e-20
6.099987606261e-21
2.2273863512878e-21
8.038474972556e-22
2.8671952952947e-22
1.0107419745269e-22
3.5214098575463e-23
1.2124947008423e-23
4.1259484054668e-24
1.3875287644502e-24
4.6113486809057e-25
1.5145203626456e-25
4.915602980655e-26
1.5766172138744e-26
4.997084380961e-27
1.5650965778752e-27
4.843871802295e-28
1.4813718687664e-28
4.476600372113e-29
1.3367127180368e-29
3.943901007997e-30
1.1497533025973e-30
3.3118185476773e-31
9.425491242054e-32
2.6503872845496e-32
7.363338590423e-33
2.021121397578e-33
5.480929843092e-34
1.4684265384986e-34
3.8866745410082e-35
1.0163044594016e-35
2.625311446873e-36
6.699474261309e-37
1.6888650611713e-37
4.205666848933e-38
1.0345505661595e-38
2.5138344336065e-39
6.033659034944e-40
1.4304574895511e-40
3.349732266138e-41
7.747773841658e-42
1.7699708637242e-42
3.993633300343e-43
8.899663278075e-44
1.9587211808708e-44
4.257508690173e-45
9.139290104902e-46
1.9374628738366e-46
4.056095960742e-47
8.385457245076e-48
1.7119010223752e-48
3.451067826343e-49
6.869746844665e-50
1.3502982537373e-50
2.6206537096086e-51
5.021918220555e-52
9.501642654919e-53
1.7749481926115e-53
3.273552833009e-54
5.960577595313e-55
1.0714728417891e-55
1.9014556860368e-56
3.331131169087e-57
5.76084094931e-58
9.834599429174e-59
1.6572651302283e-59
2.7566370894284e-60
4.525922485394e-61
7.334356906397e-62
1.1730911149005e-62
1.8518399971778e-63
2.88512265241e-64
4.436098368505e-65
6.731330970987e-66
1.0079762408013e-66
1.4894837286542e-67
2.1719196283739e-68
3.125075503619e-69
4.436823680663e-70
6.215337043084e-71
8.590607499245e-72
1.1714814542949e-72
1.5761038374399e-73
2.0919797192022e-74
2.739293461382e-75
3.538450757338e-76
4.508853818425e-77
5.667379546918e-78
7.026615109541e-79
8.592947772064e-80
1.0364648337975e-80
1.2330124143568e-81
1.4466541696653e-82
1.673902434462e-83
1.9100611823605e-84
2.1493123689615e-85
2.384899843872e-86
2.60940895384e-87
2.815129744939e-88
2.994481493153e-89
3.140467501724e-90
3.247123016439e-91
3.309916791323e-92
3.326068905681e-93
3.294753924145e-94
3.217168809093e-95
3.096457970622e-96
2.937501889063e-97
2.746589102662e-98
2.531002340679e-99
2.298556866442e-100
2.057131885873e-101
1.8142340316191e-102
1.576625949754e-103
1.3500439246497e-104
1.1390176486707e-105
9.467941573513e-107
7.753579696127e-108
6.255316530057e-109
4.971360104292e-110
3.891870341637e-111
3.001074561529e-112
2.279335852112e-113
1.7050242439765e-114
1.2560902248488e-115
9.112892375504e-117
6.510488980521e-118
4.580042542074e-119
3.172490034308e-120
2.163624648745e-121
1.4527478910685e-122
9.602863899976e-124
6.248686147383e-125
4.002478608809e-126
2.523459644338e-127
1.5659039661396e-128
9.563335406908e-130
5.747817173995e-131
3.399533214747e-132
1.978479719353e-133
1.1329552721381e-134
6.383154223567e-136
3.538111916618e-137
1.929271607267e-138
1.0348379616323e-139
5.45983810103e-141
2.833260692226e-142
1.4459832031296e-143
7.257384521264e-145
3.58184736712e-146
1.738255429047e-147
8.294092034387e-149
3.890824407066e-150
1.794321878171e-151
8.134166276101e-153
3.624493767145e-154
1.587342115362e-155
6.832024961189e-157
2.889685111149e-158
1.2009911345137e-159
4.904366349443e-161
1.967637166919e-162
7.755162442665e-164
3.00251279266e-165
1.1418019739431e-166
4.264538934358e-168
1.564197915388e-169
5.633938862685e-171
1.992486422705e-172
6.918356619011e-174
2.358282766021e-175
7.891048099346e-177
2.591668174487e-178
8.353904049779e-180
2.642554256144e-181
8.202403087856e-183
2.498037428874e-184
7.463709513119e-186
2.18758640759e-187
6.289072097714e-189
1.77326801109e-190
4.903245231231e-192
1.329439711551e-193
3.534135731789e-195
9.210441759077e-197
2.352950670906e-198
5.891584625406e-200
1.445737659871e-201
3.476445305835e-203
8.190673275512e-205
1.890562978998e-206
4.274628432822e-208
9.466487281168e-210
2.053096888465e-211
4.360197979292e-213
9.066182122019e-215
1.845476951335e-216
3.677074650963e-218
7.170488607828e-220
1.368325860395e-221
2.554853109581e-223
4.666789408636e-225
8.338456907399e-227
1.457158588315e-228
2.490113184444e-230
4.160629272416e-232
6.796137646829e-234
1.085083282856e-235
1.693149325849e-237
2.581613426692e-239
3.845761321609e-241
5.596273415988e-243
7.953718195857e-245
1.103885950966e-246
1.495849253034e-248
1.978730996956e-250
2.554732639601e-252
3.218749225469e-254
3.956705677462e-256
4.744668685465e-258
5.549103917537e-260
6.328525732715e-262
7.03657735715e-264
7.626313635473e-266
8.055188628497e-268
8.290041214312e-270
8.311283560104e-272
8.115566992499e-274
7.716427571878e-276
7.142758561e-278
6.435344937425e-280
5.642038021281e-282
4.812368154916e-284
3.992443909114e-286
3.220865052063e-288
2.526123572556e-290
1.925651242315e-292
1.426370078465e-294
1.0263767223455e-296
7.1727818936e-299
4.866970856339e-301
3.205545066024e-303
2.048785136997e-305
1.270337919143e-307
7.639146800513e-310
4.453947030245e-312
2.517033725502e-314
1.378298492831e-316
7.310909998698e-319
3.75521021274e-321
1.867194199847e-323
8.98445681903e-326
4.182084112254e-328
1.88252401942e-330
8.191811597792e-333
3.444707902838e-335
1.39925094636e-337
5.488372776732e-340
2.077909141593e-342
7.590504923493e-345
2.674225522804e-347
9.082940774842e-350
2.972825837056e-352
9.372077529226e-355
2.844656797229e-357
8.309038600795e-360
2.334494258109e-362
6.305869435647e-365
1.636781960827e-367
4.080452233376e-370
9.764937047169e-373
2.242024067872e-375
4.936060176446e-378
1.0414611968535e-380
2.104623977421e-383
4.071120083847e-386
7.533436176026e-389
1.33271182671e-391
2.252472289908e-394
3.634716240167e-397
5.595881305464e-400
8.213786352214e-403
1.148618356237e-405
1.529100947562e-408
1.936354539578e-411
2.330619355777e-414
2.66399665399e-417
2.889336317942e-420
2.970834243832e-423
2.893179772528e-426
2.666098461023e-429
2.322487790331e-432
1.910578191393e-435
1.48269583614e-438
1.084276984126e-441
7.463400928407e-445
4.829815634132e-448
2.934883634183e-451
1.672501046185e-454
8.926554326051e-458
4.456017445697e-461
2.077469329928e-464
9.032338877351e-468
3.656531105049e-471
1.376062161492e-474
4.805866282963e-478
1.554898641681e-481
4.651850817972e-485
1.284403527872e-488
3.266235731784e-492
7.633767382733e-496
1.636079169308e-499
3.207912497806e-503
5.740090368238e-507
9.34889825886e-511
1.382142352063e-514
1.849411365678e-518
2.232890621641e-522
2.42459998961e-526
2.359667589449e-530
2.050713719821e-534
1.585278113188e-538
1.085531381867e-542
6.555148879577e-547
3.474215363751e-551
1.60784958464e-555
6.461935984897e-560
2.242009499884e-564
6.672558712504e-569
1.691682968272e-573
3.626175051707e-578
6.518083846603e-583
9.737283339533e-588
1.1970936481427e-592
1.1980682770158e-597
9.644662641518e-603
6.162416592744e-608
3.078926577758e-613
1.1829205657422e-618
3.429181802114e-624
7.340599840618e-630
1.131930797968e-635
1.2217869287693e-641
8.926517320629e-648
4.242573801954e-654
1.2506841654919e-660
2.15788570173e-667
2.027583830309e-674
9.468134689301e-682
1.94986253588e-689
1.5066650873423e-697
3.474278011526e-706
1.6920739588973e-715
9.817256340497e-726
2.2538366694065e-737
1.1845606304924e-751