0.0630092987031514
0.0625100758366867
0.0615234616605763
0.0600726532978531
0.0581913070767408
0.0559222412337599
0.0533158174733266
0.050428086721331
0.0473187941907972
0.044049342416244
0.040680808230272
0.037272101246878
0.033878338186677
0.030549490546007
0.0273293440804611
0.0242547888085284
0.0213554391410325
0.0186535665291378
0.0161643126606015
0.013896140371293
0.011851472396118
0.0100274648605581
0.0084168627310591
0.0070088877977707
0.0057901155036164
0.0047453043285678
0.0038581497485374
0.0031119433274474
0.0024901256793325
0.0019767293927252
0.0015567142212647
0.00121620173220329
0.00094262011610227
0.00072477205151885
0.00055283952425159
0.00041833951212289
0.00031404368158898
0.00023387392505248
0.00017278390794599
0.00012663497686177
0.00009207295495285
0.000066410632475769
0.000047519226513286
0.000033730779760966
0.000023752411454341
0.000016592520293971
0.000011498450538177
7.9047395986507e-6
5.3908350324339e-6
3.6470663653847e-6
2.4476501317629e-6
1.629565938435e-6
1.076242939125e-6
7.0512043301436e-7
4.582787277568e-7
2.9546653221087e-7
1.8897216926082e-7
1.1989390221612e-7
7.545790600501e-8
4.7110693662057e-8
2.9176958033701e-8
1.7925237853388e-8
1.0924281103347e-8
6.604233580656e-9
3.9605196587532e-9
2.3560291481856e-9
1.3902932247983e-9
8.13819168624e-10
4.7254553178728e-10
2.721774221504e-10
1.5550761094117e-10
8.813344038073e-11
4.954703823599e-11
2.763000291092e-11
1.5283708650652e-11
8.386088947916e-12
4.5642703002983e-12
2.464124701425e-12
1.3195677026903e-12
7.009330690375e-13
3.6931375577242e-13
1.9301303482056e-13
1.0005715508875e-13
5.14491408905e-14
2.6240653973604e-14
1.3275038579141e-14
6.661308916531e-15
3.3154616716838e-15
1.6367678574457e-15
8.014690612931e-16
3.8926106652235e-16
1.875200085877e-16
8.959929301156e-17
4.2462907839429e-17
1.9960016243728e-17
9.305846106065e-18
4.303208986158e-18
1.9736419162294e-18
8.978036355479e-19
4.0506912181793e-19
1.8126308688338e-19
8.044882558203e-20
3.5412596544577e-20
1.5460415339608e-20
6.694334886293e-21
2.8748430952562e-21
1.2244436682134e-21
5.172242914176e-22
2.1668653230498e-22
9.003166121844e-23
3.709935453676e-23
1.5161513980689e-23
6.144991240051e-24
2.4700160308495e-24
9.846352525309e-25
3.892650073649e-25
1.5261842521212e-25
5.934134762955e-26
2.2881993747449e-26
8.750109750255e-27
3.3182832033374e-27
1.2479316812982e-27
4.654174464771e-28
1.7213375408016e-28
6.313322447533e-29
2.2962302771269e-29
8.282003378004e-30
2.9622028385443e-30
1.0506317263921e-30
3.695212575523e-31
1.2887788009127e-31
4.457221260416e-32
1.5285992384852e-32
5.198325540372e-33
1.752953596224e-33
5.861532415431e-34
1.9434903570971e-34
6.389703547946e-35
2.0830645628787e-35
6.733564514871e-36
2.1582618502143e-36
6.859248963587e-37
2.1615177218035e-37
6.753785825028e-38
2.0923697530884e-38
6.427300900058e-39
1.9575561764593e-39
5.911416498592e-40
1.7699332888367e-40
5.254198854255e-41
1.5464525804522e-41
4.512772043815e-42
1.3056387505025e-42
3.745170889191e-43
1.0650875635303e-43
3.003033078706e-44
8.394446653755e-45
2.3263613843381e-45
6.39162661962e-46
1.740967443277e-46
4.701222778695e-47
1.2585422552878e-47
3.340083954311e-48
8.787702915993e-49
2.2920152682901e-49
5.926243925458e-50
1.5189976496557e-50
3.8596319455e-51
9.721684189982e-52
2.42738984202e-52
6.008077127569e-53
1.4740931317573e-53
3.585116486646e-54
8.643029173036e-55
2.0654203094553e-55
4.892445816902e-56
1.1487196409095e-56
2.673423712135e-57
6.167121722456e-58
1.4101114253182e-58
3.195771373044e-59
7.178677896779e-60
1.5982872066002e-60
3.526970505287e-61
7.714015375721e-62
1.6721907628533e-62
3.59263195209e-63
7.649906468072e-64
1.614398973616e-64
3.376539167174e-65
6.998962445835e-66
1.4377759916857e-66
2.927110946323e-67
5.905711005083e-68
1.1808231699386e-68
2.33976254805e-69
4.594386015373e-70
8.94018378642e-71
1.7239439072404e-71
3.294214998915e-72
6.237739571221e-73
1.1704243465015e-73
2.176178636738e-74
4.009360048343e-75
7.319460717791e-76
1.3240389624232e-76
2.373199246079e-77
4.214765818314e-78
7.416730839924e-79
1.2931394880618e-79
2.233911349638e-80
3.823561445146e-81
6.484038989428e-82
1.0894124797779e-82
1.8134349915e-83
2.990668244017e-84
4.886351747728e-85
7.909427389856e-86
1.2683605638983e-86
2.014982505071e-87
3.171203665341e-88
4.944184732334e-89
7.636182284083e-90
1.1683211046341e-90
1.770703058266e-91
2.658398148993e-92
3.95346800671e-93
5.823893644288e-94
8.498038289956e-95
1.2282505259152e-95
1.758373756997e-96
2.493355861482e-97
3.501861823703e-98
4.87133706788e-99
6.711575984834e-100
9.1584221727e-101
1.2377394475747e-101
1.656695846334e-102
2.196108578455e-103
2.88306708097e-104
3.748331419192e-105
4.826094726722e-106
6.153477140671e-107
7.769703427982e-108
9.714927063555e-109
1.2028680545714e-109
1.474795537859e-110
1.790494488081e-111
2.15245174421e-112
2.562152481491e-113
3.019808644131e-114
3.524102295907e-115
4.071963582366e-116
4.658404138549e-117
5.276426326794e-118
5.917026405003e-119
6.56930551501e-120
7.220696343076e-121
7.857305748864e-122
8.464365100514e-123
9.026771179195e-124
9.52969213134e-125
9.959205890926e-126
1.0302933552604e-126
1.0550627982219e-127
1.0694678902034e-128
1.0730499882923e-129
1.0656769886616e-130
1.0475511680593e-131
1.0192000779026e-132
9.814510540684e-134
9.353910594998e-135
8.823145827255e-136
8.236630844694e-137
7.609599530122e-138
6.957450647711e-139
6.295128516649e-140
5.63657285793e-141
4.994264664727e-142
4.378886153384e-143
3.79910341553e-144
3.26147119401e-145
2.770451022269e-146
2.328527396459e-147
1.936402067894e-148
1.593244090741e-149
1.296972855304e-150
1.0445527175269e-151
8.322806075363e-153
6.560517027713e-154
5.115924124743e-155
3.946541083137e-156
3.011648956955e-157
2.273399957238e-158
1.697538479715e-159
1.253787974525e-160
9.159622693532e-162
6.618633113094e-163
4.730253369029e-164
3.343596881854e-165
2.33746316276e-166
1.616087395101e-167
1.104998949421e-168
7.471769997045e-170
4.996170893968e-171
3.303624590129e-172
2.16008610122e-173
1.396579468401e-174
8.9281526977e-176
5.643466809466e-177
3.527001863627e-178
2.179353015177e-179
1.331368827055e-180
8.040900855881e-182
4.80101497899e-183
2.833804215869e-184
1.65348909884e-185
9.53704244424e-187
5.437421986075e-188
3.064257444783e-189
1.706853218893e-190
9.3970497301e-192
5.113248382884e-193
2.74977867471e-194
1.461434731e-195
7.675862209076e-197
3.984061923077e-198
2.043436427998e-199
1.035659932663e-200
5.186554349388e-202
2.566439317967e-203
1.254751830613e-204
6.060992928082e-206
2.892497649622e-207
1.363733822932e-208
6.351809926737e-210
2.92253988503e-211
1.328318185694e-212
5.963565785432e-214
2.644572621576e-215
1.158333952245e-216
5.010994810822e-218
2.140961819008e-219
9.03382075815e-221
3.764386593792e-222
1.549029324652e-223
6.294337847062e-225
2.525501373982e-226
1.000539684588e-227
3.913740444762e-229
1.511479958304e-230
5.762977873309e-232
2.169237219042e-233
8.060534851455e-235
2.956639687245e-236
1.070511934596e-237
3.825814065493e-239
1.349509450438e-240
4.698162531377e-242
1.61421103106e-243
5.473343442229e-245
1.831407416385e-246
6.046954382174e-248
1.970095406456e-249
6.333092944548e-251
2.008637208009e-252
6.285256228073e-254
1.940255476751e-255
5.908642301005e-257
1.774955748374e-258
5.259402425526e-260
1.537135308732e-261
4.430902455751e-263
1.25966200449e-264
3.531626424181e-266
9.76407911479e-268
2.661952609203e-269
7.155801978024e-271
1.896625172811e-272
4.956166798707e-274
1.276812994895e-275
3.242658259059e-277
8.117884421761e-279
2.003214177339e-280
4.872249728033e-282
1.167948978051e-283
2.759209427476e-285
6.423710362699e-287
1.473674245246e-288
3.331231332866e-290
7.419404987936e-292
1.628048371125e-293
3.519428528674e-295
7.494730351673e-297
1.57213921761e-298
3.248246200903e-300
6.609998378323e-302
1.324705905249e-303
2.614413181393e-305
5.080848319366e-307
9.72245177904e-309
1.831736171453e-310
3.397561087187e-312
6.203805917333e-314
1.115076659121e-315
1.972765771123e-317
3.435096495463e-319
5.886578966926e-321
9.92693708706e-323
1.647263659498e-324
2.689511760426e-326
4.320289228901e-328
6.827275548793e-330
1.061312027339e-331
1.622800799636e-333
2.440500209105e-335
3.609513199562e-337
5.249752213363e-339
7.507808555062e-341
1.055687062825e-342
1.459378094215e-344
1.983232451236e-346
2.649199798513e-348
3.478185833276e-350
4.487960786819e-352
5.690681745606e-354
7.090205430692e-356
8.67945476599e-358
1.043817375815e-359
1.233144326871e-361
1.430931895901e-363
1.630788118359e-365
1.8251853222e-367
2.005875907662e-369
2.164437746263e-371
2.292903684367e-373
2.384412456999e-375
2.4338086318e-377
2.438119526308e-379
2.396848265406e-381
2.312043191314e-383
2.188131719974e-385
2.03153705587e-387
1.850123953422e-389
1.652540379007e-391
1.447532243644e-393
1.243307056866e-395
1.047010257125e-397
8.64357832166e-400
6.994445921755e-402
5.54723379782e-404
4.311303572162e-406
3.283178897238e-408
2.449505257858e-410
1.790207585496e-412
1.281480839295e-414
8.98351433535e-417
6.16661361518e-419
4.144323040015e-421
2.726503563071e-423
1.755668405065e-425
1.106369858205e-427
6.822069728268e-430
4.115528242536e-432
2.42864102934e-434
1.401725945153e-436
7.91147921484e-439
4.365950584367e-441
2.355359542891e-443
1.242002748085e-445
6.400346171019e-448
3.222756193546e-450
1.585334543636e-452
7.61744170464e-455
3.574507372448e-457
1.637815586218e-459
7.326174035158e-462
3.198698661176e-464
1.362926554013e-466
5.666207317991e-469
2.297999194041e-471
9.08991539181e-474
3.506195449477e-476
1.318533101041e-478
4.833207515767e-481
1.726548135418e-483
6.009365202945e-486
2.037470841093e-488
6.727779156282e-491
2.163079795428e-493
6.770100482401e-496
2.062238925562e-498
6.112260915561e-501
1.762299615407e-503
4.941588817785e-506
1.347269805397e-508
3.570539132537e-511
9.19586053141e-514
2.300998512102e-516
5.592288505285e-519
1.319756336369e-521
3.023488559949e-524
6.722184061841e-527
1.450022331656e-529
3.033705893196e-532
6.15426940841e-535
1.210182682949e-537
2.306010360772e-540
4.256662390679e-543
7.60910724453e-546
1.316772520862e-548
2.205227304e-551
3.572822500431e-554
5.597984970239e-557
8.47925461044e-560
1.241164528569e-562
1.755025158775e-565
2.396363143839e-568
3.158395242214e-571
4.016523517355e-574
4.926353989286e-577
5.825185522752e-580
6.637673812877e-583
7.285390508524e-586
7.69883151964e-589
7.82945335193e-592
7.65891888647e-595
7.203153283798e-598
6.510008741395e-601
5.650975406721e-604
4.70892563367e-607
3.76482407049e-610
2.886382418684e-613
2.120826136959e-616
1.492614021751e-619
1.005596545522e-622
6.481409127927e-626
3.994044392803e-629
2.351662508561e-632
1.322113730835e-635
7.092498808085e-639
3.627962738397e-642
1.768263924536e-645
8.20598109885e-649
3.623113478233e-652
1.520758285599e-655
6.063364210925e-659
2.294456299998e-662
8.23350284876e-666
2.79925401361e-669
9.00853991175e-673
2.741633839479e-676
7.882831559829e-680
2.139110444787e-683
5.472775791144e-687
1.318666746933e-690
2.98901574332e-694
6.366230674848e-698
1.27254860546e-701
2.3843038985e-705
4.181970296855e-709
6.857212975086e-713
1.049673174016e-716
1.497850863958e-720
1.989453315947e-724
2.455643053393e-728
2.812224079332e-732
2.982937865299e-736
2.925311371357e-740
2.647421773663e-744
2.206734765361e-748
1.690700800212e-752
1.188077672964e-756
7.640318736241e-761
4.485861936982e-765
2.398700190609e-769
1.165129952975e-773
5.126895206905e-778
2.037818903717e-782
7.294376472713e-787
2.343839802849e-791
6.73766920405e-796
1.72651555286e-800
3.928727198087e-805
7.906625790057e-810
1.401238186852e-814
2.176772477913e-819
2.949553263131e-824
3.467787909198e-829
3.517597553088e-834
3.059825434983e-839
2.267556903279e-844
1.42152925889e-849
7.480969130506e-855
3.277511121259e-860
1.184591508747e-865
3.497157976359e-871
8.34154334585e-877
1.588330390038e-882
2.382426522618e-888
2.773676552829e-894
2.465278604608e-900
1.642003912773e-906
8.024982541862e-913
2.809746222199e-919
6.856324637405e-926
1.129460036313e-932
1.210047644539e-939
8.066852332514e-947
3.17366086269e-954
6.907478159308e-962
7.676160261192e-970
3.933514512702e-978
8.136204207414e-987
5.67323876586e-996
1.0329916207368e-1005
3.339383131072e-1016
1.011079825267e-1027
8.363352192145e-1041
7.781529286913e-1057