0.0971394248010432
0.0953156973341247
0.0917702540365122
0.086697673054257
0.0803674247767741
0.0731002004885971
0.0652411321409519
0.0571329980971472
0.0490922621223643
0.041390166744578
0.0342402325190957
0.0277925647155535
0.0221344954932954
0.0172964150533777
0.0132612395449886
0.0099758398914094
0.0073628782694862
0.0053317985807078
0.0037881107697137
0.00264051703405818
0.00180578850015382
0.00121157505929059
0.00079750407770136
0.00051500085020853
0.00032626343977036
0.000202771528256552
0.000123627756340918
0.000073941367874149
0.000043382358862606
0.0000249680381791305
0.0000140958838791442
7.8059825859301e-6
4.240144135072e-6
2.25913151387266e-6
1.18059245330872e-6
6.0512555543225e-7
3.0420549801514e-7
1.49986934138735e-7
7.2525877197259e-8
3.4393295501582e-8
1.59949736277091e-8
7.2947355185498e-9
3.2624123598684e-9
1.43073130322108e-9
6.1525267419094e-10
2.5942454768899e-10
1.07254694892111e-10
4.3476485661543e-11
1.7278667501713e-11
6.7323735642441e-12
2.571653048662e-12
9.6300035023e-13
3.5350349888516e-13
1.2720292722814e-13
4.4866184098458e-14
1.5511076091929e-14
5.2559014581552e-15
1.7454857692472e-15
5.6810699306107e-16
1.8120458447152e-16
5.6638733123887e-17
1.7347737484774e-17
5.2063857676411e-18
1.5309916984268e-18
4.4109351909891e-19
1.2450528427837e-19
3.4428779476955e-20
9.3262965374239e-21
2.4747259899899e-21
6.4320796727094e-22
1.6374110883855e-22
4.082453029393e-23
9.968194019084e-24
2.3835142492512e-24
5.580828525468e-25
1.279476839713e-25
2.8720477815806e-26
6.3117314813611e-27
1.3579213132282e-27
2.859835246608e-28
5.8954679872724e-29
1.1895327735669e-29
2.3490098174095e-30
4.5395459642461e-31
8.584746384579e-32
1.5885383518012e-32
2.8760090520726e-33
5.0941488160387e-34
8.826890880844e-35
1.4961114063554e-35
2.4803034776781e-36
4.0215590294707e-37
6.3767029308524e-38
9.887186969554e-39
1.4989466381609e-39
2.2217634435628e-40
3.2193510629495e-41
4.5599248618172e-42
6.3128444805563e-43
8.541399688628e-44
1.1293467261238e-44
1.4590723732807e-45
1.8417635283145e-46
2.2711918586789e-47
2.7358439136238e-48
3.2188456304e-49
3.6985652720429e-50
4.1499498251809e-51
4.5465301168526e-52
4.8628999009975e-53
5.0773614473294e-54
5.1743626974687e-55
5.1463496878982e-56
4.9947298461258e-57
4.7297770337355e-58
4.3694820481549e-59
3.9375268699511e-60
3.4607003359262e-61
2.9661486025147e-62
2.4788527402516e-63
2.0196532894239e-64
1.6040186436926e-65
1.2416110462516e-66
9.365720079445e-68
6.883525152701e-69
4.9286524537202e-70
3.4373615695823e-71
2.3347094748216e-72
1.5441185122831e-73
9.94252658518e-75
6.231721582853e-76
3.8013674579971e-77
2.2564001255738e-78
1.3030445355987e-79
7.319647797432e-81
3.9987865437475e-82
2.1241789264656e-83
1.0969703316138e-84
5.506225136158e-86
2.6858453011611e-87
1.2728781819089e-88
5.85976975456e-90
2.6198069573421e-91
1.1372561730603e-92
4.792375631471e-94
1.9599643309575e-95
7.777667907953e-97
2.9939981697119e-98
1.1177620497715e-99
4.046088728631e-101
1.4197106412841e-102
4.827590707832e-104
1.5904225318092e-105
5.074915585554e-107
1.5680484608254e-108
4.690098006565e-110
1.3575966988515e-111
3.801874800462e-113
1.0297500770285e-114
2.6967369447669e-116
6.826225923759e-118
1.6696190340485e-119
3.944616132693e-121
8.999020409876e-123
1.9816993644797e-124
4.210925416552e-126
8.630897152122e-128
1.7057302275193e-129
3.249182122147e-131
5.963155180108e-133
1.0540013180805e-134
1.7934499512973e-136
2.936539078181e-138
4.624780991528e-140
7.002623624761e-142
1.0189308449616e-143
1.4240903728951e-145
1.910857145975e-147
2.460366000247e-149
3.038287624223e-151
3.596550570607e-153
4.078827740548e-155
4.429281850642e-157
4.602880041991e-159
4.574740670773e-161
4.34588298129e-163
3.943577169231e-165
3.416023968304e-167
2.822788005759e-169
2.223625235022e-171
1.668630996387e-173
1.1919377300192e-175
8.098597498158e-178
5.229814025184e-180
3.207216370686e-182
1.86624595604e-184
1.0295041916787e-186
5.379133468248e-189
2.659582323721e-191
1.2431063306908e-193
5.487287076124e-196
2.285102301352e-198
8.967644757864e-201
3.312709524467e-203
1.1505568557174e-205
3.752486098346e-208
1.1477851073047e-210
3.288161233433e-213
8.810327469374e-216
2.204682678145e-218
5.144645131675e-221
1.1177119850469e-223
2.257080299158e-226
4.229115791135e-229
7.339109987286e-232
1.177320051905e-234
1.7423140520685e-237
2.373649945855e-240
2.970252965057e-243
3.405898192326e-246
3.569839442994e-249
3.411139534944e-252
2.963271086116e-255
2.333340514946e-258
1.6601726784404e-261
1.0637578641006e-264
6.116412415163e-268
3.143836707921e-271
1.438670425738e-274
5.835816979914e-278
2.088527398848e-281
6.561127997153e-285
1.7994620151432e-288
4.283138616024e-292
8.791143102167e-296
1.5450817976264e-299
2.307580533431e-303
2.904126967915e-307
3.05149351058e-311
2.649759706283e-315
1.8800218695636e-319
1.0761425098511e-323
4.899319255778e-328
1.7456706087757e-332
4.779509113058e-337
9.845998438329e-342
1.4894100241001e-346
1.607980965654e-351
1.1979405289472e-356
5.914926783299e-362
1.8428221627366e-367
3.408535861921e-373
3.464346870336e-379
1.7491885645654e-385
3.8283635807e-392
2.994759976169e-399
6.259452541747e-407
2.1604251802733e-415
4.884659427009e-425
6.666078986337e-437