0.0532401624669371
0.0529388131300789
0.0523412209136673
0.0514574548137988
0.050302264195186
0.048894669416727
0.0472574411258378
0.0454164881305749
0.043400176818235
0.041238607044076
0.038962870200378
0.036604314797359
0.034193843410359
0.031761262396816
0.029334702533275
0.026940124873037
0.024600921905195
0.022337619736949
0.020167682745909
0.018105418158682
0.0161619744758165
0.0143454247117249
0.0126609231386305
0.0111109226588844
0.0096954390806202
0.0084123484000916
0.0072577036309186
0.006226058672504
0.005310788067969
0.0045043931494629
0.0037987868891664
0.0031855516581303
0.0026561659448463
0.0022021978197151
0.00181546448721
0.0014881586004636
0.0012129430976791
0.0009830171476646
0.00079215636894618
0.00063473083118791
0.00050570448552191
0.0004006196340126
0.00031556987275737
0.00024716466328406
0.00019248833646307
0.00014905594240584
0.00011476795483036
0.00008786544041357
0.000066886929056379
0.000050627881342259
0.000038103352022829
0.000028514196615779
0.000021216962580019
0.000015697445095661
0.000011547766577138
8.446753951873e-6
6.1433331453157e-6
4.4426306884343e-6
3.1944626566905e-6
2.2838964299478e-6
1.6235867657121e-6
1.1476107779382e-6
8.065536415279e-7
5.6362586116622e-7
3.9162199169684e-7
2.705585200439e-7
1.8585438434369e-7
1.2694082648057e-7
8.620772828686e-8
5.821124576854e-8
3.9082544992812e-8
2.6089962676231e-8
1.7317220120457e-8
1.1428688783524e-8
7.499417785378e-9
4.892952474901e-9
3.174140452147e-9
2.0473512275275e-9
1.3130129413207e-9
8.372505870377e-10
5.308246324265e-10
3.3462252436114e-10
2.0973316285928e-10
1.3070319366015e-10
8.098633933314e-11
4.989340273206e-11
3.0561844756733e-11
1.861317178524e-11
1.1271062764765e-11
6.785975516129e-12
4.062205711244e-12
2.4177589418075e-12
1.4307534265751e-12
8.418147721854e-13
4.924560454897e-13
2.8642888355702e-13
1.6563944533192e-13
9.523740446158e-14
5.444366552347e-14
3.0944421963804e-14
1.7486857954481e-14
9.825049587016e-15
5.488459227271e-15
3.048302127459e-15
1.6832809008952e-15
9.24156106051e-16
5.044560792361e-16
2.7377247469437e-16
1.4772150055576e-16
7.924725838907e-17
4.226788138774e-17
2.2414109697521e-17
1.1817248233401e-17
6.194327166795e-18
3.228151379271e-18
1.6726098924624e-18
8.616194287641e-19
4.412811606184e-19
2.2469499034385e-19
1.1374923955524e-19
5.7250557966e-20
2.864745501858e-20
1.4251692771579e-20
7.048876680777e-21
3.466134358632e-21
1.6945010724959e-21
8.235846090337e-22
3.979636920436e-22
1.9118176321085e-22
9.130954391426e-23
4.335622805415e-23
2.0466864623378e-23
9.605379713937e-24
4.481671648267e-24
2.0788668691941e-24
9.586792538664e-25
4.395202003678e-25
2.0032818343463e-25
9.077406839681e-26
4.089186385808e-26
1.8313282035148e-26
8.153581894177e-27
3.608963270252e-27
1.5880604956172e-27
6.947058467426e-28
3.021224253935e-28
1.3062064502989e-28
5.614179383774e-29
2.3988609904722e-29
1.0189830084445e-29
4.302992433047e-30
1.8064032666431e-30
7.53872710344e-31
3.127657634959e-31
1.2899620770183e-31
5.288955298162e-32
2.1557417168015e-32
8.734862637271e-33
3.518411208012e-33
1.4088569580716e-33
5.608098267156e-34
2.219173942894e-34
8.729566694817e-35
3.413644030599e-35
1.3269866523971e-35
5.127860752821e-36
1.9698166107571e-36
7.522008456092e-37
2.855346551342e-37
1.0774555116519e-37
4.041605289041e-38
1.5070268213227e-38
5.585976391956e-39
2.058195974767e-39
7.538454916842e-40
2.744633829268e-40
9.933250506579e-41
3.573565222902e-41
1.2779498727892e-41
4.542826263026e-42
1.6052291970211e-42
5.638258547417e-43
1.968558508538e-43
6.83196212451e-44
2.356865089103e-44
8.08191921353e-45
2.754756020109e-45
9.33338040058e-46
3.143260010424e-46
1.0522173930945e-46
3.501166598716e-47
1.1579785101778e-47
3.806860184093e-48
1.2439712023913e-48
4.040442758479e-49
1.3044308735917e-49
4.185861892617e-50
1.3351149570996e-50
4.23273014316e-51
1.3337942988155e-51
4.177550220092e-52
1.3005205789009e-52
4.024145478056e-53
1.2376252692238e-53
3.783222291272e-54
1.149449464071e-54
3.471133816742e-55
1.0418480755396e-55
3.108043529262e-56
9.215471068088e-57
2.7157751575e-57
7.954519852848e-58
2.315666794132e-58
6.700051563961e-59
1.926718329717e-59
5.50673700915e-60
1.5642438988228e-60
4.416178533418e-61
1.2391354269067e-61
3.455563605478e-62
9.57734056252e-63
2.638121756928e-63
7.222150538467e-64
1.964979177424e-64
5.313332446904e-65
1.427879447346e-65
3.813550412838e-66
1.0122288404395e-66
2.670158517147e-67
7.000069439067e-68
1.823780001089e-68
4.722208579438e-69
1.2151175806296e-69
3.10734630993e-70
7.896906673358e-71
1.994426865142e-71
5.005768279628e-72
1.2485692248828e-72
3.094863479938e-73
7.623511637651e-74
1.866169306575e-74
4.539699527472e-75
1.097440398283e-75
2.636393349036e-76
6.293794381859e-77
1.49308869715e-77
3.519873061071e-78
8.245829302802e-79
1.919575589884e-79
4.440554637786e-80
1.0207700197591e-80
2.331711619247e-81
5.292678940164e-82
1.1937889972208e-82
2.675644526115e-83
5.959030063415e-84
1.318762356004e-84
2.900005225885e-85
6.336796329433e-86
1.375868374326e-86
2.968367213659e-87
6.363402228577e-88
1.355468832019e-88
2.868900527811e-89
6.033434597169e-90
1.260765301043e-90
2.617711287529e-91
5.40038135576e-92
1.1069795787543e-92
2.254574453086e-93
4.562434342836e-94
9.173456658545e-95
1.832613957841e-95
3.637540130929e-96
7.173657606506e-97
1.405616181978e-97
2.736423399923e-98
5.292824097895e-99
1.017129858601e-99
1.941991243626e-100
3.683809643778e-101
6.942617767263e-102
1.299937848902e-102
2.418200249611e-103
4.469195356847e-104
8.205987848863e-105
1.496903785148e-105
2.712785196143e-106
4.884188659141e-107
8.736187432668e-108
1.552390268407e-108
2.740477796573e-109
4.806124388622e-110
8.37344142976e-111
1.449272762007e-111
2.49189834252e-112
4.256390141177e-113
7.222379478751e-114
1.21742938472e-114
2.038584301123e-115
3.391031232862e-116
5.603377809859e-117
9.197711626679e-118
1.499747640958e-118
2.429191939941e-119
3.908475860238e-120
6.246714972902e-121
9.917250375485e-122
1.563949969993e-122
2.4498701538e-123
3.811961744888e-124
5.891635385386e-125
9.044855623559e-126
1.379248224658e-126
2.089078677844e-127
3.142933988013e-128
4.69656498679e-129
6.970862573232e-130
1.027661981329e-130
1.504762986801e-131
2.188448795391e-132
3.16119711658e-133
4.535342216696e-134
6.462614137112e-135
9.146236550874e-136
1.285609323921e-136
1.794751398742e-137
2.48842521068e-138
3.426621790828e-139
4.686248368704e-140
6.364997315323e-141
8.585807803691e-142
1.150191932804e-142
1.530248177846e-143
2.021864212371e-144
2.652997253931e-145
3.457103938882e-146
4.4737838141e-147
5.749373856518e-148
7.337450121043e-149
9.29918454842e-150
1.170349782568e-150
1.462694377434e-151
1.815325792887e-152
2.237250368712e-153
2.73797545632e-154
3.327326143846e-155
4.015206986077e-156
4.811307464715e-157
5.724752714435e-158
6.763704384433e-159
7.934920242792e-160
9.24328509403e-161
1.069132953629e-161
1.227875675643e-162
1.40020006414e-163
1.585384065442e-164
1.782309988359e-165
1.989445215878e-166
2.204836196399e-167
2.426117695901e-168
2.650538729816e-169
2.875005876251e-170
3.096143830845e-171
3.310372141312e-172
3.51399611054e-173
3.703308942467e-174
3.874701389195e-175
4.02477450361e-176
4.15045066436e-177
4.249077862501e-178
4.318522348036e-179
4.357245136754e-180
4.364358558831e-181
4.339659955417e-182
4.283640743473e-183
4.197470303391e-184
4.082955419124e-185
3.942477234017e-186
3.778908797156e-187
3.595517194239e-188
3.395854927655e-189
3.183645595317e-190
2.962669001361e-191
2.736650619919e-192
2.509159853028e-193
2.283520819644e-194
2.062738542773e-195
1.849442431737e-196
1.645847955185e-197
1.453736432922e-198
1.274451998861e-199
1.108914049455e-200
9.57642924189e-202
8.20796184152e-203
6.982126638328e-204
5.894614591259e-205
4.938931593055e-206
4.106909026276e-207
3.389191999589e-208
2.77568892538e-209
2.255970543192e-210
1.819610857533e-211
1.456466491824e-212
1.156894475832e-213
9.11911361706e-215
7.13298748038e-216
5.536617828027e-217
4.264480612487e-218
3.259346139002e-219
2.471904939002e-220
1.860219325356e-221
1.389062467149e-222
1.029197539584e-223
7.56639667423e-225
5.519336958684e-226
3.994718191719e-227
2.868671286104e-228
2.043924063711e-229
1.44488058321e-230
1.013389132382e-231
7.05166133634e-233
4.868233032748e-234
3.334338872782e-235
2.265689007322e-236
1.527343530323e-237
1.021439575577e-238
6.77675465378e-240
4.460233053342e-241
2.912148965284e-242
1.886181014362e-243
1.211882078846e-244
7.7239240687e-246
4.883257831095e-247
3.062447780698e-248
1.905058946668e-249
1.175498574605e-250
7.19453934483e-252
4.367614190329e-253
2.629899128046e-254
1.570654183486e-255
9.30383064163e-257
5.466077541187e-258
3.185044797081e-259
1.840661883835e-260
1.054979745706e-261
5.996788369703e-263
3.380575572187e-264
1.88996031943e-265
1.047846281167e-266
5.761267224643e-268
3.141280162979e-269
1.698463216043e-270
9.10665764548e-272
4.841810515608e-273
2.552671697802e-274
1.334482757609e-275
6.91757998666e-277
3.555584263085e-278
1.812072720065e-279
9.15672943995e-281
4.587725866482e-282
2.278972119538e-283
1.122424533951e-284
5.480799795476e-286
2.653330741201e-287
1.273478062942e-288
6.059490285827e-290
2.85836136218e-291
1.336676778868e-292
6.196631548013e-294
2.847715906105e-295
1.297301833199e-296
5.858418616676e-298
2.622444663265e-299
1.163617751518e-300
5.117806664616e-302
2.231096481335e-303
9.64062339467e-305
4.128910542466e-306
1.752672057796e-307
7.37380885639e-309
3.074682288681e-310
1.270623412292e-311
5.203945263493e-313
2.112218354293e-314
8.49622567071e-316
3.386766483198e-317
1.337849459471e-318
5.237002216463e-320
2.03143279901e-321
7.80830864949e-323
2.973971826944e-324
1.122361061484e-325
4.196958074863e-327
1.555010563159e-328
5.708461038891e-330
2.07626113138e-331
7.48190738277e-333
2.671161990943e-334
9.44790957879e-336
3.310616137235e-337
1.149236613042e-338
3.952095850194e-340
1.346333557118e-341
4.543335290062e-343
1.518740182718e-344
5.028846169945e-346
1.64937313033e-347
5.358270476391e-349
1.724149369631e-350
5.494889921083e-352
1.734467645152e-353
5.422326671708e-355
1.678829231528e-356
5.147753722139e-358
1.563177686565e-359
4.700750032182e-361
1.39985481517e-362
4.128046561298e-364
1.205426077898e-365
3.485455598969e-367
9.9790683625e-369
2.828917798043e-370
7.94033602705e-372
2.206652340156e-373
6.07146650452e-375
1.653887786805e-376
4.46025035357e-378
1.190806289119e-379
3.147310088478e-381
8.23459487604e-383
2.132735040261e-384
5.467781112397e-386
1.387561960685e-387
3.485363752597e-389
8.66534019236e-391
2.132318814397e-392
5.193197227077e-394
1.251758935366e-395
2.986047743401e-397
7.04936214293e-399
1.646897967895e-400
3.807448493645e-402
8.71040663676e-404
1.971815853107e-405
4.416763971157e-407
9.7889976991e-409
2.146617385768e-410
4.65735692433e-412
9.99721070909e-414
2.123041534335e-415
4.46030163661e-417
9.270042618e-419
1.905884399268e-420
3.876092714915e-422
7.79758074822e-424
1.551597114074e-425
3.053771436305e-427
5.94453091464e-429
1.144476941355e-430
2.17916284368e-432
4.10345971824e-434
7.64140235641e-436
1.407157794994e-437
2.56238090338e-439
4.613812358685e-441
8.21439516794e-443
1.446021099934e-444
2.516754593539e-446
4.330699117658e-448
7.36732159575e-450
1.239022417709e-451
2.059918011584e-453
3.385362070311e-455
5.499557942111e-457
8.83081579003e-459
1.401544964225e-460
2.198513086136e-462
3.408390839455e-464
5.222162755378e-466
7.90704696801e-468
1.183104796288e-469
1.749278774282e-471
2.55566273364e-473
3.689252625397e-475
5.261930161366e-477
7.4148937269e-479
1.032283848219e-480
1.419739649397e-482
1.928921432638e-484
2.588793004376e-486
3.431923709582e-488
4.493821553474e-490
5.8118198403e-492
7.42346461592e-494
9.36438390502e-496
1.1665666644e-497
1.435083740886e-499
1.743257837024e-501
2.090941595365e-503
2.476264810655e-505
2.895382941279e-507
3.342314614167e-509
3.80889938093e-511
4.284901121216e-513
4.758272693076e-515
5.215584221322e-517
5.64260188047e-519
6.02498775269e-521
6.34907623782e-523
6.60267056806e-525
6.77579603863e-527
6.8613459183e-529
6.85556222883e-531
6.75830636913e-533
6.57309270838e-535
6.3068798032e-537
5.96963631997e-539
5.57371940931e-541
5.133119744857e-543
4.662637833281e-545
4.177059484796e-547
3.690394418787e-549
3.215231717686e-551
2.762250847518e-553
2.339909339636e-555
1.954310235801e-557
1.609236126387e-559
1.306323702711e-561
1.045344221275e-563
8.24551477637e-566
6.41059512105e-568
4.91216518872e-570
3.709481938925e-572
2.760518158096e-574
2.024305660711e-576
1.462650299278e-578
1.041248437201e-580
7.3027743394e-583
5.045578625581e-585
3.433944500629e-587
2.301993392729e-589
1.519890783704e-591
9.88295649459e-594
6.32842947616e-596
3.990318911194e-598
2.47736262467e-600
1.514290673914e-602
9.1124182566e-605
5.3979576201e-607
3.147480656149e-609
1.806343894618e-611
1.020251403876e-613
5.67085619353e-616
3.101627455738e-618
1.669147501664e-620
8.83747150064e-623
4.603130761874e-625
2.358489415195e-627
1.188592105465e-629
5.89131972146e-632
2.871675234214e-634
1.376457323449e-636
6.48718329752e-639
3.005913216657e-641
1.36925387024e-643
6.1311050888e-646
2.698362583562e-648
1.167152683891e-650
4.961116774852e-653
2.072114490552e-655
8.5033135815e-658
3.428150866167e-660
1.357642968325e-662
5.281061984805e-665
2.017542088504e-667
7.56910743737e-670
2.788316108172e-672
1.008483079847e-674
3.580782475871e-677
1.248023773286e-679
4.269290224381e-682
1.43327037534e-684
4.721623167118e-687
1.526145001701e-689
4.839399322639e-692
1.505315684682e-694
4.592538700444e-697
1.374089963157e-699
4.031456219349e-702
1.159684428093e-704
3.270354068007e-707
9.0400757518e-710
2.449155019594e-712
6.50236326291e-715
1.691531268598e-717
4.311069538475e-720
1.076286275216e-722
2.631777386255e-725
6.30215493602e-728
1.477701678319e-730
3.392193236145e-733
7.62268624393e-736
1.67650866661e-738
3.608358143495e-741
7.59896467535e-744
1.565575935226e-746
3.155017733013e-749
6.21826906805e-752
1.198418114945e-754
2.258127649282e-757
4.159287949692e-760
7.48769141038e-763
1.317232255373e-765
2.264061332645e-768
3.801458652909e-771
6.23407933882e-774
9.98336427947e-777
1.560937255189e-779
2.382418787062e-782
3.548900848473e-785
5.15858327978e-788
7.315504513e-791
1.011930071396e-793
1.365095049037e-796
1.795534971211e-799
2.302260418567e-802
2.877095042217e-805
3.5034930964e-808
4.156255426649e-811
4.802442481131e-814
5.403617391713e-817
5.91931390092e-820
6.31135700113e-823
6.54843104493e-826
6.61015609567e-829
6.48994696058e-832
6.19610495867e-835
5.75090129713e-838
5.187785619096e-841
4.547205205991e-844
3.871764773823e-847
3.201537845194e-850
2.570246920882e-853
2.002795826786e-856
1.514331609408e-859
1.110714241655e-862
7.90047027628e-866
5.448068809277e-869
3.641149937803e-872
2.357792735335e-875
1.478787901813e-878
8.98046388476e-882
5.278869298517e-885
3.002521220409e-888
1.651905272665e-891
8.78791574685e-895
4.518902993278e-898
2.245267191175e-901
1.077529339095e-904
4.992878738197e-908
2.232878249569e-911
9.6338267111e-915
4.008448427797e-918
1.607746331321e-921
6.21353306432e-925
2.312871821454e-928
8.28827506624e-932
2.858115607355e-935
9.47976047591e-939
3.022811747715e-942
9.26212011187e-946
2.725710363334e-949
7.70013346354e-953
2.087084216931e-956
5.424669280999e-960
1.351328090966e-963
3.224477390861e-967
7.36579219939e-971
1.609850016468e-974
3.364300829184e-978
6.71859481588e-982
1.281326925169e-985
2.332145215874e-989
4.048311695571e-993
6.69754459721e-997
1.055292620227e-1000
1.582448068345e-1004
2.256628055615e-1008
3.057945642815e-1012
3.934543537101e-1016
4.802851399044e-1020
5.557492949481e-1024
6.09056204523e-1028
6.31606581494e-1032
6.19222614561e-1036
5.733836327359e-1040
5.009753054886e-1044
4.125915063551e-1048
3.199654561833e-1052
2.333971114309e-1056
1.599603088534e-1060
1.028848559454e-1064
6.20288414247e-1069
3.501071347828e-1073
1.847634224583e-1077
9.10460300962e-1082
4.183470488725e-1086
1.789868321346e-1090
7.11980600783e-1095
2.629097315973e-1099
8.99784548668e-1104
2.849294779275e-1108
8.33387174967e-1113
2.247390731922e-1117
5.577128690359e-1122
1.271115739615e-1126
2.655251699734e-1131
5.072657710717e-1136
8.8428924144e-1141
1.40331544761e-1145
2.022283759156e-1150
2.639521507679e-1155
3.111846311743e-1160
3.304252074917e-1165
3.150479787091e-1170
2.688710993726e-1175
2.046982874731e-1180
1.385296786172e-1185
8.30225412236e-1191
4.38876489593e-1196
2.03771813693e-1201
8.27271547348e-1207
2.922634061145e-1212
8.93932585514e-1218
2.354335769163e-1223
5.307951297521e-1229
1.018020706904e-1234
1.649788601274e-1240
2.24276840835e-1246
2.537538018867e-1252
2.36927092193e-1258
1.80872219061e-1264
1.117640714134e-1270
5.528564431918e-1277
2.162915089835e-1283
6.603621805933e-1290
1.550308303856e-1296
2.75298203035e-1303
3.630370183119e-1310
3.482406147959e-1317
2.373700635965e-1324
1.119461787912e-1331
3.542645805458e-1339
7.260513861396e-1347
9.24453823842e-1355
6.961695834182e-1363
2.922894731465e-1371
6.366694112954e-1380
6.579256647481e-1389
2.87902437445e-1398
4.598553695825e-1408
2.192693820803e-1418
2.346719246394e-1429
3.663278886518e-1441
4.080313718296e-1454
8.171427273259e-1469
8.259714511919e-1487