0.0667075565445201
0.066115325861198
0.0649465866467362
0.0632320898287849
0.0610162710292732
0.0583553377576272
0.055314902756161
0.0519673024344769
0.0483887529454495
0.044656498979691
0.0408461021195445
0.037028997830893
0.0332704248508742
0.0296278003270288
0.0261495812930265
0.0228746206119002
0.0198319957887921
0.0170412639918881
0.0145130775657642
0.012250081967169
0.0102480124545064
0.0084969065142715
0.006982354966921
0.0056867247258184
0.0045902989125857
0.0036722940923366
0.0029117285398071
0.0022881286517955
0.0017820721163801
0.00137557575041236
0.00105234280790646
0.00079788906055545
0.0005995692582234
0.00044652601893002
0.00032958217209384
0.00024109550376635
0.00017479212679492
0.00012559167242482
0.000089434457241133
0.000063117932404879
0.000044147211543221
0.000030602376449427
0.000021023600502682
0.000014313893311134
9.6584143808546e-6
6.4587708641601e-6
4.2804406509269e-6
2.8113840918218e-6
1.82996800237e-6
1.1804752739427e-6
7.5467301797903e-7
4.7813186735903e-7
3.0020773266162e-7
1.8680122489773e-7
1.1519126215732e-7
7.0394641892829e-8
4.2632241299599e-8
2.5586650219786e-8
1.5218210325758e-8
8.969882601131e-9
5.2393941807193e-9
3.0328057998109e-9
1.7397041018966e-9
9.889434055122e-10
5.5709688614879e-10
3.1099342318669e-10
1.7204052799036e-10
9.43120726429e-11
5.1234040838112e-11
2.7580525260427e-11
1.4712850646373e-11
7.777485761145e-12
4.0740600606327e-12
2.1147503146219e-12
1.0877569512376e-12
5.5442566826117e-13
2.8002128304648e-13
1.4014336097306e-13
6.950007597159e-14
3.4152833874394e-14
1.6630080233961e-14
8.023899066843e-15
3.8361663209857e-15
1.8173039352491e-15
8.530473659232e-16
3.9676321651156e-16
1.8285192435689e-16
8.349773759974e-17
3.7779312286603e-17
1.6936928109808e-17
7.523389546761e-18
3.3112180372335e-18
1.4439571704426e-18
6.238929639132e-19
2.6708654525018e-19
1.1328618330285e-19
4.760819538429e-20
1.9822714352538e-20
8.177450163507e-21
3.34227963095e-21
1.3534257204422e-21
5.429870495185e-22
2.1582637532792e-22
8.499162242241e-23
3.3158952129839e-23
1.2816664927989e-23
4.907894938505e-24
1.8619065432769e-24
6.997763371467e-25
2.6055277381826e-25
9.610887691068e-26
3.5120354887365e-26
1.2713879172747e-26
4.559499914222e-27
1.6198410795928e-27
5.700851721376e-28
1.9875371523254e-28
6.864279072436e-29
2.3484143437123e-29
7.958854064648e-30
2.6718879987098e-30
8.88533223432e-31
2.9269317012107e-31
9.550601814664e-32
3.0869089295752e-32
9.882969949912e-33
3.1341322629635e-33
9.844845772213e-34
3.0630760913349e-34
9.43972628146e-35
2.881437449596e-35
8.711692881254e-36
2.6087641862891e-36
7.737511262907e-37
2.2729883968806e-37
6.613293579593e-38
1.9057161063271e-38
5.438930853036e-39
1.5373716491025e-39
4.303771597817e-40
1.1932173281869e-40
3.276308605409e-41
8.909223321055e-42
2.3992721303237e-42
6.39880059113e-43
1.6900197462255e-43
4.420320928794e-44
1.1449309075098e-44
2.936721738291e-45
7.459314077253e-46
1.8762126189541e-46
4.673117604577e-47
1.1525698463747e-47
2.814867877405e-48
6.807274739562e-49
1.6300738367789e-49
3.865041743135e-50
9.074195716874e-51
2.10942074227e-51
4.855270394785e-52
1.1065033630367e-52
2.4967501161433e-53
5.577945984212e-54
1.233798455474e-54
2.701957945255e-55
5.85829302345e-56
1.2575213903528e-56
2.672422028549e-57
5.622553629797e-58
1.1711015231954e-58
2.414800614565e-59
4.929321695284e-60
9.961058717019e-61
1.9926431769541e-61
3.945957979516e-62
7.735125877345e-63
1.5009540319283e-63
2.883005573985e-64
5.481439226983e-65
1.0315912322935e-65
1.9216638665239e-66
3.54320852752e-67
6.466335136349e-68
1.168031497348e-68
2.0882299648348e-69
3.695064552871e-70
6.471100180133e-71
1.1216025505985e-71
1.9239640153384e-72
3.266211084529e-73
5.487481729375e-74
9.123796382096e-75
1.5012181130585e-75
2.444385561416e-76
3.938630566412e-77
6.28003782843e-78
9.908605352483e-79
1.5469909588815e-79
2.389899487655e-80
3.653252467573e-81
5.52559980951e-82
8.26932939299e-83
1.2244572721387e-83
1.7938690747616e-84
2.60017649076e-85
3.728816618093e-86
5.290374299573e-87
7.425743403713e-88
1.0311516745968e-88
1.416527709886e-89
1.925033381984e-90
2.587931652579e-91
3.441591241145e-92
4.527393498686e-93
5.891286040105e-94
7.5828986109e-95
9.654147761244e-96
1.2157279036729e-96
1.5142329563023e-97
1.865403989054e-98
2.272830002129e-99
2.738827715808e-100
3.26404366296e-101
3.84707258788e-102
4.484123660896e-103
5.168768425797e-104
5.891803987881e-105
6.641261219315e-106
7.402580505783e-107
8.158966971974e-108
8.891923820878e-109
9.581947437013e-110
1.0209352613396e-110
1.0755182251933e-111
1.1202144772804e-112
1.1535515690547e-113
1.1743938437272e-114
1.1820064056811e-115
1.1760979729115e-116
1.1568391411391e-117
1.1248544797428e-118
1.0811889445621e-119
1.0272511225923e-120
9.647376128292e-122
8.955442182181e-123
8.216704476061e-124
7.45124039876e-125
6.678318311735e-126
5.915623627821e-127
5.178642982578e-128
4.48023145744e-129
3.830371401512e-130
3.236115966044e-131
2.701697401447e-132
2.22877044954e-133
1.816755294188e-134
1.463242536295e-135
1.1644241458558e-136
9.155186180859e-138
7.111647477554e-139
5.457656121648e-140
4.137716612866e-141
3.098985470473e-142
2.292809780753e-143
1.675681742042e-144
1.2096933229906e-145
8.625898409863e-147
6.075242903356e-148
4.226082928903e-149
2.903435053129e-150
1.970019312326e-151
1.320071680334e-152
8.735292713335e-154
5.708137701359e-155
3.683260368655e-156
2.346795369326e-157
1.476408462596e-158
9.170855662603e-160
5.624301555177e-161
3.405383058573e-162
2.035565352863e-163
1.20118182448e-164
6.99712828956e-166
4.023471267473e-167
2.28367551129e-168
1.279388919516e-169
7.074367017148e-171
3.860747035634e-172
2.079388511979e-173
1.105253946495e-174
5.797384195298e-176
3.000730018209e-177
1.532595965845e-178
7.723519562214e-180
3.840346077049e-181
1.883968135401e-182
9.118117274525e-184
4.353568577027e-185
2.050568002169e-186
9.527332340716e-188
4.366328363695e-189
1.973734809198e-190
8.799697172061e-192
3.869297827423e-193
1.677879936133e-194
7.175174467226e-196
3.025695909658e-197
1.258106685048e-198
5.158066974267e-200
2.085026196719e-201
8.309379283384e-203
3.264641140743e-204
1.264413602419e-205
4.827324868714e-207
1.816620173743e-208
6.738113483238e-210
2.463231311568e-211
8.874433119533e-213
3.150795449634e-214
1.102349549987e-215
3.80025809483e-217
1.290851719003e-218
4.319999735889e-220
1.424326369912e-221
4.6262362545e-223
1.480172715356e-224
4.664840466287e-226
1.448018979392e-227
4.426879794539e-229
1.332845760094e-230
3.951783400725e-232
1.153744200138e-233
3.3166594261e-235
9.38725594276e-237
2.615736854309e-238
7.175264580187e-240
1.937495989219e-241
5.149593576405e-243
1.347113678862e-244
3.468200969825e-246
8.7870321201e-248
2.190720700799e-249
5.374117941072e-251
1.297092503072e-252
3.079967359614e-254
7.194492414925e-256
1.653104039314e-257
3.736052122995e-259
8.304332429054e-261
1.815271325828e-262
3.902015239857e-264
8.247306572513e-266
1.713861987199e-267
3.501421868286e-269
7.032048480426e-271
1.388198618865e-272
2.693498734866e-274
5.136177237228e-276
9.62461755652e-278
1.772184594819e-279
3.20610476647e-281
5.698368780855e-283
9.94919216896e-285
1.706276316043e-286
2.874051456645e-288
4.754252088691e-290
7.722727452384e-292
1.231736675262e-293
1.928772470852e-295
2.964946404607e-297
4.473852204822e-299
6.625688491524e-301
9.62986237779e-303
1.373419941062e-304
1.921917519601e-306
2.638563809177e-308
3.553486229932e-310
4.69405261996e-312
6.081336317115e-314
7.726070533371e-316
9.62447537666e-318
1.175448802618e-319
1.407302469432e-321
1.651491690377e-323
1.89940673075e-325
2.140715209533e-327
2.363987254684e-329
2.557536876633e-331
2.710401797158e-333
2.813352367638e-335
2.859803246771e-337
2.846504213492e-339
2.773910302063e-341
2.646173494787e-343
2.470751620803e-345
2.257685331998e-347
2.018640878049e-349
1.765846353214e-351
1.511057161488e-353
1.26467224532e-355
1.03509021767e-357
8.283513017639e-360
6.480657249026e-362
4.955901314799e-364
3.703865897924e-366
2.704865584027e-368
1.929841612458e-370
1.344961256968e-372
9.15451705741e-375
6.084472096283e-377
3.948164200562e-379
2.500772265425e-381
1.545895917181e-383
9.32465477277e-386
5.487184860192e-388
3.149541208993e-390
1.762954238822e-392
9.62153955645e-395
5.118823732422e-397
2.654169487404e-399
1.341001523384e-401
6.600544079544e-404
3.164361885863e-406
1.47724644445e-408
6.714024622152e-411
2.970141315751e-413
1.278600205161e-415
5.354924437206e-418
2.181365423995e-420
8.64079435133e-423
3.327520795708e-425
1.245430315531e-427
4.529364169241e-430
1.600146251597e-432
5.489970852558e-435
1.828729049512e-437
5.912571237043e-440
1.854929738179e-442
5.645163323753e-445
1.666076471263e-447
4.767070135868e-450
1.321942302484e-452
3.551740500541e-455
9.24268866323e-458
2.328849845212e-460
5.679700368955e-463
1.340299207614e-465
3.059277992274e-468
6.751840006981e-471
1.440300645863e-473
2.968590479533e-476
5.909466297728e-479
1.135737761234e-481
2.106526240695e-484
3.769102005685e-487
6.502947302856e-490
1.081430940098e-492
1.732662888913e-495
2.673388494335e-498
3.970489992669e-501
5.673572841574e-504
7.796346185153e-507
1.029754748461e-509
1.306668957022e-512
1.592068387539e-515
1.861623039164e-518
2.087945472021e-521
2.24492176215e-524
2.312537127449e-527
2.281002380417e-530
2.15302647468e-533
1.943521863154e-536
1.676749491056e-539
1.38165631391e-542
1.086653706766e-545
8.151532716675e-549
5.828182396888e-552
3.968736304272e-555
2.571973112747e-558
1.585022345787e-561
9.28128895918e-565
5.159685792786e-568
2.720864071613e-571
1.359795361086e-574
6.434654290524e-578
2.880384140647e-581
1.218495133359e-584
4.866373689917e-588
1.832905719175e-591
6.503639338491e-595
2.171531430805e-598
6.814955107654e-602
2.007807917844e-605
5.54624276484e-609
1.434589009637e-612
3.469926840351e-616
7.837296415028e-620
1.650553483594e-623
3.236297057296e-627
5.898382471867e-631
9.97617668371e-635
1.563117263261e-638
2.264808512691e-642
3.028759058963e-646
3.731077319155e-650
4.225154924496e-654
4.3888352273e-658
4.172220868276e-662
3.621264152832e-666
2.862452363929e-670
2.055201543759e-674
1.336595031593e-678
7.850531834352e-683
4.151495670579e-687
1.970111244131e-691
8.3607871591e-696
3.161340199257e-700
1.060864202842e-704
3.146297763632e-709
8.210278884651e-714
1.876153798258e-718
3.735254133604e-723
6.443783595027e-728
9.575918474879e-733
1.218120031976e-737
1.317347131211e-742
1.202246742743e-747
9.184902161332e-753
5.822813659165e-758
3.033903909367e-763
1.285605304362e-768
4.379356457102e-774
1.183945386376e-779
2.504201002902e-785
4.078402801534e-791
5.0234426592e-797
4.585511315086e-803
3.031146533676e-809
1.412957466575e-815
4.504000111257e-822
9.470808334167e-829
1.2589141577454e-835
1.0051538645706e-842
4.529492819026e-850
1.0662597009112e-857
1.1885482097428e-865
5.518204000709e-874
8.970491951846e-883
3.992222315369e-892
3.354255707062e-902
2.873906163442e-913
7.668239120648e-926
2.958297880643e-941