0.0629081578046609
0.0624113316161488
0.0614294164157293
0.0599854257542798
0.0581127532068267
0.0558538892093087
0.0532588199001026
0.050383192136576
0.0472863385408131
0.044029259971275
0.0406726602344
0.037275119624436
0.033891480896758
0.030571504731305
0.0273588330079253
0.0242902787337168
0.0213954426099488
0.0186966392082362
0.0162091014943447
0.0139414216400848
0.0118961790209784
0.0100707030178258
0.0084579184557915
0.0070472247377044
0.0058253653207897
0.0047772514313514
0.0038867120833318
0.0031371508864247
0.0025120982141162
0.0019956545924091
0.0015728273451274
0.00122976740882235
0.00095391675301749
0.00073407905961791
0.00056042735960901
0.00042446238076256
0.00031893464061067
0.00023774204413053
0.00017581312312916
0.00012898426706247
0.000093877493065445
0.00006778360039288
0.00004855402979857
0.00003450344781826
0.000024324018364689
0.000017011506972917
0.000011802768544387
8.1237698305526e-6
5.5470604877925e-6
3.7574974792904e-6
2.5250146878364e-6
1.6832840994738e-6
1.1132125630493e-6
7.3033948894748e-7
4.7533116783997e-7
3.0689613624308e-7
1.9656624468386e-7
1.2489573288735e-7
7.872381398296e-8
4.9224716103621e-8
3.0533568272103e-8
1.8788313740289e-8
1.1468657461203e-8
6.944652247431e-9
4.1715759418795e-9
2.485765154911e-9
1.4693622118313e-9
8.615985936483e-10
5.0117215167392e-10
2.8918328188038e-10
1.6552445961994e-10
9.398365706212e-11
5.2934895731571e-11
2.95753379449e-11
1.6391309448262e-11
9.011398304441e-12
4.9143221790119e-12
2.6584361980516e-12
1.4265213863197e-12
7.593080200648e-13
4.009069122334e-13
2.0996801183653e-13
1.0907994628991e-13
5.621044338842e-14
2.8732110402046e-14
1.4567819136531e-14
7.3264924844e-15
3.6548558968508e-15
1.8084853495566e-15
8.876224897983e-16
4.3212373395404e-16
2.0866633677613e-16
9.994452686604e-17
4.74816576066e-17
2.2374369787433e-17
1.0457591240263e-17
4.848040356966e-18
2.2292166577592e-18
1.0166877070518e-18
4.599067983042e-19
2.0634632987178e-19
9.182607122553e-20
4.052987269817e-20
1.7742796753173e-20
7.703784247034e-21
3.3175609344642e-21
1.4169809440258e-21
6.002565806918e-22
2.521942362948e-22
1.0508873192003e-22
4.343075189699e-23
1.7801481776103e-23
7.236523041572e-24
2.9175350820982e-24
1.1665729254349e-24
4.626096259396e-25
1.8193727062367e-25
7.096270568611e-26
2.7449684258126e-26
1.0530292261226e-26
4.006236106601e-27
1.5115510969154e-27
5.655830749682e-28
2.0987191833436e-28
7.723135639385e-29
2.8184570023851e-29
1.0200103453184e-29
3.660750346478e-30
1.3028816067368e-30
4.598392125367e-31
1.6094227489995e-31
5.585913385132e-32
1.9225383126269e-32
6.561593777394e-33
2.2207208219528e-33
7.452905317704e-34
2.4802813934878e-34
8.184962347391e-35
2.6783629753786e-35
8.690720900558e-36
2.7962266632255e-36
8.92104412833e-37
2.822164101408e-37
8.852553981388e-38
2.7534113754853e-38
8.491535730086e-39
2.5966319206183e-39
7.872993857764e-40
2.3668521637261e-40
7.055054071627e-41
2.0850852690475e-41
6.10995180606e-42
1.7751638304423e-42
5.113543502612e-43
1.4604425021888e-43
4.135443274969e-44
1.1609963074417e-44
3.231519724105e-45
8.917558953273e-46
2.4397444712184e-46
6.617558780113e-47
1.7795175970744e-47
4.744097973177e-48
1.253856192859e-48
3.285340044267e-49
8.533893309797e-50
2.1975770247728e-50
5.610049774465e-51
1.4197461381577e-51
3.561817610348e-52
8.858195230141e-53
2.1838709125036e-53
5.337186081797e-54
1.2929950848526e-54
3.105102912677e-55
7.391713570302e-56
1.7442134903049e-56
4.079762396584e-57
9.459019455622e-58
2.173845368748e-58
4.95196635476e-59
1.1181200044294e-59
2.502395758833e-60
5.551055002849e-61
1.2205121216144e-61
2.659810705601e-62
5.745084555264e-63
1.2299122864741e-63
2.609629137913e-64
5.487888284241e-65
1.1437955063769e-65
2.36266943885e-66
4.836862633014e-67
9.813534951285e-68
1.973253132369e-68
3.932152673024e-69
7.765381221902e-70
1.5197585053376e-70
2.947543937824e-71
5.665188514735e-72
1.0790243489579e-72
2.036597982505e-73
3.809174783152e-74
7.059961259259e-75
1.2966232846923e-75
2.359715295355e-76
4.255336015663e-77
7.603800158737e-78
1.3463072728101e-78
2.361937414217e-79
4.105795026533e-80
7.071715347808e-81
1.2068264033853e-81
2.040568659943e-82
3.418517464287e-83
5.674117611011e-84
9.330964022287e-85
1.5202534968697e-85
2.45392021278e-86
3.924220149802e-87
6.217106504526e-88
9.757953413012e-89
1.5172532780934e-89
2.337113005172e-90
3.566292382455e-91
5.390922128405e-92
8.072559820231e-93
1.1974427463452e-93
1.759489321164e-94
2.56094336262e-95
3.692221862189e-96
5.272821222543e-97
7.458623010657e-98
1.0450269199927e-98
1.4502481349486e-99
1.993406730999e-100
2.713819689083e-101
3.659233839104e-102
4.886703967409e-103
6.463252484135e-104
8.466188080342e-105
1.0982945313172e-105
1.4110298799145e-106
1.79528079526e-107
2.262036416252e-108
2.82247446184e-109
3.487512732242e-110
4.267259028594e-111
5.170370265297e-112
6.203341237092e-113
7.369753748729e-114
8.669526741734e-115
1.0098216613292e-115
1.1646422986484e-116
1.3299357662372e-117
1.503663243673e-118
1.683231428424e-119
1.865528392978e-120
2.046991640593e-121
2.223708078284e-122
2.39154323527e-123
2.546294611136e-124
2.683861764977e-125
2.800423885441e-126
2.892614322994e-127
2.957681085806e-128
2.993622697175e-129
2.999290099555e-130
2.97444739187e-131
2.919786940204e-132
2.836897573336e-133
2.728187882251e-134
2.59676978816e-135
2.446310243585e-136
2.280860949461e-137
2.104677143763e-138
1.922036767958e-139
1.737070664739e-140
1.553613009734e-141
1.375079109428e-142
1.204375233712e-143
1.0438425418435e-144
8.952346454899e-146
7.597261402477e-147
6.379476852609e-148
5.300420148836e-149
4.357346577874e-150
3.544130887394e-151
2.852084690419e-152
2.270749322561e-153
1.788624142313e-154
1.393801813858e-155
1.0744936170971e-156
8.194383412716e-158
6.181971625212e-159
4.613436965803e-160
3.405630392583e-161
2.486761659097e-162
1.796068264333e-163
1.283074127771e-164
9.065859854813e-166
6.335525120417e-167
4.378854539331e-168
2.993164129644e-169
2.023393667699e-170
1.352688237607e-171
8.94272849202e-173
5.84635003731e-174
3.77945649964e-175
2.415966373342e-176
1.527061552145e-177
9.54362454979e-179
5.897231964948e-180
3.602864666771e-181
2.176202295115e-182
1.299537303418e-183
7.671899312196e-185
4.477422433017e-186
2.583155456993e-187
1.473182198007e-188
8.304851366109e-190
4.627673077697e-191
2.54879370792e-192
1.387501938922e-193
7.465260655385e-195
3.969668734107e-196
2.086156078285e-197
1.083447252959e-198
5.560607901952e-200
2.820169761278e-201
1.413355906818e-202
6.998997405904e-204
3.424622495099e-205
1.655642612588e-206
7.908275889551e-208
3.732007666357e-209
1.739934023006e-210
8.013762612098e-212
3.646173829064e-213
1.638774104442e-214
7.275538201036e-216
3.190500426654e-217
1.381921369592e-218
5.911827468415e-220
2.497795984673e-221
1.042249559459e-222
4.294856151539e-224
1.747713001552e-225
7.022932530987e-227
2.78660810339e-228
1.091752745943e-229
4.223237496654e-231
1.612951047016e-232
6.081809732565e-234
2.263923550825e-235
8.319344869044e-237
3.017838034969e-238
1.08059504578e-239
3.819186807363e-241
1.332294332906e-242
4.587024878279e-244
1.558632587938e-245
5.226585671094e-247
1.729552690667e-248
5.647685109608e-250
1.819732140364e-251
5.785274104724e-253
1.814675072439e-254
5.615792371821e-256
1.71450606754e-257
5.163702365684e-259
1.534107315558e-260
4.495734021557e-262
1.299491858407e-263
3.704692317147e-265
1.04163048807e-266
2.88825336589e-268
7.897576647715e-270
2.12944306596e-271
5.661457843385e-273
1.484078226571e-274
3.835549189988e-276
9.77273919874e-278
2.45470073308e-279
6.077843966983e-281
1.483352289114e-282
3.568269082532e-284
8.45987473663e-286
1.97668547393e-287
4.551478654003e-289
1.032719760333e-290
2.308877919602e-292
5.086056262609e-294
1.1038142114e-295
2.360033031689e-297
4.970726029252e-299
1.031272168476e-300
2.107416050079e-302
4.241527440505e-304
8.40737634522e-306
1.641102855611e-307
3.154414842655e-309
5.970074967339e-311
1.11247098675e-312
2.040869211261e-314
3.685772631968e-316
6.552360427583e-318
1.146546139637e-319
1.974595407134e-321
3.346767170283e-323
5.582147163332e-325
9.16162946867e-327
1.479471894885e-328
2.350551643564e-330
3.673906604481e-332
5.648686056014e-334
8.54266089882e-336
1.270662753818e-337
1.858760517753e-339
2.673848427289e-341
3.782109753391e-343
5.259916398047e-345
7.191738335492e-347
9.6663331094e-349
1.27709899877e-350
1.658379572046e-352
2.116416170432e-354
2.654218605095e-356
3.270777915582e-358
3.960080030435e-360
4.710366653313e-362
5.503793430413e-364
6.316616564602e-366
7.119995043248e-368
7.88142864402e-370
8.56676892781e-372
9.14265305502e-374
9.57913288487e-376
9.85221917971e-378
9.94604486369e-380
9.8543786392e-382
9.58128980436e-384
9.1408678488e-386
8.55602067921e-388
7.8564936719e-390
7.076348687813e-392
6.251202130087e-394
5.415535457493e-396
4.600360169528e-398
3.831450193462e-400
3.12826196885e-402
2.503563362427e-404
1.963703205596e-406
1.50938635379e-408
1.136781704456e-410
8.3878342235e-413
6.062642486321e-415
4.29196230955e-417
2.975591591253e-419
2.020017223151e-421
1.342583043637e-423
8.73515745681e-426
5.562654701459e-428
3.466671218977e-430
2.113970367473e-432
1.261178039067e-434
7.360033687455e-437
4.200904165603e-439
2.344757885566e-441
1.279608689891e-443
6.826702262725e-446
3.559827578209e-448
1.814093756124e-450
9.03297294359e-453
4.394082838774e-455
2.087841439938e-457
9.68818792199e-460
4.389612610063e-462
1.941645973154e-464
8.38290360714e-467
3.531982629159e-469
1.451978168185e-471
5.822848597396e-474
2.277507778924e-476
8.68654101362e-479
3.230046361717e-481
1.170728758145e-483
4.135221114687e-486
1.423127583085e-488
4.770871701944e-491
1.557632416513e-493
4.951632819854e-496
1.53231935095e-498
4.614949745576e-501
1.352381298979e-503
3.855153276746e-506
1.068780199024e-508
2.880921470575e-511
7.54850157744e-514
1.922048733064e-516
4.754756440021e-519
1.14244728724e-521
2.665444603211e-524
6.036817757789e-527
1.326870020092e-529
2.829470820516e-532
5.852086477843e-535
1.173585028082e-537
2.281306988791e-540
4.297170756006e-543
7.84102462705e-546
1.385521074798e-548
2.370060534328e-551
3.92341814996e-554
6.283163930559e-557
9.7307746401e-560
1.45685047025e-562
2.10775926275e-565
2.945790997707e-568
3.975489216298e-571
5.178644090357e-574
6.508840920119e-577
7.88995754695e-580
9.22032662866e-583
1.038320813401e-585
1.126260977348e-588
1.176177388783e-591
1.182040448016e-594
1.142647155692e-597
1.061944457027e-600
9.48387212912e-604
8.13472366712e-607
6.698022133929e-610
5.291327818442e-613
4.008286409801e-616
2.909941578521e-619
2.023439625389e-622
1.346849295335e-625
8.5764169715e-629
5.221304634908e-632
3.037099713125e-635
1.68678112682e-638
8.93887225754e-642
4.516762125633e-645
2.174600787429e-648
9.96822503555e-652
4.347210131075e-655
1.802255896897e-658
7.09713969558e-662
2.652457613683e-665
9.40020770966e-669
3.15619692679e-672
1.00306625045e-675
3.014547723279e-679
8.55886419255e-683
2.293356341527e-686
5.793396799092e-690
1.378257495797e-693
3.084431634605e-697
6.485783246034e-701
1.279877894642e-704
2.367283897097e-708
4.098681801493e-712
6.633837382787e-716
1.00231454393e-719
1.411657991884e-723
1.850475182298e-727
2.254137027937e-731
2.547456931615e-735
2.666358719891e-739
2.580113221386e-743
2.303860505994e-747
1.894623142808e-751
1.432028138667e-755
9.9268914177e-760
6.297007054717e-764
3.646636875932e-768
1.923158684217e-772
9.21241710318e-777
3.997423333361e-781
1.566689617966e-785
5.529185471335e-790
1.751536124571e-794
4.963410643955e-799
1.253660707424e-803
2.811631688455e-808
5.576363889381e-813
9.73822389802e-818
1.490531825208e-822
1.989735511235e-827
2.304362282725e-832
2.302233278465e-837
1.972186614773e-842
1.439123832281e-847
8.882225478717e-853
4.601336439875e-858
1.984088185834e-863
7.056717083141e-869
2.049693723058e-874
4.809250280203e-880
9.006197580736e-886
1.328300776391e-891
1.520229655039e-897
1.327971742756e-903
8.690630632729e-910
4.17206519328e-916
1.434395922559e-922
3.435905519254e-929
5.554020109078e-936
5.836440897441e-943
3.814709192078e-950
1.470647474325e-957
3.134789979966e-965
3.409478391918e-973
1.708629306284e-981
3.453187220874e-990
2.35010211867e-999
4.170801835189e-1009
1.3118642666508e-1019
3.855190474655e-1031
3.083499652015e-1044
2.754219122221e-1060