0.1206565882883009
0.1171715982365596
0.1105004053473834
0.1011983369930892
0.0900010425854218
0.0777287934498924
0.065188499003194
0.0530894268085221
0.0419841440442061
0.032239913703135
0.0240394041573063
0.0174045827754141
0.01223492508504266
0.00835070878486891
0.00553369330922538
0.00356008850155602
0.00222353278838363
0.00134817173106425
0.000793499298751855
0.000453343147819714
0.000251399879594113
0.000135312427690624
0.0000706839487539856
0.0000358334865568635
0.000017628520914549
8.4153729156373e-6
3.89791530087452e-6
1.75171132817615e-6
7.6371627707286e-7
3.23003967995112e-7
1.32512108251829e-7
5.27277692541336e-8
2.03480227783104e-8
7.6149221920213e-9
2.76330739420362e-9
9.7223666897154e-10
3.31627849523335e-10
1.09653332814435e-10
3.51429855003416e-11
1.09157615545e-11
3.28563281270435e-12
9.5825931844537e-13
2.70765875200182e-13
7.4113585699185e-14
1.96489443233141e-14
5.0449966789429e-15
1.25430695115668e-15
3.01930707899094e-16
7.0357218308328e-17
1.58687786044386e-17
3.463741327101e-18
7.3155370269931e-19
1.49477387885326e-19
2.95434354206123e-20
5.6471367150224e-21
1.04376058959538e-21
1.86509118105201e-22
3.2214017158887e-23
5.3771496038035e-24
8.6723380352683e-25
1.35116734399943e-25
2.03320186082439e-26
2.9543183226529e-27
4.1442306753728e-28
5.6110241142098e-29
7.3307923611481e-30
9.2398821686084e-31
1.12326423636555e-31
1.31670254714514e-32
1.48789007022183e-33
1.62037467761109e-34
1.70020864245975e-35
1.71833773429046e-36
1.67227717061225e-37
1.56664906540613e-38
1.41242539366658e-39
1.22504605907025e-40
1.02185965430996e-41
8.1947699326984e-43
6.3159615454205e-44
4.6767649145631e-45
3.3258034778428e-46
2.2705420675258e-47
1.4875670214545e-48
9.3489882154267e-50
5.6339839932787e-51
3.2542128848054e-52
1.8008041131861e-53
9.5429383053257e-55
4.8405173640499e-56
2.3490272480759e-57
1.09007641776251e-58
4.8347900912532e-60
2.048434756377e-61
8.2861940181362e-63
3.1984044085067e-64
1.17735042920143e-65
4.1305943022965e-67
1.3803374235523e-68
4.390825502974e-70
1.3286417430089e-71
3.8218434383661e-73
1.04431869863198e-74
2.7087512940333e-76
6.6642334276387e-78
1.5539357883145e-79
3.4313233636986e-81
7.1691270262416e-83
1.4159991749236e-84
2.6415133074402e-86
4.6496554212853e-88
7.7149869963649e-90
1.2054429038284e-91
1.7716865369349e-93
2.4466272333832e-95
3.1708828740285e-97
3.8520549277309e-99
4.38075757403e-101
4.6576808254466e-103
4.6232382638856e-105
4.2780157502816e-107
3.6846037106579e-109
2.9491125273112e-111
2.1898212069233e-113
1.5058076703271e-115
9.571059571668e-118
5.6120634822956e-120
3.0293702745447e-122
1.5020817936376e-124
6.825512586096e-127
2.8353495687243e-129
1.0739195135647e-131
3.6984855286899e-134
1.1547264201403e-136
3.2581308396552e-139
8.280003344818e-142
1.8884311995234e-144
3.8503812733083e-147
6.989346252529e-150
1.1244993713263e-152
1.5957934034942e-155
1.9871050607594e-158
2.1588838712636e-161
2.0338565927859e-164
1.6503032046698e-167
1.1448436820809e-170
6.734883214916e-174
3.329692764745e-177
1.3696954640125e-180
4.635955221546e-184
1.2749816734757e-187
2.8090885610228e-191
4.878922020532e-195
6.557727988413e-199
6.67683017077e-203
5.022594226648e-207
2.7102396323973e-211
1.0126420191614e-215
2.5095448376176e-220
3.910892043849e-225
3.582248485813e-230
1.7660079266041e-235
4.160643027185e-241
3.9598051605e-247
1.1820040969192e-253
7.285442206437e-261
4.1596228486606e-269
2.799081631081e-279