0.0542789574477558
0.0539596420174653
0.0533266344586557
0.0523910166819394
0.0511690065592204
0.0496814904444615
0.0479534296855493
0.0460131646776414
0.043891643537512
0.041621604657154
0.039236743153439
0.036770890582912
0.034257235330715
0.031727607974392
0.029211851888204
0.026737294652584
0.024328330748915
0.022006120836785
0.019788407898752
0.0176894459350819
0.0157200328936874
0.0138876362730421
0.012196597427288
0.0106483990669194
0.0092419797672264
0.007974079407097
0.006839600263538
0.0058319698572542
0.0049434934414742
0.0041656861047863
0.0034895766783749
0.0029059778703123
0.0024057191841607
0.0019798411277347
0.0016197509159068
0.0013173412781008
0.0010650750781817
0.00085603924306443
0.00068397199389286
0.00054326760975121
0.00042896296649846
0.00033670992496102
0.00026273733707672
0.00020380603781589
0.00015715973331497
0.00012047421504592
0.00009180685347651
0.000069547873800673
0.000052374506131297
0.000039208742692546
0.000029179129848538
0.000021586774116933
0.000015875546431087
0.000011606323426716
8.435002624775e-6
6.0939635194642e-6
4.3766120380172e-6
3.1246351373585e-6
2.2175994965337e-6
1.5645481266516e-6
1.097276834549e-6
7.650052518124e-7
5.3019177604312e-7
3.6527618152115e-7
2.5016637840152e-7
1.7031588768996e-7
1.1526552204711e-7
7.754630585813e-8
5.186084927751e-8
3.4477385901792e-8
2.2784767246281e-8
1.4968207029686e-8
9.774830432274e-9
6.345447967279e-9
4.0947583290089e-9
2.6266760520098e-9
1.6749286662721e-9
1.0616881695206e-9
6.689717716129e-10
4.1901352315823e-10
2.6088973447649e-10
1.6147076682845e-10
9.934317652608e-11
6.075592504265e-11
3.6935580216883e-11
2.2320613629199e-11
1.3408230386229e-11
8.006452483727e-12
4.752381808587e-12
2.804040167612e-12
1.6445914284431e-12
9.588084770153e-13
5.556545993842e-13
3.2009310037583e-13
1.8329271273874e-13
1.0433035774865e-13
5.902988292957e-14
3.3199227673079e-14
1.855999986583e-14
1.0313853829978e-14
5.697129181757e-15
3.1281121832083e-15
1.7072565443826e-15
9.261994369975e-16
4.994574959256e-16
2.6771942327078e-16
1.4264204769816e-16
7.55441072883e-17
3.976838577179e-17
2.0809356922083e-17
1.0823348889247e-17
5.595590512218e-18
2.8754804276204e-18
1.4687709545526e-18
7.457200835019e-19
3.763350189925e-19
1.8877712561726e-19
9.412369193781e-20
4.664684557029e-20
2.2978317878854e-20
1.1250859078199e-20
5.475496418111e-21
2.6486863192954e-21
1.2735195456133e-21
6.086219206418e-22
2.8910478252294e-22
1.3649837562286e-22
6.405647144937e-23
2.987862805914e-23
1.3852213702532e-23
6.383184143162e-24
2.923573259564e-24
1.330907135885e-24
6.021953919586e-25
2.708206212582e-25
1.2105406432403e-25
5.378102414372e-26
2.3748134651857e-26
1.0422678986178e-26
4.546501282805e-27
1.9711607020046e-27
8.493998017992e-28
3.637862890616e-28
1.5485426634888e-28
6.551508637425e-29
2.754858914898e-29
1.1513196137432e-29
4.782219720102e-30
1.9742348031482e-30
8.100322292187e-31
3.303228085348e-31
1.3387705021711e-31
5.392666271843e-32
2.1588840087323e-32
8.58977791913e-33
3.39672132908e-33
1.3349399832851e-33
5.214178276742e-34
2.0240944968941e-34
7.808990867342e-35
2.994171735089e-35
1.1409709438821e-35
4.321026852183e-36
1.6263433972753e-36
6.083434460258e-37
2.261492195617e-37
8.355056644298e-38
3.067680360828e-38
1.119374889891e-38
4.059234070987e-39
1.4628979497622e-39
5.239425606567e-40
1.8648818996492e-40
6.596526071514e-41
2.318856108859e-41
8.100748455754e-42
2.812338367242e-42
9.702849899155e-43
3.326737974988e-43
1.1335055034414e-43
3.838067655036e-44
1.2914683368874e-44
4.318522837113e-45
1.4350438199308e-45
4.738836676888e-46
1.5550812853562e-46
5.071160440276e-47
1.6433596649781e-47
5.29208747214e-48
1.6935133006004e-48
5.385369340919e-49
1.701789041845e-49
5.343888041195e-50
1.6675098793756e-50
5.170552390826e-51
1.593165691777e-51
4.8779621126e-52
1.4841143412815e-52
4.486893240177e-53
1.3479429349374e-53
4.023857767492e-54
1.1935950634502e-54
3.518135858207e-55
1.0304034558863e-55
2.998741357998e-56
8.671726982362e-57
2.491752686718e-57
7.114344330409e-58
2.018335108375e-58
5.689550336052e-59
1.5936270873892e-59
4.435242314304e-60
1.2265003536148e-60
3.370043085132e-61
9.200648464846e-62
2.495826411771e-62
6.726993383685e-63
1.801507306645e-63
4.793548897124e-64
1.2673077525833e-64
3.328959354471e-65
8.688284344733e-66
2.252974820625e-66
5.804610216559e-67
1.4858734254106e-67
3.779028808053e-68
9.549174124593e-69
2.397376368658e-69
5.979832034411e-70
1.481909403928e-70
3.648646231393e-71
8.925176424105e-72
2.169073726263e-72
5.237231312367e-73
1.2563093928077e-73
2.99403121052e-74
7.088891778862e-75
1.667477959721e-75
3.896718217067e-76
9.046746910463e-77
2.086593255686e-77
4.781150806184e-78
1.0883628751834e-78
2.461268332448e-79
5.529495317379e-80
1.2341007432061e-80
2.736223751883e-81
6.026785705213e-82
1.318713013708e-82
2.866437489557e-83
6.189556366004e-84
1.3276959793519e-84
2.829156810688e-85
5.988690037157e-86
1.2592740266595e-86
2.630385445052e-87
5.457910397218e-88
1.1249633689162e-88
2.303310162947e-89
4.684525476269e-90
9.464005497375e-91
1.899230176099e-91
3.785911734195e-92
7.49636353368e-93
1.474399101446e-93
2.880452465891e-94
5.58964931086e-95
1.0774163034633e-95
2.062787917552e-96
3.922785610559e-97
7.409696395278e-98
1.390173379594e-98
2.590580475049e-99
4.794922664833e-100
8.814939594947e-101
1.609559687108e-101
2.919050599436e-102
5.257989479231e-103
9.406717419091e-104
1.671450436557e-104
2.949732506979e-105
5.170138522707e-106
9.000130502059e-107
1.556034303664e-107
2.671836579378e-108
4.556355400641e-109
7.716828754105e-110
1.297986805172e-110
2.168245189777e-111
3.597077049156e-112
5.926398361869e-113
9.696794431844e-114
1.575644588907e-114
2.542596932009e-115
4.074575742715e-116
6.484392731878e-117
1.0247894865269e-117
1.608328751688e-118
2.506606498584e-119
3.879403960066e-120
5.962215550284e-121
9.099351917231e-122
1.379017084069e-122
2.075302847517e-123
3.101288736156e-124
4.602014881668e-125
6.781021546795e-126
9.921553740133e-127
1.441444289463e-127
2.079437015984e-128
2.978650312654e-129
4.23657790985e-130
5.983135831724e-131
8.389895601734e-132
1.168138395142e-132
1.614871927791e-133
2.216582445175e-134
3.020839584986e-135
4.087571259121e-136
5.491523108393e-137
7.324972239543e-138
9.70064698584e-139
1.275477510424e-139
1.66501485345e-140
2.157905450417e-141
2.77658819262e-142
3.546917098498e-143
4.498283557889e-144
5.663625663094e-145
7.07929235276e-146
8.784729580033e-147
1.082195723657e-147
1.323480955506e-148
1.606791852344e-149
1.936542968009e-150
2.316945253008e-151
2.7518263491e-152
3.244429722418e-153
3.79719816123e-154
4.411549139732e-155
5.087651422471e-156
5.824213900253e-157
6.618298844096e-158
7.465172380479e-159
8.358204889195e-160
9.28883310023e-161
1.024659386284e-161
1.121923688469e-162
1.219292026817e-163
1.315248855142e-164
1.408182841194e-165
1.496429248301e-166
1.578317718362e-167
1.652223640236e-168
1.716620962752e-169
1.770134096564e-170
1.811586465826e-171
1.840043332662e-172
1.854846727515e-173
1.855640668516e-174
1.842385323871e-175
1.815359333961e-176
1.775150127899e-177
1.722632701359e-178
1.658937925955e-179
1.585411994729e-180
1.503569038246e-181
1.415039244672e-182
1.321514968413e-183
1.224697310325e-184
1.12624550463e-185
1.027731170161e-186
9.3059910209e-188
8.36135826359e-189
7.454466475176e-190
6.594414265924e-191
5.788288614322e-192
5.04118635105e-193
4.356304691788e-194
3.735088811131e-195
3.17742303677e-196
2.681851769451e-197
2.245816612487e-198
1.86589728833e-199
1.538045559604e-200
1.257803374743e-201
1.020498641832e-202
8.21414231998e-204
6.559278851101e-205
5.196225273493e-206
4.083680393963e-207
3.183766969778e-208
2.462353349966e-209
1.889177807773e-210
1.437812989099e-211
1.08550740074e-212
8.12938456163e-214
6.039078566948e-215
4.450055458645e-216
3.252635986578e-217
2.358165725541e-218
1.695803360033e-219
1.209573928398e-220
8.55733454622e-222
6.004642333644e-223
4.178993043513e-224
2.884598126586e-225
1.974792202343e-226
1.340828155875e-227
9.0288750334e-229
6.029705471325e-230
3.993499028271e-231
2.62300515758e-232
1.708542522075e-233
1.103637610326e-234
7.06958905919e-236
4.490779250717e-237
2.828798051148e-238
1.766963899761e-239
1.094439245589e-240
6.721815652364e-242
4.093597707831e-243
2.471951629935e-244
1.480074569881e-245
8.78675621264e-247
5.172105741074e-248
3.018509111889e-249
1.746611273524e-250
1.002007670695e-251
5.699137743033e-253
3.213681515424e-254
1.796570630938e-255
9.95693552737e-257
5.470652666931e-258
2.979728526406e-259
1.608904909057e-260
8.61176438948e-262
4.569344470304e-263
2.40329741983e-264
1.25298194679e-265
6.475264919566e-267
3.316938451107e-268
1.684131840246e-269
8.4754968876e-271
4.227622612633e-272
2.09006944989e-273
1.024118309968e-274
4.973428121183e-276
2.393697135938e-277
1.141777493545e-278
5.397391337675e-280
2.528527386741e-281
1.173880415479e-282
5.400619165297e-284
2.462168400428e-285
1.112339609314e-286
4.979587723876e-288
2.20890245503e-289
9.70906978829e-291
4.22850990724e-292
1.824720608618e-293
7.80180850123e-295
3.305023930142e-296
1.387154421977e-297
5.768146711198e-299
2.376289848612e-300
9.69849695992e-302
3.921403907956e-303
1.570728030048e-304
6.232650442871e-306
2.449891931688e-307
9.53923220618e-309
3.679274059364e-310
1.405668467273e-311
5.319434515546e-313
1.993882295169e-314
7.40243614451e-316
2.721952061977e-317
9.91302957598e-319
3.575541845297e-320
1.277250839418e-321
4.518545504119e-323
1.58306390143e-324
5.492431771439e-326
1.887062907234e-327
6.42025882483e-329
2.162977685876e-330
7.21562082327e-332
2.383451226791e-333
7.79539992169e-335
2.52440296466e-336
8.09385870922e-338
2.569316694789e-339
8.07482442005e-341
2.512408365135e-342
7.73886465023e-344
2.359838322313e-345
7.12349696141e-347
2.128620134623e-348
6.29629206033e-350
1.843491346921e-351
5.342623336662e-353
1.532543511016e-354
4.351143172854e-356
1.222682365677e-357
3.400407448363e-359
9.3592820361e-361
2.549385518848e-362
6.87221826274e-364
1.833216578395e-365
4.839192156706e-367
1.264040477468e-368
3.267117719429e-370
8.35546918198e-372
2.114295218393e-373
5.293409737391e-375
1.311193433536e-376
3.21325771022e-378
7.79036771464e-380
1.868486338658e-381
4.433302099071e-383
1.040533125217e-384
2.415801944681e-386
5.547906264828e-388
1.26021518012e-389
2.83134912183e-391
6.29159091242e-393
1.382709553124e-394
3.005314104528e-396
6.45984452715e-398
1.373132058171e-399
2.886324995543e-401
5.99936598951e-403
1.233039775067e-404
2.505790153625e-406
5.034917410286e-408
1.000239678662e-409
1.964553186423e-411
3.814655049995e-413
7.32254716725e-415
1.389530348524e-416
2.606491096649e-418
4.832925177331e-420
8.85753030279e-422
1.604526780798e-423
2.872737240394e-425
5.083258252055e-427
8.88931643752e-429
1.536232418614e-430
2.623554895262e-432
4.427414839158e-434
7.38276630475e-436
1.216406516796e-437
1.980207882813e-439
3.184907546745e-441
5.060789676618e-443
7.94431439853e-445
1.231947894295e-446
1.887152455781e-448
2.855493352328e-450
4.267715579753e-452
6.29985271529e-454
9.18472667678e-456
1.322461761633e-457
1.880446663875e-459
2.640460766449e-461
3.661161110325e-463
5.012539749383e-465
6.77603988281e-467
9.04382813175e-469
1.191696810244e-470
1.55022631797e-472
1.99075962044e-474
2.523569547021e-476
3.157640092158e-478
3.89976858727e-480
4.75358949154e-482
5.718586726892e-484
6.7891799523e-486
7.9539831566e-488
9.19533836848e-490
1.048922058137e-491
1.180559066961e-493
1.310924116123e-495
1.436113709609e-497
1.552020457988e-499
1.65454684023e-501
1.739839359168e-503
1.804525056692e-505
1.84593053155e-507
1.862263865515e-509
1.852742341635e-511
1.817653359839e-513
1.758342054895e-515
1.677126095358e-517
1.577145143756e-519
1.46215862533e-521
1.336310034597e-523
1.203878479313e-525
1.069038292675e-527
9.35645432394e-530
8.07065420475e-532
6.86052372212e-534
5.74682945162e-536
4.743435378825e-538
3.857644084898e-540
3.090910061811e-542
2.439809324135e-544
1.897145650099e-546
1.453082897743e-548
1.096211591527e-550
8.14482413457e-553
5.95965445048e-555
4.294186454809e-557
3.046696851312e-559
2.128304996802e-561
1.46373403831e-563
9.9101730418e-566
6.60477134773e-568
4.332695778188e-570
2.797360790615e-572
1.777437371916e-574
1.111375859973e-576
6.83775220501e-579
4.139196506991e-581
2.465092248553e-583
1.444203917582e-585
8.3227230642e-588
4.717445812126e-590
2.629756324101e-592
1.441628478652e-594
7.77109428969e-597
4.118729592267e-599
2.146137376643e-601
1.099322991444e-603
5.535114730565e-606
2.739182568191e-608
1.332193820632e-610
6.36684842018e-613
2.989856624393e-615
1.37943925493e-617
6.25227796501e-620
2.783646376432e-622
1.217267520998e-624
5.227689279588e-627
2.204653309664e-629
9.12918810245e-632
3.711412932718e-634
1.481204653207e-636
5.80246273918e-639
2.230916977483e-641
8.41743707565e-644
3.116397433563e-646
1.132016470582e-648
4.033940058264e-651
1.410042263741e-653
4.834030425376e-656
1.625208554657e-658
5.357701766277e-661
1.731666486943e-663
5.4867115067e-666
1.703991115771e-668
5.186499112424e-671
1.546951841518e-673
4.520825689597e-676
1.294313355818e-678
3.629804638458e-681
9.96987873641e-684
2.681631886284e-686
7.06236470545e-689
1.820878699283e-691
4.595461497078e-694
1.135091752104e-696
2.743608351845e-699
6.48839474915e-702
1.501101907614e-704
3.396828948332e-707
7.51726101885e-710
1.626667973583e-712
3.441291143199e-715
7.11632855882e-718
1.438236992608e-720
2.840348032968e-723
5.480307940089e-726
1.032892721132e-728
1.901278494175e-731
3.417423267885e-734
5.99701855548e-737
1.027248349534e-739
1.7172659791e-742
2.801167526827e-745
4.457548279564e-748
6.91867948707e-751
1.047210347395e-753
1.545397410289e-756
2.223066968473e-759
3.116593334653e-762
4.257264031503e-765
5.665131546583e-768
7.34214452309e-771
9.26557408086e-774
1.138307332882e-776
1.361081658135e-779
1.583595329368e-782
1.79240358677e-785
1.973119259827e-788
2.111977749752e-791
2.197528171617e-794
2.222170469489e-797
2.183256726242e-800
2.083537970208e-803
1.930855514167e-806
1.737121894805e-809
1.516775056771e-812
1.284985913264e-815
1.055930826403e-818
8.41402309364e-822
6.49937830758e-825
4.865259946764e-828
3.528336763313e-831
2.478133620016e-834
1.685110299623e-837
1.109012033634e-840
7.0615652629e-844
4.348825456597e-847
2.589379267479e-850
1.490099536738e-853
8.28458550481e-857
4.448348272567e-860
2.305857169991e-863
1.153456447226e-866
5.565844164551e-870
2.58966739682e-873
1.161336770242e-876
5.017503575189e-880
2.087576660568e-883
8.36041789497e-887
3.22140606179e-890
1.193689567531e-893
4.251650028926e-897
1.454891531023e-900
4.780710365907e-904
1.507715493144e-907
4.561235366547e-911
1.322960893139e-914
3.676820468741e-918
9.78615567938e-922
2.492947766549e-925
6.07457859407e-929
1.414994744156e-932
3.148878729117e-936
6.69019716961e-940
1.356174637868e-943
2.621138646851e-947
4.826783220913e-951
8.46264715366e-955
1.411606466586e-958
2.238458694919e-962
3.371879159073e-966
4.820940474015e-970
6.53683133903e-974
8.39859200061e-978
1.021564766313e-981
1.175303769809e-985
1.277765790234e-989
1.311439718984e-993
1.269424088388e-997
1.157650662792e-1001
9.93566083257e-1006
8.01649918852e-1010
6.073587751668e-1014
4.315835489308e-1018
2.872841605496e-1022
1.789100518887e-1026
1.041029167534e-1030
5.65202023073e-1035
2.859185224846e-1039
1.345674691616e-1043
5.883469529988e-1048
2.385791736686e-1052
8.95816626847e-1057
3.109177984856e-1061
9.95709789121e-1066
2.93675794538e-1070
7.96166077532e-1075
1.979946779818e-1079
4.507042404016e-1084
9.37020474027e-1089
1.775051722957e-1093
3.056423988715e-1098
4.771341417254e-1103
6.734712030739e-1108
8.57069518254e-1113
9.80467734627e-1118
1.005084126405e-1122
9.20193718391e-1128
7.49786908818e-1133
5.417057395437e-1138
3.456566516708e-1143
1.93984202922e-1148
9.53229599202e-1154
4.082095585039e-1159
1.515762587493e-1164
4.853991479421e-1170
1.332841150128e-1175
3.118731571833e-1181
6.177369492096e-1187
1.028336542358e-1192
1.427583167419e-1198
1.638884539204e-1204
1.541719060276e-1210
1.176638237058e-1216
7.206523782552e-1223
3.499890351641e-1229
1.330140736309e-1235
3.898617024692e-1242
8.67034339449e-1249
1.436761386402e-1255
1.738135953502e-1262
1.50001172045e-1269
8.99451597951e-1277
3.635754431656e-1284
9.56577739568e-1292
1.572295678421e-1299
1.537920325069e-1307
8.444866528109e-1316
2.424562378881e-1324
3.331947391892e-1333
1.959054923777e-1342
4.255865109275e-1352
2.800864160889e-1362
4.213724585966e-1373
9.468459269011e-1385
1.568812229664e-1397
4.915536223603e-1412
8.562732580818e-1430