0.078394402604457
0.0774340838230464
0.0755485790710037
0.0728060213594025
0.0693034591038299
0.0651611604551229
0.0605157724525155
0.0555128763627436
0.0502995015041124
0.0450171267611802
0.0397956188482861
0.0347484411283348
0.0299693314652494
0.0255305081245949
0.0214823338976928
0.0178542622765686
0.0146568134958205
0.0118842859632373
0.0095178991525989
0.0075290830558628
0.0058826700072315
0.0045397991411078
0.0034604039630294
0.0026052124724721
0.00193724153863288
0.0014228092459949
0.00103211903678657
0.00073948767242591
0.00052329656142812
0.00036574490317465
0.00025247578158365
0.00017213520647201
0.000115911261281332
0.000077087654203212
0.000050634268337914
0.000032847468850062
0.000021045246033299
0.000013316736633839
8.3220478961108e-6
5.1362719675138e-6
3.1307466825424e-6
1.8846321306206e-6
1.12041918682144e-6
6.5781870624236e-7
3.8141695872948e-7
2.1840277362054e-7
1.2350281431724e-7
6.896872648955e-8
3.8034718873649e-8
2.0713656899744e-8
1.1139808671155e-8
5.9161448879731e-9
3.1026702827246e-9
1.6068071377474e-9
8.217101174236e-10
4.1494987054866e-10
2.0691406725307e-10
1.0188188251987e-10
4.9534928878577e-11
2.3780925439142e-11
1.1273102967857e-11
5.2765554491487e-12
2.4386223371431e-12
1.1128078989274e-12
5.0138572876349e-13
2.2304590840892e-13
9.796735606447e-14
4.2484211219415e-14
1.8189756639319e-14
7.689062446982e-15
3.2089353678791e-15
1.3221582705317e-15
5.3781700101784e-16
2.1597715715446e-16
8.562426039288e-17
3.351158489781e-17
1.2947786321971e-17
4.9384617590275e-18
1.8594160367287e-18
6.911035740878e-19
2.5356206089785e-19
9.183172555434e-20
3.2829269404594e-20
1.1584632100843e-20
4.035044004924e-21
1.3872401209597e-21
4.7074375485387e-22
1.5766640599542e-22
5.2120364533288e-23
1.7005182024976e-23
5.4758616119484e-24
1.7402540022312e-24
5.4582492195768e-25
1.6895305635478e-25
5.1610970532298e-26
1.5558670185133e-26
4.6285874440796e-27
1.3588170109195e-27
3.9364144288963e-28
1.1252750890366e-28
3.1741338283434e-29
8.834680894947e-30
2.4263080995762e-30
6.574771903298e-31
1.7578636451333e-31
4.6371312801557e-32
1.2068773692092e-32
3.098961243979e-33
7.850511736287e-34
1.961995697794e-34
4.837329855247e-35
1.1765492087599e-35
2.822931035131e-36
6.681363810441e-37
1.5598879934367e-37
3.5923097505159e-38
8.160085129433e-39
1.8282875199994e-39
4.0402793338352e-40
8.806096425501e-41
1.8929909510628e-41
4.013233776759e-42
8.390905181094e-43
1.7301313152999e-43
3.5179732481596e-44
7.054014883463e-45
1.394753921189e-45
2.719337064882e-46
5.227805477646e-47
9.909534602274e-48
1.8520424410117e-48
3.412704314776e-49
6.199868657417e-50
1.110422626014e-50
1.9606578800202e-51
3.4127823247758e-52
5.855904566018e-53
9.904743440021e-54
1.6513584090712e-54
2.7137709080066e-55
4.39565329459e-56
7.017405701797e-57
1.1041217516482e-57
1.7120983380527e-58
2.6163494764933e-59
3.94005125774e-60
5.84696683264e-61
8.54998610429e-62
1.2319395357632e-62
1.7489829325698e-63
2.446452200678e-64
3.371517923327e-65
4.577561330377e-66
6.122728649782e-67
8.067518469582e-68
1.0471304806634e-68
1.3387795252619e-69
1.6859554062644e-70
2.0911875374964e-71
2.5546455613767e-72
3.073546368068e-73
3.641671569189e-74
4.249070030612e-75
4.882014830577e-76
5.523268326324e-77
6.152683074397e-78
6.748132088439e-79
7.28672299116e-80
7.746212047784e-81
8.106501559403e-82
8.351083104724e-83
8.468283865173e-84
8.452185852742e-85
8.30311771362e-86
8.02766257023e-87
7.638177414866e-88
7.151872745959e-89
6.589548033875e-90
5.974112788401e-91
5.329040102694e-92
4.676897938139e-93
4.038084369491e-94
3.429860348685e-95
2.865732827704e-96
2.355198550625e-97
1.9038203326611e-98
1.5135777435335e-99
1.1834154944775e-100
9.09906150137e-102
6.879478811151e-103
5.114303359184e-104
3.738191349878e-105
2.686286988363e-106
1.8977129398677e-107
1.3178527856328e-108
8.995643355389e-110
6.035271681511e-111
3.979519461721e-112
2.578714268987e-113
1.6420401996666e-114
1.027403686361e-115
6.316022014905e-117
3.814690782083e-118
2.263371466627e-119
1.3191686305408e-120
7.551957674815e-122
4.246194444617e-123
2.344699655784e-124
1.2714141661139e-125
6.769621434408e-127
3.539026403413e-128
1.8163913090598e-129
9.151765030856e-131
4.526195451565e-132
2.197138433478e-133
1.0467413890092e-134
4.893740239717e-136
2.245035130481e-137
1.0105242325898e-138
4.462434037545e-140
1.933116186602e-141
8.214179955414e-143
3.423332293462e-144
1.3991697329145e-145
5.607710479255e-147
2.203694304407e-148
8.490315887121e-150
3.206702140399e-151
1.187163641025e-152
4.307586744215e-154
1.5317313409244e-155
5.33714834336e-157
1.822075530959e-158
6.09404337628e-160
1.9965386036e-161
6.406681327426e-163
2.013359303645e-164
6.195708540914e-166
1.866767495084e-167
5.506381534265e-169
1.589884850641e-170
4.492975279051e-172
1.2425567920651e-173
3.362454158136e-175
8.902205228007e-177
2.305591032252e-178
5.840524420795e-180
1.446927824113e-181
3.505153034565e-183
8.301773720936e-185
1.922101570966e-186
4.349707699364e-188
9.619619070215e-190
2.078760615435e-191
4.38867668871e-193
9.050609544414e-195
1.822924763501e-196
3.585392938819e-198
6.885114324584e-200
1.290684377465e-201
2.361513186252e-203
4.216458433871e-205
7.345423696906e-207
1.248304781287e-208
2.069097875675e-210
3.344402800683e-212
5.27050726364e-214
8.096555428202e-216
1.212211821158e-217
1.768487154226e-219
2.51352838569e-221
3.479652980749e-223
4.691033216068e-225
6.15729641427e-227
7.866969552733e-229
9.78196023811e-231
1.183446783901e-232
1.392764172982e-234
1.594087636959e-236
1.773986839545e-238
1.919057870538e-240
2.017525831576e-242
2.060797439653e-244
2.0446848217e-246
1.970061671142e-248
1.842811561823e-250
1.673064432197e-252
1.473857989764e-254
1.25947054292e-256
1.0437234624398e-258
8.385346420051e-261
6.529277344354e-263
4.925898316263e-265
3.599538629716e-267
2.546896211371e-269
1.744365996994e-271
1.156063754528e-273
7.411334719138e-276
4.59442229965e-278
2.753158468442e-280
1.594188934698e-282
8.916522280149e-285
4.815411877495e-287
2.510064311414e-289
1.262341807987e-291
6.122557832437e-294
2.862671187822e-296
1.28975458427e-298
5.596925869325e-301
2.33832010339e-303
9.400922267675e-306
3.635332239675e-308
1.351495723445e-310
4.827991048979e-313
1.65644893102e-315
5.455344166063e-318
1.723714464442e-320
5.222371332917e-323
1.516292468248e-325
4.216554065992e-328
1.1223577804123e-330
2.857827022024e-333
6.956579599806e-336
1.617807738082e-338
3.592006017691e-341
7.608955532679e-344
1.536669652105e-346
2.95653805948e-349
5.415067599452e-352
9.434115332415e-355
1.562153860275e-357
2.456454196747e-360
3.665055976259e-363
5.183842611245e-366
6.944182859935e-369
8.801842197391e-372
1.054579633601e-374
1.193145539833e-377
1.273369224318e-380
1.280512188535e-383
1.211951006826e-386
1.0783082348969e-389
9.007862480287e-393
7.056100808074e-396
5.175982442002e-399
3.550608633399e-402
2.274398709032e-405
1.358404822086e-408
7.552787221172e-412
3.902896759891e-415
1.871211172032e-418
8.308722673888e-422
3.410394138328e-425
1.291450146055e-428
4.502517566842e-432
1.442098109141e-435
4.2335472295e-439
1.1364251172513e-442
2.78230443808e-446
6.196351380687e-450
1.251727513567e-453
2.286809307407e-457
3.766376095486e-461
5.573584877531e-465
7.384401062026e-469
8.726068929584e-473
9.159856388035e-477
8.50451544879e-481
6.951743454081e-485
4.978149026967e-489
3.106400527666e-493
1.679455428223e-497
7.818204360401e-502
3.112827883188e-506
1.0523083059641e-510
2.996516197947e-515
7.125238988991e-520
1.401351761568e-524
2.255766143804e-529
2.937571154955e-534
3.055021425719e-539
2.500900772912e-544
1.585561495414e-549
7.643625636936e-555
2.743870912734e-560
7.160642605593e-566
1.3212760261886e-571
1.668664174244e-577
1.3879397638438e-583
7.260424807151e-590
2.258052307182e-596
3.893944579703e-603
3.407732238015e-610
1.3481757300547e-617
2.062139641055e-625
9.771709423724e-634
1.0267866364292e-642
1.3751156356545e-652
8.086948126371e-664
1.329797154978e-677