0.0803179212803748
0.0792853390952211
0.0772598123035172
0.0743180920316482
0.0705692188538178
0.0661478211150381
0.0612061093501773
0.0559052288408612
0.0504066508079163
0.0448642331399107
0.0394174739791787
0.0341863323043478
0.0292678188700278
0.0247343891503614
0.020634015815932
0.0169916959802577
0.0138120665973094
0.0110827626306821
0.0087781541810738
0.0068631336707649
0.0052966828416571
0.0040350211848968
0.0030342124981225
0.00225217625977272
0.00165010947524107
0.00119336921272328
0.00085189522363566
0.00060026678685151
0.00041749052012235
0.00028660937591324
0.00019421055865616
0.000129894585912128
0.000085751560051892
0.000055875661435281
0.000035936004715856
0.000022811827142053
0.0000142925630556851
8.8384563905156e-6
5.394552045348e-6
3.2497002433876e-6
1.9321300803586e-6
1.13378486081588e-6
6.5663218324601e-7
3.7532438239138e-7
2.1172896507271e-7
1.1787951180479e-7
6.477038987885e-8
3.5122893666244e-8
1.8796414873663e-8
9.9271815881361e-9
5.1741411156119e-9
2.661380517354e-9
1.3509118556462e-9
6.7669538607459e-10
3.3450321682998e-10
1.6317096151466e-10
7.8544438257178e-11
3.7308894882101e-11
1.7487510733891e-11
8.0882847822416e-12
3.691405563653e-12
1.6623708874899e-12
7.3868410344679e-13
3.2387540328611e-13
1.4011323833964e-13
5.9807528401738e-14
2.5188447184834e-14
1.0466682465232e-14
4.2911328379604e-15
1.7357339162007e-15
6.9268459210843e-16
2.72723071639e-16
1.0593387872643e-16
4.0594487052378e-17
1.5346553498653e-17
5.7234590120247e-18
2.1057286074081e-18
7.642481148157e-19
2.736191230249e-19
9.663410229048e-20
3.366494950096e-20
1.1568595964391e-20
3.9212984833478e-21
1.3110432185063e-21
4.3234768922576e-22
1.4062720307614e-22
4.5114536978663e-23
1.427464807227e-23
4.4545792918156e-24
1.370979179491e-24
4.1612927904893e-25
1.2456303120635e-25
3.6770847016051e-26
1.070438262935e-26
3.0729320201647e-27
8.698959120131e-28
2.4282542889313e-28
6.683792540627e-29
1.8140235466232e-29
4.8544846721796e-30
1.2808921069714e-30
3.3322683101983e-31
8.54700625126e-32
2.161340644974e-32
5.388351304487e-33
1.324342316058e-33
3.208812298761e-34
7.664360973557e-35
1.8046080282028e-35
4.1884436180523e-36
9.582365061582e-37
2.160877929173e-37
4.802996898999e-38
1.0522182545075e-38
2.2719435951663e-39
4.834749872417e-40
1.0139618669165e-40
2.0956878780771e-41
4.268497133434e-42
8.567471548296e-43
1.6945146338174e-43
3.3024668358546e-44
6.341871311172e-45
1.1999616065573e-45
2.2370371849967e-46
4.108844975938e-47
7.435181815719e-48
1.3254797791428e-48
2.3278151796523e-49
4.027186694244e-50
6.863042904395e-51
1.1520649192566e-51
1.9048723647434e-52
3.1021778892176e-53
4.975794018128e-54
7.860238961676e-55
1.2228391510221e-55
1.873464661728e-56
2.8264831477399e-57
4.199077970059e-58
6.142565818319e-59
8.847396957675e-60
1.2546779590833e-60
1.7517862035599e-61
2.4079241118384e-62
3.258351245076e-63
4.340369680476e-64
5.691271855258e-65
7.34557086665e-66
9.33157527167e-67
1.1667475274974e-67
1.4357221562651e-68
1.7386586244592e-69
2.0719878032099e-70
2.4297820570783e-71
2.8037076209761e-72
3.183179676003e-73
3.555740792958e-74
3.907659801053e-75
4.224720998237e-76
4.493146592343e-77
4.700572525612e-78
4.836983391855e-79
4.895509068843e-80
4.872995413593e-81
4.770283340172e-82
4.592162188774e-83
4.347000168734e-84
4.046091495222e-85
3.702791259553e-86
3.331530593568e-87
2.946813505747e-88
2.5622922030431e-89
2.1900012435705e-90
1.8398057386693e-91
1.5190893683402e-92
1.2326787669489e-93
9.8297589486e-95
7.702521861284e-96
5.930489123819e-97
4.486271929928e-98
3.3341704607e-99
2.434256601858e-100
1.7457823352181e-101
1.2297800402814e-102
8.50837079255e-104
5.781154794498e-105
3.857440056322e-106
2.527358894179e-107
1.6258635782179e-108
1.0268726923453e-109
6.366926536054e-111
3.87515215471e-112
2.315036566169e-113
1.3573790457351e-114
7.810559556365e-116
4.410257230161e-117
2.443481197207e-118
1.328248785931e-119
7.083317685791e-121
3.705457836532e-122
1.9013206155584e-123
9.568350675617e-125
4.722222238036e-126
2.285294512217e-127
1.0843826974643e-128
5.044583075722e-130
2.300526973365e-131
1.0283600194103e-132
4.50541371296e-134
1.934421083318e-135
8.138582598847e-137
3.354917713297e-138
1.3548885292797e-139
5.360020346436e-141
2.076932508931e-142
7.881748940101e-144
2.928987752283e-145
1.0657540950085e-146
3.796557372578e-148
1.3239289430632e-149
4.518857174014e-151
1.5094838500718e-152
4.934124788378e-154
1.5780423475904e-155
4.937399534784e-157
1.5110970461392e-158
4.523175190176e-160
1.3240154098821e-161
3.789500343955e-163
1.0603516487866e-164
2.90025217658e-166
7.753134976249e-168
2.02540340099e-169
5.169805328772e-171
1.2891401510223e-172
3.139952945834e-174
7.469231075749e-176
1.734962086582e-177
3.934557343004e-179
8.710094602755e-181
1.881911050304e-182
3.967815391769e-184
8.162170267682e-186
1.637895112038e-187
3.205648429978e-189
6.118104056318e-191
1.1384381287897e-192
2.064964843492e-194
3.650431251491e-196
6.288110079864e-198
1.0552496612143e-199
1.724894634356e-201
2.745704246787e-203
4.255383776274e-205
6.41986377894e-207
9.425873503769e-209
1.346576374977e-210
1.871358758755e-212
2.529304152335e-214
3.3240104336e-216
4.246571753232e-218
5.27259954058e-220
6.360844355001e-222
7.454177761802e-224
8.483379576217e-226
9.373660091746e-228
1.0053223680812e-229
1.0462601582013e-231
1.0563119042752e-233
1.0342851142832e-235
9.81881112488e-238
9.034837817261e-240
8.055531971056e-242
6.957405224942e-244
5.818935028422e-246
4.711333189271e-248
3.691527812116e-250
2.798241862451e-252
2.051316380557e-254
1.453772676804e-256
9.956839613845e-259
6.587927337638e-261
4.209357381726e-263
2.596307470514e-265
1.545252440098e-267
8.870974523176e-270
4.910132031735e-272
2.619280138846e-274
1.346015758985e-276
6.660480244392e-279
3.172130798092e-281
1.453398399751e-283
6.403228642269e-286
2.711323659267e-288
1.1028422800117e-290
4.306961395289e-293
1.614075565508e-295
5.801436631962e-298
1.998770826383e-300
6.597150037695e-303
2.084772661483e-305
6.303847973385e-308
1.822743131805e-310
5.036605642107e-313
1.329091393585e-315
3.347180587876e-318
8.039050111799e-321
1.839992375259e-323
4.010398137391e-326
8.317316838108e-329
1.640047951943e-331
3.072198555199e-334
5.462499732218e-337
9.210866400231e-340
1.471569690008e-342
2.22547702097e-345
3.18275713473e-348
4.300143673461e-351
5.482851538476e-354
6.590254462232e-357
7.458996713734e-360
7.940224757939e-363
7.940194537466e-366
7.449486759158e-369
6.548580677967e-372
5.386404242296e-375
4.139635375874e-378
2.968183128979e-381
1.982489026084e-384
1.2314551868528e-387
7.101966535951e-391
3.79595825198e-394
1.876901513005e-397
8.568298648755e-401
3.604086303672e-404
1.393841200343e-407
4.945057576454e-411
1.605611672479e-414
4.759230711882e-418
1.284447844549e-421
3.14754287983e-425
6.982718416452e-429
1.398046458949e-432
2.517833636204e-436
4.064575437959e-440
5.859524374376e-444
7.513415628749e-448
8.53279288501e-452
8.543674297943e-456
7.50542540377e-460
5.754420428362e-464
3.828823273358e-468
2.197410687875e-472
1.0805960640584e-476
4.520617484904e-481
1.596284458754e-485
4.717144423266e-490
1.1556343660903e-494
2.322923789864e-499
3.787431868421e-504
4.945572371991e-509
5.098791753802e-514
4.084596271042e-519
2.496924861915e-524
1.1410099957755e-529
3.806558720612e-535
9.020787559816e-541
1.4706786017279e-546
1.5881690286306e-552
1.0855451529431e-558
4.443579311238e-565
1.0169916922922e-571
1.1926886187562e-578
6.396184135969e-586
1.3447331083501e-593
8.911722912218e-602
1.3395259550356e-610
2.647869297357e-620
2.4122119911703e-631
6.742377543713e-645