0.0589308279038583
0.0585222949489121
0.0577137037967324
0.0565217117004918
0.0549705879592004
0.0530913925611931
0.0509209427336944
0.0485006153920491
0.045875039805985
0.043090737969344
0.040194770099307
0.037233439546661
0.034251105515355
0.031289143877211
0.028385086653505
0.025571960111078
0.0228778305880997
0.0203255567828891
0.0179327378816668
0.0157118390209891
0.0136704694904402
0.0118117849442435
0.0101349827255618
0.0086358591035715
0.0073073985639453
0.0061403679836719
0.0051238922201649
0.0042459919950877
0.0034940696090779
0.0028553326719362
0.0023171504112241
0.0018673410281134
0.0014943918642906
0.0011876167518128
0.00093725681962991
0.00073453225410767
0.00057165312088902
0.0004417974414605
0.00033906438338199
0.00025840977593337
0.00019557030653895
0.00014698178128045
0.0001096958245517
0.000081298411737253
0.000059832721424526
0.000043727991087048
0.000031735379481054
0.00002287128568377
0.000016368145279779
0.000011632408752526
8.209191657228e-6
5.7529545600403e-6
4.0035064813144e-6
2.7666128631252e-6
1.8985136160273e-6
1.293706316293e-6
8.754140502676e-7
5.8822884510369e-7
3.9249421077647e-7
2.6005993789641e-7
1.7110631046663e-7
1.1179183083898e-7
7.252782625894e-8
4.6724952657252e-8
2.9891089469958e-8
1.898813535634e-8
1.1977594658692e-8
7.502441640037e-9
4.6663826442175e-9
2.8820515862122e-9
1.7675259028656e-9
1.0763943237363e-9
6.50904852851e-10
3.9084361973641e-10
2.3303805290615e-10
1.379710070725e-10
8.111195347224e-11
4.7349649348576e-11
2.7446209952766e-11
1.5797214502343e-11
9.028382814073e-12
5.123532691031e-12
2.8870740134876e-12
1.6153771346112e-12
8.974624437942e-13
4.950894707324e-13
2.7119073578569e-13
1.4749878538961e-13
7.965685215142e-14
4.2714722315636e-14
2.2743139704401e-14
1.2023758701471e-14
6.311690380381e-15
3.2897682585376e-15
1.7025413862094e-15
8.748656240233e-16
4.463698607692e-16
2.2612924216581e-16
1.1374320074142e-16
5.680669202559e-17
2.8169384560799e-17
1.3869393516578e-17
6.780133863519e-18
3.2909263878623e-18
1.5859721909728e-18
7.588725606975e-19
3.6052582411398e-19
1.7005777804535e-19
7.96429881664e-20
3.703290904954e-20
1.7096831951613e-20
7.836628646542e-21
3.56637463692e-21
1.6114134031943e-21
7.228821821963e-22
3.2196363095706e-22
1.4237149676507e-22
6.25049476803e-23
2.7244510349704e-23
1.1790033010004e-23
5.065479447039e-24
2.1606962491219e-24
9.1502421211e-25
3.847115514854e-25
1.6058304471094e-25
6.654631309086e-26
2.7378280628621e-26
1.11826361927e-26
4.534569365991e-27
1.8254909648772e-27
7.295802147324e-28
2.894769909588e-28
1.1402513453985e-28
4.458929043407e-29
1.7310189287231e-29
6.671326637179e-30
2.5524635613215e-30
9.694862680202e-31
3.655580284118e-31
1.3683629695147e-31
5.08480580633e-32
1.8757425618578e-32
6.869033097168e-33
2.4971187274578e-33
9.011594767453e-34
3.228350278154e-34
1.1480843917142e-34
4.053020097175e-35
1.4203424861988e-35
4.940994273051e-36
1.7062400414287e-36
5.84881589024e-37
1.9901936193216e-37
6.722328962495e-38
2.2539211617001e-38
7.501526785775e-39
2.47827802382e-39
8.1271302473e-40
2.64550532969e-40
8.54794387623e-41
2.741534001566e-41
8.727741939971e-42
2.757933269582e-42
8.650406152757e-43
2.693130519157e-43
8.322306577352e-44
2.55265811905e-44
7.77143888643e-45
2.348373898341e-45
7.043479296426e-46
2.096807549471e-46
6.195528413368e-47
1.8169529682488e-47
5.28873305746e-48
1.5279153445417e-48
4.381104935116e-49
1.246814221912e-49
3.52168540856e-50
9.872497988828e-51
2.74680721997e-51
7.584917462595e-52
2.078700835915e-52
5.653904281381e-53
1.5262198470969e-53
4.088789545828e-54
1.087121894429e-54
2.868562634598e-55
7.511900102716e-56
1.9522317956031e-56
5.035073175519e-57
1.2887530631852e-57
3.273556357835e-58
8.251877388559e-59
2.064263645187e-59
5.124524955069e-60
1.262451446522e-60
3.086348251482e-61
7.487569555052e-62
1.802598510378e-62
4.306414393308e-63
1.0209106917739e-63
2.401658397725e-64
5.606381777794e-65
1.2986688644817e-65
2.985072377452e-66
6.808450837539e-67
1.5409021073044e-67
3.460440370737e-68
7.71104996995e-69
1.704973819461e-69
3.740590430606e-70
8.142860976291e-71
1.758832347221e-71
3.769454881062e-72
8.015588753056e-73
1.691185097984e-73
3.54031361753e-74
7.353315767683e-75
1.5153451687631e-75
3.098294891773e-76
6.285107245307e-77
1.2649614656737e-77
2.525878378076e-78
5.003961477334e-79
9.835075126695e-80
1.91778270632e-80
3.710008195769e-81
7.120325187707e-82
1.3557199335052e-82
2.560831510072e-83
4.798754651086e-84
8.920890799778e-85
1.645188350531e-85
3.009860122089e-86
5.462554907808e-87
9.834666405217e-88
1.756439666882e-88
3.11180278981e-89
5.468793576681e-90
9.533821387298e-91
1.648670456794e-91
2.828051943817e-92
4.811969624575e-93
8.121487811991e-94
1.3596300837248e-94
2.25773817019e-95
3.718683251888e-96
6.075230101162e-97
9.844401174616e-98
1.582209428182e-98
2.522212984022e-99
3.987839488656e-100
6.253550650145e-101
9.726211216427e-102
1.500319119039e-102
2.295310159823e-103
3.482665268861e-104
5.240702533795e-105
7.821129320311e-106
1.157567530949e-106
1.699083856488e-107
2.473258770396e-108
3.570303982208e-109
5.111122767757e-110
7.256003225094e-111
1.0215113012798e-111
1.426093238958e-112
1.974268192781e-113
2.710268194786e-114
3.689441712578e-115
4.98018687411e-116
6.665941908039e-117
8.847133293423e-118
1.16429491486e-118
1.519277130441e-119
1.965706697341e-120
2.521751338835e-121
3.207611034188e-122
4.045303074829e-123
5.05829727741e-124
6.270981295692e-125
7.707942128744e-126
9.393058810783e-127
1.1348412830765e-127
1.359303673633e-128
1.614153698754e-129
1.900264348532e-130
2.21777540644e-131
2.565955614314e-132
2.943081808217e-133
3.346344806156e-134
3.77179170794e-135
4.214313400567e-136
4.667684403368e-137
5.124659756333e-138
5.577130548212e-139
6.016336069252e-140
6.433126696505e-141
6.818267769084e-142
7.162771207426e-143
7.458238794208e-144
7.697199152552e-145
7.873419752326e-146
7.982175879894e-147
8.020460441767e-148
7.987121641942e-149
7.882919764654e-150
7.710499199589e-151
7.474277085639e-152
7.180255107367e-153
6.835765645841e-154
6.449167297958e-155
6.029507450277e-156
5.586170945659e-157
5.128533854222e-158
4.665640017369e-159
4.205915548058e-160
3.756933104705e-161
3.325233830735e-162
2.916210712505e-163
2.53405309064e-164
2.181748459221e-165
1.861134734987e-166
1.572994027024e-167
1.317177653805e-168
1.092751725729e-169
8.981529545042e-171
7.313453301746e-172
5.899697536369e-173
4.714804457414e-174
3.732637977951e-175
2.927371273354e-176
2.274264333295e-177
1.750236189148e-178
1.334247174735e-179
1.007514039449e-180
7.535851161928e-182
5.583044077917e-183
4.096928892939e-184
2.977730891516e-185
2.143596699056e-186
1.528347904838e-187
1.079229286803e-188
7.547590710355e-190
5.22753310553e-191
3.585665046168e-192
2.435665793357e-193
1.638442640512e-194
1.091442343249e-195
7.199738870354e-197
4.702939508723e-198
3.041928373039e-199
1.948254516817e-200
1.235519548e-201
7.758018404513e-203
4.823243731076e-204
2.968962565902e-205
1.809410746882e-206
1.091757757863e-207
6.521714147577e-209
3.856853863798e-210
2.258031963289e-211
1.308705459037e-212
7.508584010989e-214
4.264496612258e-215
2.397509421973e-216
1.334211971219e-217
7.349374337925e-219
4.007060625309e-220
2.162421599141e-221
1.155001541026e-222
6.105781145071e-224
3.19451578569e-225
1.654103019152e-226
8.47622101334e-228
4.298457119357e-229
2.157157496553e-230
1.071268351013e-231
5.264413639807e-233
2.559912418634e-234
1.231718740714e-235
5.864043893482e-237
2.762293912562e-238
1.287411159402e-239
5.936452089956e-241
2.708235910829e-242
1.222315343668e-243
5.457636458983e-245
2.41066986557e-246
1.053342968879e-247
4.552896945141e-249
1.946609016042e-250
8.2324549889e-252
3.443709076068e-253
1.42480894058e-254
5.830508344046e-256
2.359729636183e-257
9.44518408584e-259
3.738842512565e-260
1.463620850779e-261
5.665923019151e-263
2.168948819396e-264
8.21013441102e-266
3.072976385589e-267
1.13726512786e-268
4.1614358381e-270
1.505528516605e-271
5.384982258085e-273
1.904207023199e-274
6.656770921504e-276
2.300474759794e-277
7.85887663318e-279
2.653855129495e-280
8.85833647933e-282
2.922602210999e-283
9.53046401455e-285
3.071632707276e-286
9.78406636699e-288
3.079982176266e-289
9.58163071119e-291
2.945619437302e-292
8.94835621428e-294
2.686102669668e-295
7.96705527368e-297
2.33481217418e-298
6.760329179138e-300
1.933874327191e-301
5.465321981209e-303
1.525853370106e-304
4.208251513888e-306
1.146474921621e-307
3.085200602507e-309
8.20049509256e-311
2.152862240744e-312
5.582046348413e-314
1.429397553167e-315
3.614733111667e-317
9.02701351426e-319
2.226063153633e-320
5.420472148477e-322
1.303237436315e-323
3.093692505799e-325
7.25066959544e-327
1.677669792928e-328
3.832146519091e-330
8.6410128235e-332
1.923329125245e-333
4.225599079934e-335
9.16321370052e-337
1.961151389774e-338
4.142446881644e-340
8.6350300071e-342
1.776274925619e-343
3.605571477992e-345
7.22160255596e-347
1.427139289372e-348
2.782594990938e-350
5.352563600266e-352
1.015731703181e-353
1.901421647078e-355
3.511048419299e-357
6.394854210822e-359
1.148778201012e-360
2.035304872626e-362
3.556201162838e-364
6.127485748524e-366
1.041100827081e-367
1.744186322917e-369
2.881094063206e-371
4.692033492948e-373
7.53317849204e-375
1.192293108512e-376
1.860155762525e-378
2.860557727892e-380
4.335713848623e-382
6.476674896916e-384
9.53450187122e-386
1.383155174099e-387
1.977165744863e-389
2.784752053956e-391
3.864319250408e-393
5.282918538234e-395
7.11476285435e-397
9.43850908042e-399
1.233313190884e-400
1.587232753335e-402
2.011754878735e-404
2.510997891236e-406
3.086198007016e-408
3.734877590721e-410
4.450130776505e-412
5.220130099335e-414
6.027955426052e-416
6.85182952881e-418
7.6658124794e-420
8.4409615137e-422
9.14690862346e-424
9.75375169414e-426
1.023410478658e-427
1.056511756209e-429
1.073025989835e-431
1.072067962371e-433
1.053597931516e-435
1.018431829241e-437
9.68182048738e-440
9.05134731618e-442
8.32076569744e-444
7.52089472435e-446
6.683342895038e-448
5.838448069614e-450
5.013505853633e-452
4.231424421449e-454
3.509883317449e-456
2.861010183668e-458
2.29153182245e-460
1.803311673679e-462
1.394158867803e-464
1.058785452612e-466
7.89796210767e-469
5.786156039636e-471
4.162836588215e-473
2.940818942918e-475
2.039773508766e-477
1.388944279975e-479
9.28390813801e-482
6.090785790632e-484
3.921615954059e-486
2.477754133362e-488
1.536046411954e-490
9.34231269637e-493
5.573894180433e-495
3.261872544929e-497
1.872096552226e-499
1.053636646226e-501
5.814368665456e-504
3.145649698192e-506
1.668247822536e-508
8.67159132648e-511
4.417432776256e-513
2.205048532926e-515
1.078417196483e-517
5.166762850449e-520
2.424684099395e-522
1.114391407799e-524
5.015410991083e-527
2.210043790111e-529
9.5336534198e-532
4.025498378547e-534
1.663483785784e-536
6.72654439564e-539
2.661184378886e-541
1.029915228809e-543
3.89856383575e-546
1.443167010506e-548
5.223582149752e-551
1.84837574764e-553
6.393094925218e-556
2.161021582034e-558
7.13774504778e-561
2.303258815721e-563
7.25987112261e-566
2.234822605852e-568
6.71749743889e-571
1.971257671722e-573
5.646386512412e-576
1.578366129192e-578
4.304990243422e-581
1.145459832624e-583
2.972661659322e-586
7.522848005e-589
1.856103231329e-591
4.463909634848e-594
1.046239222567e-596
2.389220986213e-599
5.314925619705e-602
1.151483813809e-604
2.429074602758e-607
4.988237865724e-610
9.96955882645e-613
1.938762658916e-615
3.667658607026e-618
6.74780448815e-621
1.207083423006e-623
2.098955437563e-626
3.546894067257e-629
5.823152468714e-632
9.28574640446e-635
1.437824223934e-637
2.161247370051e-640
3.152753130556e-643
4.462076547238e-646
6.125167604674e-649
8.15272356308e-652
1.051861497841e-654
1.315074041597e-657
1.592720850737e-660
1.868040018401e-663
2.121026618226e-666
2.3306278971e-669
2.477519390812e-672
2.546981497533e-675
2.53129767734e-678
2.431140975926e-681
2.255609617931e-684
2.020870426497e-687
1.747688279189e-690
1.458367409969e-693
1.173734947111e-696
9.10734689485e-700
6.80999848068e-703
4.905075831252e-706
3.401683470592e-709
2.270350361159e-712
1.457603239413e-715
8.99756550304e-719
5.337485689307e-722
3.041277190543e-725
1.663638766479e-728
8.73205361727e-732
4.39534423781e-735
2.120544247715e-738
9.80014076108e-742
4.336046680088e-745
1.835573065917e-748
7.43015664837e-752
2.874074855429e-755
1.061670438228e-758
3.742681229442e-762
1.258285553738e-765
4.031551125133e-769
1.230116501754e-772
3.571714791021e-776
9.86119458637e-780
2.586784836662e-783
6.441907479215e-787
1.521691305768e-790
3.406588477441e-794
7.22112866862e-798
1.448043549226e-801
2.744322327989e-805
4.910636359234e-809
8.28795755361e-813
1.317975391452e-816
1.972624226151e-820
2.775680238653e-824
3.667548773581e-828
4.545052369305e-832
5.276116046984e-836
5.729779728028e-840
5.813316898524e-844
5.502554780757e-848
4.852070315954e-852
3.979742794529e-856
3.031547538562e-860
2.141131133199e-864
1.399747797931e-868
8.45493644838e-873
4.7099637992e-877
2.415061475252e-881
1.13752432505e-885
4.911258114856e-890
1.939360304201e-894
6.987879929464e-899
2.291876265883e-903
6.824640734034e-908
1.840085152209e-912
4.479507930625e-917
9.81646397088e-922
1.930360383571e-926
3.394912908735e-931
5.320958482866e-936
7.404481229171e-941
9.11204589531e-946
9.87456644146e-951
9.38094854537e-956
7.775310244618e-961
5.593759540656e-966
3.473925075595e-971
1.851438768643e-976
8.414329866458e-982
3.238812546084e-987
1.048103111532e-992
2.828800035796e-998
6.312590374732e-1004
1.153737888712e-1009
1.709236357593e-1015
2.029334847885e-1021
1.906858804567e-1027
1.39852787581e-1033
7.883339198952e-1040
3.35694563759e-1046
1.059133508828e-1052
2.422143361715e-1059
3.915920433007e-1066
4.348943477817e-1073
3.209244014329e-1080
1.51350088322e-1087
4.356166575229e-1095
7.240116397583e-1103
6.495641575924e-1111
2.893092223853e-1119
5.751176043753e-1128
4.44050466564e-1137
1.1032338382258e-1146
6.754413370814e-1157
6.809332271529e-1168
5.792953771032e-1180
1.1468801586777e-1193
1.8782612782517e-1210