0.101081941475236
0.0990279095712456
0.0950441309005557
0.0893667347409537
0.08232054317935
0.0742883634970105
0.0656767533586072
0.0568824891525552
0.0482635063952836
0.04011709302005
0.0326668236907954
0.0260583796133326
0.0203632334464555
0.0155883559217511
0.011689693981726
0.0085871659068711
0.0061792346095261
0.00435563500736942
0.00300741728021647
0.00203401604692277
0.00134749199069869
0.00087438239734913
0.00055574028294079
0.00034596253311705
0.000210942473285428
0.000125970085547836
0.000073676583967095
0.000042202680508463
0.000023674919204686
0.0000130066032049275
6.9976912422441e-6
3.6867978181397e-6
1.90210840640676e-6
9.6094806225459e-7
4.7536822858836e-7
2.30256776537726e-7
1.09202537109981e-7
5.070801887884e-8
2.3053097547768e-8
1.02606609475482e-8
4.4709417662146e-9
1.90714662220318e-9
7.9636809551905e-10
3.2551511849298e-10
1.30238201317786e-10
5.1003200404555e-11
1.9549232035139e-11
7.3335818875193e-12
2.6923852998331e-12
9.6732597997409e-13
3.4009678506244e-13
1.17005206364646e-13
3.9387577942525e-14
1.29730687384965e-14
4.1805451920981e-15
1.31797375510297e-15
4.0648130882662e-16
1.22633797754179e-16
3.6190185397377e-17
1.04461719192707e-17
2.9490585658376e-18
8.1422242602006e-19
2.1984123072558e-19
5.8043562877407e-20
1.4984754103851e-20
3.7823963133444e-21
9.3341955952689e-22
2.2519005178632e-22
5.310718703719e-23
1.2242156007284e-23
2.7582339993526e-24
6.0735178123471e-25
1.3069298193677e-25
2.7481033103814e-26
5.6460934518506e-27
1.133344594992e-27
2.2224847162495e-28
4.2573733571693e-29
7.9658728465931e-30
1.4557119951648e-30
2.5979395107043e-31
4.5274571268282e-32
7.7039040423834e-33
1.2798446623339e-33
2.0756369657078e-34
3.2858694369439e-35
5.0770351683121e-36
7.6557252210624e-37
1.126505355784e-37
1.6173518654157e-38
2.2654410273948e-39
3.0954924211686e-40
4.1255918884462e-41
5.3625599363777e-42
6.7972976763383e-43
8.400913573063e-44
1.0122544236468e-44
1.188971902595e-45
1.3611844610009e-46
1.5186913305723e-47
1.6510937599924e-48
1.7489003731742e-49
1.804636692863e-50
1.8137814762428e-51
1.7753684121734e-52
1.6921428060313e-53
1.5702395875948e-54
1.4184346146538e-55
1.2470963035319e-56
1.0670121646024e-57
8.882751508647e-59
7.193877907679e-60
5.6668695824366e-61
4.3412389970957e-62
3.2336923320881e-63
2.3416439931405e-64
1.6481671970374e-65
1.1273514101554e-66
7.492258564827e-68
4.8370172186784e-69
3.0329707046216e-70
1.8467026429022e-71
1.091627613897e-72
6.26339143077e-74
3.4874569096658e-75
1.883983752438e-76
9.872272879442e-78
5.0168303444827e-79
2.4717943517692e-80
1.1804893312437e-81
5.463518987649e-83
2.4498245690352e-84
1.0639928129951e-85
4.4747637652825e-87
1.8218523854653e-88
7.178756048569e-90
2.7368858220022e-91
1.0092792617374e-92
3.5990344128107e-94
1.2406532454897e-95
4.1330559510871e-97
1.3301851275785e-98
4.1345952626545e-100
1.2407685938675e-101
3.5936741186404e-103
1.0042140474149e-104
2.7064462997324e-106
7.032341973166e-108
1.7610264705259e-109
4.248453179278e-111
9.870160866834e-113
2.2073488860764e-114
4.74997541195e-116
9.831070982431e-118
1.9561847240834e-119
3.740449083594e-121
6.869773204332e-123
1.2113235242946e-124
2.0495830992905e-126
3.3261439076054e-128
5.174434396438e-130
7.712599371921e-132
1.1008232436275e-133
1.5037275297297e-135
1.9647345399031e-137
2.4539319126147e-139
2.928044897169e-141
3.335599171359e-143
3.625487647792e-145
3.757178539937e-147
3.70985442817e-149
3.487693465882e-151
3.119481514947e-153
2.652494241951e-155
2.1424372632153e-157
1.64242289552e-159
1.1940264047799e-161
8.224516920274e-164
5.362604570106e-166
3.306713818903e-168
1.9263883094194e-170
1.0591851663132e-172
5.490574939999e-175
2.680404230493e-177
1.230887941268e-179
5.310692007032e-182
2.150081357084e-184
8.157620625704e-187
2.896583217808e-189
9.611813255616e-192
2.976298749098e-194
8.586674518499e-197
2.304329008777e-199
5.742418660482e-202
1.3264770413652e-204
2.834940513958e-207
5.59462023057e-210
1.0173678782776e-212
1.7010466039442e-215
2.609054449755e-218
3.662018143461e-221
4.69147056442e-224
5.470956589473e-227
5.790632845571e-230
5.545767423163e-233
4.79014810177e-236
3.718544687095e-239
2.58473543052e-242
1.6023125740102e-245
8.82085049028e-249
4.292510251605e-252
1.8373912543679e-255
6.881159456152e-259
2.241710653092e-262
6.312886903125e-266
1.526286544958e-269
3.14453754158e-273
5.475560161286e-277
7.986000349197e-281
9.658763322227e-285
9.580442321698e-289
7.697304820264e-293
4.94009242207e-297
2.49311002208e-301
9.718078032079e-306
2.866357535124e-310
6.246930736859e-315
9.784085936639e-320
1.0656616661605e-324
7.759983217478e-330
3.601012636628e-335
1.0034363428781e-340
1.5570498482174e-346
1.2193874948874e-352
4.219733985789e-359
5.346273024213e-366
1.8676597533002e-373
1.1255902221359e-381
4.75519397921e-391
1.3816683105602e-402