0.1046067132118673
0.1023311351264483
0.0979273029129957
0.0916740937247129
0.0839527413148445
0.0752084586864835
0.0659082379787817
0.0565003458030493
0.047380279390042
0.0388665040388188
0.0311874925713749
0.0244797995030004
0.0187954397071488
0.0141159042821804
0.0103697996623569
0.0074512796043854
0.0052370062412117
0.00360014075102568
0.00242064978777655
0.0015918860698569
0.00102388339368369
0.00064407727482072
0.000396245534763633
0.000238407099983068
0.000140278578459844
0.000080717808064245
0.000045419374953339
0.0000249916070095697
0.0000134466896415204
7.0744252475271e-6
3.6392125162044e-6
1.83041478072754e-6
9.0012388912124e-7
4.3276291834331e-7
2.03411983835614e-7
9.3468439260128e-8
4.198537898937e-8
1.84356270191917e-8
7.9127246818677e-9
3.3195827364835e-9
1.36116465781734e-9
5.4549076689028e-10
2.13645122944182e-10
8.1772275041029e-11
3.0584739139738e-11
1.11780633492658e-11
3.9917957706316e-12
1.39279206077683e-12
4.7478403961117e-13
1.58114903752646e-13
5.1438789924612e-14
1.63464572229267e-14
5.0739312142864e-15
1.53824655320566e-15
4.5544873985167e-16
1.31691060139053e-16
3.7183193248636e-17
1.02513329895694e-17
2.7594734596405e-18
7.2519126154599e-19
1.8604879826706e-19
4.6592488462343e-20
1.13890024184068e-20
2.7170739111602e-21
6.3259780187009e-22
1.4372358602676e-22
3.1861442244788e-23
6.8913118237072e-24
1.4541147980004e-24
2.9930653725239e-25
6.0091627244719e-26
1.1766590696613e-26
2.2469014697008e-27
4.183800683235e-28
7.5956943344543e-29
1.3444000818562e-29
2.3195738741639e-30
3.9008532630739e-31
6.3934438713962e-32
1.02113941484484e-32
1.5891329694721e-33
2.4094031782055e-34
3.5586126773847e-35
5.1194208782575e-36
7.1725829107817e-37
9.785647542878e-38
1.2998890212384e-38
1.6810010201869e-39
2.1160004019678e-40
2.5923248374889e-41
3.0904916876421e-42
3.5848213011787e-43
4.0452483322269e-44
4.4401253639988e-45
4.7397004244576e-46
4.9197610079165e-47
4.9648366919915e-48
4.8703783149934e-49
4.6434909340168e-50
4.3020607928424e-51
3.8724230484928e-52
3.3859926684686e-53
2.8754590161394e-54
2.3711857910238e-55
1.8983607752641e-56
1.4752391335445e-57
1.1125780824805e-58
8.141323071964e-60
5.7791765602331e-61
3.9787944406129e-62
2.6561808743205e-63
1.7190492876293e-64
1.0783142201958e-65
6.554328711096e-67
3.8595286321492e-68
2.201194478701e-69
1.2156069761631e-70
6.498731784198e-72
3.3624217438154e-73
1.6832504943804e-74
8.150803942573e-76
3.8166876317923e-77
1.7277612361867e-78
7.559016014202e-80
3.1952266184797e-81
1.3045483958572e-82
5.1428618742305e-84
1.9570246613081e-85
7.186073700761e-87
2.5453325309823e-88
8.693701546275e-90
2.8623205266743e-91
9.08086394046e-93
2.7750406473862e-94
8.165418659031e-96
2.3125105987466e-97
6.301005245508e-99
1.65111268084e-100
4.1590999793781e-102
1.0066713245352e-103
2.3401642796819e-105
5.222451668285e-107
1.1183181191332e-108
2.2967124194476e-110
4.521468448286e-112
8.528229863839e-114
1.5403272139451e-115
2.6625820627944e-117
4.402333121789e-119
6.958234852308e-121
1.0507273525707e-122
1.5149071498008e-124
2.084052465074e-126
2.7338240798544e-128
3.4172360218505e-130
4.067384556201e-132
4.606534984135e-134
4.96049027461e-136
5.07489178827e-138
4.928671587421e-140
4.540151380387e-142
3.963432301928e-144
3.275990865078e-146
2.5614091262046e-148
1.8926042795381e-150
1.3202271397182e-152
8.685438775375e-155
5.382913289908e-157
3.139313401822e-159
1.7208086420761e-161
8.854797314592e-164
4.27186596672e-166
1.9296130623678e-168
8.149509568613e-171
3.213431473966e-173
1.1811947671198e-175
4.041070136155e-178
1.2846001048325e-180
3.787694604434e-183
1.0339940668201e-185
2.608296689667e-188
6.067469311096e-191
1.2987881103557e-193
2.55250459756e-196
4.594671643142e-199
7.556219984117e-202
1.1322816923197e-204
1.5415985079048e-207
1.90127657691e-210
2.117302765306e-213
2.121772743767e-216
1.9063681179015e-219
1.5297112190673e-222
1.0916594926127e-225
6.89738708013e-229
3.839684389138e-232
1.8734658544428e-235
7.966601040093e-239
2.934294771941e-242
9.298772515463e-246
2.516842878535e-249
5.771708534141e-253
1.1115438527948e-256
1.7802126964628e-260
2.345402371943e-264
2.511242205698e-268
2.1555690245831e-272
1.4606381795257e-276
7.677356017953e-281
3.06782027641e-285
9.105099291999e-290
1.953241261907e-294
2.932700336443e-299
2.965332044253e-304
1.926589154736e-309
7.588187453529e-315
1.6829096377023e-320
1.9087458867909e-326
9.721163587456e-333
1.8495204676122e-339
9.961375961193e-347
9.601715620724e-355
6.866844066169e-364
3.7689117017364e-375