0.0736817696185435
0.072884120673044
0.0713146250551275
0.0690235017322909
0.0660827189657401
0.0625822426506602
0.0586254730280989
0.05432419210314
0.049793364691416
0.0451461269305512
0.0404892598885686
0.0359193877724964
0.0315200672579937
0.0273598546306962
0.0234913587158873
0.0199512170142799
0.0167608754919434
0.0139280125080591
0.0114484256830452
0.0093081964003073
0.0074859577608442
0.0059551147106271
0.0046858957056181
0.0036471495960692
0.0028078357262719
0.0021381865954308
0.00161054872938655
0.00119992750903603
0.00088427526888419
0.00064456938479174
0.00046472917056842
0.0003314183404751
0.00023377480863487
0.00016310287348829
0.000112555403554972
0.000076826308705809
0.000051866919117396
0.00003463424550578
0.000022874608681711
0.000014942803551751
9.6546986172757e-6
6.1698025511771e-6
3.8996654416752e-6
2.4378363194138e-6
1.5073022743027e-6
9.217480618251e-7
5.5749062332783e-7
3.3348298817552e-7
1.9729580498522e-7
1.1544291199531e-7
6.6806557662933e-8
3.823581907543e-8
2.1643037132334e-8
1.2116005824002e-8
6.7079698441511e-9
3.6729069300772e-9
1.9888989195049e-9
1.0651142018903e-9
5.6410111863305e-10
2.9545520916107e-10
1.5303711380616e-10
7.8391461675819e-11
3.9710378880663e-11
1.9892936649822e-11
9.854841240052e-12
4.8278350937137e-12
2.3388556479168e-12
1.1204659771924e-12
5.3080401147038e-13
2.4865999636509e-13
1.1518865958461e-13
5.2764448780859e-14
2.3899934106176e-14
1.0704620847803e-14
4.7408996900103e-15
2.0761592868278e-15
8.990140290576e-16
3.8492273386886e-16
1.629585979283e-16
6.821390060484e-17
2.8232905091462e-17
1.155368319208e-17
4.6747952786224e-18
1.8701523039314e-18
7.397049181354e-19
2.8926908795698e-19
1.1184132562247e-19
4.2751764355708e-20
1.6156670251452e-20
6.036571019978e-21
2.2297895779609e-21
8.142672495974e-22
2.9396383547801e-22
1.0491533019059e-22
3.7016579894089e-23
1.2911004358501e-23
4.4516826462166e-24
1.51733946053e-24
5.112455896157e-25
1.7027797038515e-25
5.606129796834e-26
1.8244722912804e-26
5.869139111534e-27
1.866242313015e-27
5.865588168658e-28
1.8222096373631e-28
5.595277068109e-29
1.6981439741907e-29
5.093897012154e-30
1.5102246574625e-30
4.425288810604e-31
1.2815725222121e-31
3.6680818184669e-32
1.0375804274308e-32
2.9005746155977e-33
8.013427780464e-34
2.1878474657768e-34
5.902996248283e-35
1.5738993910708e-35
4.146890536384e-36
1.0796957262715e-36
2.7778281347259e-37
7.061979041077e-38
1.7740110903656e-38
4.40338634803e-39
1.0799643417304e-39
2.6170722953558e-40
6.266097169232e-41
1.4823302112832e-41
3.4645789093743e-42
8.000272028678e-43
1.8251513830608e-43
4.113616615122e-44
9.159470420625e-45
2.0147877033445e-45
4.378156097552e-46
9.398244977726e-47
1.9929036174673e-47
4.174458878387e-48
8.637313373385e-49
1.7652730857195e-49
3.563607694119e-50
7.105629630613e-51
1.3993931883562e-51
2.7220190851369e-52
5.22933423513e-53
9.921902483044e-54
1.8592004236811e-54
3.440562402372e-55
6.287728813508e-56
1.1347713076571e-56
2.022376464104e-57
3.559127840377e-58
6.185029884179e-59
1.0613172645488e-59
1.7982179631327e-60
3.008302154489e-61
4.969020878577e-62
8.103610034219e-63
1.3047658129091e-63
2.0740574487146e-64
3.254849408424e-65
5.042553625583e-66
7.712001968583e-67
1.1643084868823e-67
1.735164018904e-68
2.5525345221352e-69
3.706365846324e-70
5.311990993945e-71
7.514246495008e-72
1.0491054633998e-72
1.4455891056665e-73
1.9658431061688e-74
2.63825780538e-75
3.494105215143e-76
4.566578502619e-77
5.88935546666e-78
7.494661790579e-79
9.410856110569e-80
1.1659617152352e-80
1.4252879043769e-81
1.7189727621065e-82
2.0453529258374e-83
2.400960443574e-84
2.780377106774e-85
3.176205952158e-86
3.579183780051e-87
3.978448213655e-88
4.361959174549e-89
4.717058923058e-90
5.031138752281e-91
5.292366068661e-92
5.490414988585e-93
5.617138468504e-94
5.667121492126e-95
5.638063246349e-96
5.530950863248e-97
5.350006620056e-98
5.102412198887e-99
4.797835056237e-100
4.447800494638e-101
4.064966429594e-102
3.662364607173e-103
3.252671597823e-104
2.84756570629e-105
2.457213307903e-106
2.089911987975e-107
1.7519004617704e-108
1.4473287734745e-109
1.1783685390972e-110
9.454332552504e-112
7.474735050826e-113
5.823111489453e-114
4.469796342301e-115
3.380433710071e-116
2.518765108867e-117
1.848892821924e-118
1.3369730644398e-119
9.523535929304e-121
6.682146403236e-122
4.617992767963e-123
3.143308928522e-124
2.107144136559e-125
1.3910775157273e-126
9.043459913103e-128
5.789221049074e-129
3.649082124962e-130
2.264647572296e-131
1.3837139457016e-132
8.323302067353e-134
4.928596939265e-135
2.872788381326e-136
1.648203161515e-137
9.307186580669e-139
5.172496037152e-140
2.828975453428e-141
1.522573790531e-142
8.06343815724e-144
4.201720655088e-145
2.154125717888e-146
1.086484396305e-147
5.390832200831e-149
2.631109774719e-150
1.2631169952958e-151
5.964031444088e-153
2.769478101815e-154
1.2646990353603e-155
5.679065735153e-157
2.507470955794e-158
1.0885107283261e-159
4.645531468434e-161
1.948999417112e-162
8.03764747505e-164
3.258022498772e-165
1.297937018517e-166
5.081520749471e-168
1.95496976941e-169
7.390229772946e-171
2.744809800193e-172
1.0015379740149e-173
3.58994195004e-175
1.263967226306e-176
4.370948267989e-178
1.484463782319e-179
4.950850141981e-181
1.621316709407e-182
5.213087564056e-184
1.645591169446e-185
5.099279562329e-187
1.551012532617e-188
4.630208461965e-190
1.356510451446e-191
3.899789586936e-193
1.1000493160302e-194
3.044339209165e-196
8.264949774103e-198
2.200946534528e-199
5.748520392304e-201
1.472429736472e-202
3.698273277629e-204
9.107573971971e-206
2.198864348968e-207
5.204011859876e-209
1.207184502963e-210
2.744449928754e-212
6.114111061458e-214
1.334618229301e-215
2.854139211437e-217
5.979096298705e-219
1.226832932444e-220
2.465308158221e-222
4.851081474333e-224
9.346141778224e-226
1.762774142222e-227
3.254428539268e-229
5.880428678517e-231
1.0397788461031e-232
1.798918163658e-234
3.044809191982e-236
5.041106866555e-238
8.162944596893e-240
1.292587485449e-241
2.001249624725e-243
3.029046066245e-245
4.481339669568e-247
6.479481602538e-249
9.154509148235e-251
1.263639475649e-252
1.703862099666e-254
2.243869161846e-256
2.885625653677e-258
3.623165664316e-260
4.440862242226e-262
5.312528273997e-264
6.20172820114e-266
7.06355146533e-268
7.847882286795e-270
8.503927503789e-272
8.985487804122e-274
9.256242691457e-276
9.294226321573e-278
9.094737704406e-280
8.671156043778e-282
8.053480624154e-284
7.28481173259e-286
6.416346505081e-288
5.501701603093e-290
4.591443638007e-292
3.728601538826e-294
2.94568873795e-296
2.263443743423e-298
1.691182282142e-300
1.228408829139e-302
8.67199749388e-305
5.948519664235e-307
3.963692100856e-309
2.564942841956e-311
1.611482195689e-313
9.827076257388e-316
5.815040052574e-318
3.338003527758e-320
1.858233036427e-322
1.0029144348467e-324
5.246217028244e-327
2.658966621213e-329
1.305348713967e-331
6.205075649283e-334
2.855165786673e-336
1.271256061871e-338
5.475234720698e-341
2.280277445332e-343
9.179768484821e-346
3.570879394423e-348
1.341697950908e-350
4.867471401722e-353
1.704316410218e-355
5.757319024755e-358
1.875575578728e-360
5.889924431207e-363
1.782206427403e-365
5.193822315187e-368
1.457135363693e-370
3.93363857161e-373
1.0213243413359e-375
2.549149099841e-378
6.113237994627e-381
1.40788890989e-383
3.112125559582e-386
6.599362361043e-389
1.341717659066e-391
2.613882992907e-394
4.876651108838e-397
8.707737211992e-400
1.487192368542e-402
2.427893167817e-405
3.786229325506e-408
5.636442762506e-411
8.004262074738e-414
1.083536485403e-416
1.397173397429e-419
1.714786771933e-422
2.001617511362e-425
2.22029364435e-428
2.338481292251e-431
2.336551764797e-434
2.212821012728e-437
1.984471052768e-440
1.683663558126e-443
1.350043990839e-446
1.0220623752919e-449
7.297642498036e-453
4.908914629155e-456
3.10735148692e-459
1.848770085386e-462
1.0325924830076e-465
5.407214956926e-469
2.651184913177e-472
1.215424308889e-475
5.202504593813e-479
2.076073266567e-482
7.711516079176e-486
2.661923048625e-489
8.524525885367e-493
2.528080723898e-496
6.930250433647e-500
1.75265920998e-503
4.080836319022e-507
8.729171833116e-511
1.711557109369e-514
3.0688551091e-518
5.019335301768e-522
7.468973729857e-526
1.0083652721075e-529
1.231534384217e-533
1.356447273594e-537
1.342960493923e-541
1.191014266169e-545
9.426684308186e-550
6.6325531283e-554
4.131051029113e-558
2.267526374024e-562
1.0916239698626e-566
4.585517994135e-571
1.671461798003e-575
5.255439034853e-580
1.416217583971e-584
3.24810902224e-589
6.29245892104e-594
1.0212061742969e-598
1.375905513679e-603
1.523851441963e-608
1.372252573437e-613
9.926957585662e-619
5.691880401464e-624
2.548203291546e-629
8.758396991087e-635
2.267468326184e-640
4.326595559496e-646
5.934800795438e-652
5.685566673787e-658
3.677652743302e-664
1.543211832233e-670
4.004076216344e-677
6.059184091208e-684
4.97330880179e-691
2.019193396618e-698
3.595489050685e-706
2.386154433065e-714
4.68641127499e-723
1.92291387231e-732
9.258449534897e-743
1.7233450875978e-754
7.02275578153e-769