0.0530273797424369
0.0527296254475089
0.0521391222910855
0.0512657411877443
0.0501239440956821
0.0487323857540594
0.0471134069170549
0.0452924383119807
0.043297337518601
0.041157682876961
0.038904049319291
0.03656729068913
0.034177851720099
0.031765130515183
0.029356909257513
0.026978867191663
0.024654185856057
0.02240325234374
0.020243462234374
0.018189119968702
0.0162514309922765
0.0144385771054312
0.0127558642077045
0.0112059300613458
0.0097889988236957
0.0085031688788888
0.0073447208715376
0.0063084337212356
0.0053878976735078
0.0045758150089826
0.0038642807762778
0.0032450377295295
0.0027097014439258
0.00224995327224
0.0018577003296412
0.0015252030085875
0.0012451716037934
0.0010108344589253
0.00081598063592303
0.00065498047034377
0.00052278753626761
0.0004149255322289
0.00032746344852152
0.00025698211987556
0.00020053493835843
0.00015560512898581
0.00012006160059614
0.00009211499820021
0.000070275216715231
0.000053311301596042
0.000040214367036788
0.000030163911101453
0.000022497700266518
0.000016685231949863
0.000012304659440308
9.02297486731e-6
6.579187463248e-6
4.7702011662445e-6
3.4390825061898e-6
2.465411986253e-6
1.7574256072371e-6
1.2456741718804e-6
8.779535663744e-7
6.15286972967e-7
4.287681105926e-7
2.9710181861866e-7
2.0470370413138e-7
1.4024362393741e-7
9.553819884038e-8
6.471529440594e-8
4.3588529836861e-8
2.9192572102734e-8
1.9440471136921e-8
1.2872856250081e-8
8.47571178541e-9
5.548939335156e-9
3.6122326208603e-9
2.3381521749604e-9
1.5048754235005e-9
9.630712448351e-10
6.128380750588e-10
3.8775899443649e-10
2.4395301460507e-10
1.5260824877694e-10
9.492414050858e-11
5.87085710126e-11
3.6103710225516e-11
2.2076334120385e-11
1.3422276508312e-11
8.114257698144e-12
4.877464163102e-12
2.9151528417569e-12
1.7324064479482e-12
1.0236670656854e-12
6.014332007955e-13
3.5134601849153e-13
2.0408020295381e-13
1.178648063016e-13
6.76836951452e-14
3.864557975412e-14
2.1939697971608e-14
1.2384420928615e-14
6.950790340479e-15
3.878870414825e-15
2.1522271993964e-15
1.1873585370471e-15
6.513069449528e-16
3.552210915528e-16
1.926283104511e-16
1.0386014954444e-16
5.567809167578e-17
2.9677370190164e-17
1.57279187107e-17
8.287450621547e-18
4.341837704299e-18
2.2616647053016e-18
1.1713425477084e-18
6.031699984508e-19
3.088123794883e-19
1.5719830638289e-19
7.956063477118e-20
4.003546230482e-20
2.0030264991251e-20
9.963749000222e-21
4.927788821943e-21
2.423112642407e-21
1.1846397361132e-21
5.758231588606e-22
2.7827939568401e-22
1.3370911422143e-22
6.387456318741e-23
3.033756862335e-23
1.4325784507166e-23
6.725735405499e-24
3.139379092464e-24
1.4568983605152e-24
6.721947818612e-25
3.083473917316e-25
1.4062532632726e-25
6.376227169147e-26
2.874351239877e-26
1.2882215007379e-26
5.74003744081e-27
2.542794114464e-27
1.1198987660243e-27
4.903613445898e-28
2.1346288159061e-28
9.238383046921e-29
3.974987685822e-29
1.7003588780323e-29
7.231179320775e-30
3.057314677982e-30
1.2850864752903e-30
5.370126133552e-31
2.2309778207979e-31
9.214321318179e-32
3.783445459492e-32
1.5444231738524e-32
6.267560286357e-33
2.528615358765e-33
1.0141862457121e-33
4.043914803472e-34
1.6030026757388e-34
6.317032177914e-35
2.474783068159e-35
9.638401006624e-36
3.731773255875e-36
1.4363705415442e-36
5.49613370794e-37
2.090673483653e-37
7.905908932648e-38
2.972026119926e-38
1.1106754888631e-38
4.126235656069e-39
1.5238831066326e-39
5.59472277102e-40
2.041894362538e-40
7.408226178251e-41
2.671898354255e-41
9.579632076259e-42
3.41428189841e-42
1.2096786382255e-42
4.260486247346e-43
1.4916442708527e-43
5.191426515662e-44
1.7960644074176e-44
6.176881071861e-45
2.111675047667e-45
7.176188195416e-46
2.424196336014e-46
8.140430017308e-47
2.717257678025e-47
9.016054904433e-48
2.973738875193e-48
9.749626430533e-49
3.177388177774e-49
1.0293143115404e-49
3.314510915847e-50
1.0609205506536e-50
3.375487351092e-51
1.0675262421408e-51
3.355886877963e-52
1.0486268170149e-52
3.256999596996e-53
1.0055316401512e-53
3.085696794667e-54
9.412140499125e-55
2.853641132025e-55
8.599719020419e-56
2.575972690759e-56
7.669524866665e-57
2.26967665963e-57
6.676147941091e-58
1.951876933197e-58
5.67206906299e-59
1.638291790171e-59
4.703267953227e-60
1.3420384401825e-60
3.806142012002e-61
1.0728965309326e-61
3.005948410433e-62
8.370550685812e-63
2.316718942195e-63
6.372905128654e-64
1.742385719579e-64
4.734693256279e-65
1.2787275591203e-65
3.432422656832e-66
9.157100176123e-67
2.427993622591e-67
6.398340934677e-68
1.675773619815e-68
4.362036755578e-69
1.1284625295629e-69
2.901393642569e-70
7.413882241019e-71
1.882790690968e-71
4.75196827709e-72
1.1919497404809e-72
2.971344795639e-73
7.361335590044e-74
1.812451497723e-74
4.434862073618e-75
1.0784388240714e-75
2.606215329599e-76
6.259247992355e-77
1.493924986968e-77
3.543462696471e-78
8.352510686019e-79
1.956563565457e-79
4.554663159749e-80
1.053662603737e-80
2.422297467123e-81
5.533903515756e-82
1.2563523876493e-82
2.834423242888e-83
6.354608931192e-84
1.415733121432e-84
3.134295340304e-85
6.895438879362e-86
1.507456812306e-86
3.274811425263e-87
7.069417609498e-88
1.516471859385e-88
3.232480348804e-89
6.846769033693e-90
1.441056876614e-90
3.013836064683e-91
6.263233059432e-92
1.293347813495e-92
2.653794341604e-93
5.410678204775e-94
1.0961398961656e-94
2.206517696009e-95
4.413400015322e-96
8.771238093007e-97
1.732078241637e-97
3.398524175772e-98
6.625622846925e-99
1.283434680253e-99
2.470180850488e-100
4.723771094546e-101
8.975346608469e-102
1.694388781235e-102
3.178128887155e-103
5.922753747822e-104
1.0966465951669e-104
2.017426221696e-105
3.687344046642e-106
6.695943237033e-107
1.208061436521e-107
2.165421635914e-108
3.856285121689e-109
6.822853114827e-110
1.199306302155e-110
2.094394035151e-111
3.633689451473e-112
6.263185921849e-113
1.0725012417557e-113
1.824535069242e-114
3.083581489036e-115
5.177311813017e-116
8.635664257091e-117
1.430956898471e-117
2.355556666984e-118
3.852064651307e-119
6.257824454128e-120
1.0099032153978e-120
1.619047013396e-121
2.578453057359e-122
4.079207372391e-123
6.410705515784e-124
1.0007971175521e-124
1.552004968814e-125
2.390802286053e-126
3.658426580797e-127
5.560857500674e-128
8.396195193793e-129
1.259253605741e-129
1.875989298169e-130
2.776070742277e-131
4.080470515926e-132
5.957526834825e-133
8.639613312244e-134
1.244490556171e-134
1.780550753524e-135
2.530340646187e-136
3.571592643444e-137
5.007252978101e-138
6.972494915956e-139
9.64326922719e-140
1.324659092226e-140
1.807274080011e-141
2.448951999935e-142
3.295863063673e-143
4.405416105756e-144
5.848302612288e-145
7.710704845426e-146
1.009661647033e-146
1.313020034618e-147
1.69580813609e-148
2.175144331231e-149
2.770776928409e-150
3.505203665116e-151
4.403715318596e-152
5.49434025612e-153
6.807665899846e-154
8.37651351589e-155
1.023544477419e-155
1.242008243448e-156
1.496623348515e-157
1.790881117246e-158
2.128056253533e-159
2.511062005614e-160
2.942290940485e-161
3.423445934612e-162
3.955367386377e-163
4.537863944445e-164
5.169555116517e-165
5.847734863043e-166
6.568265584809e-167
7.325511692589e-168
8.11232113739e-169
8.92006185335e-170
9.73871803583e-171
1.055704860669e-171
1.136280721623e-172
1.214301985135e-173
1.288431275373e-174
1.35732801172e-175
1.41968781561e-176
1.474282983737e-177
1.52000230401e-178
1.555888429898e-179
1.581171069355e-180
1.595294388651e-181
1.597937273979e-182
1.589025422153e-183
1.568734626991e-184
1.537485065613e-185
1.495926841146e-186
1.444917475996e-187
1.38549244481e-188
1.318830163608e-189
1.246213091381e-190
1.168986739628e-191
1.088518418035e-192
1.00615747275e-193
9.23198606681e-195
8.40849624511e-196
7.6020463877e-197
6.822234305292e-198
6.077173031856e-199
5.3734142344e-200
4.715933305357e-201
4.108170295687e-202
3.552118789142e-203
3.048453419365e-204
2.596686003488e-205
2.195340173799e-206
1.842134858643e-207
1.53416789242e-208
1.268092302352e-209
1.040279300775e-210
8.46963584251e-212
6.843680955542e-213
5.488068511447e-214
4.367657064851e-215
3.449619799375e-216
2.703846605881e-217
2.10317484371e-218
1.62347490818e-219
1.243617965744e-220
9.45352763253e-222
7.1311665599e-223
5.338033191369e-224
3.965063715511e-225
2.922546657538e-226
2.137515421675e-227
1.551271046168e-228
1.1170968202e-229
7.98201763564e-231
5.65909904071e-232
3.980967413947e-233
2.778629263677e-234
1.924275038455e-235
1.322184663107e-236
9.01362211464e-238
6.096528959358e-239
4.091059187357e-240
2.723657166356e-241
1.798980142198e-242
1.178830071668e-243
7.66338372486e-245
4.942288047051e-246
3.162038823292e-247
2.006926729863e-248
1.263614166164e-249
7.89240823692e-251
4.890013766974e-252
3.005449736986e-253
1.832318753041e-254
1.108097660282e-255
6.6471235204e-257
3.955135500759e-258
2.334285960214e-259
1.3664852559e-260
7.93427284187e-262
4.569341816617e-263
2.609981965318e-264
1.478603309653e-265
8.30785818912e-267
4.629590647868e-268
2.558615741259e-269
1.402391595726e-270
7.62303735891e-272
4.109358446105e-273
2.196847460474e-274
1.164657716626e-275
6.122965715034e-277
3.192147864754e-278
1.650267407382e-279
8.4599587549e-281
4.30048241762e-282
2.167671539907e-283
1.083401565561e-284
5.369049343346e-286
2.638210885795e-287
1.285339852174e-288
6.208903639183e-290
2.973667658069e-291
1.412025487504e-292
6.64748283733e-294
3.102618892702e-295
1.435648256123e-296
6.58579045599e-298
2.995020527765e-299
1.350253996215e-300
6.034573762523e-302
2.673528555577e-303
1.17414501274e-304
5.111505895644e-306
2.205757140052e-307
9.43495101809e-309
4.000240573787e-310
1.681080065579e-311
7.0022527343e-313
2.890849453093e-314
1.182885311012e-315
4.797117719541e-317
1.928100804329e-318
7.68036235991e-320
3.031986310426e-321
1.186198010203e-322
4.598989277014e-324
1.766988066993e-325
6.72762157479e-327
2.538264388285e-328
9.48964811734e-330
3.515538326516e-331
1.290483650744e-332
4.693777757995e-334
1.691578776258e-335
6.04020811137e-337
2.13693722708e-338
7.49034757196e-340
2.601193203981e-341
8.94939572663e-343
3.050389080233e-344
1.030023382215e-345
3.445554162733e-347
1.141776223568e-348
3.7480253722e-350
1.218746250164e-351
3.925571276533e-353
1.252450985951e-354
3.958004928263e-356
1.238907822382e-357
3.8409443455e-359
1.179404007897e-360
3.586756454268e-362
1.08030142259e-363
3.222409806299e-365
9.51915228722e-367
2.784750590085e-368
8.0674007096e-370
2.314349479201e-371
6.57447161555e-373
1.849344885017e-374
5.150964632254e-376
1.420565321379e-377
3.879038893437e-379
1.048734526433e-380
2.807201871952e-382
7.43937462031e-384
1.951829572632e-385
5.069649473869e-387
1.303563983079e-388
3.318126031863e-390
8.36078672552e-392
2.085368003412e-393
5.148574751169e-395
1.258193597032e-396
3.043346039362e-398
7.28594375311e-400
1.726386416282e-401
4.048507396855e-403
9.39601097367e-405
2.158095065441e-406
4.905269112394e-408
1.103333876452e-409
2.455779982033e-411
5.408748503828e-413
1.178732605801e-414
2.541740607563e-416
5.422889116494e-418
1.144721479338e-419
2.390696752698e-421
4.939585894651e-423
1.009679912813e-424
2.041689255516e-426
4.084076278212e-428
8.08130940889e-430
1.581752825836e-431
3.062313808159e-433
5.86408207612e-435
1.110643384723e-436
2.08045503314e-438
3.8542145126e-440
7.06141782846e-442
1.27941349497e-443
2.292331004729e-445
4.061396474008e-447
7.11523514979e-449
1.232545527595e-450
2.111059301805e-452
3.574912613573e-454
5.98524067132e-456
9.90678020873e-458
1.621069220347e-459
2.62223726749e-461
4.193020096995e-463
6.6274955102e-465
1.035433834109e-466
1.598926164901e-468
2.440339293705e-470
3.681037331694e-472
5.487452265754e-474
8.08414305565e-476
1.176906493215e-477
1.693076374256e-479
2.406686391149e-481
3.380277922815e-483
4.69090579273e-485
6.43152108667e-487
8.71173195713e-489
1.165762580307e-490
1.541030870774e-492
2.012282041543e-494
2.595512651534e-496
3.306698311814e-498
4.160861840712e-500
5.170937901447e-502
6.34647380305e-504
7.69223370514e-506
9.20680091834e-508
1.088129679183e-509
1.269835087016e-511
1.463146171873e-513
1.664487790866e-515
1.869410232747e-517
2.072708036967e-519
2.268607607416e-521
2.451017464987e-523
2.613828181198e-525
2.751242796808e-527
2.858113685625e-529
2.930259110761e-531
2.964732662314e-533
2.960021575126e-535
2.916155447439e-537
2.834714592896e-539
2.718736320906e-541
2.572526812647e-543
2.401394840014e-545
2.211330358919e-547
2.008655234076e-549
1.799674604444e-551
1.59035565781e-553
1.386056215243e-555
1.191319209948e-557
1.009741757277e-559
8.43919991584e-562
6.95464055506e-564
5.6507224635e-566
4.526497735812e-568
3.574559986655e-570
2.782642888418e-572
2.135203879898e-574
1.614880299743e-576
1.203738869916e-578
8.8427382539e-581
6.40140184844e-583
4.566340191131e-585
3.209497316662e-587
2.222551291498e-589
1.516291622293e-591
1.019059857402e-593
6.74640197226e-596
4.399157733897e-598
2.825274054148e-600
1.786956444966e-602
1.113007225247e-604
6.82622496636e-607
4.122203650856e-609
2.45082231439e-611
1.434480689149e-613
8.26503510319e-616
4.687357551583e-618
2.616439881194e-620
1.437335948694e-622
7.77026538655e-625
4.133407933523e-627
2.163415696062e-629
1.114025239386e-631
5.64335145108e-634
2.812091517045e-636
1.378272082044e-638
6.6437929332e-641
3.149451230604e-643
1.46809103671e-645
6.72870657078e-648
3.032015833245e-650
1.343114201187e-652
5.8483842547e-655
2.502993749494e-657
1.052794244379e-659
4.351566284138e-662
1.767356185258e-664
7.05239249525e-667
2.764647787153e-669
1.064610207612e-671
4.026659847928e-674
1.495747444459e-676
5.45614091714e-679
1.954255353428e-681
6.8722564639e-684
2.372428105918e-686
8.03924360213e-689
2.673732410267e-691
8.7267579017e-694
2.794931494286e-696
8.78259931782e-699
2.707437426202e-701
8.18703049802e-704
2.428150136556e-706
7.06242238457e-709
2.014225434457e-711
5.63229297174e-714
1.543942146746e-716
4.148495112915e-719
1.092467068119e-721
2.819214027054e-724
7.12840937985e-727
1.765811440857e-729
4.284740994535e-732
1.018296008886e-734
2.369914029856e-737
5.40056598272e-740
1.204848151904e-742
2.631171061405e-745
5.62375110909e-748
1.176248194623e-750
2.407146101e-753
4.819148951504e-756
9.43703464258e-759
1.807298867819e-761
3.384422592567e-764
6.19625577465e-767
1.108902023894e-769
1.939563552602e-772
3.315039479152e-775
5.53570604822e-778
9.02987278855e-781
1.438593465047e-783
2.23802413921e-786
3.399248376197e-789
5.03979062868e-792
7.29243119766e-795
1.029627103619e-797
1.418246168471e-800
1.905470510402e-803
2.496579476485e-806
3.189284988662e-809
3.971520809822e-812
4.819980841849e-815
5.6998921844e-818
6.56639836748e-821
7.36769986403e-824
8.04978008318e-827
8.56219586101e-830
8.86411453202e-833
8.92961897603e-836
8.75133760517e-839
8.34170219116e-842
7.73155096407e-845
6.96628695175e-848
6.10025610366e-851
5.190317886588e-854
4.289673310421e-857
3.44288068514e-860
2.682675933684e-863
2.028811770938e-866
1.488741091177e-869
1.059680026004e-872
7.31442833085e-876
4.894469046601e-879
3.174076115921e-882
1.994252184372e-885
1.213544219466e-888
7.14995024712e-892
4.077355958802e-895
2.249758360415e-898
1.20067441799e-901
6.19575506497e-905
3.090204097901e-908
1.489172996043e-911
6.93116147575e-915
3.114613457077e-918
1.35073592197e-921
5.65108908259e-925
2.279884162576e-928
8.86608707917e-932
3.322044639086e-935
1.198794568896e-938
4.164445962725e-942
1.392021066011e-945
4.475163662981e-949
1.383057789379e-952
4.10704004949e-956
1.171274463169e-959
3.206330498055e-963
8.42075767817e-967
2.120582561221e-970
5.117789935027e-974
1.183012029744e-977
2.617732844794e-981
5.541592356773e-985
1.121641150698e-988
2.169269642809e-992
4.006234766004e-996
7.06054299832e-1000
1.186660698488e-1003
1.90064787553e-1007
2.899045265637e-1011
4.207939385681e-1015
5.807898391058e-1019
7.61672233224e-1023
9.48356360839e-1027
1.120144040772e-1030
1.254033022578e-1034
1.329534707625e-1038
1.333697136625e-1042
1.264680173959e-1046
1.132547986431e-1050
9.56881459402e-1055
7.61981881744e-1059
5.712957054322e-1063
4.028438105491e-1067
2.668612414199e-1071
1.65883913975e-1075
9.6643423769e-1080
5.270482800141e-1084
2.687075645235e-1088
1.279032669351e-1092
5.676163590076e-1097
2.345180087272e-1101
9.00737002349e-1106
3.211052647184e-1110
1.060778561938e-1114
3.241916281026e-1119
9.14998509483e-1124
2.380621607686e-1128
5.698856627386e-1133
1.252715458816e-1137
2.523400234043e-1142
4.647823894782e-1147
7.81016650387e-1152
1.194507258082e-1156
1.658655492069e-1161
2.085596251404e-1166
2.368217260026e-1171
2.421471339209e-1176
2.222730450157e-1181
1.825811579915e-1186
1.337586846183e-1191
8.70837208705e-1197
5.019528841198e-1202
2.551315571635e-1207
1.138671705574e-1212
4.442299799171e-1218
1.507673290977e-1223
4.428664342676e-1229
1.119767590638e-1234
2.422857739349e-1240
4.458023104149e-1246
6.928427072864e-1252
9.02899649015e-1258
9.78894398974e-1264
8.75420103529e-1270
6.398119722067e-1276
3.783124280194e-1282
1.789805361347e-1288
6.693323360672e-1295
1.9522824948e-1301
4.375922776218e-1308
7.414142571341e-1315
9.32199867721e-1322
8.51941648084e-1329
5.528082287795e-1336
2.479660239824e-1343
7.456364911428e-1351
1.450527269968e-1358
1.751052096135e-1366
1.248605606733e-1374
4.956722383053e-1383
1.019202174939e-1391
9.9238666163e-1401
4.082924065424e-1410
6.115959141929e-1420
2.726496976675e-1430
2.717766090071e-1441
3.931787033238e-1453
4.030905188076e-1466
7.35216283108e-1481
6.633172932428e-1499