0.0680716421761344
0.0674423960932499
0.0662012948112763
0.0643823217339623
0.0620345071950169
0.0592197337201326
0.0560100291848287
0.0524845129150177
0.0487261748979396
0.044818669813216
0.0408432961033148
0.036876307453601
0.0329866724180123
0.0292343606713886
0.0256691948990515
0.0223302689480352
0.0192458984506664
0.0164340419335156
0.0139031098991255
0.011653067137536
0.0096767294250883
0.0079611589671054
0.0064890721101898
0.0052401863606427
0.0041924498667379
0.0033231135961085
0.0026096230191952
0.0020303210550344
0.0015649665580538
0.00119508229009003
0.00090415301889974
0.00067769826624496
0.00050324564247009
0.00037023011756505
0.00026984250928399
0.00019484742861994
0.00013938737370726
0.000098785989417432
0.000069360005070695
0.00004824622822567
0.000033247325437087
0.000022698007265502
0.000015351646122847
0.000010286245208324
6.8279755790446e-6
4.4901270925673e-6
2.9251981147696e-6
1.8879055489059e-6
1.2070684029838e-6
7.645544449099e-7
4.7974240673875e-7
2.9821477692335e-7
1.8364103495171e-7
1.1202835341273e-7
6.7702064451669e-8
4.05312185142e-8
2.4037495266431e-8
1.4122075904983e-8
8.218935781833e-9
4.7384712297787e-9
2.7062280145815e-9
1.5310586311619e-9
8.580613538537e-10
4.7636702553604e-10
2.619748361592e-10
1.427150150781e-10
7.701398427717e-11
4.1167731882283e-11
2.1798633224349e-11
1.1433628448865e-11
5.9404431727535e-12
3.0572503881674e-12
1.5585400169522e-12
7.870041921052e-13
3.9364576765186e-13
1.9502974512864e-13
9.571060892722e-14
4.6524365348626e-14
2.2400573650976e-14
1.0683000263648e-14
5.0463785435273e-15
2.3611084100983e-15
1.0942046022128e-15
5.022553824121e-16
2.2834474515583e-16
1.0282404113106e-16
4.5859821710164e-17
2.0258201375567e-17
8.863331094405e-18
3.8407613768549e-18
1.6483847819675e-18
7.006762497823e-19
2.9497845444571e-19
1.2299113779403e-19
5.078839047091e-20
2.0771058422823e-20
8.413036001506e-21
3.3747620943589e-21
1.3406832416311e-21
5.274703676056e-22
2.0552044906655e-22
7.930366830362e-23
3.0304624489321e-23
1.1468272845217e-23
4.297903370596e-24
1.5950738420773e-24
5.862277930987e-25
2.1335822302174e-25
7.689632671946e-26
2.7444216871011e-26
9.699311240016e-27
3.3944660707053e-27
1.1763545692531e-27
4.036796300568e-28
1.3717116386475e-28
4.615425427036e-29
1.5377263668082e-29
5.072945835741e-30
1.6571072448256e-30
5.359762792961e-31
1.7164864256096e-31
5.442898873681e-32
1.708875544664e-32
5.312219603868e-33
1.6350163908931e-33
4.982459132148e-34
1.5032662645868e-34
4.490488067662e-35
1.3280411654358e-35
3.888523404078e-36
1.127217882197e-36
3.2350107312112e-37
9.19142744071e-38
2.5853789466286e-38
7.199362353549e-39
1.9846638395912e-39
5.416234339412e-40
1.4632546489401e-40
3.913350193165e-41
1.0360438835686e-41
2.7152040584853e-42
7.043943677167e-43
1.8088913825527e-43
4.598184575149e-44
1.1569953951802e-44
2.881656085571e-45
7.104145768833e-46
1.7335430499732e-46
4.187012377974e-47
1.00095474322e-47
2.3684209876416e-48
5.546656116345e-49
1.2856567153624e-49
2.949400471718e-50
6.696545890434e-51
1.5047685776132e-51
3.346444731868e-52
7.365223585798e-53
1.6042414886943e-53
3.458025687238e-54
7.376569159266e-55
1.5571891202981e-55
3.252984429281e-56
6.724641994596e-57
1.3756112739624e-57
2.784546070408e-58
5.577478380204e-59
1.1054492447826e-59
2.1679521579335e-60
4.206908241032e-61
8.077393864525e-62
1.5344993345114e-62
2.884308116709e-63
5.363994378894e-64
9.869583633964e-65
1.7966574217985e-65
3.235784923799e-66
5.765458829309e-67
1.0162950666768e-67
1.7722674415847e-68
3.057411626319e-69
5.217775836876e-70
8.808771361122e-71
1.4710761832385e-71
2.430168080744e-72
3.97109357509e-73
6.418711456575e-74
1.0262205202333e-74
1.6228551325793e-75
2.53837662249e-76
3.926996944935e-77
6.008750018682e-78
9.0932172997e-79
1.3609794645755e-79
2.014544073157e-80
2.949060741141e-81
4.269360905304e-82
6.112299210174e-83
8.653647940803e-84
1.2115376894169e-84
1.6772888044245e-85
2.296159310319e-86
3.108203059974e-87
4.160253648099e-88
5.505833423023e-89
7.204582833001e-90
9.321090288851e-91
1.1923017885831e-91
1.5078449596855e-92
1.885243746666e-93
2.330278761934e-94
2.847520890319e-95
3.439803742132e-96
4.10768420354e-97
4.848929891137e-98
5.658078562191e-99
6.526117544771e-100
7.440330006134e-101
8.38434867312e-102
9.338446243958e-103
1.0280075584321e-103
1.1184652939479e-104
1.2026555496987e-105
1.2780282862489e-106
1.342171278264e-107
1.3929367143404e-108
1.4285596907221e-109
1.4477595583457e-110
1.4498160509207e-111
1.434613908777e-112
1.4026521620584e-113
1.3550171061193e-114
1.2933209944307e-115
1.2196112741948e-116
1.1362575034676e-117
1.0458246818427e-118
9.509424542097e-120
8.541794681316e-121
7.579311453018e-122
6.643274241748e-123
5.751648691987e-124
4.918651813521e-125
4.154598434075e-126
3.465986174014e-127
2.85578050073e-128
2.323851323785e-129
1.867508253407e-130
1.482082634137e-131
1.1615098336216e-132
8.988737424571e-134
6.868856370152e-135
5.182801547475e-136
3.86121024828e-137
2.840175811039e-138
2.06259487187e-139
1.478813687636e-140
1.0467128175378e-141
7.313744059763e-143
5.044679031767e-144
3.434726496729e-145
2.308334485502e-146
1.531215221532e-147
1.0025070932247e-148
6.477911749215e-150
4.131059316814e-151
2.599854083004e-152
1.614655203624e-153
9.895457320078e-155
5.984102081254e-156
3.570678860203e-157
2.102193633135e-158
1.221085396352e-159
6.997644037512e-161
3.956134549839e-162
2.206400683769e-163
1.213870546615e-164
6.587420302176e-166
3.52609120508e-167
1.861602014767e-168
9.693375533938e-170
4.977802990393e-171
2.520891805582e-172
1.258936164547e-173
6.199621431551e-175
3.01035241482e-176
1.441248125797e-177
6.803113864028e-179
3.165937956647e-180
1.452448096276e-181
6.568709711963e-183
2.92831762889e-184
1.286744048568e-185
5.572871207832e-187
2.378786361081e-188
1.0006863456847e-189
4.148421469232e-191
1.694673966236e-192
6.821558382481e-194
2.705519837042e-195
1.057213722381e-196
4.070003818852e-198
1.543552999582e-199
5.766568594308e-201
2.12205570369e-202
7.69154242938e-204
2.745750733645e-205
9.653241459523e-207
3.342125271248e-208
1.139416712618e-209
3.824945683769e-211
1.264221025286e-212
4.113843035696e-214
1.317865273502e-215
4.155891564443e-217
1.290025483436e-218
3.941340303891e-220
1.185145009718e-221
3.507122893646e-223
1.021297100385e-224
2.926470733732e-226
8.250803599064e-228
2.288637174496e-229
6.245318387136e-231
1.676475069253e-232
4.426618278017e-234
1.149599882734e-235
2.936214932866e-237
7.374998169943e-239
1.821524390467e-240
4.423568213784e-242
1.056185966781e-243
2.479150192795e-245
5.72037506974e-247
1.297386617506e-248
2.892019093982e-250
6.33552907998e-252
1.363883662421e-253
2.885006109842e-255
5.995879940875e-257
1.224213725777e-258
2.455390429245e-260
4.837302680743e-262
9.35977181732e-264
1.778549513563e-265
3.318671468186e-267
6.080209630955e-269
1.093671005968e-270
1.931194568723e-272
3.34729000938e-274
5.694359319837e-276
9.5068423089e-278
1.557480849133e-279
2.503563833588e-281
3.948190380688e-283
6.107933465846e-285
9.2682986932e-287
1.379327359e-288
2.013018382015e-290
2.880659982302e-292
4.041571568643e-294
5.558684652503e-296
7.493868650205e-298
9.90148836053e-300
1.282043102807e-301
1.626519079239e-303
2.021696672435e-305
2.461604534657e-307
2.935691441836e-309
3.428751142496e-311
3.921369408783e-313
4.390942610307e-315
4.813235658279e-317
5.164355694135e-319
5.422933173554e-321
5.572242216668e-323
5.601972667254e-325
5.509395696108e-327
5.299741638175e-329
4.985721253879e-331
4.586249515208e-333
4.124550025815e-335
3.625905491032e-337
3.115359292322e-339
2.615659659422e-341
2.145676985173e-343
1.719431698604e-345
1.345765252828e-347
1.028590803012e-349
7.67589205522e-352
5.591788081232e-354
3.975846863191e-356
2.758581923599e-358
1.867404065822e-360
1.233117415894e-362
7.941461738256e-365
4.98701999552e-367
3.053090914297e-369
1.821831363808e-371
1.059392162306e-373
6.001976143313e-376
3.312286539527e-378
1.78017718521e-380
9.31545690357e-383
4.745182094264e-385
2.352392767179e-387
1.134680673942e-389
5.324037969038e-392
2.429445677806e-394
1.077865964399e-396
4.64841398851e-399
1.94812232626e-401
7.932057123931e-404
3.136882615398e-406
1.204580815665e-408
4.490337549992e-411
1.624445670116e-413
5.701510314093e-416
1.940912881647e-418
6.40654531182e-421
2.049798590939e-423
6.355253758232e-426
1.908759544308e-428
5.551693710967e-431
1.563191189606e-433
4.259556175279e-436
1.122877650132e-438
2.86261740902e-441
7.055057672412e-444
1.680290529164e-446
3.865906512422e-449
8.588837923302e-452
1.841885821358e-454
3.811197633427e-457
7.605922385195e-460
1.463359284485e-462
2.713134891009e-465
4.84530765348e-468
8.331140653935e-471
1.378540436977e-473
2.194119748562e-476
3.357496895363e-479
4.937064168297e-482
6.972646506638e-485
9.45310307623e-488
1.229603856846e-490
1.533663801037e-493
1.833255078724e-496
2.098893551714e-499
2.30023823373e-502
2.411587538982e-505
2.417166151249e-508
2.314733051934e-511
2.116390675245e-514
1.846258173021e-517
1.535617469486e-520
1.216888726068e-523
9.18056739124e-527
6.588744145604e-530
4.494728120715e-533
2.912152842821e-536
1.790464602355e-539
1.043703386456e-542
5.763080187416e-546
3.011561818214e-549
1.487880472551e-552
6.943023219815e-556
3.056916169692e-559
1.268547949685e-562
4.956054372737e-566
1.820835874631e-569
6.283365026237e-573
2.034052431217e-576
6.169093059426e-580
1.750608253482e-583
4.641530184691e-587
1.148179066981e-590
2.645940897189e-594
5.671411262498e-598
1.128838867099e-601
2.082864319365e-605
3.556343700142e-609
5.608550822818e-613
8.153702814597e-617
1.090509806092e-620
1.338891155832e-624
1.50565961553e-628
1.547212609549e-632
1.449232503341e-636
1.234120638209e-640
9.528274402832e-645
6.650399995552e-649
4.183374473699e-653
2.363973755217e-657
1.195923065303e-661
5.396661630602e-666
2.163843595706e-670
7.677399452035e-675
2.399827283763e-679
6.57783276622e-684
1.573034558962e-688
3.26439752554e-693
5.844641482411e-698
8.971969744708e-703
1.172896024083e-707
1.296269256068e-712
1.201551003374e-717
9.26056141076e-723
5.878481248478e-728
3.04164567593e-733
1.268207177342e-738
4.207277913617e-744
1.0950056287297e-749
2.200845716798e-755
3.35602821232e-761
3.805570200098e-767
3.136580313873e-773
1.830423145266e-779
7.336998746768e-786
1.949522069064e-792
3.29243832242e-799
3.360298610857e-806
1.948988991598e-813
5.951971091545e-821
8.686163706018e-829
5.337298272302e-837
1.1634167014757e-845
7.056882333219e-855
8.254387643949e-865
1.0139387852062e-875
4.058200324045e-888
2.561307227676e-903