0.0502674937125666
0.0500138130253544
0.0495102852266735
0.048764481092705
0.0477875192351897
0.0465937903658057
0.0452006047448177
0.0436277748803205
0.04189714752584
0.040032100399077
0.038057019768518
0.035996775116251
0.033876206506513
0.031719639122531
0.029550437758101
0.02739061196495
0.025260480176731
0.023178398577595
0.021160557880539
0.019220848644827
0.017370793397975
0.0156195417246484
0.0139739227113925
0.0124385477393961
0.0110159556224278
0.0097067914969539
0.0085100106699511
0.0074230987840818
0.0064423001234429
0.0055628466004523
0.0047791808746177
0.0040851680943908
0.0034742918633209
0.0029398311552976
0.0024750159917873
0.002073160706121
0.0017277745249494
0.0014326499734091
0.0011819302460324
0.0009701571761192
0.00079230178556903
0.00064377961438516
0.00052045312798624
0.00041862349788898
0.0003350139656623
0.00026674685013748
0.00021131606191687
0.00016655676409374
0.00013061357865561
0.000101908496856
0.00007910941900314
0.000061100032262539
0.000046951539517359
0.000035896581298383
0.000027305547712995
0.000020665358129264
0.000015560691929628
0.000011657581940809
8.689230641566e-6
6.443875131805e-6
4.7545072188274e-6
3.4902470207939e-6
2.5491695795792e-6
1.8523917621587e-6
1.3392391725203e-6
9.633281863222e-7
6.894151740838e-7
4.9088241553798e-7
3.4774732076435e-7
2.4509779210531e-7
1.7187151158216e-7
1.1991040821556e-7
8.323345918804e-8
5.748131165263e-8
3.9495047100272e-8
2.6998859345985e-8
1.8362617055961e-8
1.2425380007812e-8
8.365083463856e-9
5.602939367835e-9
3.7337579076908e-9
2.475486221957e-9
1.6328960110219e-9
1.0716173202939e-9
6.996867044559e-10
4.545165824063e-10
2.9374978984378e-10
1.8888028044505e-10
1.2083044935922e-10
7.690354658813e-11
4.869630810171e-11
3.0677846561002e-11
1.9227921614988e-11
1.1989965065163e-11
7.438426121775e-12
4.591147067106e-12
2.8192774425555e-12
1.7223853793066e-12
1.0468830796638e-12
6.330540562523e-13
3.808531909062e-13
2.279544134794e-13
1.3574111915269e-13
8.041688824191e-14
4.739744357248e-14
2.7792894580933e-14
1.6213741150967e-14
9.41028254078e-15
5.433647202463e-15
3.1213963904539e-15
1.7839163444369e-15
1.0143024485814e-15
5.737560001508e-16
3.228889077945e-16
1.807775377776e-16
1.0069330436966e-16
5.579828202142e-17
3.076128603853e-17
1.6871390802124e-17
9.205753127578e-18
4.997227288373e-18
2.6987304768288e-18
1.4499393690971e-18
7.749958337941e-19
4.121045067495e-19
2.1800833457856e-19
1.1473497571891e-19
6.007237612138e-20
3.129026867258e-20
1.6214311585527e-20
8.358757235413e-21
4.286848284275e-21
2.1871921631527e-21
1.1101646901325e-21
5.605814590955e-22
2.816048320003e-22
1.4073130824281e-22
6.996644155111e-23
3.460481012392e-23
1.7026679212019e-23
8.334305320844e-24
4.058391989033e-24
1.9659970766896e-24
9.474475651906e-25
4.542240078344e-25
2.1663404444372e-25
1.0278368488521e-25
4.851339143509e-26
2.2779185065489e-26
1.0640277026677e-26
4.944302083398e-27
2.2855644170085e-27
1.0510356160854e-27
4.808127573695e-28
2.1881051641285e-28
9.905881545625e-29
4.461181207706e-29
1.9986532288725e-29
8.907481665703e-30
3.949129456592e-30
1.7417097655278e-30
7.641475342115e-31
3.33506790811e-31
1.4479621160455e-31
6.253652995872e-32
2.686788150312e-32
1.1482993785034e-32
4.882001233791e-33
2.064717655231e-33
8.686452807678e-34
3.6353165389e-34
1.5134181421312e-34
6.267459397444e-35
2.581897277096e-35
1.0580353228101e-35
4.312946635776e-36
1.7488784989837e-36
7.054329601862e-37
2.83048803585e-37
1.1297315859973e-37
4.485351559633e-38
1.7714294706753e-38
6.959151417272e-39
2.719522308804e-39
1.057138169571e-39
4.087638983503e-40
1.5722218058492e-40
6.015260647019e-41
2.289250288458e-41
8.6662084193e-42
3.263328783221e-42
1.2223264285167e-42
4.554147070259e-43
1.6877930085033e-43
6.221890937435e-44
2.281473727545e-44
8.321415323186e-45
3.019022479316e-45
1.0894860749724e-45
3.910767237382e-46
1.3963231918807e-46
4.958980232913e-47
1.751781686329e-47
6.155275471907e-48
2.151263630421e-48
7.478545122671e-49
2.585929317642e-49
8.893873090123e-50
3.042556440682e-50
1.0352815601591e-50
3.503879073844e-51
1.1795305749319e-51
3.949457264597e-52
1.3153229851293e-52
4.357052757996e-53
1.4355465605633e-53
4.704402053065e-54
1.533390904587e-54
4.971200182788e-55
1.602980143489e-55
5.141053841266e-56
1.639954766103e-56
5.203144355716e-57
1.641922833562e-57
5.153366575748e-58
1.608715749447e-58
4.994777228548e-59
1.542410615047e-59
4.737284783187e-60
1.447115219006e-60
4.396624490488e-61
1.3285466011145e-61
3.992766053856e-62
1.1934633365285e-62
3.547978080352e-63
1.0490299267807e-63
3.084809844545e-64
9.021961034506e-65
2.624242559148e-65
7.591645531756e-66
2.184214180323e-66
6.250004072596e-67
1.778646213163e-67
5.034095440674e-68
1.417014578006e-68
3.966857338759e-69
1.1044259908042e-69
3.058037456267e-70
8.42099661635e-71
2.30620044295e-71
6.281188440579e-72
1.701359717283e-72
4.583089624675e-73
1.2277975329799e-73
3.271144103969e-74
8.667132055683e-75
2.283769465281e-75
5.984508756406e-76
1.559561208449e-76
4.041776382798e-77
1.0416848257255e-77
2.669886758187e-78
6.805186514905e-79
1.724948538153e-79
4.34809870032e-80
1.0899535701681e-80
2.717065822981e-81
6.735565632407e-82
1.660458100695e-82
4.070613627424e-83
9.923574201993e-84
2.405751670036e-84
5.799706996078e-85
1.390375261039e-85
3.314567439977e-86
7.857577201453e-87
1.852317935699e-87
4.342157633539e-88
1.0121780338874e-88
2.346213774204e-89
5.407987421291e-90
1.239536293572e-90
2.825116460726e-91
6.402727801627e-92
1.442923577641e-92
3.233473083794e-93
7.205113257564e-94
1.596452559523e-94
3.517327917905e-95
7.705650713438e-96
1.678585122734e-96
3.635908729139e-97
7.830979380128e-98
1.677067853871e-98
3.571203235465e-99
7.561462411371e-100
1.591923665773e-100
3.332435801168e-101
6.936211789316e-102
1.435495318203e-102
2.953914809509e-103
6.043781592508e-104
1.229509857975e-104
2.486941472486e-105
5.001580204997e-106
1.0001263049998e-106
1.988411235126e-107
3.930602331713e-108
7.725228458117e-109
1.509595715488e-109
2.932951211375e-110
5.665544249169e-111
1.088099940819e-111
2.077705650887e-112
3.944437303309e-113
7.445084022764e-114
1.397125294791e-114
2.606633659699e-115
4.835052652571e-116
8.916545797762e-117
1.634797484113e-117
2.979893865394e-118
5.400137019417e-119
9.72911927609e-120
1.742627834194e-120
3.103099703455e-121
5.493439676751e-122
9.66825524734e-123
1.691626701104e-123
2.942464143124e-124
5.088216546222e-125
8.747123836208e-126
1.494884910778e-126
2.539747461629e-127
4.289543662905e-128
7.202228691187e-129
1.202141089703e-129
1.994684198578e-130
3.290186096522e-131
5.395004545333e-132
8.793982921647e-133
1.424948844527e-133
2.295250925874e-134
3.675155234843e-135
5.849694530955e-136
9.25550293626e-137
1.455705530099e-137
2.2758888126e-138
3.536957682943e-139
5.463957353076e-140
8.390360866094e-141
1.28069925199e-141
1.943140081156e-142
2.930547406639e-143
4.393173091329e-144
6.546211355006e-145
9.69574276827e-146
1.42740987227e-146
2.088767197989e-147
3.038101517006e-148
4.392204776495e-149
6.311434441009e-150
9.01438071319e-151
1.279685226767e-151
1.805622494303e-152
2.532237193632e-153
3.529657046181e-154
4.889994769717e-155
6.73331732856e-156
9.21492073823e-157
1.253409482064e-157
1.694455626043e-158
2.276670943897e-159
3.040185922067e-160
4.034844439655e-161
5.322028121916e-162
6.976670019764e-163
9.0894323717e-164
1.176900660911e-164
1.514447422006e-165
1.936764491682e-166
2.461526437613e-167
3.109095859241e-168
3.90267569179e-169
4.868401284334e-170
6.035352251913e-171
7.43546282328e-172
9.10330900178e-173
1.107575157742e-173
1.339141610818e-174
1.608999462341e-175
1.921135912738e-176
2.279448404085e-177
2.687618345059e-178
3.148967924472e-179
3.666302755818e-180
4.241744295356e-181
4.876557179311e-182
5.570977757948e-183
6.324051082987e-184
7.13348434421e-185
7.99552516769e-186
8.90487320718e-187
9.85463302303e-188
1.083631531425e-188
1.183989214053e-189
1.28539098686e-190
1.386566126035e-191
1.486141548527e-192
1.582670201103e-193
1.674664145789e-194
1.760631376113e-195
1.839115154697e-196
1.908734465855e-197
1.96822404184e-198
2.016472360069e-199
2.052556028536e-200
2.075769080511e-201
2.085645884583e-202
2.081976634222e-203
2.064814699032e-204
2.034475480412e-205
1.991526797051e-206
1.936771208435e-207
1.871221045137e-208
1.796067232352e-209
1.712643250148e-210
1.622385756497e-211
1.52679349868e-212
1.427386152082e-213
1.325664655037e-214
1.223074461976e-215
1.120972926777e-216
1.020601769384e-217
9.23065289133e-219
8.2931468616e-220
7.40138555819e-221
6.56159346202e-222
5.778353293176e-223
5.054674421904e-224
4.392102116133e-225
3.790858878566e-226
3.250008773977e-227
2.767635783338e-228
2.341027779322e-229
1.966858612618e-230
1.641361936458e-231
1.360491681519e-232
1.120065433675e-233
9.15888281526e-235
7.43855922054e-236
6.000368900073e-237
4.807346758986e-238
3.82531201065e-239
3.0231362347e-240
2.372867642515e-241
1.849735914663e-242
1.432061994137e-243
1.101096082961e-244
8.40805096185e-246
6.37628263655e-247
4.802166950006e-248
3.591697575924e-249
2.667782371945e-250
1.967815874022e-251
1.441442143962e-252
1.048537369257e-253
7.57425243411e-255
5.433253902235e-256
3.870256635906e-257
2.737626621525e-258
1.922907886803e-259
1.341181828896e-260
9.28874053244e-262
6.38794318242e-263
4.362097069772e-264
2.957703774338e-265
1.991287967021e-266
1.33115447626e-267
8.83553317569e-269
5.822934197273e-270
3.810225594595e-271
2.475449268765e-272
1.596786023964e-273
1.022641845027e-274
6.50248421026e-276
4.104957849356e-277
2.572802555288e-278
1.600911261974e-279
9.88976024167e-281
6.06536020663e-282
3.692957969891e-283
2.23220274771e-284
1.339457577318e-285
7.9791174327e-287
4.718520075919e-288
2.769977708372e-289
1.614212433785e-290
9.33799100658e-292
5.362273185517e-293
3.056620237668e-294
1.729519289145e-295
9.71393059995e-297
5.415574024478e-298
2.996871580324e-299
1.646114722441e-300
8.97458873286e-302
4.856525061274e-303
2.608479535717e-304
1.390573738876e-305
7.35765533421e-307
3.863827131422e-308
2.013829696835e-309
1.041714094107e-310
5.347970389768e-312
2.724821006351e-313
1.377810015422e-314
6.91411947874e-316
3.443296202941e-317
1.701749342546e-318
8.34630426919e-320
4.0622245277e-321
1.961997121217e-322
9.40353499576e-324
4.47235052299e-325
2.110697377191e-326
9.88450796644e-328
4.593212697984e-329
2.117892460917e-330
9.68970362408e-332
4.398754085728e-333
1.981320785075e-334
8.85480733458e-336
3.926412228542e-337
1.727421574627e-338
7.54014378008e-340
3.265373722198e-341
1.402979211145e-342
5.98036531688e-344
2.52903796807e-345
1.061028681473e-346
4.416070320337e-348
1.823370073713e-349
7.4685538088e-351
3.03468682494e-352
1.223206275914e-353
4.890876780024e-355
1.939847740426e-356
7.6319431527e-358
2.978391549558e-359
1.152922760654e-360
4.426728918113e-362
1.685863575843e-363
6.36811888029e-365
2.385841223416e-366
8.86555479748e-368
3.267357249037e-369
1.194279354645e-370
4.329383488284e-372
1.556500280251e-373
5.54967442428e-375
1.962334588935e-376
6.88110068357e-378
2.392842254484e-379
8.25151105142e-381
2.821682024706e-382
9.56818776099e-384
3.217289584165e-385
1.072707284303e-386
3.546456502991e-388
1.162577854537e-389
3.778810166144e-391
1.217826150471e-392
3.891385244814e-394
1.232830421277e-395
3.872345141308e-397
1.205890143915e-398
3.723022999287e-400
1.139539134206e-401
3.45779732246e-403
1.040154246646e-404
3.101808552566e-406
9.16942946316e-408
2.687018889714e-409
7.80532784763e-411
2.247473049344e-412
6.41462957205e-414
1.814734915995e-415
5.088737551598e-417
1.414336727491e-418
3.89611799159e-420
1.063747239855e-421
2.878474232806e-423
7.71958995279e-425
2.051750163819e-426
5.40434906769e-428
1.41072132495e-429
3.649288386438e-431
9.35479734027e-433
2.376347204346e-434
5.98170134047e-436
1.491999980752e-437
3.687500185393e-439
9.03034287955e-441
2.19116528088e-442
5.26786247006e-444
1.254791971988e-445
2.961260417247e-447
6.92370451572e-449
1.603787859945e-450
3.680367124257e-452
8.3668208605e-454
1.884274274896e-455
4.203695322e-457
9.28989662017e-459
2.03363060869e-460
4.40964601848e-462
9.47097550931e-464
2.014808669876e-465
4.245313154856e-467
8.85953874067e-469
1.831160927416e-470
3.748386987147e-472
7.59894404574e-474
1.525602250027e-475
3.033171018506e-477
5.97183986985e-479
1.164295411183e-480
2.247760368866e-482
4.296913009172e-484
8.13337310432e-486
1.524334162457e-487
2.828607660216e-489
5.19679865734e-491
9.45272964052e-493
1.702253301218e-494
3.034758137621e-496
5.356044749e-498
9.35775553021e-500
1.618429046615e-501
2.770748452808e-503
4.695360099064e-505
7.8758220402e-507
1.307569519931e-508
2.148632867809e-510
3.494416822835e-512
5.62456195421e-514
8.95963978987e-516
1.412428551774e-517
2.203447299232e-519
3.401614843521e-521
5.19636738235e-523
7.85475505682e-525
1.174814451349e-526
1.73858285572e-528
2.545637290425e-530
3.687721452336e-532
5.28524930939e-534
7.49383025347e-536
1.051134627629e-537
1.458525270686e-539
2.001960895037e-541
2.718116213805e-543
3.650361886784e-545
4.848906906953e-547
6.37053984846e-549
8.27784741307e-551
1.063779442624e-552
1.351956925042e-554
1.699163493238e-556
2.111798037347e-558
2.595363655806e-560
3.153960712114e-562
3.789745433165e-564
4.502387234951e-566
5.28856587208e-568
6.14155506849e-570
7.05094133726e-572
8.0025242635e-574
8.97843699374e-576
9.95751295429e-578
1.091590744517e-579
1.182796192573e-581
1.266727633512e-583
1.340793294151e-585
1.402579646711e-587
1.449980197654e-589
1.481313620294e-591
1.495422085634e-593
1.491741829376e-595
1.470339996076e-597
1.431914444578e-599
1.377756220175e-601
1.309677483944e-603
1.229910511892e-605
1.140985639014e-607
1.045597497091e-609
9.46469447542e-612
8.46225720354e-614
7.47279525345e-616
6.51743484488e-618
5.61366390589e-620
4.77497804495e-622
4.010796292855e-624
3.326617740712e-626
2.724375064987e-628
2.202931786889e-630
1.758667045982e-632
1.386094074704e-634
1.078465324003e-636
8.28326896682e-639
6.27996102757e-641
4.699471853383e-643
3.471004607125e-645
2.530184981168e-647
1.820191209526e-649
1.292188618267e-651
9.05222343727e-654
6.25721615909e-656
4.267558281821e-658
2.871612449409e-660
1.906319509064e-662
1.248430207162e-664
8.06504031972e-667
5.13922078548e-669
3.230063020458e-671
2.002267037682e-673
1.224064604849e-675
7.37958331385e-678
4.387105446327e-680
2.571676679758e-682
1.486345591896e-684
8.46956678099e-687
4.757876085567e-689
2.634801483009e-691
1.43826051675e-693
7.73844824585e-696
4.103631725168e-698
2.144629521362e-700
1.104527518191e-702
5.60546741573e-705
2.803035138796e-707
1.381009816205e-709
6.70326370211e-712
3.205285085857e-714
1.509756962425e-716
7.00448700061e-719
3.200686391043e-721
1.44037533924e-723
6.38325129747e-726
2.785540904219e-728
1.196866644e-730
5.06311241601e-733
2.108587259824e-735
8.64438421795e-738
3.488276847472e-740
1.385440244663e-742
5.41539116579e-745
2.08306052673e-747
7.88439626806e-750
2.936253802754e-752
1.075823556171e-754
3.877699415967e-757
1.37485152605e-759
4.794557789454e-762
1.644426774106e-764
5.54645453583e-767
1.839554272679e-769
5.998834085e-772
1.923262780452e-774
6.06160915794e-777
1.877907985518e-779
5.71816728806e-782
1.711174138145e-784
5.03204512617e-787
1.454003670791e-789
4.127759066082e-792
1.151191967257e-794
3.153711392272e-797
8.48579689318e-800
2.242409860988e-802
5.81893750744e-805
1.482630242063e-807
3.708822600752e-810
9.10765018174e-813
2.195311551343e-815
5.19346750663e-818
1.205705999045e-820
2.746621978987e-823
6.13874994361e-826
1.345965974201e-828
2.894744141147e-831
6.10599569279e-834
1.263050186103e-836
2.561825013024e-839
5.09435638828e-842
9.93083525811e-845
1.897508416853e-847
3.553262598093e-850
6.52018647674e-853
1.17226168736e-855
2.064728456739e-858
3.562183971125e-861
6.01901202782e-864
9.95930847299e-867
1.613493049657e-869
2.559039370822e-872
3.972793234766e-875
6.03615525116e-878
8.97440631916e-881
1.305468805877e-883
1.857703331587e-886
2.585639856442e-889
3.519437823499e-892
4.684065551827e-895
6.09462326941e-898
7.75128718449e-901
9.63455485348e-904
1.17016498965e-906
1.388499912654e-909
1.609357478539e-912
1.82175757192e-915
2.013642588721e-918
2.172946950738e-921
2.288815527413e-924
2.352806317223e-927
2.359895823577e-930
2.309122829831e-933
2.20375735375e-936
2.05095774433e-939
1.860964800371e-942
1.645959089261e-945
1.418759734045e-948
1.191559327609e-951
9.74868555039e-955
7.7679261425e-958
6.02693146488e-961
4.55220146265e-964
3.346424559399e-967
2.393721212934e-970
1.665696895096e-973
1.127310172862e-976
7.41838365492e-980
4.745534143667e-983
2.950261527366e-986
1.782063816537e-989
1.045584301817e-992
5.95732967954e-996
3.295206414891e-999
1.769015009497e-1002
9.21458152729e-1006
4.655753448272e-1009
2.281115784452e-1012
1.083472903761e-1015
4.987352695004e-1019
2.224174416637e-1022
9.60676552811e-1026
4.017495018376e-1029
1.626150760659e-1032
6.36866307981e-1036
2.412512541324e-1039
8.8363639983e-1043
3.128283903322e-1046
1.070064529775e-1049
3.535285572298e-1053
1.127680098826e-1056
3.471578210403e-1060
1.031043125176e-1063
2.952984266692e-1067
8.1527045465e-1071
2.16878512694e-1074
5.55673393305e-1078
1.370631870904e-1081
3.253313018951e-1085
7.42738529742e-1089
1.630226275661e-1092
3.438378961105e-1096
6.96531508708e-1100
1.354538131848e-1103
2.527448136461e-1107
4.522573017685e-1111
7.75653013295e-1115
1.274349249951e-1118
2.004486522836e-1122
3.016893427938e-1126
4.342112377642e-1130
5.97257929088e-1134
7.84641432557e-1138
9.8389912586e-1142
1.176831125085e-1145
1.341740438975e-1149
1.457176879602e-1153
1.506384291308e-1157
1.481224130226e-1161
1.384331435959e-1165
1.228732051718e-1169
1.034965571306e-1173
8.26589595696e-1178
6.25435396203e-1182
4.479459950167e-1186
3.03410261364e-1190
1.941757666108e-1194
1.173022094461e-1198
6.68246849932e-1203
3.586300638803e-1207
1.811259479496e-1211
8.59941702339e-1216
3.833770767523e-1220
1.603060831293e-1224
6.27944439993e-1229
2.30145364673e-1233
7.88199885352e-1238
2.519108320973e-1242
7.50301310477e-1247
2.079613825742e-1251
5.35604273174e-1256
1.279826521372e-1260
2.832755377659e-1265
5.79822892528e-1270
1.09561515128e-1274
1.907717446176e-1279
3.055254562027e-1284
4.491661643106e-1289
6.04929377657e-1294
7.44753313069e-1299
8.36296439913e-1304
8.54541147637e-1309
7.92624412088e-1314
6.65654722364e-1319
5.047868032733e-1324
3.446796002695e-1329
2.112902828764e-1334
1.159149037981e-1339
5.672319726886e-1345
2.467346800184e-1350
9.50491473305e-1356
3.230145800935e-1361
9.64402028736e-1367
2.51856045948e-1372
5.726392567057e-1378
1.127948725773e-1383
1.914601566253e-1389
2.784785027238e-1395
3.449837145233e-1401
3.616399424634e-1407
3.185585377205e-1413
2.340261757669e-1419
1.422213617412e-1425
7.08691389304e-1432
2.86797274161e-1438
9.32772548328e-1445
2.41040300001e-1451
4.887197811637e-1458
7.66780511103e-1465
9.16775727669e-1472
8.21159648493e-1479
5.406059548053e-1486
2.560397694057e-1493
8.51462694248e-1501
1.933933838764e-1508
2.906268924559e-1516
2.785197163596e-1524
1.630349348295e-1532
5.539089500279e-1541
1.027345415933e-1549
9.65305874373e-1559
4.187624686351e-1568
7.453981786377e-1578
4.66620517416e-1588
8.337189580599e-1599
3.161809177488e-1610
1.626589338708e-1622
5.401064312894e-1636
2.763880097568e-1651
5.314917740386e-1670