0.0823903510895041
0.0812759650398876
0.0790921873367401
0.0759259939040103
0.0719005975099397
0.0671674998305543
0.061897054114541
0.0562683556108868
0.0504592899208516
0.0446374959129286
0.0389528544404374
0.0335319195087645
0.0284744916371819
0.0238523209069318
0.0197097428954717
0.0160659112794213
0.0129182053997015
0.0102463606151786
0.0080168880391585
0.0061874074986338
0.0047105998529087
0.0035375783284225
0.0026205709293262
0.00191488770740756
0.00138021156337529
0.00098129655890705
0.00068818364205728
0.00047605260511781
0.00032482469488732
0.00021861676827287
0.000145129255744246
0.000095029872542944
0.000061375564944951
0.000039098258679211
0.000024566435580413
0.000015224598356096
9.3060317731373e-6
5.6104037492509e-6
3.3360333875357e-6
1.9564511898936e-6
1.13163286703088e-6
6.4555823101819e-7
3.6320677125747e-7
2.0153769174344e-7
1.1029035098781e-7
5.952406671379e-8
3.1682272671678e-8
1.6630427468235e-8
8.6089150361245e-9
4.3948676593109e-9
2.2125336000424e-9
1.0984361966695e-9
5.3776774994512e-10
2.5962324334147e-10
1.235990409329e-10
5.8023380625828e-11
2.685968468704e-11
1.2260330319609e-11
5.5182339265207e-12
2.4489949015249e-12
1.0716637104672e-12
4.623862764502e-13
1.9670702907629e-13
8.2507985620076e-14
3.4121313825361e-14
1.3912382826223e-14
5.5926227908442e-15
2.2164597708025e-15
8.660170409457e-16
3.3358543913264e-16
1.2667574254867e-16
4.7421695516761e-17
1.7500454190859e-17
6.3665099133133e-18
2.2830975345722e-18
8.070666455073e-19
2.8122052688264e-19
9.658906632519e-20
3.2699623232649e-20
1.0911430924891e-20
3.5886825367685e-21
1.1633028532469e-21
3.7165917055687e-22
1.1702562143777e-22
3.6315387243414e-23
1.110614768891e-23
3.3472527887593e-24
9.941570204984e-25
2.9097240184302e-25
8.392043652178e-26
2.385016574953e-26
6.678996981281e-27
1.8429584748674e-27
5.0106309861069e-28
1.342238823977e-28
3.5425455899854e-29
9.211640246878e-30
2.3598357585256e-30
5.955759031334e-31
1.4807783422133e-31
3.6268322560384e-32
8.750564449498e-33
2.0797080249484e-33
4.8686965004491e-34
1.122672849834e-34
2.5498220762616e-35
5.703854523123e-36
1.2566504299837e-36
2.7266750721624e-37
5.826534649186e-38
1.2261124573732e-38
2.5408444873468e-39
5.184874549475e-40
1.0418259809272e-40
2.061261274507e-41
4.0154645109476e-42
7.701710193642e-43
1.4543559683353e-43
2.7037699775444e-44
4.948428960009e-45
8.915514019555e-46
1.581209932377e-46
2.7604456627483e-47
4.743485627358e-48
8.022812729765e-49
1.3355130268422e-49
2.1879807698289e-50
3.5277193056215e-51
5.597327258693e-52
8.739453893215e-53
1.3427195813e-53
2.0298504440937e-54
3.0192596077806e-55
4.418494489514e-56
6.36158170152e-57
9.010565595201e-58
1.255492437447e-58
1.7207981722668e-59
2.3199464704108e-60
3.0763540328146e-61
4.012202363516e-62
5.14629967293e-63
6.491578466874e-64
8.05240339299e-65
9.821942501838e-66
1.1779918376524e-66
1.3891088442407e-67
1.610479255347e-68
1.8355841756529e-69
2.0566903766384e-70
2.2652376666394e-71
2.4523551215115e-72
2.6094670613262e-73
2.7289335647059e-74
2.8046602537046e-75
2.8326103147123e-76
2.8111592620883e-77
2.7412492690334e-78
2.6263228906155e-79
2.4720423424054e-80
2.2858261651461e-81
2.0762561657947e-82
1.8524208514554e-83
1.6232654153385e-84
1.3970125993395e-85
1.1807049474075e-86
9.798997990174e-88
7.985272061519e-89
6.389011143606e-90
5.018583355964e-91
3.869897479475e-92
2.929243072174e-93
2.1762829494822e-94
1.5868841077169e-95
1.1355608426743e-96
7.973994358909e-98
5.494222592393e-99
3.714200916265e-100
2.463297473242e-101
1.6025945536895e-102
1.0227000807273e-103
6.401072079031e-105
3.929147996949e-106
2.36508200334e-107
1.3959071134475e-108
8.077726320648e-110
4.582508456072e-111
2.548341288014e-112
1.389025257261e-113
7.420247526104e-115
3.884536368858e-116
1.9926396581155e-117
1.0014810183445e-118
4.931011345755e-120
2.378279557749e-121
1.1235102821109e-122
5.197941538182e-124
2.354930907064e-125
1.04464547796e-126
4.536850685523e-128
1.9287899066049e-129
8.026192578977e-131
3.268714625988e-132
1.302671770235e-133
5.079612135122e-135
1.937803939264e-136
7.23133027634e-138
2.639369198076e-139
9.421050110249e-141
3.288201817953e-142
1.1220687234063e-143
3.743029327374e-145
1.2204213213515e-146
3.888822948211e-148
1.2108391354047e-149
3.683423780972e-151
1.0945861039174e-152
3.176992411837e-154
9.005013372733e-156
2.492225445382e-157
6.733746994757e-159
1.775919819034e-160
4.57105473261e-162
1.1480590367309e-163
2.813155612683e-165
6.724047589236e-167
1.567471888214e-168
3.563065989836e-170
7.896323185325e-172
1.705781328756e-173
3.591188737069e-175
7.36694005636e-177
1.472265704503e-178
2.86582730925e-180
5.432398942361e-182
1.0025881743992e-183
1.801161333661e-185
3.149125201019e-187
5.357238191404e-189
8.865645900894e-191
1.426924759041e-192
2.233130211608e-194
3.397413507122e-196
5.023441030716e-198
7.217185742031e-200
1.0072591024016e-201
1.365250072242e-203
1.796675581872e-205
2.295091935074e-207
2.845035411319e-209
3.421482008764e-211
3.990793174319e-213
4.513354218031e-215
4.947765708439e-217
5.256055492541e-219
5.409046497086e-221
5.390852626298e-223
5.201555872688e-225
4.857448662711e-227
4.388734265506e-229
3.835131251272e-231
3.240272345301e-233
2.646002035528e-235
2.087611706097e-237
1.590743038319e-239
1.170246093277e-241
8.308324280451e-244
5.690323174858e-246
3.758129134614e-248
2.39242013408e-250
1.467403090852e-252
8.667987357547e-255
4.92889774898e-257
2.696776330247e-259
1.419055436489e-261
7.178000941762e-264
3.488528199462e-266
1.628150913325e-268
7.29346516044e-271
3.134201722301e-273
1.291321091971e-275
5.09811461901e-278
1.92752402671e-280
6.975002961336e-283
2.41421170535e-285
7.987608025379e-288
2.524552640833e-290
7.617030294692e-293
2.192395065908e-295
6.015514652834e-298
1.572268748968e-300
3.911557786288e-303
9.255501343775e-306
2.081250838002e-308
4.443840824258e-311
9.001712892262e-314
1.728361177225e-316
3.142556247521e-319
5.405714557374e-322
8.788443198569e-325
1.348997396978e-327
1.952924781526e-330
2.663499254375e-333
3.418308421537e-336
4.123262180347e-339
4.668748896128e-342
4.955950371297e-345
4.925316583694e-348
4.576268881123e-351
3.969378516305e-354
3.209245150997e-357
2.414677266756e-360
1.687975940368e-363
1.0943749640833e-366
6.568481006983e-370
3.64276149635e-373
1.86290556336e-376
8.766553218548e-380
3.787751931767e-383
1.499115247547e-386
5.421521678196e-390
1.786953418365e-393
5.353291085172e-397
1.453399847017e-400
3.565105974464e-404
7.875320058398e-408
1.561238891824e-411
2.767427434163e-415
4.369013750827e-419
6.117433423444e-423
7.562827851119e-427
8.215565709824e-431
7.801564211185e-435
6.440143671126e-439
4.593711801704e-443
2.812896019569e-447
1.468211333745e-451
6.482103042901e-456
2.400327618407e-460
7.386362131899e-465
1.869673376858e-469
3.849234385839e-474
6.365140376128e-479
8.336409865917e-484
8.512305186964e-489
6.656985131527e-494
3.907173541237e-499
1.681490465609e-504
5.164982500976e-510
1.0972294582691e-515
1.5530464171221e-521
1.4005848115614e-527
7.621088421744e-534
2.338569027665e-540
3.714015916417e-547
2.729328064639e-554
7.976450898487e-562
7.480714764366e-570
1.6287781142181e-578
4.81708489079e-588
6.901666891787e-599
3.339322977932e-612