0.25650502626034904
0.22395285395671352
0.17067412122709258
0.11347683695023601
0.0657717710877217
0.03319797174509775
0.014572966566065002
0.005554499781136561
0.0018346879155592447
0.0005239781182130308
0.0001290485370032855
0.000027325285268221314
4.957249020873813e-6
7.674727375189939e-7
1.0094315168892073e-7
1.1221758911496183e-8
1.0483088420892031e-9
8.174958986801312e-11
5.281614965927332e-12
2.8026693289669897e-13
1.2094094650388233e-14
4.1953024073558034e-16
1.1542667556483364e-17
2.479396376616649e-19
4.080813569324151e-21
5.031977590645796e-23
4.522938813265473e-25
2.8644542990100874e-27
1.224405814762301e-29
3.340299656230325e-32
5.394480517090344e-35
4.6392142210443596e-38
1.813239398249017e-41
2.484322377845095e-45
7.288876060070143e-50
1.314020063575905e-55