0.0564070398377716
0.0560487215210951
0.0553388974877055
0.0542909775630671
0.052924547559516
0.0512647606553758
0.0493415678051915
0.0471888200556733
0.044843280302605
0.042343584673965
0.039729194284868
0.037039376633807
0.034312252573155
0.031583939871888
0.028887818257628
0.026253933893207
0.023708553945506
0.0212738746672717
0.0189678796245623
0.0168043386919871
0.0147929334572403
0.0129394908916908
0.0112463046328955
0.0097125219814696
0.0083345746579593
0.0071066323537623
0.0060210599582856
0.0050688618404745
0.0042400994854204
0.0035242719209922
0.0029106515195136
0.0023885707583772
0.0019476582391007
0.0015780246024363
0.0012704008810191
0.001016233278691
0.00080773936507934
0.00063793125736911
0.00050061157819185
0.00039034789003647
0.00030243097859387
0.00023282185605189
0.0001780917425739
0.0001353586150148
0.00010222323246202
0.000076706894799696
0.0000571925897837
0.000042370653555817
0.00003118961855312
0.000022812554145726
0.000016578916621466
0.000011971710135398
8.589610336016e-6
6.1236076696355e-6
4.3376776005488e-6
3.052970270967e-6
2.1350234094099e-6
1.4835316708134e-6
1.0242464350418e-6
7.026270877719e-7
4.7891388048809e-7
3.2434064464741e-7
2.1825089703819e-7
1.4592197314489e-7
9.693812508201e-8
6.398483633108e-8
4.1963073012271e-8
2.7344155508209e-8
1.7703860507822e-8
1.138877172031e-8
7.27931380353e-9
4.6228289933877e-9
2.9169448876038e-9
1.8287350608222e-9
1.1391336550111e-9
7.050161056382e-10
4.3353382209963e-10
2.6487784669477e-10
1.607926153645e-10
9.698028626645e-11
5.811614562628e-11
3.4602317806227e-11
2.0469520895286e-11
1.2031043772333e-11
7.025724367404e-12
4.0763371535599e-12
2.3498453497995e-12
1.3458530760889e-12
7.658508327668e-13
4.329899949615e-13
2.4321907025583e-13
1.357383044567e-13
7.526467312901e-14
4.146320047562e-14
2.2694271724048e-14
1.234100020691e-14
6.667515426767e-15
3.5789540865431e-15
1.9086465339397e-15
1.0112790598846e-15
5.323429126848e-16
2.7841056434613e-16
1.4466135252756e-16
7.467765978733e-17
3.830002212079e-17
1.9515346294232e-17
9.879186055976e-18
4.968582122159e-18
2.4826123550469e-18
1.2323929318039e-18
6.077878762563e-19
2.9779410916138e-19
1.4495729722197e-19
7.010074539023e-20
3.367924990923e-20
1.6075261349235e-20
7.622688170102e-21
3.590966508324e-21
1.680607279799e-21
7.813963784989e-22
3.609319975422e-22
1.6562533491674e-22
7.550471802234e-23
3.41952573002e-23
1.5385111321628e-23
6.876649571704e-24
3.053466196808e-24
1.3469385628216e-24
5.90254581119e-25
2.5696046113857e-25
1.1112890391185e-25
4.774412852111e-26
2.0377154056156e-26
8.639648996594e-27
3.638949757255e-27
1.5225858027483e-27
6.328657602109e-28
2.6131471626795e-28
1.0718571386085e-28
4.367460827825e-29
1.7678218794806e-29
7.108265560328e-30
2.839243920973e-30
1.126558990771e-30
4.44033342699e-31
1.7385447072567e-31
6.761810399084e-32
2.612432966447e-32
1.0026065640905e-32
3.822234425771e-33
1.4474502170555e-33
5.444871425903e-34
2.0345455706181e-34
7.551637292953e-35
2.78424099832e-35
1.0196769577308e-35
3.70942444519e-36
1.3404068721163e-36
4.811173154878e-37
1.7153295677986e-37
6.074694031192e-38
2.1368767805917e-38
7.466391567431e-39
2.59129116128e-39
8.932926842687e-40
3.058731678655e-40
1.0402960209862e-40
3.514296042843e-41
1.1791891678161e-41
3.92997887774e-42
1.3009374010431e-42
4.277400008899e-43
1.3968778628436e-43
4.530956677448e-44
1.4597284693247e-44
4.670923045977e-45
1.4844978326959e-45
4.685979506842e-46
1.4691389991761e-46
4.574722796672e-47
1.4148283844743e-47
4.345877749175e-48
1.3258172527437e-48
4.017167027798e-49
1.2088816951128e-49
3.613042019834e-50
1.0724699085848e-50
3.161678366842e-51
9.256957905914e-52
2.691748393698e-52
7.773448672788e-53
2.229480185041e-53
6.350407578602e-54
1.7964087432832e-54
5.04674958949e-55
1.4080524416983e-55
3.901429876693e-56
1.073554482311e-56
2.93370926239e-57
7.961595796408e-58
2.145707915349e-58
5.742828458384e-59
1.5263817547629e-59
4.028838623343e-60
1.0560226785911e-60
2.748783602071e-61
7.10524469592e-62
1.823836648012e-62
4.648988376525e-63
1.1767759916025e-63
2.957938435511e-64
7.383148626898e-65
1.829988579079e-65
4.504084766726e-66
1.1008122164053e-66
2.671563600923e-67
6.438140510366e-68
1.5406184155363e-68
3.660719443607e-69
8.637171465162e-70
2.023519336453e-70
4.707289053788e-71
1.0873241049333e-71
2.493840854109e-72
5.679327793179e-73
1.2842231895665e-73
2.883343097713e-74
6.427783405297e-75
1.4227613909065e-75
3.126839913896e-76
6.823053128294e-77
1.4782509291728e-77
3.179879196621e-78
6.791455610878e-79
1.4401296974616e-79
3.031960442296e-80
6.337607070832e-81
1.3152357082703e-81
2.709910850184e-82
5.543399189531e-83
1.1258061783488e-83
2.269937970867e-84
4.543847877855e-85
9.030037020059e-86
1.781589861634e-86
3.48959373001e-87
6.785586545139e-88
1.3099108709147e-88
2.51035036085e-89
4.775969696639e-90
9.020275195045e-91
1.69124046256e-91
3.147854183869e-92
5.816260212169e-93
1.0668154696366e-93
1.942438571474e-94
3.510864176167e-95
6.29920469042e-96
1.1219113944725e-96
1.983484026741e-97
3.480906099343e-98
6.063808516175e-99
1.0485383370611e-99
1.799719758508e-100
3.066219475032e-101
5.185318007136e-102
8.703969462983e-103
1.450190647677e-103
2.398250647469e-104
3.936603692579e-105
6.413607470888e-106
1.0371283110221e-106
1.66459231859e-107
2.651700024806e-108
4.192545747e-109
6.57906101742e-110
1.0246568682203e-110
1.583861339728e-111
2.429829059402e-112
3.699557813869e-113
5.590299756419e-114
8.383534848e-115
1.247732959476e-115
1.842952253057e-116
2.701469223e-117
3.929841030706e-118
5.673282983446e-119
8.127816239552e-120
1.155549898501e-120
1.630325549992e-121
2.28258073087e-122
3.171315786644e-123
4.372297300593e-124
5.981801899175e-125
8.120855435656e-126
1.093992087718e-126
1.462394143617e-127
1.939758811818e-128
2.553049375485e-129
3.334218080697e-130
4.320631124481e-131
5.555380871181e-132
7.087433263379e-133
8.971552911084e-134
1.126794536176e-134
1.404155656023e-135
1.736097446383e-136
2.129688802071e-137
2.592007484166e-138
3.129891112441e-139
3.749642546786e-140
4.456695130482e-141
5.255246931096e-142
6.147876919879e-143
7.135159708026e-144
8.215298694068e-145
9.383799933395e-146
1.06332103856e-146
1.195294413171e-147
1.332921845658e-148
1.474511824108e-149
1.618080191594e-150
1.761385545503e-151
1.90197928482e-152
2.037269265571e-153
2.164595119122e-154
2.28131242724e-155
2.384882200795e-156
2.472961541204e-157
2.54349103128e-158
2.594774345005e-159
2.625545804231e-160
2.63502214078e-161
2.622935517493e-162
2.589545871312e-163
2.535631796051e-164
2.462460400064e-165
2.371737765742e-166
2.265542717191e-167
2.146247492097e-168
2.016429552736e-169
1.878779119519e-170
1.73600705303e-171
1.590757456764e-172
1.445528855337e-173
1.302607073571e-174
1.164012066014e-175
1.031459996696e-176
9.06340917924e-178
7.897115118383e-179
6.823015947752e-180
5.845324832836e-181
4.965449057014e-182
4.182339215986e-183
3.492882742368e-184
2.892317267613e-185
2.374641898116e-186
1.933007998003e-187
1.560075147199e-188
1.248322212734e-189
9.90307611818e-191
7.78876599683e-192
6.073166007476e-193
4.69464111643e-194
3.59768503268e-195
2.733191600705e-196
2.058428882775e-197
1.536785013395e-198
1.137350670749e-199
8.3439596623e-201
6.067908276418e-202
4.374085235473e-203
3.125426356019e-204
2.213591178376e-205
1.553974725821e-206
1.081287298606e-207
7.457290158496e-209
5.097484285592e-210
3.453486303175e-211
2.318881691315e-212
1.543158121268e-213
1.017759511149e-214
6.6523437464e-216
4.30914177288e-217
2.76621055195e-218
1.759745017848e-219
1.10936885856e-220
6.930355514072e-222
4.2902235317e-223
2.631726073119e-224
1.599665717063e-225
9.63467265182e-227
5.74983239779e-228
3.399970666798e-229
1.991994462944e-230
1.156339090508e-231
6.65054911303e-233
3.78962340723e-234
2.139399206082e-235
1.19656349365e-236
6.630078408289e-238
3.63941325108e-239
1.979085716143e-240
1.066127222124e-241
5.689253242389e-243
3.007418379252e-244
1.574763233293e-245
8.16789103664e-247
4.196316243518e-248
2.135405611393e-249
1.076308245128e-250
5.37312853823e-252
2.656697814396e-253
1.300982561936e-254
6.309648061632e-256
3.030630757028e-257
1.441600632957e-258
6.790952567374e-260
3.167961550086e-261
1.463464475964e-262
6.694637726263e-264
3.032522635237e-265
1.360199109043e-266
6.041039852931e-268
2.65656799939e-269
1.156696338558e-270
4.986502757827e-272
2.128335356058e-273
8.9937391349e-275
3.762578802439e-276
1.558349243703e-277
6.389495362481e-279
2.593459802472e-280
1.042058790614e-281
4.14470019379e-283
1.631813789482e-284
6.359353237765e-286
2.453061203482e-287
9.36580325782e-289
3.53924747486e-290
1.323713629862e-291
4.899843724003e-293
1.794995137547e-294
6.507660321203e-296
2.334826591062e-297
8.28972365698e-299
2.912517645487e-300
1.012575688486e-301
3.483405891274e-303
1.18572906603e-304
3.993546039555e-306
1.330793658861e-307
4.387613893585e-309
1.431193956941e-310
4.618571317176e-312
1.474492077223e-313
4.656818591749e-315
1.454905017513e-316
4.496397132413e-318
1.374565794431e-319
4.156457061549e-321
1.243151046717e-322
3.677504140897e-324
1.07596175539e-325
3.113440059665e-327
8.90983576732e-329
2.521562856413e-330
7.05709704607e-332
1.953096673324e-333
5.345001153502e-335
1.44638268933e-336
3.870034139165e-338
1.023828574111e-339
2.677966539418e-341
6.92521013977e-343
1.770496257697e-344
4.474819585956e-346
1.118043229274e-347
2.761392695526e-349
6.74167933212e-351
1.626904497326e-352
3.88055327601e-354
9.14842442551e-356
2.131588317473e-357
4.908489915157e-359
1.117025419608e-360
2.512069723946e-362
5.582600638625e-364
1.225914801015e-365
2.660022723851e-367
5.702877800084e-369
1.208004715798e-370
2.528081525518e-372
5.226889133668e-374
1.067596167381e-375
2.154089830737e-377
4.293338490761e-379
8.45244272034e-381
1.643638263441e-382
3.156807524332e-384
5.988093981859e-386
1.121781787186e-387
2.075333492129e-389
3.791468322778e-391
6.83985853159e-393
1.218391635811e-394
2.142923060364e-396
3.721223280527e-398
6.37975182872e-400
1.079791709417e-401
1.80415314802e-403
2.975657183416e-405
4.844479959249e-407
7.78475057776e-409
1.23467831163e-410
1.932647403467e-412
2.985513527615e-414
4.551250963598e-416
6.84644880237e-418
1.016248921507e-419
1.488374042125e-421
2.150692043449e-423
3.066021562135e-425
4.31200727079e-427
5.9822880175e-429
8.18681047544e-431
1.105089738612e-432
1.471266437759e-434
1.931841242318e-436
2.501571853285e-438
3.194411471848e-440
4.022348579659e-442
4.994061974905e-444
6.113468597797e-446
7.37827587536e-448
8.77867958631e-450
1.029636702463e-451
1.190398816336e-453
1.356524042512e-455
1.523567360317e-457
1.686426154208e-459
1.839571096346e-461
1.977339325055e-463
2.094270261376e-465
2.185457557227e-467
2.246886321905e-469
2.2757237838e-471
2.270534340141e-473
2.231396420762e-475
2.159908073823e-477
2.059079519424e-479
1.933122642142e-481
1.787157948837e-483
1.626867511954e-485
1.458126847214e-487
1.286649078768e-489
1.117671266362e-491
9.55706101976e-494
8.04373432415e-496
6.66316541367e-498
5.431991253864e-500
4.357715035188e-502
3.439895318711e-504
2.671672507545e-506
2.041443620512e-508
1.534517776318e-510
1.134620480286e-512
8.25157536567e-515
5.901924779955e-517
4.151294973581e-519
2.871235389717e-521
1.952589794138e-523
1.305483963502e-525
8.58047311283e-528
5.543582375726e-530
3.520215967665e-532
2.19688405916e-534
1.347295986075e-536
8.11886816731e-539
4.806872674453e-541
2.795902162051e-543
1.597462264954e-545
8.96489252064e-548
4.941074954968e-550
2.674331128579e-552
1.421285314701e-554
7.41607533613e-557
3.79881057978e-559
1.910095527014e-561
9.42647248905e-564
4.565434629058e-566
2.169728548425e-568
1.011742431449e-570
4.628349319284e-573
2.076938263616e-575
9.14137208406e-578
3.945825928965e-580
1.670132496024e-582
6.93102480185e-585
2.819836110512e-587
1.124542397794e-589
4.395398941888e-592
1.683586685584e-594
6.31874544054e-597
2.323416927459e-599
8.36885991286e-602
2.952497014414e-604
1.020086532699e-606
3.451027969747e-609
1.143043001377e-611
3.706100046007e-614
1.176113343379e-616
3.652538368785e-619
1.109913585977e-621
3.299640288471e-624
9.59534104865e-627
2.72899662945e-629
7.58971988152e-632
2.063759370701e-634
5.485703225069e-637
1.425193499632e-639
3.618352716084e-642
8.97572812679e-645
2.175080183675e-647
5.148154593193e-650
1.189929924367e-652
2.685383262008e-655
5.915979052076e-658
1.272042348551e-660
2.669002443013e-663
5.46368183633e-666
1.091003399957e-668
2.12463810652e-671
4.034358504492e-674
7.46802474204e-677
1.347374647982e-679
2.368811459607e-682
4.057315063184e-685
6.76890063127e-688
1.099694787448e-690
1.73941269457e-693
2.677994533803e-696
4.01228469971e-699
5.848513040836e-702
8.29212240062e-705
1.143261213188e-707
1.532413127989e-710
1.99639302396e-713
2.527220685065e-716
3.10779485812e-719
3.711560771459e-722
4.303647645103e-725
4.843634472615e-728
5.289771177566e-731
5.604118194876e-734
5.757768027671e-737
5.735174657763e-740
5.53670429838e-743
5.178836317804e-746
4.691918998517e-749
4.115900053531e-752
3.49486828689e-755
2.871449892931e-758
2.28205367033e-761
1.753683809711e-764
1.302629790651e-767
9.34921509703e-771
6.48112643134e-774
4.337907618353e-777
2.802168382638e-780
1.74629746659e-783
1.049480537047e-786
6.079682032109e-790
3.393530134011e-793
1.824302071958e-796
9.44107525044e-800
4.701395577002e-803
2.251692379181e-806
1.036715834971e-809
4.586330147552e-813
1.948530211721e-816
7.9462316325e-820
3.108837447635e-823
1.166224787291e-826
4.192497241682e-830
1.443518048843e-833
4.757478489492e-837
1.499948243386e-840
4.521195714297e-844
1.302067687258e-847
3.580430476201e-851
9.39439586681e-855
2.350373469121e-858
5.603165376496e-862
1.271873751617e-865
2.746913467829e-869
5.640314900493e-873
1.100211775492e-876
2.037092318975e-880
3.577196906362e-884
5.952477431258e-888
9.37753819087e-892
1.397388937097e-895
1.967757514931e-899
2.615933922877e-903
3.27977443148e-907
3.874089448167e-911
4.306603061478e-915
4.500435204421e-919
4.415975298709e-923
4.063791177174e-927
3.502919758167e-931
2.82465075573e-935
2.127923510261e-939
1.495556950482e-943
9.79222668977e-948
5.964073128317e-952
3.373751258565e-956
1.769660733339e-960
8.59296637945e-965
3.855768223928e-969
1.595876894849e-973
6.081067161331e-978
2.129053426425e-982
6.834626302857e-987
2.007324733645e-991
5.381502881642e-996
1.31381179102e-1000
2.913504263312e-1005
5.853362022764e-1010
1.062423265827e-1014
1.737096351301e-1019
2.550630799828e-1024
3.352416184569e-1029
3.930648647757e-1034
4.096275763943e-1039
3.779735844976e-1044
3.075440382202e-1049
2.197057775114e-1054
1.371692208839e-1059
7.447525124619e-1065
3.497998801121e-1070
1.413286593841e-1075
4.882200026764e-1081
1.432680847228e-1086
3.546381966348e-1092
7.349057277031e-1098
1.264504859639e-1103
1.790503965509e-1109
2.066186657258e-1115
1.922561072398e-1121
1.42571078834e-1127
8.318191544577e-1134
3.764258972334e-1140
1.30045422062e-1146
3.369572745606e-1153
6.41889442966e-1160
8.789298513406e-1167
8.431278752796e-1174
5.501198123354e-1181
2.35933955259e-1188
6.390068744742e-1196
1.042352036179e-1203
9.674082899033e-1212
4.766183100619e-1220
1.143622015592e-1228
1.197860457552e-1237
4.747075605979e-1247
5.864790681377e-1257
1.716481068775e-1267
7.859220722334e-1279
2.828933861345e-1291
2.124985977832e-1305
1.0716421334199e-1322