0.1006659458342855
0.0986370756167331
0.0947011025360244
0.0890894704278438
0.0821207863834162
0.0741709283210004
0.0656396661641666
0.0569178929207526
0.0483591280155742
0.0402580120359817
0.0328372706548072
0.0262433283101466
0.0205496203557639
0.0157658444627546
0.0118509825066701
0.0087279031911966
0.0062976469032398
0.00445198316630075
0.00308339492981776
0.00209217716193025
0.00139076664165762
0.00090570972943711
0.00057782300007189
0.00036112978815809
0.000221098490201714
0.000132602923595514
0.00007790328397187
0.000044831560919235
0.0000252712698619202
0.0000139532269595636
7.5459775426435e-6
3.9970361324746e-6
2.0736258664172e-6
1.05361057294713e-6
5.2429345963717e-7
2.5550543910404e-7
1.21939275800701e-7
5.6988963600351e-8
2.6081171423348e-8
1.16879321179499e-8
5.1286982213502e-9
2.2035335636852e-9
9.2695571965131e-10
3.8177578933969e-10
1.53939716421543e-10
6.0767063509491e-11
2.3482427432883e-11
8.8829318532743e-12
3.2891920498884e-12
1.19212603179754e-12
4.2289752447238e-13
1.46827583058386e-13
4.989059703873e-14
1.6590015990683e-14
5.3984609187391e-15
1.7189595667614e-15
5.35563380228e-16
1.6326084691141e-16
4.8691716967088e-17
1.4207098182246e-17
4.0551577668224e-18
1.13223477315621e-18
3.0921838182854e-19
8.2597585515267e-20
2.15782000949e-20
5.5129098678972e-21
1.3773229631946e-21
3.3647338200276e-22
8.0370351849777e-23
1.8768987406891e-23
4.2850371794353e-24
9.5632487211119e-25
2.0862247610373e-25
4.4482435478588e-26
9.2694550304587e-27
1.8876597684889e-27
3.7563159765151e-28
7.3035449177374e-29
1.3874012576326e-29
2.5747207833617e-30
4.6674537321187e-31
8.264434487512e-32
1.4291905995015e-32
2.4136313271656e-33
3.9802888635967e-34
6.4088399781817e-35
1.0074486907729e-35
1.5459725795242e-36
2.3156440650451e-37
3.3852283116522e-38
4.8295243890635e-39
6.7231718789498e-40
9.131661869095e-41
1.2099921962283e-41
1.563950122565e-42
1.9716067274626e-43
2.4239477375211e-44
2.9058907674968e-45
3.3965254888548e-46
3.8702184398497e-47
4.2985845217836e-48
4.6531618531781e-49
4.9084654665989e-50
5.044978032868e-51
5.0515969263276e-52
4.9271150678346e-53
4.680463366649e-54
4.3296562943378e-55
3.8996124952532e-56
3.4192172142563e-57
2.9181093585582e-58
2.4236904327332e-59
1.9587686531181e-60
1.5400961640464e-61
1.1778719220442e-62
8.761111206382e-64
6.336581865326e-65
4.4556177530152e-66
3.0453591033411e-67
2.0228601773505e-68
1.3055916680076e-69
8.186131034646e-71
4.9853279794897e-72
2.9482519583827e-73
1.6927838755208e-74
9.434368261438e-76
5.1027572466806e-77
2.6778246488782e-78
1.3631599274269e-79
6.729752934467e-81
3.2213437291252e-82
1.4947081926672e-83
6.721258768052e-85
2.9282675397001e-86
1.2357353385255e-87
5.049877940512e-89
1.9978392149964e-90
7.649715675203e-92
2.8340876846498e-93
1.0156399855975e-94
3.5196314180462e-96
1.1791113643446e-97
3.8174992287399e-99
1.1940778059337e-100
3.6072443402665e-102
1.0521170824148e-103
2.9617673253667e-105
8.044244891327e-107
2.1072325172539e-108
5.321988241693e-110
1.2954093930048e-111
3.0377013541087e-113
6.859886036866e-115
1.4912378720618e-116
3.1192838831503e-118
6.275607380253e-120
1.213834424744e-121
2.2561641887756e-123
4.027994584653e-125
6.904110646725e-127
1.1355734905786e-128
1.7914029752983e-130
2.7090529747699e-132
3.925156163627e-134
5.445952898721e-136
7.231418333662e-138
9.18445781081e-140
1.1150749181301e-141
1.293323175593e-143
1.4321422582121e-145
1.5130600428436e-147
1.5241324326231e-149
1.462789451429e-151
1.3366555015807e-153
1.1620134909872e-155
9.60331732226e-158
7.538807666283e-160
5.616891298738e-162
3.968526477917e-164
2.656543752396e-166
1.683292150192e-168
1.0086544376171e-170
5.709992978819e-173
3.050649950209e-175
1.5365572295386e-177
7.288231621604e-180
3.251701462446e-182
1.3629866985295e-184
5.360687937842e-187
1.975739557933e-189
6.81438678847e-192
2.196307933867e-194
6.605148546715e-197
1.8506259934234e-199
4.822736015032e-202
1.1669848270497e-204
2.617312761038e-207
5.430597470003e-210
1.0403567264565e-212
1.8363514242776e-215
2.979997877078e-218
4.435661032499e-221
6.041185426506e-224
7.509058656146e-227
8.494936910317e-230
8.721393815135e-233
8.100725806656e-236
6.784997663201e-239
5.106751521076e-242
3.441021767638e-245
2.06748655979e-248
1.10293560489e-251
5.200087302534e-255
2.156109246774e-258
7.819972670274e-262
2.466586289309e-265
6.723725890004e-269
1.5731430960155e-272
3.135567679179e-276
5.280604484595e-280
7.446274003372e-284
8.704306006271e-288
8.341375412515e-292
6.472224891132e-296
4.00978625756e-300
1.952496901346e-304
7.33946255357e-309
2.0864076397107e-313
4.379701515615e-318
6.602384627313e-323
6.916084219748e-328
4.839229650568e-333
2.1556366706558e-338
5.759314449899e-344
8.557037005027e-350
6.406211149755e-356
2.1150984942284e-362
2.5504352703524e-369
8.452440861885e-377
4.811067705031e-385
1.9063219540598e-394
5.126179213954e-406