0.0721121776401368
0.0713643315796865
0.0698918178265075
0.067739800356974
0.0649731288442863
0.0616730949367389
0.0579334709467862
0.0538560998476739
0.0495463248014669
0.0451085417384047
0.0406421315191329
0.0362379827893592
0.0319757581818389
0.0279219912859904
0.0241290361518907
0.0206348308020351
0.0174633859329473
0.0146258728396969
0.0121221620785317
0.0099426563919461
0.0080702664909062
0.0064823939463279
0.0051528086163857
0.0040533354759292
0.0031552943494171
0.0024306632708682
0.0018529600325374
0.00139785567714737
0.00104354766466544
0.00077092923017835
0.00056359553297609
0.00040772737430313
0.00029189048371421
0.00020678361701949
0.00014496287081162
0.000100563453997817
0.000069034242185236
0.000046895168821737
0.000031523101216396
0.000020968392511584
0.000013801768309393
8.9895032630531e-6
5.7938326080296e-6
3.6950757725342e-6
2.3318774611839e-6
1.4561658267958e-6
8.9978010998193e-7
5.5014863913611e-7
3.3284297979598e-7
1.9925627816045e-7
1.1803080728359e-7
6.9181015859725e-8
4.012213874462e-8
2.302417799704e-8
1.3073274855655e-8
7.3448355390115e-9
4.0829527834011e-9
2.2457342110297e-9
1.2221686249043e-9
6.5809666748263e-10
3.5061540247587e-10
1.8482125907991e-10
9.639385175094e-11
4.974162918206e-11
2.5395728029911e-11
1.2828267075433e-11
6.411189281003e-12
3.1700714081905e-12
1.5508001505028e-12
7.50577277794e-13
3.594050448289e-13
1.7026227546458e-13
7.979845428545e-14
3.7000579100453e-14
1.6972925956723e-14
7.702561296476e-15
3.4581187279239e-15
1.5359140284843e-15
6.748575416309e-16
2.9334004640561e-16
1.2613640839129e-16
5.3655612853413e-17
2.2578294525751e-17
9.3986181049e-18
3.8701636211848e-18
1.5764587113393e-18
6.352128312546e-19
2.5318308343027e-19
9.982152024099e-20
3.892987384147e-20
1.5017800150252e-20
5.730457231647e-21
2.1628525877521e-21
8.074474193167e-22
2.9815781546832e-22
1.0889742939028e-22
3.9339002470934e-23
1.4055881262037e-23
4.967255604536e-24
1.7361739431872e-24
6.001817626084e-25
2.0520108933919e-25
6.938702068913e-26
2.3204534819103e-26
7.674636405268e-27
2.5103094990688e-27
8.120361778123e-28
2.5977430918082e-28
8.21833278254e-29
2.5711764083315e-29
7.954895989512e-30
2.4338028622995e-30
7.363397749228e-31
2.2029606138184e-31
6.517249988093e-32
1.9065346195037e-32
5.514943912496e-33
1.5774185326686e-33
4.461238943923e-34
1.247555670688e-34
3.4494782497859e-35
9.430374939496e-36
2.5490570317429e-36
6.812367701433e-37
1.800020134073e-37
4.702297864768e-38
1.2144763442401e-38
3.1010353459428e-39
7.828086333601e-40
1.9535662889762e-40
4.819663241481e-41
1.17547525764e-41
2.8340709836639e-42
6.754613194566e-43
1.5913832612656e-43
3.70617188478e-44
8.53187811766e-45
1.9414392326997e-45
4.36671358853e-46
9.707981679225e-47
2.1332316742125e-47
4.633117843413e-48
9.945491306217e-49
2.1100266733437e-49
4.424351288762e-50
9.16858399347e-51
1.8777462645375e-51
3.800531975196e-52
7.601783552064e-53
1.5025914713681e-53
2.935021197384e-54
5.66522241253e-55
1.0805590074998e-55
2.0365548751323e-56
3.792713677876e-57
6.979116057946e-58
1.2689286819635e-58
2.2795564343144e-59
4.046034974378e-60
7.095202153769e-61
1.229264604048e-61
2.1040736720607e-62
3.557958410008e-63
5.943666635329e-64
9.808686511353e-65
1.599039454531e-65
2.575066135865e-66
4.096258340427e-67
6.436426033936e-68
9.989628980679e-69
1.5314033489864e-69
2.3187498420509e-70
3.467612595321e-71
5.12162525871e-72
7.470912404805e-73
1.0762571698256e-73
1.5311680845137e-74
2.1512049352704e-75
2.984560579379e-76
4.08889702031e-77
5.531545021112e-78
7.389047388172e-79
9.745839741905e-80
1.2691877080034e-80
1.6319057120033e-81
2.071636657028e-82
2.596378509177e-83
3.212512012932e-84
3.92401048509e-85
4.731625623135e-86
5.632114091417e-87
6.61758096943e-88
7.675021367116e-89
8.786138589144e-90
9.927504830382e-91
1.1071108243106e-91
1.2185299386825e-92
1.3236113004431e-93
1.4188901467935e-94
1.5010178687517e-95
1.5669542669385e-96
1.6141525738273e-97
1.6407217096909e-98
1.6455514546859e-99
1.6283890409548e-100
1.5898598352942e-101
1.5314298432498e-102
1.4553131358292e-103
1.3643323463181e-104
1.261744513357e-105
1.1510472896052e-106
1.0357816157298e-107
9.1934632451e-109
8.048379597723e-110
6.949257268693e-111
5.917674171573e-112
4.969678978249e-113
4.115778298732e-114
3.361270748259e-115
2.706850386873e-116
2.149390855136e-117
1.6828208806852e-118
1.2990100300037e-119
9.885981678307e-121
7.41720273445e-122
5.485973603628e-123
3.999820028833e-124
2.874617801705e-125
2.036349095115e-126
1.4217922391677e-127
9.783876029646e-129
6.63522305085e-130
4.434539864332e-131
2.920575873821e-132
1.895367943945e-133
1.2119973240104e-134
7.636082865173e-136
4.739995828458e-137
2.898684276326e-138
1.746290649104e-139
1.0363383851371e-140
6.058046691416e-142
3.488075726397e-143
1.978050953369e-144
1.1047476573233e-145
6.07628659414e-147
3.291078101151e-148
1.755245502536e-149
9.217475196729e-151
4.765790242838e-152
2.425944347699e-153
1.2156919678199e-154
5.997035417335e-156
2.912012852546e-157
1.391766965565e-158
6.546798520702e-160
3.030770048053e-161
1.380735812302e-162
6.189755568264e-164
2.730317232441e-165
1.1849512678385e-166
5.059485729353e-168
2.125206652358e-169
8.781221328651e-171
3.568924487954e-172
1.426651295118e-173
5.608740612868e-175
2.16844575971e-176
8.243957274571e-178
3.081731252863e-179
1.132643339018e-180
4.092588740758e-182
1.453705038175e-183
5.075678343894e-185
1.74187680453e-186
5.875053927325e-188
1.947343069416e-189
6.342696931614e-191
2.029881044715e-192
6.382578601374e-194
1.971578553615e-195
5.982562570476e-197
1.783109955353e-198
5.219737984535e-200
1.500584655267e-201
4.236181411614e-203
1.174225182042e-204
3.195590037357e-206
8.537546554999e-208
2.239012299217e-209
5.76341276673e-211
1.455997957012e-212
3.609582752925e-214
8.78062195619e-216
2.095665057638e-217
4.906846616045e-219
1.126995610545e-220
2.538841654741e-222
5.609143655501e-224
1.215229647976e-225
2.581509061385e-227
5.37643586745e-229
1.097670933174e-230
2.196632623543e-232
4.308243860987e-234
8.2803754482e-236
1.559391977226e-237
2.877159710345e-239
5.20023788857e-241
9.206179290233e-243
1.596166782042e-244
2.709970720529e-246
4.504872384117e-248
7.331202467024e-250
1.167844980268e-251
1.820765600855e-253
2.777937498498e-255
4.14696474354e-257
6.05642878747e-259
8.652056102716e-261
1.208858821909e-262
1.651663371729e-264
2.206441222412e-266
2.881523979672e-268
3.678276094027e-270
4.588711384297e-272
5.593614727221e-274
6.66161787664e-276
7.749632420821e-278
8.804900112304e-280
9.768688670964e-282
1.058137202632e-283
1.118834210562e-285
1.154597052644e-287
1.162673431432e-289
1.142267944898e-291
1.094662335403e-293
1.023085545022e-295
9.323512436703e-298
8.283193493909e-300
7.172656819424e-302
6.052546528342e-304
4.976022846813e-306
3.984937065866e-308
3.107867900035e-310
2.359994924948e-312
1.744499191479e-314
1.254999831245e-316
8.784761395407e-319
5.981747266184e-321
3.961269871231e-323
2.55060755507e-325
1.596424058228e-327
9.710438179284e-330
5.738571090556e-332
3.294043712789e-334
1.836114109243e-336
9.93565455616e-339
5.217942058422e-341
2.65879598325e-343
1.31409974779e-345
6.297979183086e-348
2.925991581039e-350
1.317378517203e-352
5.746159079545e-355
2.427366316368e-357
9.92754119942e-360
3.929631498245e-362
1.50493457249e-364
5.574266855546e-367
1.996216207983e-369
6.909060292769e-372
2.310257108243e-374
7.46047104213e-377
2.325774836627e-379
6.996672360739e-382
2.030302631945e-384
5.680598859197e-387
1.53181379617e-389
3.979296206563e-392
9.95406077414e-395
2.396561232788e-397
5.550939775077e-400
1.23630212717e-402
2.646353551823e-405
5.441463969076e-408
1.0742417971e-410
2.035047361309e-413
3.69738592316e-416
6.438993771135e-419
1.074218617686e-421
1.715775000349e-424
2.622136537972e-427
3.831813551504e-430
5.350895866923e-433
7.13563288361e-436
9.080811644089e-439
1.102037673755e-441
1.274476995343e-444
1.403478831066e-447
1.470559049001e-450
1.46492599743e-453
1.386271742995e-456
1.245121766704e-459
1.060535627174e-462
8.558452125825e-466
6.537549217402e-469
4.722411359892e-472
3.222600204886e-475
2.075353615901e-478
1.25995184993e-481
7.202910733175e-485
3.873044538792e-488
1.956440039786e-491
9.272769054537e-495
4.118313195773e-498
1.71163917361e-501
6.647835910116e-505
2.409300240572e-508
8.135513370493e-512
2.55549563903e-515
7.4549430585e-519
2.016246410799e-522
5.046499225513e-526
1.166716344026e-529
2.486631413311e-533
4.875621638273e-537
8.775629440529e-541
1.446659066887e-544
2.178978097168e-548
2.991181378046e-552
3.732341799606e-556
4.221344994569e-560
4.314836422774e-564
3.973385420946e-568
3.285473108277e-572
2.430782409121e-576
1.603169462498e-580
9.387878398013e-585
4.860320648773e-589
2.214626976346e-593
8.83821216508e-598
3.07321623092e-602
9.258774626782e-607
2.402280066165e-611
5.332991477621e-616
1.005835127616e-620
1.599402250531e-625
2.126329099243e-630
2.341921258614e-635
2.11554810721e-640
1.550165326605e-645
9.101671323993e-651
4.224169330941e-656
1.526274296335e-661
4.220561783998e-667
8.761060793642e-673
1.335448025903e-678
1.45747410417e-684
1.1060147040811e-690
5.639346399389e-697
1.855220283721e-703
3.750932452985e-710
4.39261789583e-717
2.768194703143e-724
8.550368118815e-732
1.1457906743771e-739
5.647808411637e-748
8.104715454495e-757
2.378540736249e-766
7.952476309339e-777
9.821174708288e-789
2.4330293723298e-803