0.0557987521432527
0.0554518884335439
0.0547646149273556
0.0537496397656852
0.0524255345763559
0.0508161694591103
0.04894999770525
0.0468592201787954
0.044578863599056
0.042145809479825
0.039597811121058
0.036972534853988
0.034306658858307
0.031635058542859
0.028990102025039
0.02640107302338
0.023893731878515
0.02149001882071
0.019207897358759
0.017061330076381
0.0150603744243773
0.0132113824511056
0.0115172859040657
0.0099779467702397
0.00859055304343
0.0073500401982274
0.0062495203553896
0.0052807032583534
0.004434295749648
0.0037003692455615
0.0030686875780162
0.002528990347931
0.0020712294875681
0.0016857589664191
0.0013634794353342
0.0010959410575962
0.00087540882215351
0.00069489529493171
0.00054816607825999
0.00042972326698607
0.00033477197029656
0.00025917456973993
0.00019939686336389
0.00015244965488793
0.00011582872986718
0.00008745555396048
0.0000656204591386
0.000048929571071848
0.000036256286593344
0.00002669773916898
0.000019536392643108
0.000014206675179198
0.000010266399583396
7.372604773071e-6
5.2613870063843e-6
3.7312595997534e-6
2.6295777325793e-6
1.841582954215e-6
1.2816536225998e-6
8.863873222064e-7
6.0918506597036e-7
4.1605156294049e-7
2.8236873294171e-7
1.9043945020313e-7
1.2763430494858e-7
8.50055747358e-8
5.6259541145383e-8
3.7000963680578e-8
2.4182279147358e-8
1.5705364937817e-8
1.013595544557e-8
6.500495341103e-9
4.1427863467274e-9
2.6236274418171e-9
1.6511044299802e-9
1.0325447062751e-9
6.416590344814e-10
3.9624159348429e-10
2.4315055716529e-10
1.4826856533829e-10
8.984225581388e-11
5.409648949987e-11
3.2367824155616e-11
1.9244783060094e-11
1.1370163673573e-11
6.675344387034e-12
3.8943319549352e-12
2.2575826030248e-12
1.3004832606855e-12
7.444154064404e-13
4.234229864915e-13
2.3932111209655e-13
1.3441077831025e-13
7.501233240427e-14
4.159831209218e-14
2.2922510399654e-14
1.2551367059919e-14
6.829064363013e-15
3.6920845116111e-15
1.9834498778611e-15
1.0587877344559e-15
5.6160832998e-16
2.9600158009985e-16
1.5502053699732e-16
8.06711078555e-17
4.171374938535e-17
2.1432443620644e-17
1.0941937503661e-17
5.550673179248e-18
2.7978522017085e-18
1.4012975117236e-18
6.973666529067e-19
3.448387054589e-19
1.6943127905936e-19
8.271659773927e-20
4.012471411233e-20
1.9339719287934e-20
9.262026256894e-21
4.407356326906e-21
2.0838445062672e-21
9.789626149529e-22
4.569610750039e-22
2.1193527528349e-22
9.766452789379e-23
4.47176158288e-23
2.0343571761413e-23
9.195622552158e-24
4.129895000004e-24
1.8428898917915e-24
8.170729254173e-25
3.599331465932e-25
1.5753642355117e-25
6.850728356687e-26
2.959972243183e-26
1.2706681409289e-26
5.419618642639e-27
2.2966555187128e-27
9.669677312775e-28
4.044972086474e-28
1.6811440296353e-28
6.941903467036e-29
2.847966433507e-29
1.1608395408132e-29
4.700985565247e-30
1.8914000501689e-30
7.560560104143e-31
3.002610287654e-31
1.18472268775e-31
4.644141925747e-32
1.8086877223573e-32
6.998247564574e-33
2.690177141168e-33
1.0273929175345e-33
3.898114612234e-34
1.4693769005721e-34
5.502633485612e-35
2.0472219650146e-35
7.566837805096e-36
2.778543686158e-36
1.0136114258888e-36
3.673460435102e-37
1.3225952561083e-37
4.730688902196e-38
1.6809923906663e-38
5.934021526693e-39
2.081002328674e-39
7.249935566807e-40
2.509180467993e-40
8.627080390114e-41
2.9466462232e-41
9.998212221493e-42
3.370116291054e-42
1.128479237356e-42
3.753758777561e-43
1.2403983733941e-43
4.071701931296e-44
1.3277265473916e-44
4.300877415228e-45
1.3839459628641e-45
4.423771731568e-46
1.4046743150454e-46
4.430632854703e-47
1.3882283050154e-47
4.320747025516e-48
1.3358490499106e-48
4.102554012115e-49
1.25154757351e-49
3.792576014771e-50
1.1415970287691e-50
3.413348892726e-51
1.0137609221569e-51
2.99071552306e-52
8.763892119278e-53
2.550932401055e-53
7.3752801312e-54
2.118036073136e-54
6.041726316593e-55
1.7118243295257e-55
4.817540358673e-56
1.3466573443248e-56
3.738969822e-57
1.0311158233234e-57
2.824366715012e-58
7.684052953143e-59
2.076408115859e-59
5.572956425573e-60
1.4856160347886e-60
3.933443659795e-61
1.0343847795861e-61
2.701665214673e-62
7.008394434184e-63
1.805678774686e-63
4.620561357012e-64
1.1742987660128e-64
2.964076356073e-65
7.430608461186e-66
1.850038846344e-66
4.574630809015e-67
1.123433119067e-67
2.740006439746e-68
6.636916198577e-69
1.59657254998e-69
3.814307676328e-70
9.049918617565e-71
2.13241949425e-71
4.989956337304e-72
1.1596156622089e-72
2.676219318815e-73
6.133617517669e-74
1.3960342715238e-74
3.155417946425e-75
7.082655651779e-76
1.578740584982e-76
3.494602598168e-77
7.681643368452e-78
1.676782518121e-78
3.634649156852e-79
7.823630061421e-80
1.672287878063e-80
3.549503047431e-81
7.481258740757e-82
1.565774518748e-82
3.25407820369e-83
6.715335958766e-84
1.376084975063e-84
2.799994940973e-85
5.657185789374e-86
1.1349364246752e-86
2.260826322691e-87
4.471817769951e-88
8.782514178668e-89
1.71264796644e-89
3.316106145787e-90
6.375237893359e-91
1.2169383359839e-91
2.306436428217e-92
4.340219128921e-93
8.109154373255e-94
1.504283506227e-94
2.770578648782e-95
5.066340382686e-96
9.19809191906e-97
1.657971308771e-97
2.967075005823e-98
5.271675031891e-99
9.298944334975e-100
1.628470424979e-100
2.831285015098e-101
4.886985458025e-102
8.374299265644e-103
1.424630017092e-103
2.40601358808e-104
4.033969372855e-105
6.714316287041e-106
1.1094348179089e-106
1.819821035559e-107
2.963319894168e-108
4.790131201605e-109
7.686547654661e-110
1.224408356992e-110
1.936102169519e-111
3.039017767303e-112
4.735186835244e-113
7.323788947814e-114
1.1244113633437e-114
1.713567414675e-115
2.592146618179e-116
3.892208881794e-117
5.801051363179e-118
8.581970904593e-119
1.260180793889e-119
1.836706983126e-120
2.657074832323e-121
3.815225765229e-122
5.437319853165e-123
7.691185954569e-124
1.0797945132318e-124
1.504609682794e-125
2.080832155829e-126
2.856118454971e-127
3.890781347313e-128
5.260346245585e-129
7.058365737432e-130
9.399434021051e-131
1.24223093076e-131
1.629301309039e-132
2.120773181851e-133
2.739530099844e-134
3.511900701765e-135
4.467740187257e-136
5.640379513581e-137
7.066407117565e-138
8.785248340496e-139
1.08385106585e-139
1.326906876275e-140
1.611987282376e-141
1.943247603819e-142
2.324529365254e-143
2.759162461935e-144
3.249748804826e-145
3.797934848786e-146
4.404182530992e-147
5.067550031027e-148
5.785495219409e-149
6.553715499591e-150
7.36603780022e-151
8.214371608247e-152
9.088736074154e-153
9.9773693647e-154
1.086692466557e-154
1.174275271237e-155
1.258926570172e-156
1.33903722247e-157
1.412996783863e-158
1.479246143956e-159
1.536331409209e-160
1.582956474353e-161
1.618031654475e-162
1.640715845992e-163
1.650449948572e-164
1.646979699667e-165
1.630366623475e-166
1.600986440744e-167
1.559514980106e-168
1.506902326359e-169
1.444336586858e-170
1.373199208246e-171
1.295014194513e-172
1.211393837206e-173
1.123983656044e-174
1.034409163558e-175
9.44226824587e-177
8.5488120572e-178
7.676698354907e-179
6.837167627714e-180
6.039552498339e-181
5.291195073146e-182
4.597449052159e-183
3.961757039734e-184
3.385790603789e-185
2.869638830584e-186
2.41203040387e-187
2.010574512545e-188
1.662007007771e-189
1.362429994849e-190
1.107535242688e-191
8.92804210539e-193
7.136799312504e-194
5.657082870438e-195
4.446482410092e-196
3.465522608136e-197
2.678194477667e-198
2.052247586465e-199
1.559282042345e-200
1.174680742362e-201
8.77421340148e-203
6.498043124872e-204
4.771290665919e-205
3.473448310745e-206
2.506976333584e-207
1.793893918902e-208
1.2726033658e-209
8.95018010042e-211
6.240299634034e-212
4.313269475055e-213
2.955477733715e-214
2.007525946014e-215
1.35175938686e-216
9.02266227528e-218
5.969794344581e-219
3.915305291117e-220
2.545339208946e-221
1.640180378458e-222
1.047600141558e-223
6.632076234047e-225
4.161457641371e-226
2.588066231191e-227
1.595258668258e-228
9.7455081208e-230
5.900479230142e-231
3.54055407221e-232
2.105464845508e-233
1.240821163238e-234
7.24680186337e-236
4.194218859771e-237
2.405552005448e-238
1.367189677099e-239
7.69988949716e-241
4.297077663193e-242
2.376217182874e-243
1.302010398734e-244
7.068858379566e-246
3.802609018433e-247
2.026761428898e-248
1.070294001545e-249
5.599818315522e-251
2.902725625912e-252
1.490699145337e-253
7.58432058693e-255
3.822756749752e-256
1.908800423992e-257
9.44188642727e-259
4.626599023258e-260
2.245743637851e-261
1.079801789308e-262
5.142848294137e-264
2.426215551891e-265
1.133734010371e-266
5.247339355312e-268
2.405488611145e-269
1.09217834179e-270
4.911337438226e-272
2.187317029699e-273
9.64759714181e-275
4.214166596252e-276
1.822967527875e-277
7.80926866335e-279
3.312801617571e-280
1.391629066608e-281
5.78873725938e-283
2.384326280772e-284
9.7242961045e-286
3.926904777577e-287
1.570114276041e-288
6.215695973634e-290
2.436209936915e-291
9.45354856211e-293
3.631774628521e-294
1.38125989537e-295
5.200593570677e-297
1.938384221118e-298
7.15195235149e-300
2.612133857634e-301
9.44366352298e-303
3.37946496498e-304
1.197032057679e-305
4.196642166615e-307
1.45621088877e-308
5.001042514359e-310
1.699802374858e-311
5.717754641097e-313
1.903396614352e-314
6.270427760754e-316
2.044167398635e-317
6.5943862277e-319
2.105028901016e-320
6.64897255093e-322
2.078024910464e-323
6.425893636727e-325
1.966027710192e-326
5.95121584479e-328
1.782248599312e-329
5.280363524542e-331
1.54767108695e-332
4.487444260331e-334
1.287096641108e-335
3.651749476637e-337
1.024836194363e-338
2.844837214234e-340
7.81080129925e-342
2.121067905519e-343
5.69665434336e-345
1.513132176717e-346
3.974759390005e-348
1.032540189263e-349
2.652468762586e-351
6.73791795657e-353
1.69245879311e-354
4.203510461497e-356
1.032267813221e-357
2.506359264927e-359
6.016574285129e-361
1.427889105729e-362
3.35014037412e-364
7.77031852603e-366
1.781581808989e-367
4.037825596376e-369
9.04581627423e-371
2.003040984311e-372
4.38386417829e-374
9.48271521543e-376
2.027214640219e-377
4.282930982595e-379
8.94209960999e-381
1.844920450128e-382
3.761300116167e-384
7.57709747756e-386
1.508184607363e-387
2.966025822948e-389
5.762965883215e-391
1.106240665494e-392
2.097815260266e-394
3.929889682099e-396
7.27227457067e-398
1.32928498746e-399
2.399964576366e-401
4.279679798003e-403
7.53733966512e-405
1.31100922874e-406
2.251928423595e-408
3.819836191395e-410
6.39817624627e-412
1.058202468046e-413
1.728073000602e-415
2.786221242977e-417
4.435152827663e-419
6.96979735367e-421
1.081257657128e-422
1.655825054987e-424
2.502963118766e-426
3.734457702823e-428
5.499356677586e-430
7.99255142401e-432
1.146373029318e-433
1.622598281293e-435
2.266302893441e-437
3.123373623022e-439
4.247231297147e-441
5.698238348505e-443
7.54231308073e-445
9.84858988637e-447
1.268601408942e-448
1.611884172019e-450
2.0201127886e-452
2.497042676111e-454
3.044107984202e-456
3.659761934965e-458
4.338893821391e-460
5.072395254714e-462
5.846948401861e-464
6.64510010241e-466
7.44566720457e-468
8.22449086548e-470
8.9555230868e-472
9.61219099426e-474
1.016894798193e-475
1.060289094777e-477
1.089530424125e-479
1.103298726697e-481
1.100923570941e-483
1.08243755051e-485
1.048579101912e-487
1.000743933878e-489
9.4088947752e-492
8.71401478275e-494
7.94935448277e-496
7.14247738025e-498
6.32031258923e-500
5.507694420457e-502
4.726191423215e-504
3.993293619699e-506
3.321984398062e-508
2.720683025026e-510
2.193509835801e-512
1.740802199173e-514
1.359796874034e-516
1.045393114734e-518
7.90919111454e-521
5.888393532808e-523
4.313591551203e-525
3.109019046869e-527
2.204521128554e-529
1.537714212474e-531
1.055045124329e-533
7.11973199367e-536
4.725156680687e-538
3.083834588695e-540
1.979019825926e-542
1.248690791745e-544
7.74580247315e-547
4.723297259168e-549
2.831076789334e-551
1.667804840069e-553
9.65573317489e-556
5.493264246408e-558
3.07071292147e-560
1.686433527254e-562
9.09866807117e-565
4.821939884709e-567
2.509905767586e-569
1.283040759566e-571
6.44059703073e-574
3.174454631055e-576
1.536114469664e-578
7.29697856045e-581
3.402362649689e-583
1.556999968505e-585
6.99228165425e-588
3.081220442102e-590
1.332142862505e-592
5.650059420297e-595
2.350600276709e-597
9.59128584837e-600
3.83791403222e-602
1.505848953866e-604
5.792713714848e-607
2.184455664118e-609
8.07439968075e-612
2.925012289196e-614
1.038339705873e-616
3.611508708956e-619
1.230602155729e-621
4.107410060044e-624
1.342705084371e-626
4.298286618479e-629
1.34726008096e-631
4.134158940909e-634
1.241766741743e-636
3.650451665581e-639
1.05012890187e-641
2.955716994542e-644
8.13844035985e-647
2.191848567707e-649
5.773017713645e-652
1.486788492931e-654
3.743513611753e-657
9.21345472521e-660
2.216186729954e-662
5.209040900784e-665
1.196196376032e-667
2.683274481573e-670
5.878534682379e-673
1.257583210581e-675
2.626570968845e-678
5.354836237781e-681
1.06543393887e-683
2.068461768184e-686
3.917645743148e-689
7.2372610592e-692
1.303791314294e-694
2.290016732418e-697
3.920816207331e-700
6.54230275722e-703
1.063674347004e-705
1.684677064858e-708
2.598717309889e-711
3.903360579553e-714
5.707642631743e-717
8.12293293527e-720
1.124876257447e-722
1.515404050613e-725
1.985537772971e-728
2.52956720394e-731
3.132730827818e-734
3.770484865433e-737
4.409151751256e-740
5.008192482297e-743
5.52404717641e-746
5.915129446403e-749
6.14723065025e-752
6.19838754581e-755
6.06226801557e-758
5.749360409823e-761
5.285672488191e-764
4.709155626346e-767
4.064536694128e-770
3.397540935857e-773
2.749550130321e-776
2.153558485349e-779
1.631930383042e-782
1.196038963655e-785
8.47487813235e-789
5.803747448987e-792
3.839809009743e-795
2.453423742572e-798
1.513315767622e-801
9.00760232354e-805
5.171736183474e-808
2.863070409931e-811
1.527612525736e-814
7.85222623794e-818
3.886685972722e-821
1.851728931864e-824
8.48762922073e-828
3.741118307308e-831
1.584939611196e-834
6.45067842856e-838
2.520922134689e-841
9.45473657189e-845
3.40129599875e-848
1.173026120915e-851
3.876113530898e-855
1.226484157283e-858
3.714058296509e-862
1.07570903176e-865
2.978045470525e-869
7.87557267766e-873
1.98821664245e-876
4.788336683987e-880
1.099374524513e-883
2.404578046158e-887
5.006656201806e-891
9.91623268831e-895
1.866811954037e-898
3.337831081718e-902
5.663471670481e-906
9.11149464662e-910
1.388697677581e-913
2.003308917422e-917
2.732806809883e-921
3.521896192363e-925
4.283740588468e-929
4.912550968733e-933
5.30605582361e-937
5.39194519569e-941
5.14920117486e-945
4.615829433015e-949
3.879287623973e-953
3.052843330465e-957
2.246702012483e-961
1.544159092631e-965
9.89781544617e-970
5.90825516559e-974
3.279434516097e-978
1.689972932153e-982
8.07226313135e-987
3.567879647435e-991
1.456659442934e-995
5.483269541138e-1000
1.899419039357e-1004
6.042690680117e-1009
1.761803736831e-1013
4.69731066226e-1018
1.142635142889e-1022
2.529799802988e-1027
5.084955397899e-1032
9.25459314779e-1037
1.520841702538e-1041
2.250041488802e-1046
2.987660603808e-1051
3.548838012128e-1056
3.757982392305e-1061
3.534672656836e-1066
2.941623597054e-1071
2.157162943136e-1076
1.387838412913e-1081
7.79712154042e-1087
3.806395723768e-1092
1.606108069669e-1097
5.824396142689e-1103
1.804249389498e-1108
4.743146745154e-1114
1.050736905464e-1119
1.946545388676e-1125
2.990795929436e-1131
3.777092708724e-1137
3.882594438757e-1143
3.213848211131e-1149
2.117178432186e-1155
1.095684842585e-1161
4.391112001497e-1168
1.341185237163e-1174
3.066724368776e-1181
5.145342985654e-1188
6.192171003865e-1195
5.208589289083e-1202
2.972599572624e-1209
1.112073331644e-1216
2.619405583144e-1224
3.70350227417e-1232
2.968129613442e-1240
1.257422428967e-1248
2.581842270879e-1257
2.301197512839e-1266
7.709001555056e-1276
7.986840409228e-1286
1.940829174312e-1296
7.283452078748e-1308
2.110670892236e-1320
1.2417853478982e-1334
4.653225485991e-1352