0.0654791365315595
0.0649189747560691
0.0638129823466977
0.0621892124207499
0.0600882578770859
0.0575615657013991
0.0546693454475958
0.051478190468255
0.048058542754867
0.044482135332701
0.0408195402272343
0.037137936003744
0.0334991883138918
0.0299583117323742
0.0265623536302875
0.0233497131211819
0.0203498822588542
0.0175835743448691
0.0150631866416159
0.0127935326897522
0.0107727729850152
0.0089934716956563
0.0074437107305448
0.0061081998577626
0.0049693316296316
0.0040081414618865
0.0032051452775727
0.0025410387410795
0.0019972525532184
0.0015563670558928
0.00120239622876426
0.00092095597683426
0.00069933450102075
0.0005264837324834
0.00039295059442241
0.00029076556873721
0.00021330402717247
0.00015513334886545
0.00011185625467976
0.000079958253890658
0.000056664772770379
0.000039811514108323
0.000027729930053868
0.000019148387277051
0.000013108643864414
8.8966031033155e-6
5.9859113863489e-6
3.9927734005168e-6
2.6403167149734e-6
1.73090410014e-6
1.1249266823648e-6
7.2478340240949e-7
4.6293884281951e-7
2.9313581710209e-7
1.8401046605915e-7
1.1450989086057e-7
7.0642936754063e-8
4.3203423475304e-8
2.6193264225623e-8
1.5742781736424e-8
9.379766483535e-9
5.5401249999788e-9
3.2438617690283e-9
1.8828623720431e-9
1.083394104134e-9
6.1796542361588e-10
3.4942166881378e-10
1.9585810208258e-10
1.0882717908838e-10
5.9942570770971e-11
3.2729059814721e-11
1.7714538654025e-11
9.504346531257e-12
5.054854919026e-12
2.6649375178887e-12
1.3926921401219e-12
7.214575784012e-13
3.7046897930505e-13
1.88571490039e-13
9.514392882386e-14
4.758441026303e-14
2.3589814706653e-14
1.1591996203128e-14
5.646292796405e-15
2.7260737143643e-15
1.3046029848114e-15
6.188468989006e-16
2.9097094340175e-16
1.3560478616433e-16
6.26407307583e-17
2.8680874533951e-17
1.3016046260458e-17
5.854828884895e-18
2.6103277260823e-18
1.1535032321834e-18
5.052225835337e-19
2.193229263572e-19
9.436692177628e-20
4.0242702246173e-20
1.7009171010752e-20
7.125328101756e-21
2.9583482848908e-21
1.2173442963792e-21
4.964713325674e-22
2.0067277659129e-22
8.038835571226e-23
3.1915751053893e-23
1.2558015940415e-23
4.897086712343e-24
1.8925706082363e-24
7.248708173628e-25
2.7514398754411e-25
1.0350157253728e-25
3.858495223383e-26
1.4255079205004e-26
5.219134234003e-27
1.8936553645054e-27
6.808845883752e-28
2.4261215627386e-28
8.566718026633e-29
2.9976131139497e-29
1.039422648769e-29
3.571581108007e-30
1.21612110114e-30
4.103337876487e-31
1.3719491865879e-31
4.545432082035e-32
1.4922609911093e-32
4.854482015768e-33
1.5648239862222e-33
4.998141333838e-34
1.5818595619266e-34
4.960660924755e-35
1.5414137311909e-35
4.745727102032e-36
1.447724454667e-36
4.375869755682e-37
1.3104904656507e-37
3.888570529862e-38
1.1432160824257e-38
3.330001683345e-39
9.610232070384e-40
2.7478439297717e-40
7.784208195827e-41
2.1847231184666e-41
6.074818281928e-42
1.6734795378015e-42
4.56723134023e-43
1.2348844437844e-43
3.307771566648e-44
8.777598492903e-45
2.3075016083641e-45
6.009377089237e-46
1.5503617494036e-46
3.962303446582e-47
1.0031558962323e-47
2.5158804780127e-48
6.250392338718e-49
1.5382078649165e-49
3.749798937599e-50
9.054840945858e-51
2.1658491215451e-51
5.131504258665e-52
1.2042727369363e-52
2.79938854239e-53
6.44546305226e-54
1.4699145394222e-54
3.320254881589e-55
7.428248867585e-56
1.6460059824194e-56
3.612439029746e-57
7.852138587871e-58
1.6903934915618e-58
3.604077780373e-59
7.610286335159e-60
1.5914840856898e-60
3.296036210809e-61
6.760267470272e-62
1.3731305287922e-62
2.762037444051e-63
5.501876026286e-64
1.0852984671556e-64
2.1200120476757e-65
4.100829979872e-66
7.854942067181e-67
1.4898599114613e-67
2.798159665676e-68
5.203762753376e-69
9.582386786497e-70
1.7471666707498e-70
3.154224273192e-71
5.638213309433e-72
9.978705023225e-73
1.7485723600689e-73
3.033630698667e-74
5.210799537519e-75
8.861380683157e-76
1.4919235012544e-76
2.486752422107e-77
4.103477142558e-78
6.703437169603e-79
1.0840807770936e-79
1.7355485989543e-80
2.750523426802e-81
4.31508829296e-82
6.701192092453e-83
1.030136324995e-83
1.5675078942549e-84
2.360963406459e-85
3.519859092554e-86
5.194093434011e-87
7.586379837983e-88
1.0967094306159e-88
1.5691790384498e-89
2.222127802154e-90
3.114388629064e-91
4.319916655316e-92
5.930184526709e-93
8.056431878817e-94
1.0831542558811e-94
1.4411268085408e-95
1.89744678622e-96
2.472200374071e-97
3.187391775683e-98
4.066454657287e-99
5.133529276239e-100
6.412488763647e-101
7.925714496793e-102
9.69264164533e-103
1.1728120822782e-103
1.4040668626807e-104
1.663070633521e-105
1.948890922536e-106
2.259480569619e-107
2.5915772444e-108
2.940656669971e-109
3.300951721353e-110
3.66554618239e-111
4.026547222193e-112
4.375334879532e-113
4.702880469874e-114
5.000119433136e-115
5.258358371099e-116
5.469691532775e-117
5.627399364041e-118
5.726301357015e-119
5.763037505264e-120
5.736257123275e-121
5.64670028575e-122
5.497165108778e-123
5.292362777501e-124
5.038670779232e-125
4.743802390632e-126
4.416416364628e-127
4.065694432569e-128
3.700915397749e-129
3.331053244594e-130
2.964423087128e-131
2.60839341794e-132
2.269176633797e-133
1.951702913766e-134
1.659575897966e-135
1.395102851618e-136
1.1593875377905e-137
9.524711146343e-139
7.735050786725e-140
6.20940481196e-141
4.927191005167e-142
3.864546217137e-143
2.995947846425e-144
2.295585489421e-145
1.738452793249e-146
1.301155375732e-147
9.624512679836e-149
7.035550039998e-150
5.082452797243e-151
3.628196463731e-152
2.559389693864e-153
1.784005266045e-154
1.228727942472e-155
8.361821558677e-157
5.622340723135e-158
3.73499437987e-159
2.451345718069e-160
1.589447415685e-161
1.0181219217726e-162
6.442439420187e-164
4.02700902886e-165
2.486458463354e-166
1.516458971892e-167
9.135142801997e-169
5.435249275214e-170
3.193942800315e-171
1.853626769046e-172
1.062401681289e-173
6.013262556204e-175
3.361011990342e-176
1.855033698449e-177
1.010970798344e-178
5.440183565786e-180
2.89041064485e-181
1.516209991479e-182
7.852276393347e-184
4.014677521468e-185
2.026314753118e-186
1.00959321568e-187
4.965365006039e-189
2.410476874605e-190
1.155003824725e-191
5.462280482751e-193
2.549505658854e-194
1.174384973324e-195
5.338490212129e-197
2.394752500725e-198
1.060028688833e-199
4.629880690795e-201
1.995250321955e-202
8.483604525617e-204
3.558760105417e-205
1.472759829546e-206
6.012561295e-208
2.421367614078e-209
9.61866113072e-211
3.768773679202e-212
1.456450342037e-213
5.551111378926e-215
2.086560937542e-216
7.734408412437e-218
2.82713037481e-219
1.018978152604e-220
3.621275628991e-222
1.268858269812e-223
4.383251548025e-225
1.492753568802e-226
5.011465533793e-228
1.65845049558e-229
5.409752573964e-231
1.739262631555e-232
5.511138286687e-234
1.721000854372e-235
5.296140566298e-237
1.606021337787e-238
4.798781780162e-240
1.41277435909e-241
4.097799304988e-243
1.170949964413e-244
3.296166844452e-246
9.13979335578e-248
2.496276988598e-249
6.71507637415e-251
1.779029779362e-252
4.641534211585e-254
1.192498034615e-255
3.016775315882e-257
7.514300032715e-259
1.842744624181e-260
4.448804262923e-262
1.057287546136e-263
2.473343483958e-265
5.694908392894e-267
1.290533274856e-268
2.878065330534e-270
6.316107948244e-272
1.363904690438e-273
2.897823022008e-275
6.057319245327e-277
1.245595082056e-278
2.519577946166e-280
5.013020743894e-282
9.80974932427e-284
1.887854621109e-285
3.57269995304e-287
6.648239068405e-289
1.216362767998e-290
2.18791234582e-292
3.868748632447e-294
6.724313521373e-296
1.148748247098e-297
1.92869436286e-299
3.182184297975e-301
5.159075481181e-303
8.217957196949e-305
1.286061204563e-306
1.977083532536e-308
2.985474588862e-310
4.427775374127e-312
6.449112899487e-314
9.22389644491e-316
1.295347271092e-317
1.785961747056e-319
2.417288442262e-321
3.211521797833e-323
4.187689540984e-325
5.358877661599e-327
6.729192394561e-329
8.290775753289e-331
1.002128219539e-332
1.188227174713e-334
1.381895727465e-336
1.576164622002e-338
1.762903895671e-340
1.933330280041e-342
2.078656560715e-344
2.190821185023e-346
2.263216809959e-348
2.29132790955e-350
2.273192841215e-352
2.20962521084e-354
2.104160444785e-356
1.962731146258e-358
1.793112525374e-360
1.604210235012e-362
1.40528190436e-364
1.205187581147e-366
1.011753241668e-368
8.31308452646e-371
6.684291946572e-373
5.258856601951e-375
4.047679454617e-377
3.047438707896e-379
2.243944890123e-381
1.615738256595e-383
1.137479856985e-385
7.82819351078e-388
5.265683131792e-390
3.461404468609e-392
2.223220173303e-394
1.394992952261e-396
8.54961863451e-399
5.117186801542e-401
2.990535839873e-403
1.706169431401e-405
9.50105099533e-408
5.1631786633e-410
2.737644337366e-412
1.416016403697e-414
7.143426437711e-417
3.514035526735e-419
1.685310034029e-421
7.878415666575e-424
3.589163406833e-426
1.593129635932e-428
6.888414192531e-431
2.90069940368e-433
1.189337080285e-435
4.747092282462e-438
1.844042157732e-440
6.969998030621e-443
2.5627689248e-445
9.16422380263e-448
3.186279667585e-450
1.076873287163e-452
3.53692882862e-455
1.128640024245e-457
3.49813235011e-460
1.052811772655e-462
3.075946002313e-465
8.72162879761e-468
2.399288349328e-470
6.401854759589e-473
1.656295210933e-475
4.153800677999e-478
1.009471982792e-480
2.376542379797e-483
5.418245145575e-486
1.195885817821e-488
2.55441772892e-491
5.278558150512e-494
1.054888903501e-496
2.038025848205e-499
3.805084584101e-502
6.862892524402e-505
1.195284512936e-507
2.009489794874e-510
3.259688247291e-513
5.09992051138e-516
7.692456006556e-519
1.118133938087e-521
1.565518967668e-524
2.110388757491e-527
2.737823348376e-530
3.416500699977e-533
4.099019406289e-536
4.725902848196e-539
5.233286405097e-542
5.563166001839e-545
5.674066100403e-548
5.549483981607e-551
5.201772300384e-554
4.670235066744e-557
4.013803965816e-560
3.30018186966e-563
2.594244054155e-566
1.948472704927e-569
1.397332345917e-572
9.5615886787e-576
6.238494604669e-579
3.87823751288e-582
2.295461043589e-585
1.292565802644e-588
6.918925839772e-592
3.517817962321e-595
1.697426412352e-598
7.766297432771e-602
3.366300640076e-605
1.381036480833e-608
5.357410426159e-612
1.963234999809e-615
6.789105979245e-619
2.213174470027e-622
6.793679026371e-626
1.961494618676e-629
5.320473992998e-633
1.354141418511e-636
3.229814422596e-640
7.209733096442e-644
1.504162542947e-647
2.928779027054e-651
5.314372695845e-655
8.97267273923e-659
1.407339442349e-662
2.047180387319e-666
2.756988433544e-670
3.431176332863e-674
3.938693662512e-678
4.161941756533e-682
4.039867478906e-686
3.594302114365e-690
2.924425795269e-694
2.170687287958e-698
1.466164593621e-702
8.987465055066e-707
4.98584166851e-711
2.49572583195e-715
1.123698576151e-719
4.535819992002e-724
1.635639274616e-728
5.249578371357e-733
1.49363411047e-737
3.751573962399e-742
8.280891805573e-747
1.598623090698e-751
2.685246593458e-756
3.902944688632e-761
4.879680918145e-766
5.214365185604e-771
4.729540527686e-776
3.614014848107e-781
2.307696452633e-786
1.220481989013e-791
5.294600988374e-797
1.864051420129e-802
5.263892456545e-808
1.176895569062e-813
2.053411797814e-819
2.751110112173e-825
2.779391614486e-831
2.074353705634e-837
1.1172419203917e-843
4.227440274779e-850
1.0893317134469e-856
1.843242479611e-863
1.961669725259e-870
1.2469039589867e-877
4.444611384614e-885
8.215636500753e-893
7.129936584387e-901
2.551410707298e-909
3.158059901009e-918
1.0540090079263e-927
6.511418119934e-938
3.99139247535e-949
7.305227989279e-962
1.7832069408318e-977