0.0704254916272551
0.0697288113173843
0.068356051328934
0.0663474013388734
0.0637606861906763
0.0606686022251328
0.05715532802489
0.0533127297524742
0.0492363989346915
0.0450217591884306
0.0407604591127695
0.0365372341418525
0.0324273745607353
0.0284948848758735
0.0247913662445582
0.021355603319429
0.0182137935078974
0.0153803230622438
0.0128589721558454
0.0106444204840078
0.0087239251733349
0.0070790522431956
0.0056873593137749
0.0045239482096364
0.0035628291008002
0.0027780606495784
0.0021446515115804
0.00163922621120004
0.00124047214926461
0.00092939407206264
0.0006894079165122
0.00050630802853976
0.00036814100149033
0.00026501654960625
0.00018888165979081
0.000133279418318
0.000093108935036952
0.000064398095968335
0.000044096738711652
0.000029894412788496
0.000020064206271867
0.000013332162136688
8.7704935663294e-6
5.7120300178377e-6
3.6829687635153e-6
2.3509574046957e-6
1.4856916195364e-6
9.2949647327771e-7
5.7570487143342e-7
3.5300676432219e-7
2.1428656795416e-7
1.287755629e-7
7.6611910331843e-8
4.512125264566e-8
2.6307869174594e-8
1.5184743824908e-8
8.676490391623e-9
4.9078699099681e-9
2.7482218412729e-9
1.5234132739194e-9
8.359653054232e-10
4.5410957455988e-10
2.4419244360577e-10
1.2998707207841e-10
6.8495439160393e-11
3.572842116988e-11
1.8448189487353e-11
9.429278419028e-12
4.7707310152039e-12
2.3892967671145e-12
1.184488463238e-12
5.8125135973278e-13
2.8233603955834e-13
1.3574835569804e-13
6.460489768205e-14
3.0433755498934e-14
1.4190623352462e-14
6.549373422236e-15
2.9918985864144e-15
1.3528176173438e-15
6.054430216813e-16
2.6819166688792e-16
1.175848939988e-16
5.1025616441729e-17
2.1915512789451e-17
9.31617811293e-18
3.9196091859356e-18
1.6321595243616e-18
6.726563652977e-19
2.7436621622976e-19
1.1075684928411e-19
4.4249557803909e-20
1.7496106314908e-20
6.846422696417e-21
2.6513769368137e-21
1.016155775797e-21
3.8541240258051e-22
1.4466488869654e-22
5.373633741757e-23
1.9753125568787e-23
7.185578378554e-24
2.5866700352811e-24
9.214439479683e-25
3.2481833601278e-25
1.1330549106791e-25
3.9110665350826e-26
1.3358824414676e-26
4.515075065249e-27
1.5100114883029e-27
4.996994354315e-28
1.6362344252133e-28
5.301331000254e-29
1.6995019000061e-29
5.390763438028e-30
1.6918632948719e-30
5.253649126885e-31
1.6141059097627e-31
4.906507443509e-32
1.4756270557032e-32
4.390749384078e-33
1.2925659088279e-33
3.76454772424e-34
1.0847083119466e-34
3.0920542524216e-35
8.719851314997e-36
2.43272314519e-36
6.714159562173e-37
1.8331569827221e-37
4.951197881786e-38
1.3228697008067e-38
3.496338552987e-39
9.140983188643e-40
2.3640066423427e-40
6.047475073154e-41
1.5302496393316e-41
3.830067359478e-42
9.481990557346e-43
2.3218522922605e-43
5.623471941956e-44
1.347107309611e-44
3.19168731189e-45
7.479139993713e-46
1.7333600865696e-46
3.973052247334e-47
9.006386729673e-48
2.0191107421415e-48
4.476568628574e-49
9.815177667989e-50
2.1281932912442e-50
4.563268874871e-51
9.675761471746e-52
2.0287582421973e-52
4.206330129009e-53
8.623749087035e-54
1.7482368687764e-54
3.504349952449e-55
6.945591549546e-56
1.3611219904612e-56
2.6373166812916e-57
5.052382612044e-58
9.569519141551e-59
1.7919878597556e-59
3.317585469676e-60
6.072146580637e-61
1.0987181946533e-61
1.9653735895143e-62
3.475436385744e-63
6.075326327717e-64
1.0498238560263e-64
1.7932475894291e-65
3.02782942968e-66
5.053358819428e-67
8.33636277093e-68
1.3592860975068e-68
2.1906495941946e-69
3.489414822862e-70
5.493380896387e-71
8.547201298569e-72
1.3143010221476e-72
1.9972937385182e-73
2.999539638735e-74
4.451661456313e-75
6.528805037482e-76
9.461901083031e-77
1.355018496716e-77
1.9174455502267e-78
2.681023547715e-79
3.703963159588e-80
5.056030596539e-81
6.818960726515e-82
9.086162359948e-83
1.196147790554e-83
1.5556767627665e-84
1.9988125846284e-85
2.537060807393e-86
3.181145674118e-87
3.940195688387e-88
4.820822450361e-89
5.826141576423e-90
6.954802549869e-91
8.200109501055e-92
9.549324621776e-93
1.098324775465e-93
1.2476157770474e-94
1.3996182690298e-95
1.5506136415302e-96
1.6964822134895e-97
1.8328759168233e-98
1.95542455358e-99
2.059962807346e-100
2.142762060495e-101
2.200749315309e-102
2.231695460963e-103
2.234356897877e-104
2.20855802844e-105
2.155207024878e-106
2.076243076493e-107
1.974519358277e-108
1.853631569752e-109
1.717706438524e-110
1.5711675783626e-111
1.4184972512973e-112
1.2640118581391e-113
1.1116665566823e-114
9.64900662408e-116
8.265309364294e-117
6.986950773724e-118
5.828432499107e-119
4.79771750183e-120
3.896902321782e-121
3.123124394442e-122
2.46960082485e-123
1.926702185678e-124
1.4829797840259e-125
1.1260844821995e-126
8.435366075666e-128
6.233271626916e-129
4.54348488383e-130
3.266665147927e-131
2.316562616629e-132
1.620274408358e-133
1.1176845031433e-134
7.603557741645e-136
5.101079255734e-137
3.374701353224e-138
2.201491040045e-139
1.4160769459997e-140
8.981005987093e-142
5.615791407032e-143
3.46197746961e-144
2.103991701246e-145
1.2605188391052e-146
7.444216481314e-148
4.333427817223e-149
2.486368086824e-150
1.406043324843e-151
7.83626874106e-153
4.304026769992e-154
2.329555615547e-155
1.2424556558627e-156
6.529431739232e-158
3.380907485166e-159
1.724769618021e-160
8.668521897083e-162
4.291915391853e-163
2.093269455497e-164
1.0056398721049e-165
4.758591381956e-167
2.217725948876e-168
1.0179010461891e-169
4.600932612894e-171
2.047872655565e-172
8.975334386377e-174
3.873133911176e-175
1.645552913379e-176
6.88290288053e-178
2.834096096052e-179
1.148716953504e-180
4.5828864897e-182
1.799552634892e-183
6.954418910254e-185
2.644838266185e-186
9.898062325843e-188
3.644890832283e-189
1.320603044215e-190
4.707423835137e-192
1.650771706455e-193
5.694460125595e-195
1.932184901856e-196
6.448278760008e-198
2.116439959285e-199
6.831291169746e-201
2.168211406203e-202
6.766581898796e-204
2.07621568043e-205
6.262923658766e-207
1.857158693878e-208
5.413192495927e-210
1.550798529329e-211
4.366356771833e-213
1.208117102198e-214
3.284644953081e-216
8.774463811994e-218
2.302863601963e-219
5.937362683333e-221
1.503690556323e-222
3.740453150635e-224
9.138010708603e-226
2.192305909013e-227
5.164550759144e-229
1.19455238324e-230
2.712551143712e-232
6.046569779983e-234
1.322989440293e-235
2.841038347622e-237
5.987257070168e-239
1.238126238818e-240
2.512139254069e-242
5.000566628333e-244
9.764405927267e-246
1.870153699844e-247
3.512908171865e-249
6.470932101757e-251
1.168770729238e-252
2.069690888595e-254
3.592906401289e-256
6.113648647885e-258
1.019573220673e-259
1.666281026157e-261
2.668319083576e-263
4.18633550106e-265
6.434034457635e-267
9.685708378478e-269
1.427982381778e-270
2.061587510991e-272
2.914146449225e-274
4.03268252889e-276
5.462498217224e-278
7.241756132825e-280
9.394888375728e-282
1.192541313355e-283
1.480905526794e-285
1.7988315305e-287
2.136972850593e-289
2.482493306979e-291
2.819628826261e-293
3.130716692666e-295
3.397627274863e-297
3.603453753782e-299
3.734250627147e-301
3.780577998792e-303
3.738617092263e-305
3.610675681689e-307
3.40499260493e-309
3.134861439961e-311
2.817202517691e-313
2.470797336817e-315
2.114443231304e-317
1.765281519123e-319
1.43750313703e-321
1.141555338867e-323
8.838804438441e-326
6.671324474794e-328
4.907549604943e-330
3.517726074781e-332
2.456478999221e-334
1.670802997189e-336
1.106634956524e-338
7.135995868269e-341
4.478971061516e-343
2.735747510735e-345
1.625723465692e-347
9.396956082478e-350
5.281929831884e-352
2.886396916248e-354
1.533093152939e-356
7.912598155262e-359
3.967296271079e-361
1.931878528298e-363
9.133918094614e-366
4.191859118159e-368
1.866836541031e-370
8.065500087778e-373
3.379516211261e-375
1.372923210466e-377
5.405975028879e-380
2.062541796524e-382
7.622447785238e-385
2.727773307719e-387
9.44931571162e-390
3.167552178881e-392
1.027137107785e-394
3.220778782873e-397
9.76257628171e-400
2.859425546576e-402
8.089843037959e-405
2.209941462739e-407
5.826790441305e-410
1.482212923004e-412
3.636175789539e-415
8.599010836884e-418
1.959446257554e-420
4.300379649183e-423
9.085973597361e-426
1.847247809264e-428
3.612107075595e-431
6.789931086444e-434
1.226370034303e-436
2.12718672488e-439
3.541508623073e-442
5.656323535572e-445
8.66167335216e-448
1.270992049874e-450
1.786086223394e-453
2.402252204026e-456
3.090452603834e-459
3.800458302351e-462
4.464526509561e-465
5.006650464122e-468
5.356114270828e-471
5.462259942648e-474
5.306336112825e-477
4.906672921919e-480
4.315283112789e-483
3.606703870215e-486
2.862389148034e-489
2.155212773454e-492
1.538186305638e-495
1.039647762449e-498
6.648286268431e-502
4.018398290244e-505
2.293373342731e-508
1.234576994928e-511
6.261955277042e-515
2.989231536744e-518
1.341399745269e-521
5.651686066574e-525
2.232907965306e-528
8.261655006532e-532
2.85873952104e-535
9.237987193946e-539
2.783774018704e-542
7.810452594217e-546
2.037076163406e-549
4.930603951432e-553
1.10559348363e-556
2.292449096069e-560
4.387150977366e-564
7.733476703201e-568
1.253040690559e-571
1.862077986384e-575
2.532030686121e-579
3.142845484666e-583
3.551805464743e-587
3.644825612967e-591
3.386652699839e-595
2.840704457514e-599
2.144186451534e-603
1.451502442832e-607
8.780922635032e-612
4.729125820537e-616
2.258316668019e-620
9.520956184429e-625
3.527513554912e-629
1.142902117454e-633
3.221112406061e-638
7.852196267645e-643
1.645527558673e-647
2.944926730133e-652
4.468753030015e-657
5.705041534419e-662
6.075835672788e-667
5.348073093298e-672
3.851314189935e-677
2.243707852119e-682
1.0444195523767e-687
3.831220512028e-693
1.0905597652617e-698
2.367432027006e-704
3.843254730131e-710
4.562546704904e-716
3.860627645006e-722
2.260181516038e-728
8.842230194746e-735
2.218396658186e-741
3.397303936993e-748
2.9903381333e-755
1.4039731316595e-762
3.19782898429e-770
3.121856433907e-778
1.1047074562514e-786
1.1174061846747e-795
2.257055220901e-805
5.025174673039e-816
3.92766955138e-828
5.58525461582e-843