0.0513847032446888
0.0511137464117226
0.0505761108041505
0.04978024018112
0.0487385234107387
0.0474669736964727
0.0459848192261843
0.0443140198615019
0.042478726828855
0.040504703953945
0.03841872974695
0.036247999588307
0.034019546418875
0.031759696777261
0.029493576857599
0.027244680615437
0.025034508976526
0.022882286059804
0.020804755166414
0.018816054255939
0.0169276678562771
0.0151484499387753
0.0134847103126496
0.0119403556005569
0.0105170748701246
0.0092145595067492
0.0080307468896954
0.0069620778254748
0.0060037584339817
0.0051500181988556
0.00439435710471
0.0037297761115053
0.0031489865864535
0.0026445956604876
0.0022092657440509
0.0018358475821857
0.0015174872205643
0.0012477080733187
0.0010204699227267
0.00083020714229158
0.00067184872893465
0.00054082287349247
0.0004330488123277
0.00034491860984205
0.00027327134600461
0.00021536194800466
0.00016882663240816
0.00013164663283533
0.00010211159428544
0.0000787837317098
0.000060463586967015
0.000046157981564239
0.000035050556566386
0.000026475117407358
0.000019891859853951
0.00001486644241143
0.000011051787360685
8.172434080051e-6
6.0112307097695e-6
4.398129883044e-6
3.2008476334276e-6
2.3171484334303e-6
1.6685307346883e-6
1.1951038945597e-6
8.514669462805e-7
6.034206738123e-7
4.2536564454153e-7
2.9825932729492e-7
2.0802456162952e-7
1.4431906523454e-7
9.959117468114e-8
6.836055774308e-8
4.6674262764082e-8
3.1698301260207e-8
2.1413156018399e-8
1.4388352093434e-8
9.616712220616e-9
6.393326283922e-9
4.2277694473411e-9
2.7808616611103e-9
1.8194101500768e-9
1.1840347608233e-9
7.664438907272e-10
4.934893826163e-10
3.1605032580512e-10
2.0133306152705e-10
1.2757154512395e-10
8.040292092818e-11
5.04044119793e-11
3.1429929755842e-11
1.949376870504e-11
1.202610939495e-11
7.379566137761e-12
4.504143671554e-12
2.7344422039415e-12
1.6512002432328e-12
9.917554345573e-13
5.924922090966e-13
3.5207343908569e-13
2.0809219484972e-13
1.2233467392462e-13
7.153423355368e-14
4.160525566349e-14
2.4068647552422e-14
1.3849169051884e-14
7.926173723317e-15
4.512015629087e-15
2.554724259979e-15
1.4387428561477e-15
8.059114303292e-16
4.490096828134e-16
2.4882133461649e-16
1.3714573166485e-16
7.518634887821e-17
4.099746037296e-17
2.2234911554962e-17
1.1994263232015e-17
6.435327923294e-18
3.434202785527e-18
1.8227979952879e-18
9.622938212297e-19
5.052805611655e-19
2.6388360275471e-19
1.3707123150459e-19
7.081634173675e-20
3.638924837126e-20
1.8597915037697e-20
9.453794466938e-21
4.77967001203e-21
2.403469768766e-21
1.2020638298325e-21
5.979482880324e-22
2.95832623464e-22
1.4557069150014e-22
7.124368276432e-23
3.467866734045e-23
1.6788857376158e-23
8.08391340512e-24
3.871355045099e-24
1.8439292181411e-24
8.735030621644e-25
4.11549995559e-25
1.9284917641068e-25
8.987709349852e-26
4.165962084182e-26
1.9205060514776e-26
8.805400700167e-27
4.015268949303e-27
1.8210053325021e-27
8.213681075126e-28
3.684626471629e-28
1.6439063713654e-28
7.294367257266e-29
3.21902283568e-29
1.4128150639119e-29
6.166948720133e-30
2.677182913801e-30
1.1558656496887e-30
4.963147544793e-31
2.11946589796e-31
9.001481501869e-32
3.802058137006e-32
1.5971275163956e-32
6.672297166968e-33
2.772202694894e-33
1.1454793117519e-33
4.70718246235e-34
1.9237346593368e-34
7.818770949476e-35
3.160383742667e-35
1.2704218938831e-35
5.078807460786e-36
2.019202873426e-36
7.983647990374e-37
3.13924206126e-37
1.2275777364043e-37
4.773893675591e-38
1.8462681537433e-38
7.100907611802e-39
2.715993548493e-39
1.0330899266695e-39
3.907875916006e-40
1.4700610326629e-40
5.499467448262e-41
2.045951219674e-41
7.569339317498e-42
2.784885963706e-42
1.0189251342931e-42
3.707329756696e-43
1.3414141976266e-43
4.826651792457e-44
1.7270665294477e-44
6.145409489867e-45
2.174552358809e-45
7.651821123306e-46
2.677529424465e-46
9.317015021854e-47
3.223970267284e-47
1.1093677293598e-47
3.796023288541e-48
1.2916641595877e-48
4.370552131397e-49
1.4705760867639e-49
4.920414946858e-50
1.6371087139328e-50
5.416433189831e-51
1.782000614347e-51
5.829877061017e-52
1.896559721988e-52
6.135185676303e-53
1.973519549757e-53
6.312569216216e-54
2.007799428564e-54
6.35012680982e-55
1.997058583404e-55
6.245165824097e-56
1.94196019784e-56
6.004519560126e-57
1.846104124133e-57
5.643811504854e-58
1.715637652408e-58
5.185776191083e-59
1.558602843634e-59
4.657887620277e-60
1.3841167957066e-60
4.089639205528e-61
1.201500902153e-61
3.509848497539e-62
1.0194738932664e-62
2.944324085645e-63
8.455030237914e-64
2.41414329953e-64
6.85373833214e-65
1.934669762902e-65
5.429992957143e-66
1.515315353108e-66
4.204519230859e-67
1.1599451225326e-67
3.181738849404e-68
8.677523612809e-69
2.353040763923e-69
6.34400693402e-70
1.700578037871e-70
4.532380473632e-71
1.2010225949232e-71
3.164238115387e-72
8.288547414902e-73
2.158624494053e-73
5.589375511898e-74
1.43891481506e-74
3.682905501208e-75
9.371904142473e-76
2.371073062232e-76
5.964031468638e-77
1.491457394285e-77
3.70813678819e-78
9.165847636779e-79
2.252472650832e-79
5.503188980814e-80
1.336704241099e-80
3.227900986803e-81
7.749381340266e-82
1.849582762143e-82
4.388724938257e-83
1.0352822064549e-83
2.427911530592e-84
5.660549617012e-85
1.312000153375e-85
3.023128475022e-86
6.925077502886e-87
1.577015129324e-87
3.570163689771e-88
8.034878124375e-89
1.797658497933e-89
3.998247278185e-90
8.840248698038e-91
1.943074684544e-91
4.245633232803e-92
9.22191691122e-93
1.991239299768e-93
4.274122662817e-94
9.119888545741e-95
1.934411370054e-95
4.078708051466e-96
8.548867645335e-97
1.781166237166e-97
3.688993498992e-98
7.594804079935e-99
1.554276113238e-99
3.161843234527e-100
6.393677063733e-101
1.285159080019e-101
2.567772388982e-102
5.099730265738e-103
1.0067613243124e-103
1.975568324632e-104
3.853375786863e-105
7.470884217481e-106
1.439731543629e-106
2.757829635225e-107
5.25082161043e-108
9.937073726644e-109
1.869212464053e-109
3.494823199202e-110
6.494647754391e-111
1.199629935298e-111
2.202407754806e-112
4.018873407564e-113
7.288942152284e-114
1.313940377091e-114
2.354155673138e-115
4.192184954317e-116
7.419741746268e-117
1.30520157091e-117
2.281939697554e-118
3.965206746591e-119
6.847939466413e-120
1.175394583334e-120
2.005092592302e-121
3.399455970996e-122
5.728038140539e-123
9.592263749882e-124
1.596438807301e-124
2.640563435652e-125
4.340615274373e-126
7.091098623868e-127
1.151278692621e-127
1.857587466225e-128
2.978633573022e-129
4.746582313046e-130
7.516889945651e-131
1.183002608036e-131
1.850208317898e-132
2.875676576042e-133
4.441615775031e-134
6.817427181383e-135
1.039861802688e-135
1.576171055658e-136
2.374109075716e-137
3.553567459303e-138
5.285572072481e-139
7.812318135131e-140
1.147427517164e-140
1.674653406907e-141
2.428711067814e-142
3.500055177579e-143
5.012090742999e-144
7.131892853748e-145
1.00839198372e-145
1.416737772089e-146
1.97779776999e-147
2.743490157212e-148
3.781384324437e-149
5.17870153616e-150
7.047098434261e-151
9.52831078664e-152
1.280071776978e-152
1.708685984377e-153
2.266190406375e-154
2.986299783334e-155
3.909938445836e-156
5.086307092668e-157
6.573974064751e-158
8.44194932444e-159
1.077068732897e-159
1.365295252606e-160
1.719446900694e-161
2.151426482728e-162
2.674461272353e-163
3.303046362083e-164
4.052826873583e-165
4.940409149697e-166
5.983092310087e-167
7.198513621562e-168
8.60420406832e-169
1.021705431085e-169
1.205269583743e-170
1.412480740922e-171
1.644436267293e-172
1.90188407815e-173
2.185142767143e-174
2.494024089169e-175
2.827761512465e-176
3.184948834559e-177
3.56349295243e-178
3.960584753983e-179
4.372691732152e-180
4.795575304915e-181
5.224334961202e-182
5.653480268936e-183
6.07703052096e-184
6.488640417863e-185
6.881748768916e-186
7.24974581867e-187
7.58615356685e-188
7.88481243075e-189
8.14006688159e-190
8.34694233211e-191
8.50130560559e-192
8.60000179143e-193
8.6409611801e-194
8.62327122839e-195
8.54721006969e-196
8.41423986345e-197
8.22696016806e-198
7.98902340819e-199
7.70501627697e-200
7.3803124585e-201
7.0209032878e-202
6.633213814265e-203
6.223912161242e-204
5.799720065688e-205
5.367232056382e-206
4.93274993063e-207
4.50213808489e-208
4.080703927461e-209
3.673106143963e-210
3.283292094033e-211
2.914464180463e-212
2.569073729584e-213
2.248839817715e-214
1.954789618019e-215
1.687316250155e-216
1.446249796457e-217
1.23093709008e-218
1.040326054316e-219
8.73050738582e-221
7.27513708684e-222
6.01963057396e-223
4.945619573379e-224
4.034493373025e-225
3.267908875428e-226
2.628201596487e-227
2.098700017026e-228
1.663949476402e-229
1.309854574461e-230
1.023750851861e-231
7.94417436004e-233
6.120424947579e-234
4.681528794921e-235
3.555184169959e-236
2.680400764833e-237
2.00629829662e-238
1.490885555113e-239
1.099869106868e-240
8.05527609932e-242
5.856759580445e-243
4.227335171706e-244
3.029026296969e-245
2.154572960183e-246
1.521373564575e-247
1.066403828726e-248
7.42016114964e-250
5.125136119296e-251
3.513924953413e-252
2.391493070482e-253
1.615585200113e-254
1.083351024076e-255
7.21076915251e-257
4.763887395387e-258
3.123944386583e-259
2.033299674463e-260
1.313560647367e-261
8.4225544453e-263
5.360147910483e-264
3.385659107468e-265
2.12244974838e-266
1.320546004776e-267
8.1542824395e-269
4.997216819038e-270
3.039309769621e-271
1.834510233654e-272
1.09889892466e-273
6.53253582154e-275
3.853774205269e-276
2.25613500947e-277
1.310726753135e-278
7.55651199379e-280
4.32301319026e-281
2.454152372504e-282
1.382483753938e-283
7.72779934422e-285
4.286300628685e-286
2.359033335085e-287
1.28826088332e-288
6.98048266304e-290
3.752947928608e-291
2.001974792546e-292
1.059588271086e-293
5.564185574469e-295
2.898981302241e-296
1.498517947826e-297
7.6850120807e-299
3.910088063283e-300
1.973700137503e-301
9.88374847242e-303
4.910223639001e-304
2.419987325605e-305
1.183178468658e-306
5.738598629329e-308
2.761041331464e-309
1.317784607114e-310
6.23897689751e-312
2.930034063033e-313
1.364945104457e-314
6.30715877903e-316
2.890821022519e-317
1.314226627563e-318
5.92616382439e-320
2.650477063226e-321
1.175747556932e-322
5.172926955319e-324
2.25726932108e-325
9.76894550702e-327
4.192969750241e-328
1.784834373223e-329
7.53474630831e-331
3.154468505617e-332
1.309673039858e-333
5.39226151652e-335
2.201621029479e-336
8.91394372262e-338
3.578862517682e-339
1.424819991449e-340
5.624796935736e-342
2.20179823399e-343
8.54602036516e-345
3.288954948398e-346
1.255021996137e-347
4.748275707682e-349
1.78116196913e-350
6.62438341348e-352
2.442607510165e-353
8.92934620721e-355
3.236196607852e-356
1.162762088333e-357
4.141703167015e-359
1.462482172014e-360
5.119375718458e-362
1.776435720602e-363
6.11053538606e-365
2.08351893658e-366
7.041986021e-368
2.359192746426e-369
7.83417439244e-371
2.578549786294e-372
8.41203667564e-374
2.719950261156e-375
8.71657150072e-377
2.768509802594e-378
8.71470548178e-380
2.718668352581e-381
8.4051824792e-383
2.575229442913e-384
7.8190319812e-386
2.352603169845e-387
7.01444450113e-389
2.072416465313e-390
6.06722493329e-392
1.760040142135e-393
5.058997981595e-395
1.440807208583e-396
4.065711762475e-398
1.136701664077e-399
3.148657232877e-401
8.64097946601e-403
2.349356434883e-404
6.32809200532e-406
1.688589606848e-407
4.463672699335e-409
1.168871735996e-410
3.032054260356e-412
7.79097695445e-414
1.982991631153e-415
4.999343234839e-417
1.24840979898e-418
3.087752490081e-420
7.56410891797e-422
1.835235740681e-423
4.409948018563e-425
1.049473001163e-426
2.473397079194e-428
5.77284236621e-430
1.334280894832e-431
3.053900645347e-433
6.92151051109e-435
1.553364589214e-436
3.451918819416e-438
7.59539627128e-440
1.654744494604e-441
3.569356846618e-443
7.62281355181e-445
1.611738706137e-446
3.373771023818e-448
6.99142554378e-450
1.43427518129e-451
2.912749960796e-453
5.85551604864e-455
1.165213694331e-456
2.295152324127e-458
4.474762422122e-460
8.63511048868e-462
1.649271237189e-463
3.117663721592e-465
5.83265227841e-467
1.079913759792e-468
1.978721528404e-470
3.587891036644e-472
6.43782285707e-474
1.143062983661e-475
2.008254326023e-477
3.491166989887e-479
6.00498245711e-481
1.021945692891e-482
1.720697341048e-484
2.866337260683e-486
4.723692876268e-488
7.7011024705e-490
1.242013315159e-491
1.981466835797e-493
3.126940128597e-495
4.881006768497e-497
7.53600384076e-499
1.150798605685e-500
1.738075348656e-502
2.596171368338e-504
3.835110695715e-506
5.60255892925e-508
8.09362380186e-510
1.156196353065e-511
1.633187330793e-513
2.281076958645e-515
3.150119131585e-517
4.301110245723e-519
5.80609381264e-521
7.74855275216e-523
1.022288023519e-524
1.333291208473e-526
1.718931690054e-528
2.190568018618e-530
2.759319017323e-532
3.435393731491e-534
4.227297416862e-536
5.140944036253e-538
6.1787226055e-540
7.33858093398e-542
8.61320373066e-544
9.98937042313e-546
1.14475792273e-547
1.296201634505e-549
1.450093180768e-551
1.602745667631e-553
1.750086158192e-555
1.887821673812e-557
2.011637247092e-559
2.117414156316e-561
2.201453502053e-563
2.260688545505e-565
2.292869022202e-567
2.296702114186e-569
2.271937848497e-571
2.21939112446e-573
2.140897911034e-575
2.039208826747e-577
1.917828693028e-579
1.780815143985e-581
1.632552498419e-583
1.47751854573e-585
1.320061570161e-587
1.164202959723e-589
1.013477431232e-591
8.70818704456e-594
7.38493900674e-596
6.18085544265e-598
5.10516259787e-600
4.161084091844e-602
3.346691818738e-604
2.655910586153e-606
2.079580063291e-608
1.606490123332e-610
1.224323614992e-612
9.20461132711e-615
6.82622863037e-617
4.993409792664e-619
3.602709263013e-621
2.563605790275e-623
1.799026023267e-625
1.244978165496e-627
8.49567287309e-630
5.71635258915e-632
3.792264222838e-634
2.480329859046e-636
1.599278978678e-638
1.016518653628e-640
6.36876098657e-643
3.932918011317e-645
2.393683787822e-647
1.435760267941e-649
8.48655431761e-652
4.94294677107e-654
2.83671706814e-656
1.603953760892e-658
8.93476822279e-661
4.902978094942e-663
2.650276086623e-665
1.411060926641e-667
7.39933287533e-670
3.821200867963e-672
1.943281442774e-674
9.7312308972e-677
4.798035576534e-679
2.32910893686e-681
1.113046965033e-683
5.23601498858e-686
2.42447649734e-688
1.104918967476e-690
4.95568300312e-693
2.187268841082e-695
9.49928504565e-698
4.05913923476e-700
1.706455779177e-702
7.05728386213e-705
2.870943149813e-707
1.148731836366e-709
4.520453143141e-712
1.749348405325e-714
6.65676213248e-717
2.490594794297e-719
9.16129611393e-722
3.312719210185e-724
1.177459010213e-726
4.113387121479e-729
1.412227527697e-731
4.764521373342e-734
1.579432762239e-736
5.14407761852e-739
1.64586855903e-741
5.17273589978e-744
1.596756625981e-746
4.840671800608e-749
1.441039005206e-751
4.212143712106e-754
1.208764185044e-756
3.405210812987e-759
9.41592374646e-762
2.555349380309e-764
6.8054586495e-767
1.778422748941e-769
4.55966813001e-772
1.146836747278e-774
2.829365077795e-777
6.8461064281e-780
1.624475510424e-782
3.779588240704e-785
8.62152053335e-788
1.927866132135e-790
4.225405397724e-793
9.07616857015e-796
1.910393447308e-798
3.939779142687e-801
7.9596077307e-804
1.575155226305e-806
3.052863226898e-809
5.79406317195e-812
1.076687754797e-814
1.958686558498e-817
3.487753956876e-820
6.07811216491e-823
1.036499077299e-825
1.729342198255e-828
2.822528420992e-831
4.50581853572e-834
7.03426509873e-837
1.073752348996e-839
1.60235814902e-842
2.337296608661e-845
3.33191949172e-848
4.641177896378e-851
6.31597659656e-854
8.39567899274e-857
1.089927139288e-859
1.381616790516e-862
1.709807532627e-865
2.065361768093e-868
2.434741718701e-871
2.800495241503e-874
3.142374932724e-877
3.439039157662e-880
3.670165051103e-883
3.818699259264e-886
3.87290941152e-889
3.827898763504e-892
3.686315560293e-895
3.458117751763e-898
3.159417024204e-901
2.810587929738e-904
2.433951812661e-907
2.051404174791e-910
1.682337604165e-913
1.342128811504e-916
1.041331671366e-919
7.85580463014e-923
5.76089579169e-926
4.105596235681e-929
2.842735776967e-932
1.911859448099e-935
1.248583943118e-938
7.91594646417e-942
4.870685711766e-945
2.907743789517e-948
1.683740943815e-951
9.45408512098e-955
5.145865503314e-958
2.714308197114e-961
1.387031322474e-964
6.86438654148e-968
3.289007265438e-971
1.525218634133e-974
6.84316848168e-978
2.969552428767e-981
1.245894212137e-984
5.052105681403e-988
1.979275605349e-991
7.48894993733e-995
2.735591471707e-998
9.64336453884e-1002
3.279296943612e-1005
1.075305368402e-1008
3.398615837262e-1012
1.034922637061e-1015
3.035019891549e-1019
8.56783623772e-1023
2.32723653101e-1026
6.0795156207e-1030
1.526691325754e-1033
3.683640686855e-1037
8.5355612077e-1041
1.898434585388e-1044
4.050816788811e-1048
8.28785591939e-1052
1.62501728862e-1055
3.051741272391e-1059
5.48609145179e-1063
9.43516238591e-1067
1.551477961395e-1070
2.437720334113e-1074
3.657542024486e-1078
5.236966710785e-1082
7.15098164002e-1086
9.3057064075e-1090
1.153254563735e-1093
1.360125574428e-1097
1.525414377099e-1101
1.625621735304e-1105
1.644872565143e-1109
1.578971937275e-1113
1.436758801912e-1117
1.238191130499e-1121
1.009721567539e-1125
7.78448059017e-1130
5.66843679903e-1134
3.894765663188e-1138
2.522602985312e-1142
1.538569396779e-1146
8.82718332843e-1151
4.758661587141e-1155
2.407739992186e-1159
1.142046625992e-1163
5.07197400466e-1168
2.106394595132e-1172
8.16963641041e-1177
2.955125161341e-1181
9.95513258371e-1186
3.118752360916e-1190
9.07230355199e-1195
2.44664736764e-1199
6.10701853325e-1204
1.408474910824e-1208
2.996113742261e-1213
5.867478764487e-1218
1.055817853033e-1222
1.742184703622e-1227
2.630579986062e-1232
3.626633902609e-1237
4.554588819206e-1242
5.198030451843e-1247
5.37740630646e-1252
5.029179616953e-1257
4.240326528811e-1262
3.213692452948e-1267
2.182578269801e-1272
1.323978399247e-1277
7.14898229185e-1283
3.423589804796e-1288
1.448516659994e-1293
5.392620883882e-1299
1.758865990598e-1304
5.002943370913e-1310
1.234959032229e-1315
2.631758644092e-1321
4.81485046958e-1327
7.5174047163e-1333
9.95215281135e-1339
1.109521248417e-1344
1.033940590371e-1350
7.98928844003e-1357
5.074488992846e-1363
2.624453694387e-1369
1.09387466808e-1375
3.633095912181e-1382
9.49697128973e-1389
1.927346709406e-1395
2.991114533057e-1402
3.490589784076e-1409
3.005995322343e-1416
1.870318476078e-1423
8.20891121182e-1431
2.473158998709e-1438
4.956878466077e-1446
6.373617503595e-1454
5.038794102323e-1462
2.329004981387e-1470
5.924887299412e-1479
7.706626426773e-1488
4.677118966175e-1497
1.179000510281e-1506
1.060382645616e-1516
2.769785725571e-1527
1.569242054529e-1538
1.240397461779e-1550
6.579002287206e-1564
5.708497841746e-1579
2.08657360761e-1597