0.085759635791688
0.0845032590151371
0.0820454267649979
0.0784920016514067
0.0739922292372269
0.0687283527645407
0.0629034066679452
0.0567283243750275
0.0504094909977256
0.0441377410712591
0.0380795713857873
0.0323710466099166
0.0271145631355043
0.0223783447539872
0.018198305084132
0.0145817472725946
0.0115122895619383
0.008955401868344
0.0068639999519054
0.0051836505778368
0.0038570717013148
0.0028277460214363
0.00204258803805279
0.00145370311748392
0.0010193467055715
0.00070423232301542
0.00047935165639443
0.00032146450610812
0.000212397042349968
0.000138259988934589
0.000088669245589179
0.000056023937551137
0.00003487336802206
0.000021385981273051
0.000012920363246424
7.6899867744957e-6
4.5089634319673e-6
2.6044909654456e-6
1.48203560248727e-6
8.3076563011967e-7
4.5875078106059e-7
2.4954431329664e-7
1.33716530782111e-7
7.0580206733688e-8
3.6697361236938e-8
1.8794654962515e-8
9.4814520202109e-9
4.7113950898956e-9
2.3059581473574e-9
1.11166368925754e-9
5.2784722497235e-10
2.4685870284692e-10
1.1370679281702e-10
5.1583923234799e-11
2.304752942755e-11
1.01416431633432e-11
4.3949904197638e-12
1.8757059231554e-12
7.8835196864355e-13
3.2629871217066e-13
1.3299686174357e-13
5.338129632004e-14
2.1098384908786e-14
8.2113050097363e-15
3.1467943599812e-15
1.1874296665129e-15
4.4118500851979e-16
1.6139746233111e-16
5.8133351428907e-17
2.0615607574616e-17
7.1977749357747e-18
2.4741200737888e-18
8.372449159746e-19
2.789216074531e-19
9.147410300166e-20
2.953172325401e-20
9.385169601186e-21
2.9359323333161e-21
9.040411860813e-22
2.7400350868226e-22
8.174045235234e-23
2.400037464365e-23
6.935630320809e-24
1.972547335548e-24
5.5211424513343e-25
1.5208161623255e-25
4.1224628035716e-26
1.0996508807493e-26
2.886400137292e-27
7.454992827234e-28
1.8945760234095e-28
4.7373542485712e-29
1.1654761212145e-29
2.8209737022249e-30
6.717490282514e-31
1.5736617350941e-31
3.6265677076754e-32
8.221361813458e-33
1.8333211726315e-33
4.02126947553e-34
8.67561741757e-35
1.840910639742e-35
3.8418674765416e-36
7.885176282354e-37
1.5915545440562e-37
3.1590333813933e-38
6.16581770839e-39
1.1833463175016e-39
2.2330499167605e-40
4.1431511288898e-41
7.557688854703e-42
1.3553546826165e-42
2.3894732675013e-43
4.1411018285517e-44
7.054611841855e-45
1.1812789921201e-45
1.9441615347754e-46
3.1447837024187e-47
4.99925780105e-48
7.81005412497e-49
1.1989841286444e-49
1.8086748772532e-50
2.6808451918394e-51
3.9041210095607e-52
5.585871264008e-53
7.851455378655e-54
1.0841169511983e-54
1.4704274809611e-55
1.9589665687796e-56
2.5633059735034e-57
3.294106198502e-58
4.157304225555e-59
5.152239583809e-60
6.269933230761e-61
7.491773018152e-62
8.78886817341e-63
1.0122303500832e-63
1.1444447794664e-64
1.2701354103248e-65
1.3836144730383e-66
1.4793121887697e-67
1.5522211328478e-68
1.5983256948638e-69
1.6149659867139e-70
1.6010906337081e-71
1.557365203773e-72
1.4861209057202e-73
1.3911488178894e-74
1.2773648974744e-75
1.1503870555315e-76
1.0160751010389e-77
8.80086049399e-79
7.474913164209e-80
6.224902004543e-81
5.082382852238e-82
4.06792867802e-83
3.191629255121e-84
2.45440487526e-85
1.8498460034523e-86
1.3662837997759e-87
9.888308809632e-89
7.011938109694e-90
4.871331299889e-91
3.315192661439e-92
2.2099311161664e-93
1.4428270281743e-94
9.22510734997e-96
5.775713102197e-97
3.540556617854e-98
2.1248254487025e-99
1.2482859879221e-100
7.177887978761e-102
4.039456148213e-103
2.2245589344536e-104
1.1986989647608e-105
6.319331972775e-107
3.258936371e-108
1.643888299354e-109
8.109753714131e-111
3.912265818887e-112
1.8453549509213e-113
8.509558223132e-115
3.835777784847e-116
1.6899041431843e-117
7.275701340548e-119
3.060785039847e-120
1.2579866108431e-121
5.050606040112e-123
1.9804930056938e-124
7.584073035436e-126
2.835744213481e-127
1.0351466064975e-128
3.688423152841e-130
1.282674233709e-131
4.352715624989e-133
1.4411290553976e-134
4.654502554515e-136
1.4662209609958e-137
4.50409977445e-139
1.349038662743e-140
3.938879326679e-142
1.1209224308319e-143
3.108525155731e-145
8.399028901517e-147
2.210640377955e-148
5.66680719918e-150
1.4145084645191e-151
3.43742582652e-153
8.130815118592e-155
1.87162334088e-156
4.191750264539e-158
9.13213167309e-160
1.934880759429e-161
3.986072210064e-163
7.982644700493e-165
1.5536706613267e-166
2.938187651875e-168
5.397645235074e-170
9.630019072616e-172
1.668167201276e-173
2.804988232477e-175
4.577081999139e-177
7.245983557533e-179
1.1126009266638e-180
1.656513057952e-182
2.390788142446e-184
3.343897052213e-186
4.531086737098e-188
5.946464677674e-190
7.555944445359e-192
9.292993128398e-194
1.1059102429643e-195
1.2730306669613e-197
1.4169895465748e-199
1.524593101565e-201
1.585068554743e-203
1.591815207567e-205
1.543575093822e-207
1.444739648463e-209
1.3046992003996e-211
1.1363663334761e-213
9.541956682788e-216
7.7212432773e-218
6.018424483707e-220
4.516838503654e-222
3.262481111184e-224
2.266854454871e-226
1.514456227251e-228
9.72382472143e-231
5.997207159172e-233
3.551165346069e-235
2.017785339942e-237
1.0995810738166e-239
5.743640008679e-242
2.874136817332e-244
1.376998389657e-246
6.312527582212e-249
2.767243551303e-251
1.1592792147724e-253
4.63809053364e-256
1.770949090274e-258
6.448885094689e-261
2.238006632926e-263
7.396269532133e-266
2.325973248285e-268
6.954923695041e-271
1.975692058326e-273
5.327419515342e-276
1.362398637962e-278
3.301313817291e-281
7.572799171759e-284
1.64282067598e-286
3.367050473896e-289
6.51298775457e-292
1.1877098957053e-294
2.03962451551e-297
3.294511288709e-300
4.999237257698e-303
7.117675665895e-306
9.4955798206e-309
1.1853779636622e-311
1.3826813199113e-314
1.504762858203e-317
1.525516420319e-320
1.438335292983e-323
1.2590900635961e-326
1.0214827953764e-329
7.666019392819e-333
5.311541132422e-336
3.390685084118e-339
1.989891022301e-342
1.0711626636342e-345
5.276210656311e-349
2.372074722247e-352
9.707584387594e-356
3.606122674885e-359
1.2123093786794e-362
3.676613917509e-366
1.0024802367865e-369
2.448692125414e-373
5.337737223021e-377
1.0341070538908e-380
1.772780300698e-384
2.67659922203e-388
3.54124479976e-392
4.08327016053e-396
4.079302259997e-400
3.508514884107e-404
2.579979207507e-408
1.609871855201e-412
8.45415670487e-417
3.702772441641e-421
1.3391730874777e-425
3.955623586389e-430
9.426359140758e-435
1.787650738838e-439
2.656780919776e-444
3.040995181243e-449
2.628264763077e-454
1.6766958497472e-459
7.690488231e-465
2.459324242078e-470
5.287419252254e-476
7.316419559077e-482
6.178935781628e-488
2.981714066481e-494
7.561825399254e-501
9.0361263482e-508
4.389624165604e-515
7.033644640869e-523
2.711852094082e-531
1.4925936261603e-540
4.29718284379e-551
4.842030074672e-564