0.1455381838126588
0.1394442851083814
0.1280102696417192
0.1125906515233783
0.0948774333844146
0.0765971797384208
0.0592426650398916
0.04389424172426356
0.03115353627063123
0.02117903273320754
0.0137902589868462
0.0085994605075425
0.00513527590409634
0.002936349684330627
0.001607522558925183
0.000842484280814036
0.0004226377146992532
0.0002029171716206157
0.0000932291881687574
0.00004098283332497128
0.00001723452682482972
6.93218618582363e-6
2.666468469751155e-6
9.80653619525594e-7
3.447631982811751e-7
1.158406125718467e-7
3.719113415897379e-8
1.140658990540348e-8
3.341214659693061e-9
9.34489407027447e-10
2.494881982040424e-10
6.35638399593866e-11
1.544998892946941e-11
3.581557884896699e-12
7.91595978734268e-13
1.667550796007146e-13
3.346943496522116e-14
6.39815960332329e-15
1.164490956772419e-15
2.017073388211185e-16
3.323800223662242e-17
5.20824662131346e-18
7.75710666857445e-19
1.097639843068164e-19
1.474904531414908e-20
1.881028729445125e-21
2.275773531889337e-22
2.61053843824073e-23
2.837620002437263e-24
2.921103993851268e-25
2.846055766906187e-26
2.622812840899738e-27
2.284709665800469e-28
1.8798998878997e-29
1.460043589096351e-30
1.069543209270654e-31
7.38400856026306e-33
4.80056655696474e-34
2.936491338314176e-35
1.688549796926188e-36
9.11892257693129e-38
4.62056273972597e-39
2.194449545023484e-40
9.7582684438864e-42
4.058368609869231e-43
1.576716598490429e-44
5.7153955219491e-46
1.930501448329589e-47
6.06788996838177e-49
1.772276313970737e-50
4.80287843434921e-52
1.205768483988532e-53
2.799607441902555e-55
6.00122756132514e-57
1.185465027604925e-58
2.15373726175415e-60
3.591298931326701e-62
5.48416484270451e-64
7.65166334116796e-66
9.7299308411754e-68
1.124667994856423e-69
1.1783523717288e-71
1.115716637742337e-73
9.51611828103682e-76
7.28602139068306e-78
4.98919640737007e-80
3.043267629105383e-82
1.646416288907374e-84
7.8631034443306e-87
3.298323215254716e-89
1.208454459694587e-91
3.843925200388688e-94
1.054490473737975e-96
2.476612527171054e-99
4.93981512872326e-102
8.29281235251858e-105
1.160057780162959e-107
1.3370854430194e-110
1.253785495191119e-113
9.42751675535089e-117
5.59100758014754e-120
2.56558962050347e-123
8.9079895672586e-127
2.27929156574748e-130
4.16410717612278e-134
5.2270849867548e-138
4.2988147816045e-142
2.18081542575695e-146
6.3095039853069e-151
9.3653889255706e-156
6.1422108504501e-161
1.4217010036495e-166
8.0178699793388e-173
5.4213502190845e-180
7.1302906954e-189