0.0650845009321651
0.0645343907317079
0.0634480760986117
0.0618527845265803
0.0597879313870472
0.0573035021739031
0.0544580434945552
0.051316375414756
0.0479471496351658
0.044420381187842
0.0408050760462061
0.037167064083102
0.0335671276026145
0.030059492039685
0.0266907194171538
0.0234990188475972
0.0205139636824385
0.0177565834464793
0.0152397816342899
0.0129690184898373
0.01094319126193
0.0091556429011491
0.007595233147159
0.0062474125902725
0.0050952495641933
0.0041203705782891
0.0033037864184783
0.0026265871537695
0.0020704993774861
0.0016183075905047
0.00125414840917082
0.00096369115590741
0.00073422143064501
0.00055464565398378
0.00041543458786561
0.00030852278765762
0.00022717913916326
0.00016586138317976
0.00012006508744473
0.000086175099393564
0.000061325256993735
0.000043270150422279
0.000030271069229447
0.00002099695425457
0.000014440188266672
9.846371598443e-6
6.6567948580513e-6
4.4620913257275e-6
2.9654785133723e-6
1.9540372671073e-6
1.2765895832395e-6
8.268919717595e-7
5.3103590085386e-7
3.3812337323844e-7
2.1345250344401e-7
1.3359819167177e-7
8.290327046109e-8
5.1005024961785e-8
3.1111640716299e-8
1.8814813505615e-8
1.1280863600122e-8
6.7057684160261e-9
3.9519991562645e-9
2.3091147335946e-9
1.3376201949446e-9
7.682047468471e-10
4.3739742376512e-10
2.4690432119947e-10
1.3817597507817e-10
7.666301130185e-11
4.2168366894937e-11
2.2994994697937e-11
1.2431498814731e-11
6.662777531591e-12
3.5401913454194e-12
1.8648147551808e-12
9.73823158498e-13
5.0414772716682e-13
2.5874185403103e-13
1.3164504808683e-13
6.640015924879e-14
3.320153921215e-14
1.6457715083231e-14
8.087248279415e-15
3.9395769481664e-15
1.9024515369573e-15
9.107316263783e-16
4.3219287401963e-16
2.0331652990813e-16
9.481415586464e-17
4.3830513307424e-17
2.0085389205987e-17
9.123924379467e-18
4.1084519367724e-18
1.8338643090207e-18
8.11420458998e-19
3.5588670054928e-19
1.5472548864081e-19
6.667967637597e-20
2.8484185457973e-20
1.2061185009161e-20
5.06231454304e-21
2.1060968190642e-21
8.685096550183e-22
3.5500551705568e-22
1.4383238247254e-22
5.776121504043e-23
2.2991693474158e-23
9.071048364702e-24
3.5472576854754e-24
1.3749077096964e-24
5.281979291858e-25
2.0112169937913e-25
7.590265559613e-26
2.8391445116842e-26
1.0525607242341e-26
3.867520006711e-27
1.4084463265022e-27
5.083547665928e-28
1.8184814363689e-28
6.447074499436e-29
2.2652951037635e-29
7.888447960309e-30
2.7224467175633e-30
9.311605882631e-31
3.1563375983918e-31
1.0603084736832e-31
3.529938632874e-32
1.1646204190751e-32
3.807852452855e-33
1.2338160015238e-33
3.961788893099e-34
1.2606628072648e-34
3.975293733655e-35
1.2422189187569e-35
3.846640544182e-36
1.1803627678677e-36
3.589183591582e-37
1.0814785830495e-37
3.229074137498e-38
9.55370172956e-39
2.8008806043753e-39
8.136589707189e-40
2.3421286583914e-40
6.680287555736e-41
1.8879529702755e-41
5.286817005578e-42
1.4668980242411e-42
4.032770553277e-43
1.0985008867514e-43
2.964735424317e-44
7.927849323824e-45
2.1004095599123e-45
5.513494395333e-46
1.4339017564356e-46
3.694677005115e-47
9.431771069758e-48
2.3854193859515e-48
5.977036977539e-49
1.4837194398025e-49
3.648859780919e-50
8.889901705922e-51
2.145684923922e-51
5.130490778102e-52
1.2152638063772e-52
2.851645803966e-53
6.628703527153e-54
1.5263853468952e-54
3.481744502202e-55
7.867218608101e-56
1.7608874276153e-56
3.904113372634e-57
8.574090320049e-58
1.865188791299e-58
4.019026834895e-59
8.577813309882e-60
1.8133599060311e-60
3.796970958948e-61
7.874635345857e-62
1.6175493966916e-62
3.290883741602e-63
6.631157302731e-64
1.3233715279463e-64
2.615674645918e-65
5.120223294206e-66
9.926383115073e-67
1.9058283300454e-67
3.623770998921e-68
6.823630289362e-69
1.2724523004496e-69
2.349807380377e-70
4.29715621238e-71
7.78182550632e-72
1.3954895604147e-72
2.478047840294e-73
4.357365103395e-74
7.58686766992e-75
1.3080321814193e-75
2.232979430142e-76
3.774455806049e-77
6.317135526688e-78
1.0468274738974e-78
1.7175598586338e-79
2.790122219283e-80
4.487472671285e-81
7.145625581755e-82
1.1264997347801e-82
1.7581940962511e-83
2.716688563173e-84
4.155684528174e-85
6.293138262434e-86
9.434224441584e-87
1.4000757838629e-87
2.056815856739e-88
2.991092627464e-89
4.305730932071e-90
6.135336860156e-91
8.653589733664e-92
1.2081263327266e-92
1.6694687369485e-93
2.283419928543e-94
3.091195249794e-95
4.141825257897e-96
5.492540326342e-97
7.208788392939e-98
9.363757693096e-99
1.2037274879208e-99
1.5313959567078e-100
1.928054187674e-101
2.402229187207e-102
2.961856945729e-103
3.613757885058e-104
4.363049953219e-105
5.212525942495e-106
6.162030759187e-107
7.207882273659e-108
8.342384918764e-109
9.553487308634e-110
1.0824632919459e-110
1.2134845736643e-111
1.3459080614982e-112
1.4768851360399e-113
1.603312925269e-114
1.721948246721e-115
1.829540462874e-116
1.922976078829e-117
1.999426368767e-118
2.056488421264e-119
2.092309883233e-120
2.105688421102e-121
2.096138479968e-122
2.063920189591e-123
2.010028041453e-124
1.936139984443e-125
1.844530567359e-126
1.737954406532e-127
1.619508325058e-128
1.492481810821e-129
1.360205874243e-130
1.2259099491027e-131
1.0925952583513e-132
9.62931226076e-134
8.39179274661e-135
7.231459455282e-136
6.1616496057e-137
5.191058060442e-138
4.324048264077e-139
3.561137542099e-140
2.899600998929e-141
2.334138481164e-142
1.857553731569e-143
1.461402814104e-144
1.1365788630597e-145
8.738109447537e-147
6.640652180306e-148
4.988457850324e-149
3.704000712941e-150
2.718389899871e-151
1.971855129449e-152
1.413667770581e-153
1.0016482028021e-154
7.013985730603e-156
4.853807200075e-157
3.319358867106e-158
2.243189065995e-159
1.497970833957e-160
9.884446216607e-162
6.444636281861e-163
4.151710080603e-164
2.642551683085e-165
1.661778083981e-166
1.0324302058907e-167
6.336821276278e-169
3.842289709107e-170
2.30144886134e-171
1.361725809385e-172
7.958652399878e-174
4.594467744394e-175
2.619755819726e-176
1.47536797755e-177
8.206116500839e-179
4.507715524487e-180
2.445346385217e-181
1.310004400654e-182
6.930058144097e-184
3.620060927548e-185
1.867208133736e-186
9.5093372106e-188
4.781576367288e-189
2.373765326519e-190
1.163409626611e-191
5.62908618617e-193
2.688657876913e-194
1.267673612036e-195
5.899773177235e-197
2.710195788696e-198
1.228810352065e-199
5.49881472725e-201
2.428479017945e-202
1.058428444139e-203
4.552303263001e-205
1.932074564386e-206
8.091329527507e-208
3.343484485299e-209
1.363145068525e-210
5.483122076018e-212
2.17588715623e-213
8.518179438725e-215
3.289563792164e-216
1.253112046382e-217
4.708475451403e-219
1.744970441206e-220
6.378103111095e-222
2.299158031495e-223
8.173307783242e-225
2.865209143084e-226
9.90425314247e-228
3.375758172729e-229
1.134441631723e-230
3.758642584206e-232
1.227706440054e-233
3.953202123368e-235
1.254788714439e-236
3.925863212609e-238
1.21064924128e-239
3.679556756192e-241
1.102152833089e-242
3.253360350263e-244
9.46326899223e-246
2.712334471481e-247
7.659712302902e-249
2.131192480372e-250
5.841810596028e-252
1.577466525642e-253
4.195983203124e-255
1.099362662538e-256
2.83696734581e-258
7.210177764019e-260
1.804628302341e-261
4.447861859469e-263
1.07946316324e-264
2.579457286999e-266
6.068529824254e-268
1.405541320589e-269
3.204636264721e-271
7.192147119317e-273
1.588738581117e-274
3.454056302909e-276
7.390233566274e-278
1.555990865402e-279
3.223621499405e-281
6.571080759456e-283
1.31780940975e-284
2.599910229352e-286
5.045690273675e-288
9.63175594919e-290
1.808334520368e-291
3.338918986468e-293
6.062500453384e-295
1.082383254437e-296
1.900018801973e-298
3.279034944579e-300
5.562997181002e-302
9.27703488577e-304
1.520581016131e-305
2.449469233109e-307
3.877555636093e-309
6.031548534489e-311
9.2181761872e-313
1.384097695391e-314
2.041520484007e-316
2.957775417079e-318
4.208814719608e-320
5.881603916414e-322
8.071063688718e-324
1.087481707078e-325
1.438553278358e-327
1.868094413283e-329
2.381201202877e-331
2.979015232734e-333
3.657489585199e-335
4.406370557359e-337
5.208584163073e-339
6.040205406876e-341
6.871144262305e-343
7.666605581479e-345
8.38927805264e-347
9.00209388116e-349
9.4712951869e-351
9.76946588605e-353
9.87815697367e-355
9.78975939548e-357
9.50836246272e-359
9.04946593455e-361
8.4385694983e-363
7.708817574609e-365
6.898003041029e-367
6.045308997455e-369
5.188181565732e-371
4.359679649387e-373
3.586551858478e-375
2.888166968918e-377
2.276296210408e-379
1.755635334775e-381
1.324877625473e-383
9.7811307365e-386
7.06332504666e-388
4.988502247814e-390
3.44512542899e-392
2.326193398476e-394
1.535406995374e-396
9.90531010292e-399
6.244653999915e-401
3.846557301185e-403
2.314654708595e-405
1.360429106836e-407
7.808464709067e-410
4.376012625549e-412
2.394068520534e-414
1.278381111307e-416
6.661457393305e-419
3.386736227638e-421
1.679629245573e-423
8.124203055342e-426
3.831751556581e-428
1.761877258577e-430
7.896355992293e-433
3.448736925335e-435
1.467518754503e-437
6.082804793808e-440
2.455418252456e-442
9.65053852686e-445
3.692185099719e-447
1.374740906425e-449
4.98036931596e-452
1.755098641252e-454
6.014989764563e-457
2.004258751187e-459
6.491549550568e-462
2.043180659909e-464
6.247625339274e-467
1.855482468566e-469
5.35074232857e-472
1.497841575731e-474
4.069016032322e-477
1.072405922643e-479
2.741242270791e-482
6.793970136672e-485
1.632130223949e-487
3.799314169059e-490
8.56714908023e-493
1.870711389333e-495
3.95432439344e-498
8.08882594853e-501
1.600648276477e-503
3.06302023371e-506
5.666179676145e-509
1.012877452047e-511
1.748982961758e-514
2.916142554685e-517
4.693048435235e-520
7.287006664158e-523
1.09121884132e-525
1.575286930918e-528
2.191315371896e-531
2.935995220259e-534
3.787165656512e-537
4.700891947413e-540
5.612377059354e-543
6.441730156106e-546
7.104451801694e-549
7.525038969928e-552
7.650841269515e-555
7.462737016559e-558
6.97968382421e-561
6.255699317802e-564
5.369894575463e-567
4.41210545088e-570
3.46776456539e-573
2.605571037751e-576
1.870355469229e-579
1.281810018351e-582
8.38114745787e-586
5.224647538809e-589
3.102905643406e-592
1.75433749037e-595
9.43530296923e-599
4.823380893144e-602
2.341771036137e-605
1.078865798957e-608
4.712396159554e-612
1.949739191313e-615
7.634274279884e-619
2.826169462049e-622
9.88180830237e-626
3.260139684941e-629
1.013761446693e-632
2.967952784676e-636
8.171551863944e-640
2.11331880671e-643
5.127503169379e-647
1.165667581992e-650
2.47969100105e-654
4.92922085316e-658
9.14317348394e-662
1.580187616232e-665
2.540632449827e-669
3.793995773722e-673
5.253443782035e-677
6.733211264723e-681
7.973264327944e-685
8.706722666058e-689
8.750006007574e-693
8.075818301713e-697
6.830223006578e-701
5.28143620741e-705
3.724657157292e-709
2.389636793706e-713
1.390992720805e-717
7.325521322589e-722
3.479995000464e-726
1.486543491516e-730
5.691002440716e-735
1.94571509448e-739
5.918649087678e-744
1.595475949229e-748
3.79526542177e-753
7.930780636586e-758
1.44882199427e-762
2.301945168159e-767
3.163355203446e-772
3.73753409216e-777
3.772389339122e-782
3.230184944804e-787
2.328904757241e-792
1.402299217621e-797
6.989178147973e-803
2.855469263148e-808
9.461307443812e-814
2.512636589692e-819
5.278970103015e-825
8.647916808859e-831
1.086867742841e-836
1.0290370499138e-842
7.189886769932e-849
3.621189139242e-855
1.279700935309e-861
3.075592168729e-868
4.84661538086e-875
4.795648081965e-882
2.828856231221e-889
9.337985700136e-897
1.594612264093e-904
1.274906944717e-912
4.18905110405e-921
4.741998195506e-930
1.4402130252672e-939
8.044252817943e-950
4.418406943088e-961
7.146736343141e-974
1.5014381313197e-989