0.1870884705490493
0.17424152504402993
0.15112804960523213
0.12206621940114568
0.09180263381063065
0.06427766819063446
0.04189191244226898
0.025407889466847185
0.01433711363021739
0.007524520612216045
0.003671737408727972
0.0016652282490644825
0.0007016176740348903
0.00027450358985306233
0.00009967649628574018
0.00003357305014419905
0.00001048279329860801
3.0322448415500783e-6
8.119744105294132e-7
2.0113005931537205e-7
4.604777538270939e-8
9.735343408806177e-9
1.89885053315223e-9
3.4133713929443925e-10
5.64877976995967e-11
8.595990673214054e-12
1.2013344715990742e-12
1.5398466784482822e-13
1.8076531130346103e-14
1.9404932122013052e-15
1.9017680123139484e-16
1.6985968059071355e-17
1.380051928146882e-18
1.0178867789337496e-19
6.800886593008967e-21
4.1066490153459314e-22
2.2355486477720082e-23
1.0941854437188725e-24
4.801234158297154e-26
1.882845156916725e-27
6.576725855935102e-29
2.038678112426232e-30
5.58604256981916e-32
1.347086062693141e-33
2.84555869906129e-35
5.23806094351065e-37
8.35471073882581e-39
1.147421204742297e-40
1.347488905031363e-42
1.342704143060186e-44
1.125475068685239e-46
7.85916356655932e-49
4.52207209732215e-51
2.117380477706628e-53
7.95329021571277e-56
2.357202538577935e-58
5.40705852255447e-61
9.38286019521467e-64
1.198592185038171e-66
1.090377090931701e-69
6.78020958894699e-73
2.736165810262109e-76
6.69855006956667e-80
9.08480005432663e-84
6.00554515308265e-88
1.596846302761217e-92
1.245169047506543e-97
1.558460431871144e-103
6.7223469064839e-111