0.0676913408484077
0.0670725647419939
0.0658519246155224
0.064062476829122
0.0617519350311911
0.0589805573308868
0.0558185381443714
0.0523430620864857
0.0486351919794418
0.04477676490965
0.0408474597618925
0.036922178336092
0.0330688523967756
0.0293467537762766
0.0258053471491304
0.0224836884349087
0.0194103387185808
0.0166037362590558
0.0140729490154501
0.0118187178054972
0.0098346956268763
0.0081087910887356
0.0066245321050469
0.0053623784822767
0.0043009271648752
0.0034179701085203
0.0026913806434052
0.0020998186562341
0.0016232571741313
0.00124334252407064
0.00094360702262439
0.00070955723429212
0.00052866252572221
0.00039026836387699
0.00028545704226051
0.00020687575626294
0.00014854863137598
0.000105685812480077
0.00007449934096745
0.000052032484841967
0.000036006569950866
0.000024687243822677
0.00001677048855156
0.000011287548378197
7.5271895058175e-6
4.9732909575756e-6
3.2556006023953e-6
2.1115093683904e-6
1.35683774213e-6
8.6384169635294e-7
5.4489152503751e-7
3.4052880018296e-7
2.1084522693768e-7
1.293415378201e-7
7.8609446829939e-8
4.7333874038226e-8
2.8237616273647e-8
1.668940018141e-8
9.772555514783e-9
5.6692845558375e-9
3.2583594376371e-9
1.8553175252788e-9
1.0466075991117e-9
5.8491629841694e-10
3.2385122880136e-10
1.7763850511534e-10
9.653084639644e-11
5.1967309693374e-11
2.7715779940639e-11
1.4643817937897e-11
7.664952037481e-12
3.9745685081435e-12
2.0417071006701e-12
1.0390040519019e-12
5.237919242753e-13
2.6158659010517e-13
1.2941499623664e-13
6.342543712252e-14
3.0792809928184e-14
1.4809465053556e-14
7.055548638871e-15
3.329819632221e-15
1.5567046460795e-15
7.209155257228e-16
3.3071370527034e-16
1.5028188621872e-16
6.764639287329e-17
3.0162206124028e-17
1.3321676052187e-17
5.828123543073e-18
2.5256287660837e-18
1.0841213461534e-18
4.6094655947611e-19
1.941262243119e-19
8.097955584381e-20
3.3459595683298e-20
1.3693568034904e-20
5.550852342113e-21
2.2286726242453e-21
8.862838368686e-22
3.4908860977723e-22
1.3618558352692e-22
5.26205601812e-23
2.0137469460223e-23
7.632654400553e-24
2.8652578672891e-24
1.0652838244581e-24
3.9226223928214e-25
1.4305176784169e-25
5.166678877622e-26
1.8481071185522e-26
6.546906053631e-27
2.2968582934108e-27
7.98026288261e-28
2.7458754298261e-28
9.356658721715e-29
3.1574226083428e-29
1.0551451388327e-29
3.4918437552772e-30
1.1443424738584e-30
3.713738354808e-31
1.1934825320005e-31
3.798093663586e-32
1.1968932748732e-32
3.734913953555e-33
1.1540813146365e-33
3.531165082206e-34
1.0698442471066e-34
3.2095125857571e-35
9.533856802778e-36
2.8041687925849e-36
8.166586870067e-37
2.3549017858788e-37
6.72350312999e-38
1.9006571915256e-38
5.319760292651e-39
1.4741955294551e-39
4.044710925354e-40
1.0987118844506e-40
2.9548715294066e-41
7.867672816994e-42
2.0739643690939e-42
5.412500573491e-43
1.3983973220059e-43
3.576789818141e-44
9.056922615389e-45
2.2703166231562e-45
5.633844004859e-46
1.3839801098626e-46
3.365545698396e-47
8.10169074627e-48
1.9305640505797e-48
4.553810484573e-49
1.0632652454053e-49
2.4574115671536e-50
5.621826260047e-51
1.2730156799854e-51
2.853253828036e-52
6.329812395145e-53
1.3898836137418e-53
3.020623033877e-54
6.497381917815e-55
1.3832390560993e-55
2.914514510397e-56
6.077688266933e-57
1.2543157212797e-57
2.561913841893e-58
5.178503629513e-59
1.035902776862e-59
2.0506966894399e-60
4.017392765053e-61
7.788256204622e-62
1.4941074079916e-62
2.836361449357e-63
5.328094774316e-64
9.903878434291e-65
1.8216039759021e-65
3.315203405849e-66
5.969887135876e-67
1.0636871075307e-67
1.8751911406952e-68
3.270792780467e-69
5.644536129529e-70
9.637470234558e-71
1.6279803683636e-71
2.720685122304e-72
4.498233702716e-73
7.357527619695e-74
1.1905274215489e-74
1.9057060378952e-75
3.017676882803e-76
4.726951204937e-77
7.32440283171e-78
1.1226312544739e-78
1.7020285790058e-79
2.55242099726e-80
3.786032704064e-81
5.554612619994e-82
8.060300731916e-83
1.1568242361076e-83
1.6420739218189e-84
2.305248073381e-85
3.200609081561e-86
4.394686301547e-87
5.967516155421e-88
8.013457049209e-89
1.0641352621176e-89
1.3973792957632e-90
1.8145217268655e-91
2.329862022009e-92
2.958067403455e-93
3.713516404788e-94
4.609475788949e-95
5.657128470971e-96
6.864488249727e-97
8.23525644996e-98
9.76769408798e-99
1.145359859718e-99
1.3277484019179e-100
1.5216065563687e-101
1.723814174209e-102
1.930494891039e-103
2.137103418443e-104
2.338565480614e-105
2.529466797816e-106
2.704282894286e-107
2.857637145078e-108
2.984570878215e-109
3.080806980821e-110
3.142987681718e-111
3.168868198584e-112
3.157450746422e-113
3.109047794705e-114
3.025269026766e-115
2.908932639492e-116
2.763907783462e-117
2.594900440004e-118
2.407199297907e-119
2.206400814286e-120
1.998133406237e-121
1.787799627253e-122
1.580352450042e-123
1.380117792492e-124
1.1906706865481e-125
1.0147675440594e-126
8.543323351794e-128
7.104905921534e-129
5.836422823748e-130
4.735629068648e-131
3.79521672051e-132
3.004061241355e-133
2.348440031865e-134
1.813149932019e-135
1.382472289367e-136
1.040956093469e-137
7.740095087287e-139
5.68306463158e-140
4.120269987865e-141
2.949577132744e-142
2.084821711327e-143
1.454913241513e-144
1.002416177426e-145
6.818446944657e-147
4.578600742599e-148
3.035102217891e-149
1.986050477778e-150
1.282822806634e-151
8.178720196052e-153
5.146701913012e-154
3.196540437503e-155
1.959391792783e-156
1.1853168735768e-157
7.076227508292e-159
4.168742928834e-160
2.423405807003e-161
1.390101136549e-162
7.867689700862e-164
4.393491455888e-165
2.420555666849e-166
1.315660675095e-167
7.054672600371e-169
3.731594260169e-170
1.9470486195e-171
1.0020838323851e-172
5.086933391121e-174
2.546903233338e-175
1.257629450892e-176
6.124294615204e-178
2.941044722919e-179
1.392734106732e-180
6.50331010317e-182
2.994186268201e-183
1.359187833743e-184
6.082952887922e-186
2.683870238061e-187
1.167342282777e-188
5.004974706273e-190
2.115191167379e-191
8.810859882804e-193
3.617300012571e-194
1.463607824232e-195
5.835996518057e-197
2.293144073542e-198
8.878698999516e-200
3.387227808044e-201
1.273185584865e-202
4.714831181607e-204
1.720055026194e-205
6.181511188764e-207
2.188251329941e-208
7.629986835405e-210
2.62028161164e-211
8.862229824997e-213
2.951765739518e-214
9.68138071702e-216
3.126667081284e-217
9.94230349918e-219
3.112613696445e-220
9.59329410141e-222
2.910621974627e-223
8.692610651076e-225
2.555239303315e-226
7.39264891947e-228
2.104871710315e-229
5.897633596538e-231
1.626019584406e-232
4.411014257499e-234
1.177292514809e-235
3.091232763293e-237
7.984509605128e-239
2.028623479183e-240
5.06942125078e-242
1.245907337013e-243
3.011271033903e-245
7.156762629335e-247
1.672443940037e-248
3.84255276038e-250
8.679328756771e-252
1.927146668023e-253
4.206003272471e-255
9.022234313179e-257
1.902003311551e-258
3.940249091381e-260
8.020721713062e-262
1.604139907116e-263
3.151891496489e-265
6.083607932462e-267
1.153379854578e-268
2.147654629783e-270
3.927323842844e-272
7.052253637961e-274
1.24341557253e-275
2.152383019928e-277
3.657588660809e-279
6.10096941582e-281
9.9882083218e-283
1.604784087169e-284
2.530118389669e-286
3.913944412875e-288
5.940073325998e-290
8.843526129227e-292
1.291421973832e-293
1.849574593606e-295
2.597692754297e-297
3.577392550894e-299
4.830123839028e-301
6.393108552019e-303
8.294240853727e-305
1.054629370697e-306
1.314101547534e-308
1.604391300008e-310
1.919065047083e-312
2.248599345333e-314
2.580605633472e-316
2.900425941753e-318
3.192089783781e-320
3.439563824168e-322
3.628169326597e-324
3.745999483136e-326
3.785149958012e-328
3.742587899162e-330
3.620527874891e-332
3.42625157347e-334
3.171389762658e-336
2.870764713751e-338
2.540953915855e-340
2.198769895214e-342
1.859850972825e-344
1.537525741101e-346
1.242058267478e-348
9.80314015871e-351
7.558216728292e-353
5.691548341987e-355
4.185268977702e-357
3.004843622121e-359
2.105951682292e-361
1.440536182892e-363
9.61543885435e-366
6.261838108123e-368
3.977769508311e-370
2.46432701744e-372
1.488649608183e-374
8.766678835127e-377
5.031966267758e-379
2.814559280957e-381
1.533774878056e-383
8.141384660049e-386
4.208483472567e-388
2.118103919329e-390
1.037683861172e-392
4.947424054493e-395
2.295026982833e-397
1.035589169571e-399
4.544360814264e-402
1.938814786063e-404
8.040233393311e-407
3.240099543379e-409
1.268504031093e-411
4.823401552285e-414
1.780840777436e-416
6.382438153736e-419
2.219807830052e-421
7.490078155944e-424
2.451161919203e-426
7.777539832107e-429
2.392017490805e-431
7.128577544618e-434
2.057877818578e-436
5.752721571063e-439
1.556754388625e-441
4.076736807281e-444
1.032763280196e-446
2.530060448389e-449
5.99164548855e-452
1.371153492485e-454
3.031006558062e-457
6.469651938464e-460
1.332897630602e-462
2.649471100845e-465
5.079122698066e-468
9.38645861539e-471
1.671515728286e-473
2.866965039448e-476
4.73413367869e-479
7.522513614111e-482
1.1496958785e-484
1.689228976863e-487
2.384856860429e-490
3.233564410675e-493
4.208405074683e-496
5.254553748789e-499
6.290652695071e-502
7.216888749318e-505
7.929484304966e-508
8.339111470884e-511
8.388930250016e-514
8.06733198819e-517
7.411508150277e-520
6.500476886101e-523
5.439337461343e-526
4.339106576689e-529
3.297541974369e-532
2.385550548931e-535
1.641563716737e-538
1.07361798861e-541
6.668157825032e-545
3.929666659268e-548
2.195416990548e-551
1.161702615096e-554
5.816765733899e-558
2.753309765453e-561
1.230776624216e-564
5.190421621204e-568
2.0628035584e-571
7.717217665145e-575
2.714622211128e-578
8.967746435529e-582
2.778704608306e-585
8.065396568582e-589
2.190032760594e-592
5.55534654265e-596
1.314549638112e-599
2.897288946928e-603
5.938432245027e-607
1.130066433071e-610
1.993169761546e-614
3.252488094347e-618
4.901241018258e-622
6.807154900834e-626
8.695703205816e-630
1.019508239809e-633
1.094574528152e-637
1.073596147757e-641
9.596153870869e-646
7.796091997352e-650
5.740924589334e-654
3.820739658463e-658
2.291067684356e-662
1.233786535347e-666
5.946432878704e-671
2.555634650999e-675
9.756150494983e-680
3.29456837598e-684
9.798112398087e-689
2.554245798339e-693
5.807210213703e-698
1.145264489373e-702
1.94782345538e-707
2.839060973342e-712
3.522393520208e-717
3.692754107095e-722
3.245246768812e-727
2.370029712114e-732
1.424751145957e-737
6.977032720496e-743
2.751403248673e-748
8.62703735012e-754
2.120540214497e-759
4.021970004478e-765
5.782509964561e-771
6.176523108129e-777
4.790396206103e-783
2.627690627494e-789
9.888246792e-796
2.463331294072e-802
3.894546209797e-809
3.714789064088e-816
2.00983145143e-823
5.712980494932e-831
7.740827036921e-839
4.402959683088e-847
8.852338102403e-856
4.930430216795e-865
5.264655071649e-875
5.855939612554e-886
2.096079802242e-898
1.1551764750494e-913