0.0566265274806747
0.0562640150202568
0.0555459359628284
0.0544859607465648
0.0531040516541034
0.0514258377724581
0.049481824974991
0.0473064749243193
0.044937191886125
0.042413258842015
0.039774764915439
0.037061564537004
0.034312305261677
0.031563556007603
0.028849061095604
0.026199138264186
0.023640231271755
0.0211946202188386
0.0188802857312607
0.0167109169791843
0.0146960484246534
0.0128413063593092
0.0111487437893581
0.0096172410340539
0.0082429494372533
0.0070197566971153
0.0059397543002211
0.0049936901806084
0.0041713927806124
0.0034621559460377
0.0028550773413009
0.0023393461499726
0.0019044785989544
0.0015405022163897
0.0012380916494619
0.00098866030953083
0.00078441309037054
0.00061836595680988
0.00048433837960087
0.00037692446242521
0.00029144823779961
0.00022390806883391
0.00017091444714207
0.00012962477980201
0.00009767805669832
0.000073131620189313
0.00005440164798489
0.000040208424166662
0.000029527020995248
0.000021543647366525
0.00001561763515455
0.000011248825196251
8.049971008613e-6
5.7236900179847e-6
4.0434484490821e-6
2.8380568805961e-6
1.9791695979426e-6
1.3713142754932e-6
9.440225758595e-7
6.456816975352e-7
4.387777402552e-7
2.9625112236976e-7
1.9873026259001e-7
1.3245118851061e-7
8.77071135292e-8
5.7703230124633e-8
3.771820431678e-8
2.4495521374177e-8
1.5805431863652e-8
1.0132327986676e-8
6.4534876976e-9
4.0837700148898e-9
2.5674900205259e-9
1.6037478786141e-9
9.952734052125e-10
6.136585600514e-10
3.7591390735427e-10
2.2878433417724e-10
1.3833738061406e-10
8.310501980077e-11
4.960077556914e-11
2.9411841855731e-11
1.7327166694389e-11
1.0141530014387e-11
5.897242801716e-12
3.4069293935329e-12
1.9554415279664e-12
1.1150467602223e-12
6.316941095087e-13
3.5553717558878e-13
1.9880467053258e-13
1.1044102784516e-13
6.095305716586e-14
3.3421091886824e-14
1.8205589381768e-14
9.85250548771e-15
5.29718711978e-15
2.8294333643373e-15
1.5014399965068e-15
7.915341555809e-16
4.145560992106e-16
2.1569879394415e-16
1.1149660872114e-16
5.725638113233e-17
2.9210108955113e-17
1.4804312340738e-17
7.453972818713e-18
3.72846939713e-18
1.8527433773059e-18
9.146196923935e-19
4.485440366062e-19
2.1852822771602e-19
1.0576611692148e-19
5.0853490293e-20
2.4290070577155e-20
1.1525749998056e-20
5.433011322511e-21
2.5441434599043e-21
1.1835066892367e-21
5.469234171621e-22
2.5107734998848e-22
1.1450179381219e-22
5.187275190443e-23
2.3344631511162e-23
1.0436478289237e-23
4.634881196718e-24
2.0447460247551e-24
8.9609635241e-25
3.901063694134e-25
1.6870298907912e-25
7.247234496373e-26
3.092644723176e-26
1.3109746662276e-26
5.520310029344e-27
2.309063521661e-27
9.594224092197e-28
3.959895384773e-28
1.6235128865033e-28
6.611868728625e-29
2.674776057799e-29
1.0748394716892e-29
4.29033298095e-30
1.701092110287e-30
6.699652963458e-31
2.620973470805e-31
1.0184904564314e-31
3.931275580087e-32
1.507267551612e-32
5.740182266681e-33
2.171388872624e-33
8.158761375497e-34
3.04497438219e-34
1.1287919913447e-34
4.156359655575e-35
1.5201249667868e-35
5.522178793479e-36
1.9925290004944e-36
7.141013489879e-37
2.541991273556e-37
8.987630834752e-38
3.156249434515e-38
1.1009060784814e-38
3.813993985722e-39
1.3123764459421e-39
4.485216703122e-40
1.5224845356246e-40
5.1329219979e-41
1.7187653832074e-41
5.716188195966e-42
1.8881315024928e-42
6.194290265652e-43
2.0182838342177e-43
6.531336643985e-44
2.0991756623143e-44
6.700699055851e-45
2.124289859736e-45
6.68848056728e-46
2.091504850517e-46
6.495396413436e-47
2.0033898717908e-47
6.136714890675e-48
1.866872658213e-48
5.640262524165e-49
1.6923391402738e-49
5.042855239526e-50
1.4923276116957e-50
4.385791176507e-51
1.2800453031991e-51
3.710170298192e-52
1.0679500516425e-52
3.052770055552e-53
8.666041120475e-54
2.443027332166e-54
6.839340791215e-55
1.901410524886e-55
5.249411862015e-56
1.4391824874999e-56
3.918220613986e-57
1.0593196490659e-57
2.843986939849e-58
7.582071572073e-59
2.007266983966e-59
5.276872872459e-60
1.3775252913676e-60
3.570846675425e-61
9.191548656585e-62
2.349358103333e-62
5.962795939317e-63
1.5027544096788e-63
3.760629348758e-64
9.344683738093e-65
2.305670922535e-65
5.648794016071e-66
1.3741587219412e-66
3.319233674104e-67
7.960778325454e-68
1.895775879559e-68
4.482591689766e-69
1.0523956455997e-69
2.453203088787e-70
5.677922626047e-71
1.3047996501156e-71
2.9771002215e-72
6.744273719066e-73
1.51693110905e-73
3.387523151318e-74
7.510713869072e-75
1.653329672875e-75
3.613380920427e-76
7.840446633616e-77
1.689029882619e-77
3.612434834039e-78
7.670532789857e-79
1.617001800091e-79
3.384165238787e-80
7.031456608493e-81
1.4504017143007e-81
2.970141413467e-82
6.038211282233e-83
1.2186482025308e-83
2.441651970625e-84
4.856473237856e-85
9.589291464225e-86
1.879648941012e-86
3.65753153838e-87
7.065077119609e-88
1.3547513269511e-88
2.57876906212e-89
4.872724075344e-90
9.139742942954e-91
1.701747827861e-91
3.145225122675e-92
5.770318652001e-93
1.0508375571967e-93
1.89956990379e-94
3.408435113352e-95
6.070590898932e-96
1.0731963629628e-96
1.883197152238e-97
3.280022426081e-98
5.670460086247e-99
9.730076426382e-100
1.657168456658e-100
2.801337772235e-101
4.700116723997e-102
7.826941123484e-103
1.29363462923e-103
2.122087076521e-104
3.454956671173e-105
5.58271755269e-106
8.952990771748e-107
1.424970277069e-107
2.250890637741e-108
3.528658343863e-109
5.489934125305e-110
8.476618094204e-111
1.29888795326e-111
1.975194876119e-112
2.98080094645e-113
4.464124639261e-114
6.634611228998e-115
9.785115850141e-116
1.432132678936e-116
2.079997277537e-117
2.997781104326e-118
4.287361378983e-119
6.08455249365e-120
8.568620270072e-121
1.197380424347e-121
1.660304260913e-122
2.284403012977e-123
3.1187638493e-124
4.224858493421e-125
5.678804343796e-126
7.57376510559e-127
1.0022407113203e-127
1.31592941841e-128
1.714306749972e-129
2.215821963462e-130
2.841623619706e-131
3.615584809938e-132
4.5642116387e-133
5.716406439631e-134
7.103058346883e-135
8.756437288278e-136
1.070937355843e-136
1.299421407893e-137
1.564155826455e-138
1.86787908417e-139
2.212844546817e-140
2.600645073313e-141
3.032032792867e-142
3.506742648452e-143
4.023329658601e-144
4.579030764014e-145
5.169662440366e-146
5.789564848129e-147
6.431602071012e-148
7.087225939788e-149
7.746608089642e-150
8.398841371503e-151
9.032207719471e-152
9.63450531934e-153
1.019342372775e-153
1.069695178304e-154
1.113380005027e-155
1.149381744407e-156
1.176838080286e-157
1.195073668538e-158
1.203627656228e-159
1.202272979994e-160
1.19102631881e-161
1.170148095638e-162
1.140132488681e-163
1.101687985011e-164
1.055709545079e-165
1.003243907111e-166
9.45449913012e-168
8.83555958984e-169
8.188167523555e-170
7.524714910325e-171
6.857053847306e-172
6.196161290667e-173
5.551865535162e-174
4.932642257575e-175
4.345483428914e-176
3.795838076731e-177
3.287620039211e-178
2.823274718799e-179
2.40389455917e-180
2.029371597225e-181
1.698574965572e-182
1.409541557401e-183
1.15966908e-184
9.45902247404e-186
7.649047146123e-187
6.132113562616e-188
4.873574802322e-189
3.839834080073e-190
2.999144500431e-191
2.32217593517e-192
1.782371742834e-193
1.356124276269e-194
1.022801306505e-195
7.64656068966e-197
5.666521489886e-198
4.162314381293e-199
3.03049459658e-200
2.186979693224e-201
1.56430288708e-202
1.109006294487e-203
7.79249265169e-205
5.426753878778e-206
3.745564150848e-207
2.562121672341e-208
1.736919177861e-209
1.166940526121e-210
7.76960492322e-212
5.126512812748e-213
3.35204468534e-214
2.171970300633e-215
1.394588024175e-216
8.87314395174e-218
5.594228425851e-219
3.494824784706e-220
2.163338979391e-221
1.326872090766e-222
8.06362196891e-224
4.855334101865e-225
2.896590660568e-226
1.712084937232e-227
1.002593142202e-228
5.816696522056e-230
3.343268715476e-231
1.903707652957e-232
1.073876030452e-233
6.001001443874e-235
3.322000621017e-236
1.821682669426e-237
9.89540022954e-239
5.324417963581e-240
2.837785120688e-241
1.498117424927e-242
7.83360211026e-244
4.057109469623e-245
2.081141932738e-246
1.05732026483e-247
5.320119081099e-249
2.651160876983e-250
1.308400391116e-251
6.394770392401e-253
3.095128872472e-254
1.483514247351e-255
7.041311425389e-257
3.309434585687e-258
1.540217186854e-259
7.097860680904e-261
3.238766731584e-262
1.463281359397e-263
6.545776697464e-265
2.89913763571e-266
1.271275964804e-267
5.519035241312e-269
2.372071218936e-270
1.009304769549e-271
4.25143664097e-273
1.772786928891e-274
7.3176796656e-276
2.990024652024e-277
1.209341848297e-278
4.841552718047e-280
1.918535189597e-281
7.52475838853e-283
2.921064296411e-284
1.1222857114e-285
4.267439951773e-287
1.605908850517e-288
5.980694014189e-290
2.204180401022e-291
8.03887179007e-293
2.901235224748e-294
1.036091291987e-295
3.661235156071e-297
1.280144294147e-298
4.428728060233e-300
1.515915113922e-301
5.133734770136e-303
1.720051479922e-304
5.701454142265e-306
1.869616784875e-307
6.064972458203e-309
1.94625946409e-310
6.178095353646e-312
1.939887897224e-313
6.02494246925e-315
1.850842233223e-316
5.623568608368e-318
1.689921232789e-319
5.022482738147e-321
1.476228264785e-322
4.290985924374e-324
1.233429972951e-325
3.505992240581e-327
9.85443080186e-329
2.738805924218e-330
7.52635946027e-332
2.044972075727e-333
5.493550990503e-335
1.459038640472e-336
3.831004521754e-338
9.94431860791e-340
2.551749413248e-341
6.472702567856e-343
1.622937483861e-344
4.022260495447e-346
9.85313601548e-348
2.385602775786e-349
5.708532895045e-351
1.350009506585e-352
3.155136628716e-354
7.28704554859e-356
1.663104632303e-357
3.750637592562e-359
8.35777341932e-361
1.840172023732e-362
4.003048261813e-364
8.60339543212e-366
1.826743347465e-367
3.831735831217e-369
7.93972743253e-371
1.625133758623e-372
3.285696434717e-374
6.56147880757e-376
1.294174972997e-377
2.521053592176e-379
4.850088361584e-381
9.2145944988e-383
1.72878965346e-384
3.202783669379e-386
5.858852762113e-388
1.058222326722e-389
1.887123262478e-391
3.322477925651e-393
5.774863513764e-395
9.90873565513e-397
1.678303838927e-398
2.805934335266e-400
4.630389688238e-402
7.54169676878e-404
1.212300389345e-405
1.92317607827e-407
3.010739988418e-409
4.651043745682e-411
7.08970128012e-413
1.066308694392e-414
1.582313077991e-416
2.316504134798e-418
3.345657376193e-420
4.766656739387e-422
6.69894502313e-424
9.28613378338e-426
1.269623892455e-427
1.711994152462e-429
2.276625979146e-431
2.985508164539e-433
3.860616937186e-435
4.922452101673e-437
6.188235694167e-439
7.66984749142e-441
9.37162425052e-443
1.128820094905e-444
1.340261468743e-446
1.568491671328e-448
1.809153721209e-450
2.056561520482e-452
2.303843990776e-454
2.543205293115e-456
2.766294082215e-458
2.964661781535e-460
3.130277598813e-462
3.25605823849e-464
3.336364655744e-466
3.367417928696e-468
3.347591888312e-470
3.277551178494e-472
3.160218709763e-474
3.000574108647e-476
2.805302428509e-478
2.582327710094e-480
2.340276939565e-482
2.087925195326e-484
1.833671826241e-486
1.58509081037e-488
1.348587259877e-490
1.129178178361e-492
9.30401083586e-495
7.54340911467e-497
6.017552423906e-499
4.722712723213e-501
3.646253629212e-503
2.769171155903e-505
2.068539336109e-507
1.519679144419e-509
1.097935481136e-511
7.80011090933e-514
5.448608398299e-516
3.74190415062e-518
2.526288323567e-520
1.67655136603e-522
1.093590056294e-524
7.01060610511e-527
4.416508012534e-529
2.733905889918e-531
1.662751453378e-533
9.93500321464e-536
5.8312646217e-538
3.361771590962e-540
1.90344575393e-542
1.058364494908e-544
5.778399268714e-547
3.09750406139e-549
1.630054952637e-551
8.42038669816e-554
4.269274591451e-556
2.124323478263e-558
1.037249822578e-560
4.969278020167e-563
2.335612851985e-565
1.076851590641e-567
4.869758788174e-570
2.159753347503e-572
9.39277284423e-575
4.005194524831e-577
1.674326010365e-579
6.86102235426e-582
2.755593269387e-584
1.084584041402e-586
4.182892658908e-589
1.580514524953e-591
5.850198476732e-594
2.120969083677e-596
7.53061066343e-599
2.618170019794e-601
8.912019583e-604
2.969634829789e-606
9.685358968e-609
3.091365790446e-611
9.65478077131e-614
2.950028461445e-616
8.81729253497e-619
2.577520191065e-621
7.36814620463e-624
2.059369510094e-626
5.626777471417e-629
1.502668254332e-631
3.921677013701e-634
1.000028131237e-636
2.491205358148e-639
6.061608183915e-642
1.440357021063e-644
3.341782409913e-647
7.56889454184e-650
1.673217209426e-652
3.609572935797e-655
7.59730750012e-658
1.559837664004e-660
3.12340997083e-663
6.098473851432e-666
1.160826191748e-668
2.153658870798e-671
3.893665621687e-674
6.85834349996e-677
1.17669502572e-679
1.966058220651e-682
3.198295876149e-685
5.064435796092e-688
7.80427053299e-691
1.17008999105e-693
1.706424204526e-696
2.420074690264e-699
3.336844050966e-702
4.471959123361e-705
5.823739253668e-708
7.3677276266e-711
9.05265578783e-714
1.079966696424e-716
1.250591642103e-719
1.405296947514e-722
1.531942236744e-725
1.61960932373e-728
1.660126400521e-731
1.649308654457e-734
1.587657764358e-737
1.480360932034e-740
1.336573817133e-743
1.168123867421e-746
9.87889898167e-750
8.08168591721e-753
6.39316851697e-756
4.888716934656e-759
3.612257467242e-762
2.578129308446e-765
1.776668996454e-768
1.181719003913e-771
7.58322795811e-775
4.692979937702e-778
2.799732413094e-781
1.609429885612e-784
8.91098187791e-788
4.749883126828e-791
2.436382970909e-794
1.20201589306e-797
5.701233580222e-801
2.59841432902e-804
1.137393498039e-807
4.779168585645e-811
1.926656151323e-814
7.44786159656e-818
2.759267768755e-821
9.79138593172e-825
3.326054762982e-828
1.08091054846e-831
3.358602559752e-835
9.97153958352e-839
2.826958324238e-842
7.64788465281e-846
1.973018403743e-849
4.850468108629e-853
1.135494523146e-856
2.529370493997e-860
5.357147529592e-864
1.07796946645e-867
2.059106104521e-871
3.730675347514e-875
6.405581560844e-879
1.041373025813e-882
1.601521748968e-886
2.327702617611e-890
3.194231175262e-894
4.134390478779e-898
5.04208795722e-902
5.787556736781e-906
6.245713603417e-910
6.329508154169e-914
6.016450058787e-918
5.357421164304e-922
4.463333801955e-926
3.474347889149e-930
2.523469020613e-934
1.707696548083e-938
1.075138471129e-942
6.287619297879e-947
3.410170433343e-951
1.712398812842e-955
7.94718030103e-960
3.402579795095e-964
1.341417240999e-968
4.859775115546e-973
1.61459051451e-977
4.908603515935e-982
1.362428083908e-986
3.444231069595e-991
7.91053525035e-996
1.646308949915e-1000
3.096041302577e-1005
5.245981507593e-1010
7.9843160204e-1015
1.088008368469e-1019
1.322888229536e-1024
1.430002803623e-1029
1.369008154089e-1034
1.156008661097e-1039
8.57277096589e-1045
5.557557057202e-1050
3.134103902383e-1055
1.529421941607e-1060
6.422174256804e-1066
2.30651255813e-1071
7.039294101257e-1077
1.812854155825e-1082
3.909965301504e-1088
7.004876628866e-1094
1.033185128207e-1099
1.242480697562e-1105
1.205377394966e-1111
9.32427360798e-1118
5.677859445601e-1124
2.683205402217e-1130
9.68615839374e-1137
2.624192015971e-1143
5.230566231213e-1150
7.499596156242e-1157
7.539234936407e-1164
5.15974091989e-1171
2.323385108668e-1178
6.613980512045e-1186
1.13531428166e-1193
1.110286501355e-1201
5.772635408675e-1210
1.464240658101e-1218
1.624541115813e-1227
6.835493835698e-1237
8.991937313104e-1247
2.812145329537e-1257
1.382221098612e-1268
5.375128050922e-1281
4.405018201569e-1295
2.469567013621e-1312