0.0554500001198236
0.055109592449525
0.0544350322821284
0.0534386388244212
0.052138421196129
0.050557537198646
0.0487236076917729
0.046667914922063
0.044424517268856
0.042029315311835
0.039519104801312
0.036930651061576
0.034299816712448
0.031660770576766
0.029045300543462
0.026482247315198
0.023997069745994
0.021611546224755
0.0193436106159956
0.0172073159156838
0.0152129142444026
0.013367038240239
0.0116729664158927
0.0101309536244029
0.0087386073877736
0.0074912913813246
0.0063825386916169
0.0054044594082291
0.0045481294875261
0.0038039504580911
0.0031619722523554
0.0026121740971892
0.0021447008543964
0.0017500543768584
0.0014192412751252
0.0011438799399027
0.00091627073209617
0.00072943395015084
0.00057712054801229
0.00045380065181376
0.00035463476212381
0.00027543218646205
0.00021260077770244
0.00016309150753638
0.00012434082362929
0.00009421316018775
0.000070945422061005
0.000053094762075529
0.000039490532664359
0.000029190922341883
0.000021444486373341
0.000015656546307513
0.000011360259266554
8.192037616867e-6
5.8709245786938e-6
4.1814929843258e-6
2.9598246338046e-6
2.0821391159661e-6
1.4556671053928e-6
1.0113986096759e-6
6.983770865083e-7
4.7925243976066e-7
3.2684719998505e-7
2.2152902966717e-7
1.4921803104201e-7
9.988863563714e-8
6.64529546715e-8
4.3935468261933e-8
2.8868104806283e-8
1.8850489271978e-8
1.2232848559149e-8
7.889190777032e-9
5.0563422380932e-9
3.2206153244722e-9
2.0386321775481e-9
1.282436131219e-9
8.017310071772e-10
4.981003913986e-10
3.0753853773882e-10
1.8870171519603e-10
1.1506545546129e-10
6.972781297729e-11
4.199119598557e-11
2.5130475133535e-11
1.4946260109566e-11
8.833907920481e-12
5.188726744924e-12
3.0286941891992e-12
1.7568546114302e-12
1.0127472353843e-12
5.801632481286e-13
3.3028002885279e-13
1.8685142026158e-13
1.0504889971212e-13
5.869034229457e-14
3.2585231444081e-14
1.7978481302798e-14
9.857395945826e-15
5.370903819688e-15
2.9080875854257e-15
1.5647374232019e-15
8.366585852968e-16
4.445563451534e-16
2.3473400365156e-16
1.2316711007905e-16
6.422172087276e-17
3.3276408386658e-17
1.7133935930797e-17
8.766835803037e-18
4.457511689147e-18
2.2521889564876e-18
1.1307814987031e-18
5.641737920111e-19
2.7970888480547e-19
1.3780264106268e-19
6.746297967685e-20
3.281927301164e-20
1.586523844057e-20
7.621091877275e-21
3.637805404988e-21
1.7254886901164e-21
8.132683266614e-22
3.808933399963e-22
1.7726351463838e-22
8.197481692551e-23
3.766910759156e-23
1.7200165520167e-23
7.804066638478e-24
3.518430510189e-24
1.5762142820973e-24
7.016465648967e-25
3.103537476962e-25
1.3640478311906e-25
5.957098424934e-26
2.5850626161355e-26
1.1146461121814e-26
4.775634822697e-27
2.0330679231226e-27
8.599987778174e-28
3.614659802873e-28
1.5095904653602e-28
6.264283941481e-29
2.582871175776e-29
1.0581604091166e-29
4.307409306004e-30
1.742188138308e-30
7.001428103219e-31
2.795691625009e-31
1.1091781770714e-31
4.372412638461e-32
1.7125650686788e-32
6.66465183878e-33
2.576977419834e-33
9.900219500038e-34
3.779013017674e-34
1.4332091865502e-34
5.400533608677e-35
2.0218917870728e-35
7.520929637389e-36
2.779558056314e-36
1.0206310831784e-36
3.723478462288e-37
1.3496280630081e-37
4.860296039314e-38
1.7389731300364e-38
6.181625481799e-39
2.183183833123e-39
7.660442185124e-40
2.670492667017e-40
9.249133481365e-41
3.182591410935e-41
1.0880001839636e-41
3.695245882606e-42
1.2468724775157e-42
4.179872931268e-43
1.3920808816632e-43
4.606002818291e-44
1.5140501048331e-44
4.944365609698e-45
1.6041062711673e-45
5.170182356141e-46
1.6554904173779e-46
5.266152999931e-47
1.6641947873683e-47
5.224642783339e-48
1.6294786351747e-48
5.048684246728e-49
1.5539715167595e-49
4.751612563922e-50
1.443344220305e-50
4.355394817043e-51
1.3056044869821e-51
3.887943893086e-52
1.150139025269e-52
3.379873263713e-53
9.866609304786e-54
2.861215614472e-54
8.242255344795e-55
2.358587733631e-55
6.704496251686e-56
1.893154479257e-56
5.310181453136e-57
1.4795637562833e-57
4.095025525446e-58
1.1258375372918e-58
3.074599690671e-59
8.340512189636e-60
2.247427446924e-60
6.015406340744e-61
1.5992931794111e-61
4.22350010253e-62
1.1078876119723e-62
2.886656619033e-63
7.470818747668e-64
1.920491306913e-64
4.903712081759e-65
1.2436650663707e-65
3.132889885197e-66
7.838760560756e-67
1.948083529509e-67
4.808647863113e-68
1.1789378217191e-68
2.870837664893e-69
6.943420164836e-70
1.667948292946e-70
3.979543706628e-71
9.430240071482e-72
2.219464444753e-72
5.188081496162e-73
1.2044692167406e-73
2.77723151584e-74
6.359940583246e-75
1.4464910019771e-75
3.267361691714e-76
7.329841160102e-77
1.633070171152e-77
3.613475391387e-78
7.940582293312e-79
1.732940290001e-79
3.755915657508e-80
8.084366901376e-81
1.728108874762e-81
3.66849572778e-82
7.733813216009e-83
1.619142148315e-83
3.366346299684e-84
6.950434765146e-85
1.425086937317e-85
2.901641619296e-86
5.866998925611e-87
1.1780259298499e-87
2.348859591245e-88
4.650711185671e-89
9.144048334212e-90
1.78529992912e-90
3.461258835907e-91
6.663522145757e-92
1.2738466087387e-92
2.418079473908e-93
4.557857624975e-94
8.530692191721e-95
1.585395731784e-95
2.925617440575e-96
5.360685753491e-97
9.753098849164e-98
1.761898343416e-98
3.160323016389e-99
5.628477655447e-100
9.953038472275e-101
1.747519704152e-101
3.046397137472e-102
5.272849188814e-103
9.061391812993e-104
1.54607838968e-104
2.619096146784e-105
4.405051337196e-106
7.355739739461e-107
1.219477547222e-107
2.007194874055e-108
3.279968913618e-109
5.321211642857e-110
8.570538113689e-111
1.370435232122e-111
2.175494039607e-112
3.428485415997e-113
5.363987864335e-114
8.331253720529e-115
1.284594410018e-115
1.966304457955e-116
2.987861905407e-117
4.507038092198e-118
6.748990104725e-119
1.0032267202418e-119
1.480362189659e-120
2.168409517072e-121
3.152933867455e-122
4.550765314526e-123
6.519973011486e-124
9.272453696832e-125
1.308961206963e-125
1.834162420919e-126
2.551075901498e-127
3.521917499029e-128
4.82614977506e-129
6.564230410014e-130
8.861837874228e-131
1.187452591998e-131
1.57927136909e-132
2.084686375529e-133
2.731263699476e-134
3.55157429496e-135
4.583613015672e-136
5.87110878423e-137
7.46367641205e-138
9.416755398309e-139
1.179127812487e-139
1.465301012029e-140
1.807150936568e-141
2.211866072853e-142
2.686675609997e-143
3.238611092355e-144
3.874223336634e-145
4.599259271717e-146
5.418306745864e-147
6.334418903205e-148
7.348733224717e-149
8.4601034807e-150
9.6647653493e-151
1.095605801359e-151
1.232422437849e-152
1.375631142351e-153
1.523618948855e-154
1.67447049492e-155
1.825997487505e-156
1.975782512007e-157
2.121236524053e-158
2.259668516592e-159
2.388365023817e-160
2.504676370708e-161
2.60610596379e-162
2.690398500359e-163
2.755622793354e-164
2.800244994608e-165
2.823188357963e-166
2.823876301897e-167
2.80225637402e-168
2.758803733113e-169
2.694503879861e-170
2.610815507241e-171
2.509615425468e-172
2.393128468403e-173
2.263846043494e-174
2.124437496534e-175
1.977658697433e-176
1.826262206859e-177
1.672913071582e-178
1.520113753316e-179
1.370140972775e-180
1.2249964087e-181
1.08637229711e-182
9.556320941e-184
8.3380555491e-185
7.215968908856e-186
6.194041287706e-187
5.273474327657e-188
4.453039632846e-189
3.729468277899e-190
3.097858078264e-191
2.552077935292e-192
2.085151889797e-193
1.68960933988e-194
1.357791871045e-195
1.082111018856e-196
8.55254803886e-198
6.703438790681e-199
5.210405120151e-200
4.01615353827e-201
3.069780395525e-202
2.326781839834e-203
1.748833684168e-204
1.303403637225e-205
9.63252108663e-207
7.058698504234e-208
5.128919481167e-209
3.695188791139e-210
2.639670740039e-211
1.869640429612e-212
1.312968826281e-213
9.14179486403e-215
6.310764273794e-216
4.31915237356e-217
2.930716299376e-218
1.971515884395e-219
1.314832837504e-220
8.69314715195e-222
5.697865175236e-223
3.702272041748e-224
2.384722410586e-225
1.522695144851e-226
9.63797834946e-228
6.047125245341e-229
3.760920437143e-230
2.318534566966e-231
1.416769774885e-232
8.58110569737e-234
5.151543969046e-235
3.065304632384e-236
1.807772483128e-237
1.056670486297e-238
6.1214285288e-240
3.514593167858e-241
1.999852785867e-242
1.127751071912e-243
6.302491008664e-245
3.490490354176e-246
1.915698998267e-247
1.041900078176e-248
5.61531505284e-250
2.998904788419e-251
1.587021818123e-252
8.32196542507e-254
4.323970966373e-255
2.226099068436e-256
1.135538880523e-257
5.739132068583e-259
2.873875463898e-260
1.425797841767e-261
7.0082074739e-263
3.412758695621e-264
1.646434398266e-265
7.86889987239e-267
3.725673604659e-268
1.747459760473e-269
8.11916724616e-271
3.73686994513e-272
1.703675483197e-273
7.69375399583e-275
3.441536030617e-276
1.524821310009e-277
6.691571602214e-279
2.908504367003e-280
1.25208417442e-281
5.338377485044e-283
2.254169889929e-284
9.42660287756e-286
3.903952307528e-287
1.601120324503e-288
6.502838836301e-290
2.615356342836e-291
1.041590092266e-292
4.107618106785e-294
1.603982448173e-295
6.201753555832e-297
2.37423481817e-298
8.99944988216e-300
3.377381820132e-301
1.254887995915e-302
4.616140237324e-304
1.681089323002e-305
6.060784086445e-307
2.163124130131e-308
7.64252688731e-310
2.672905640261e-311
9.25357458448e-313
3.171047368061e-314
1.075600978199e-315
3.611127173401e-317
1.199955949364e-318
3.946448598731e-320
1.284558357343e-321
4.138042939739e-323
1.319220364983e-324
4.162059116979e-326
1.299436128715e-327
4.014621301993e-329
1.227338200245e-330
3.7127944745e-332
1.111325891113e-333
3.291338884318e-335
9.64453059592e-337
2.7961051491e-338
8.02003561301e-340
2.275809317754e-341
6.388788406068e-343
1.774231874275e-344
4.874135123947e-346
1.324542932547e-347
3.560423576356e-349
9.46651680202e-351
2.489529732396e-352
6.47542881527e-354
1.665824678541e-355
4.238233834513e-357
1.066401165449e-358
2.653514583308e-360
6.52938834139e-362
1.58876088546e-363
3.82264833681e-365
9.09441051585e-367
2.139309754856e-368
4.975607224839e-370
1.144131854837e-371
2.601044481246e-373
5.84581699719e-375
1.298829908736e-376
2.852677923336e-378
6.19341575667e-380
1.329132473298e-381
2.819357958453e-383
5.910977810479e-385
1.224838152691e-386
2.508368403678e-388
5.076682588262e-390
1.015377342208e-391
2.006856170296e-393
3.919482798129e-395
7.56392615206e-397
1.442294417657e-398
2.717256682452e-400
5.057773015628e-402
9.30082786989e-404
1.689658761374e-405
3.032305105275e-407
5.375569705709e-409
9.41314746109e-411
1.628114282739e-412
2.781347830771e-414
4.692742107756e-416
7.81950826022e-418
1.286748905098e-419
2.090979866986e-421
3.355269989591e-423
5.316262241505e-425
8.31698983302e-427
1.284653986036e-428
1.959050279545e-430
2.949330362678e-432
4.383272926608e-434
6.43057038201e-436
9.31225417582e-438
1.331045034705e-439
1.877765464343e-441
2.614438830083e-443
3.592376408635e-445
4.871120474053e-447
6.51773740352e-449
8.60523753231e-451
1.120995156826e-452
1.440774861615e-454
1.826907043252e-456
2.285287961453e-458
2.819976962487e-460
3.432464911952e-462
4.120957305808e-464
4.879742483872e-466
5.698723141694e-468
6.56318929837e-470
7.45390124728e-472
8.34753108037e-474
9.21748184107e-476
1.003506652011e-477
1.07709887521e-479
1.139702811784e-481
1.188780080939e-483
1.222244615291e-485
1.238608499192e-487
1.237090915234e-489
1.217679164916e-491
1.181135192672e-493
1.128946401956e-495
1.063225137634e-497
9.8656630391e-500
9.01876540688e-502
8.12190709956e-504
7.204919038e-506
6.29549804766e-508
5.417892904574e-510
4.591971588351e-512
3.83270351176e-514
3.150046707311e-516
2.549192616411e-518
2.031093994926e-520
1.59318639577e-522
1.230210691507e-524
9.3505152395e-527
6.99521665976e-529
5.150417897264e-531
3.731858446989e-533
2.660814559265e-535
1.866705425172e-537
1.28846702947e-539
8.7492612941e-542
5.844318109539e-544
3.839937172236e-546
2.481448276838e-548
1.577029390352e-550
9.85575720716e-553
6.05644292748e-555
3.659182157694e-557
2.17345225913e-559
1.269042943186e-561
7.2832074605e-564
4.108173199879e-566
2.277265135169e-568
1.240440248165e-570
6.63886184898e-573
3.490796915657e-575
1.803125053808e-577
9.14858777396e-580
4.558955337614e-582
2.231080698019e-584
1.07215838424e-586
5.058839019098e-589
2.343392246045e-591
1.065601297608e-593
4.756121632364e-596
2.083396259697e-598
8.95577527189e-601
3.777443143309e-603
1.563171313568e-605
6.34569119472e-608
2.526761197033e-610
9.86758589719e-613
3.778913661553e-615
1.418990786273e-617
5.22390494065e-620
1.885210610765e-622
6.66835224705e-625
2.311615737731e-627
7.85226366273e-630
2.613359438268e-632
8.52060856555e-635
2.721138547093e-637
8.51098545329e-640
2.606741509397e-642
7.81706924704e-645
2.294858578824e-647
6.59433669342e-650
1.854495996399e-652
5.103354662036e-655
1.374026899655e-657
3.618911699559e-660
9.32259227015e-663
2.348567586965e-665
5.785059504679e-668
1.393094925879e-670
3.279067740142e-673
7.54300677762e-676
1.695467994539e-678
3.723155212342e-681
7.98607659999e-684
1.672937727926e-686
3.42193748675e-689
6.83331088547e-692
1.331915570443e-694
2.533535327319e-697
4.702177825404e-700
8.51351107037e-703
1.503385469989e-705
2.588791213132e-708
4.346106676415e-711
7.11198165504e-714
1.13416569191e-716
1.762240819342e-719
2.667242986804e-722
3.931629704031e-725
5.642841430969e-728
7.88386461657e-731
1.072002277574e-733
1.418289629488e-736
1.825334520982e-739
2.284663039676e-742
2.78032747449e-745
3.288924424864e-748
3.780803078308e-751
4.222527613946e-754
4.580397832815e-757
4.824563465575e-760
4.933062818241e-763
4.895042919787e-766
4.712514882653e-769
4.400257691893e-772
3.983849984481e-775
3.496191234763e-778
2.973171790306e-781
2.449289341369e-784
1.953958693019e-787
1.509047818535e-790
1.127865291343e-793
8.15510171837e-797
5.702531906413e-800
3.854937971838e-803
2.518374449495e-806
1.589333508752e-809
9.68582816121e-813
5.697929756631e-816
3.234327681953e-819
1.770768418015e-822
9.34696661642e-826
4.754744009232e-829
2.329932464525e-832
1.099327835511e-835
4.992089510412e-839
2.180759358664e-842
9.16004601497e-846
3.697783795184e-849
1.433915991577e-852
5.338551161897e-856
1.907279749787e-859
6.53529006563e-863
2.146531313413e-866
6.75441729522e-870
2.035012312536e-873
5.867031650626e-877
1.617629695015e-880
4.262645209979e-884
1.07285629221e-887
2.577398711796e-891
5.906183814639e-895
1.290081408953e-898
2.684127613794e-902
5.315540066354e-906
1.001204967415e-909
1.792229453569e-913
3.046582667886e-917
4.913878815506e-921
7.51381689531e-925
1.088285282892e-928
1.491696235146e-932
1.933172924107e-936
2.366453531214e-940
2.733587795407e-944
2.976682482447e-948
3.05237785282e-952
2.944263644858e-956
2.668441817927e-960
2.269730593045e-964
1.8096780093e-968
1.350811308816e-972
9.42736823585e-977
6.143327658077e-981
3.732735230606e-985
2.111691584366e-989
1.110601858562e-993
5.421626608224e-998
2.452647749849e-1002
1.026447903863e-1006
3.967030575214e-1011
1.413249595795e-1015
4.631904868128e-1020
1.393841233311e-1024
3.842958245714e-1029
9.68634899343e-1034
2.22686974673e-1038
4.658215318586e-1043
8.8436656139e-1048
1.519761614388e-1052
2.357391592766e-1057
3.290936956465e-1062
4.121812440262e-1067
4.616493807938e-1072
4.607712638238e-1077
4.083323399922e-1082
3.200431407386e-1087
2.209414883352e-1092
1.337564958212e-1097
7.067940820626e-1103
3.243753236691e-1108
1.286079020719e-1113
4.380029264591e-1119
1.27356122616e-1124
3.140796961588e-1130
6.523163691978e-1136
1.132264379365e-1141
1.628932601596e-1147
1.924889215991e-1153
1.85005202609e-1159
1.430753691558e-1165
8.79869478608e-1172
4.24706784232e-1178
1.586052868293e-1184
4.509629995558e-1191
9.58902701843e-1198
1.49439629796e-1204
1.668440651119e-1211
1.300241868117e-1218
6.865068058834e-1226
2.372217283439e-1233
5.151980384542e-1241
6.703301071803e-1249
4.933070537456e-1257
1.914277040108e-1265
3.590211643701e-1274
2.913355260694e-1283
8.851430509119e-1293
8.278374206777e-1303
1.805494164571e-1313
6.03555941553e-1325
1.541887330101e-1337
7.870114747689e-1352
2.481325179843e-1369