0.0596918184840802
0.0592672748737396
0.0584272224159403
0.0571894110209187
0.0555796823035772
0.0536310728902146
0.05138268791642
0.0488783983245158
0.046165422465879
0.043292855812571
0.040310212216089
0.037266036306428
0.034206639719661
0.031175004480976
0.028209885787025
0.025345134427863
0.0226092469682637
0.0200251403169583
0.0176101370884231
0.0153761396982567
0.0133299647555445
0.0114738051758133
0.0098057855223675
0.0083205762326787
0.0070100343247789
0.005863841549786
0.0048701153597411
0.0040159730843938
0.0032880349672183
0.0026728568564109
0.0021572881003921
0.0017287543513074
0.001375468400767
0.001086574797033
0.00085223582180843
0.00066366748804732
0.00051313464538553
0.00039391415821583
0.00030023457558168
0.00022719986477805
0.00017070374650128
0.00012734004905846
0.00009431337518255
0.000069353310764914
0.000050634444693298
0.0000367036400021
0.000026415310892602
0.000018874918170439
0.000013390488771351
9.431678889613e-6
6.5957170194298e-6
4.579463948954e-6
3.1567927454106e-6
2.1605058563263e-6
1.4680536221712e-6
9.903862606265e-7
6.6334982483831e-7
4.411182695969e-7
2.912332518797e-7
1.9089713867701e-7
1.2423085188004e-7
8.02657218993e-8
5.1487331483573e-8
3.2789836815738e-8
2.0732215004512e-8
1.3014236223512e-8
8.110677592733e-9
5.0183388654161e-9
3.0826635509115e-9
1.8799853123469e-9
1.1382662028728e-9
6.842158573419e-10
4.0832049080693e-10
2.4191721761835e-10
1.422947081781e-10
8.309327390554e-11
4.8172247619592e-11
2.7725578558434e-11
1.5842208520909e-11
8.98671458257e-12
5.060984245151e-12
2.8295444143423e-12
1.5705226392153e-12
8.653995958381e-13
4.734047414133e-13
2.5709318039871e-13
1.3860826920313e-13
7.418684961325e-14
3.9418716430056e-14
2.0792864719024e-14
1.0888323067916e-14
5.660320107919e-15
2.9211428508764e-15
1.4965625540288e-15
7.611419842903e-16
3.8429402981952e-16
1.9261369627783e-16
9.583731908753e-17
4.733740938424e-17
2.321106215423e-17
1.1298078277966e-17
5.459231394918e-18
2.6186296884098e-18
1.2468971081235e-18
5.893853812209e-19
2.765531187521e-19
1.2881500323737e-19
5.956089765422e-20
2.7337645577532e-20
1.2455588273453e-20
5.63337670511e-21
2.5291401275297e-21
1.1271316769371e-21
4.986228534406e-22
2.1895937391077e-22
9.544359788977e-23
4.129714209977e-23
1.7737040167263e-23
7.561853463722e-24
3.2000687010962e-24
1.3442258596494e-24
5.604863375008e-25
2.3197200633715e-25
9.52975626242e-26
3.885988908368e-26
1.5728696518062e-26
6.319069982981e-27
2.5198847426047e-27
9.974085158162e-28
3.918574728575e-28
1.5280713200575e-28
5.914489824568e-29
2.2722015360947e-29
8.664230699458e-30
3.27917388357e-30
1.2318216344164e-30
4.592802720905e-31
1.6996204906976e-31
6.242634791766e-32
2.2757433398819e-32
8.234089289256e-33
2.956938831107e-33
1.0539041185917e-33
3.728115428929e-34
1.3088942512762e-34
4.560833139824e-35
1.577268578373e-35
5.413602618836e-36
1.8440968992911e-36
6.234406414885e-37
2.0917888114418e-37
6.965450934357e-38
2.3019008642142e-38
7.549657515541e-39
2.4573578136253e-39
7.937930529908e-40
2.544726718027e-40
8.095937673831e-41
2.55612731332e-41
8.009110203754e-42
2.49040307748e-42
7.684855493593e-43
2.353312110835e-43
7.151516940725e-44
2.1566946567655e-44
6.454283086067e-45
1.916784102074e-45
5.648864933051e-46
1.6519957430458e-46
4.79416870675e-47
1.3806107426127e-47
3.945296050198e-48
1.1187555535436e-48
3.148001184907e-49
8.789728120458e-50
2.435306564991e-50
6.695241191811e-51
1.8264589936534e-51
4.944033849688e-52
1.327936866444e-52
3.539114000871e-53
9.358999663973e-54
2.455718969614e-54
6.39350229989e-55
1.6516060386716e-55
4.233290743754e-56
1.0765897181702e-56
2.716560155152e-57
6.801141943254e-58
1.6894065956359e-58
4.163636050242e-59
1.0181081905369e-59
2.469983434946e-60
5.945240172332e-61
1.4197644885987e-61
3.363806611674e-62
7.906964169084e-63
1.8439484287896e-63
4.266229367045e-64
9.792469236535e-65
2.229918253019e-65
5.037678874893e-66
1.1290492862575e-66
2.510338275036e-67
5.537127679484e-68
1.2116181178045e-68
2.630097632808e-69
5.663681254681e-70
1.2098804574622e-70
2.563886046035e-71
5.38968544634e-72
1.123912187479e-72
2.324884537089e-73
4.770525287698e-74
9.71007420449e-75
1.960496751473e-75
3.926382502334e-76
7.800054252711e-77
1.5370103388159e-77
3.004178129356e-78
5.824247807971e-79
1.1199916896759e-79
2.136220272615e-80
4.041373560093e-81
7.58331532734e-82
1.4113404285729e-82
2.605207731532e-83
4.769646276409e-84
8.660810202596e-85
1.559748836445e-85
2.785927766574e-86
4.935137599963e-87
8.670378967703e-88
1.510711129406e-88
2.610504299239e-89
4.473650997018e-90
7.603079403221e-91
1.2814500735055e-91
2.141872228862e-92
3.550259247425e-93
5.835742368699e-94
9.512541268871e-95
1.537645513772e-95
2.464733223844e-96
3.917710980698e-97
6.175020053158e-98
9.651227255533e-99
1.495751869883e-99
2.29860329538e-100
3.502599913575e-101
5.292167966822e-102
7.928440873009e-103
1.1777348253317e-103
1.734631494216e-104
2.533152380515e-105
3.667787256797e-106
5.26538353109e-107
7.494336944905e-108
1.0575672441803e-108
1.479614370424e-109
2.052338663506e-110
2.822302581365e-111
3.847744828566e-112
5.200572334701e-113
6.968386191259e-114
9.256428204887e-115
1.218929929136e-115
1.591226505462e-116
2.059193072346e-117
2.641604113079e-118
3.359214625078e-119
4.234487394929e-120
5.2911573962e-121
6.553614494952e-122
8.04609327282e-123
9.791669336074e-124
1.1811074795671e-124
1.412136118349e-125
1.673445507269e-126
1.965566891594e-127
2.288224563378e-128
2.640202861109e-129
3.019235726781e-130
3.42192906503e-131
3.84372562397e-132
4.278920758917e-133
4.72073523531e-134
5.161448241305e-135
5.592590163497e-136
6.005190660317e-137
6.390073442271e-138
6.738185275048e-139
7.040943412137e-140
7.290583267503e-141
7.480486927447e-142
7.605473255719e-143
7.662031933118e-144
7.648486730409e-145
7.565077450005e-146
7.41395498181e-147
7.199089408503e-148
6.926096621255e-149
6.60199401855e-150
6.234900145663e-151
5.833696257322e-152
5.407669527981e-153
4.966157899846e-154
4.518215390357e-155
4.072314244929e-156
3.636096887635e-157
3.216186532375e-158
2.818060943666e-159
2.44598954764e-160
2.103030218017e-161
1.791078858943e-162
1.510962550897e-163
1.262565598915e-164
1.044977315739e-165
8.56650700454e-167
6.955621903882e-168
5.593641883642e-169
4.455239016388e-170
3.514439820704e-171
2.745623606673e-172
2.124303895074e-173
1.627698461292e-174
1.235104672794e-175
9.28104457086e-177
6.906276241141e-178
5.089037751889e-179
3.713322074759e-180
2.682966800301e-181
1.919482494332e-182
1.359751566271e-183
9.53744053501e-185
6.623556132688e-186
4.554365394859e-187
3.100501110005e-188
2.0897450702e-189
1.3944472218e-190
9.21187615158e-192
6.024501918809e-193
3.900416523805e-194
2.499811573997e-195
1.585986896553e-196
9.96041560931e-198
6.191990847286e-199
3.810197514725e-200
2.320696202318e-201
1.399045741686e-202
8.34790463572e-204
4.929967199826e-205
2.881512633036e-206
1.666847446426e-207
9.54242612745e-209
5.406274598904e-210
3.03111468625e-211
1.68174504783e-212
9.23336340945e-214
5.016375742537e-215
2.696738508245e-216
1.434479886282e-217
7.549966956315e-219
3.931684163262e-220
2.025737244509e-221
1.032633861227e-222
5.207821855606e-224
2.598364316986e-225
1.282524575574e-226
6.262396263597e-228
3.024906556803e-229
1.445330697901e-230
6.831145159132e-232
3.193580768549e-233
1.47675135512e-234
6.754120659384e-236
3.055265758892e-237
1.366893214539e-238
6.048005412157e-240
2.646477528601e-241
1.145220380053e-242
4.900732500689e-244
2.07381564797e-245
8.67765847812e-247
3.590410834794e-248
1.468861134185e-249
5.941526513023e-251
2.376192582144e-252
9.39543742672e-254
3.672734253207e-255
1.419333263475e-256
5.422340120103e-258
2.04777215538e-259
7.644584719555e-261
2.820904025457e-262
1.028891332409e-263
3.709214978581e-265
1.321630904989e-266
4.654127853148e-268
1.619759390382e-269
5.570969429376e-271
1.893489859077e-272
6.359615586642e-274
2.110658733213e-275
6.921622480561e-277
2.242765453016e-278
7.180076193269e-280
2.271049176822e-281
7.096745260817e-283
2.190835879103e-284
6.681300965988e-286
2.012775109485e-287
5.989558533933e-289
1.760523720332e-290
5.111148125909e-292
1.465569541542e-293
4.150376276102e-295
1.160761873562e-296
3.205935663726e-298
8.74387011016e-300
2.354891366096e-301
6.262348534345e-303
1.644309230807e-304
4.262753432625e-306
1.091032713084e-307
2.756807134547e-309
6.876636716782e-311
1.693271980984e-312
4.115645702032e-314
9.87391429299e-316
2.338084201802e-317
5.464236482662e-319
1.260306871463e-320
2.868661745585e-322
6.443430497093e-324
1.428131093379e-325
3.123275354822e-327
6.7394072143e-329
1.434762757596e-330
3.01344316805e-332
6.24378242951e-334
1.27617867466e-335
2.572948400543e-337
5.116620779006e-339
1.003562470185e-340
1.941292007786e-342
3.703382871033e-344
6.966962015454e-346
1.292411792879e-347
2.363993862938e-349
4.263387672293e-351
7.58055837284e-353
1.328801338198e-354
2.296179085742e-356
3.911221356431e-358
6.566800414585e-360
1.086684835272e-361
1.772291228683e-363
2.848533425091e-365
4.511646776974e-367
7.041236258425e-369
1.082767063499e-370
1.640459106426e-372
2.44856539028e-374
3.600354916723e-376
5.214796019136e-378
7.43975326264e-380
1.045392619495e-381
1.446672426787e-383
1.971517937039e-385
2.645699881874e-387
3.495899850384e-389
4.548046174896e-391
5.825146011426e-393
7.34468356698e-395
9.11573316579e-397
1.113601819461e-398
1.338922058784e-400
1.58428958677e-402
1.844736132358e-404
2.113588806063e-406
2.382643564254e-408
2.642502361443e-410
2.883064981612e-412
3.094146293646e-414
3.266170495074e-416
3.390878921149e-418
3.46198003212e-420
3.475671209743e-422
3.430972622848e-424
3.329832717773e-426
3.176990395783e-428
2.979607049706e-430
2.74670820293e-432
2.48849558574e-434
2.215603072507e-436
1.938372413327e-438
1.66621724133e-440
1.407128136415e-442
1.16735049358e-444
9.51244096119e-447
7.61312081125e-449
5.983702003137e-451
4.618166577107e-453
3.499588706526e-455
2.603556575478e-457
1.901401793252e-459
1.362985838509e-461
9.58898129704e-464
6.62018023723e-466
4.484719653759e-468
2.980713613175e-470
1.943458923089e-472
1.242941561505e-474
7.79642859653e-477
4.795778514873e-479
2.892604401649e-481
1.710538668971e-483
9.91602014924e-486
5.634411605903e-488
3.137702031511e-490
1.71226645115e-492
9.15527360203e-495
4.795729597874e-497
2.460728501995e-499
1.236630178857e-501
6.085885554104e-504
2.932617117589e-506
1.38348226642e-508
6.388760696963e-511
2.887498109595e-513
1.277100973272e-515
5.526658990218e-518
2.339745068887e-520
9.68894383223e-523
3.923909449884e-525
1.553916872061e-527
6.016355209243e-530
2.277013581359e-532
8.42272779215e-535
3.044544688573e-537
1.075228419506e-539
3.709480869627e-542
1.249924071438e-544
4.112776642485e-547
1.321263119986e-549
4.143493564619e-552
1.268196082368e-554
3.787620506878e-557
1.103629856651e-559
3.13669740249e-562
8.69416553701e-565
2.349642399075e-567
6.190208349735e-570
1.589454001568e-572
3.976838194323e-575
9.69352309195e-578
2.301357421068e-580
5.320451586689e-583
1.197502839623e-585
2.623422101096e-588
5.592700215181e-591
1.159933371333e-593
2.339899642578e-596
4.589937455207e-599
8.75290836526e-602
1.622268804315e-604
2.921492518672e-607
5.110729323888e-610
8.68239596663e-613
1.432040044513e-615
2.292490777254e-618
3.561004797633e-621
5.365662118422e-624
7.84026422562e-627
1.110613578463e-629
1.524705077356e-632
2.027973675993e-635
2.612477980637e-638
3.258473920301e-641
3.933703813945e-644
4.594797435941e-647
5.191069050048e-650
5.670458744181e-653
5.986768788495e-656
6.106863908476e-659
6.016314590425e-662
5.722171197391e-665
5.252147723818e-668
4.650318767259e-671
3.970253093521e-674
3.267075926103e-677
2.590105741589e-680
1.977426271632e-683
1.45314998112e-686
1.027415356941e-689
6.98554750864e-693
4.565222594391e-696
2.866247799678e-699
1.727959623664e-702
9.9975548641e-706
5.548312065128e-709
2.951857699726e-712
1.504706547423e-715
7.34476754544e-719
3.430958763335e-722
1.532846199413e-725
6.545677027881e-729
2.669950960576e-732
1.039577270713e-735
3.86117101845e-739
1.367053993333e-742
4.6104521501e-746
1.480029373754e-749
4.518916976335e-753
1.311275491081e-756
3.613242296021e-760
9.446719049e-764
2.341378479728e-767
5.496460386444e-771
1.221004477641e-774
2.564265537468e-778
5.086226686188e-782
9.51867789698e-786
1.679005497507e-789
2.788386332826e-793
4.35505361469e-797
6.389560377252e-801
8.79557899526e-805
1.134576752614e-808
1.369680416737e-812
1.545394210818e-816
1.627385290305e-820
1.597148714277e-824
1.458653120636e-828
1.237746801037e-832
9.74267357538e-837
7.101577021399e-841
4.785133022372e-845
2.975052020637e-849
1.703411573502e-853
8.96384418701e-858
4.326168152535e-862
1.91068181777e-866
7.704500342813e-871
2.829550606881e-875
9.44060833108e-880
2.853826971418e-884
7.794256603866e-889
1.91756152182e-893
4.236314826106e-898
8.37627729304e-903
1.477112971754e-907
2.314522343037e-912
3.209817994135e-917
3.923281311133e-922
4.207551334635e-927
3.940508419019e-932
3.206329825418e-937
2.254402112662e-942
1.361706600929e-947
7.021587315623e-953
3.070045486914e-958
1.129882142998e-963
3.472608667469e-969
8.836287570771e-975
1.844143889026e-980
3.124407715974e-986
4.249022662231e-992
4.58098495516e-998
3.861889574346e-1004
2.507058175809e-1010
1.23202976703e-1016
4.495885962763e-1023
1.192048586784e-1029
2.240201758863e-1036
2.900192888971e-1043
2.502555802429e-1050
1.384801190575e-1057
4.694423756968e-1065
9.228743220101e-1073
9.840678027977e-1081
5.237906508599e-1089
1.252314164413e-1097
1.1717091492829e-1106
3.559888477694e-1116
2.695613251223e-1126
3.410884226071e-1137
3.717063262174e-1149
9.726606365403e-1163
2.235676086349e-1179