0.1185760410853477
0.1152673341971893
0.1089240691629653
0.1000570684006143
0.0893459775658705
0.0775535270372988
0.0654368556573285
0.0536700017031057
0.0427880114489521
0.0331578135686221
0.0249754844588724
0.0182850502679184
0.01301132494583431
0.0089986614390486
0.00604856276168558
0.00395121066663772
0.00250839932499517
0.00154751685575187
0.00092774578947916
0.000540454437231066
0.000305918820467005
0.000168247940902834
0.000089901743671521
0.0000466700757448583
0.0000235362382593315
0.0000115302506468899
5.48677878512615e-6
2.53598023230968e-6
1.1384016790524e-6
4.96291461470311e-7
2.10106196099338e-7
8.6371340293329e-8
3.44743381907463e-8
1.33592843617931e-8
5.025689684971e-9
1.83525463086285e-9
6.5049931623169e-10
2.23772944021211e-10
7.4702914812189e-11
2.41988335182552e-11
7.6056182284451e-12
2.3190638847123e-12
6.8593422923011e-13
1.9678674090678e-13
5.4752421961719e-14
1.47725010086772e-14
3.8645188725039e-15
9.8010703970649e-16
2.40953161659557e-16
5.741370160889e-17
1.32575527972388e-17
2.96630290101144e-18
6.4299801850292e-19
1.35014904830629e-19
2.74578087228318e-20
5.4074737415817e-21
1.03109284122832e-21
1.9032876849987e-22
3.400485734466e-23
5.8793844526654e-24
9.8355718196122e-25
1.59171232753009e-25
2.4914085733185e-26
3.7710016211124e-27
5.5184051331899e-28
7.8059706800047e-29
1.06710143745039e-29
1.40947206482202e-30
1.79838726625846e-31
2.216089769587e-32
2.636741788606e-33
3.0284469898926e-34
3.3568941495967e-35
3.5901359006018e-36
3.7036248105574e-37
3.6844285695533e-38
3.5336325861005e-39
3.2663182517371e-40
2.9090812493846e-41
2.4956539316114e-42
2.0616329687836e-43
1.63945849773837e-44
1.25461758792828e-45
9.2363419607969e-47
6.5391010645893e-48
4.4505429873027e-49
2.9109045359254e-50
1.8289486260979e-51
1.1034877061951e-52
6.3907957134615e-54
3.5513032370835e-55
1.8927125661964e-56
9.6707224585543e-58
4.7349797757102e-59
2.2205677570499e-60
9.9699333892642e-62
4.2834341457392e-63
1.7601359708475e-64
6.9140166835276e-66
2.5948564181541e-67
9.2994249044123e-69
3.1806219350264e-70
1.03759151295364e-71
3.2265312396925e-73
9.558026928161e-75
2.695516825579e-76
7.2321269882801e-78
1.8447555277005e-79
4.4704194502469e-81
1.0284213645453e-82
2.244254925013e-84
4.6419891278156e-86
9.092984296561e-88
1.6854079098299e-89
2.9533257002259e-91
4.8878927453716e-93
7.6333687899296e-95
1.1237207414239e-96
1.5577348962744e-98
2.0311789519497e-100
2.4884489556928e-102
2.8610163814536e-104
3.0830855069631e-106
3.1100184173052e-108
2.9326856523036e-110
2.5815408417078e-112
2.1181667164752e-114
1.617463984286e-116
1.1476115840267e-118
7.552625709606e-121
4.6021680582994e-123
2.5915892300565e-125
1.345992317629e-127
6.433949165012e-130
2.8242669443676e-132
1.1358099576725e-134
4.1744160058233e-137
1.3983907729866e-139
4.2577998321769e-142
1.1748131151633e-144
2.9281726010113e-147
6.570411282934e-150
1.3224426162727e-152
2.3782415197488e-155
3.805486615286e-158
5.39361210099e-161
6.738270417492e-164
7.38117595781e-167
7.048941900951e-170
5.832233522233e-173
4.152395948295e-176
2.5250486412582e-179
1.3006921363482e-182
5.624218879929e-186
2.0208973334631e-189
5.966515698764e-193
1.4291909767998e-196
2.7380212366187e-200
4.127513120826e-204
4.805474274557e-208
4.228632840473e-212
2.7423297476144e-216
1.2721596974713e-220
4.07333741733e-225
8.619248289995e-230
1.1420941047285e-234
8.85092422547e-240
3.670050663786e-245
7.220383046121e-251
5.68670308555e-257
1.3881320652376e-263
6.881408064787e-271
3.079447192876e-279
1.5449831697898e-289