0.0571866560430183
0.056813292413914
0.056073860559582
0.0549827142726542
0.0535608024588525
0.0518350004840082
0.0498372659482349
0.0476036559091374
0.045173247711941
0.042587008403939
0.039886658133687
0.037113571036981
0.034307753110384
0.031506930809009
0.028745777009937
0.026055293043758
0.0234623572210617
0.0209894421580001
0.0186544956756889
0.0164709734778839
0.0144480064722849
0.0125906816629546
0.010900413070834
0.0093753781055149
0.0080109950996995
0.0068004191472862
0.0057350357299819
0.004804934624032
0.003999349991509
0.0033070561357648
0.0027167119211755
0.0022171501432549
0.001797611049536
0.0014479216620937
0.001158624490189
0.0009210606361044
0.0007274132111606
0.00057071743958511
0.00044484390001214
0.00034446111233088
0.00026498319882097
0.00020250770795533
0.00015374795513008
0.00011596346554026
0.00008689134795205
0.000064680720120111
0.000047831671792473
0.000035139704302821
0.000025646132792381
0.000018594577433491
0.000013393397884931
9.583731425295e-6
6.8126686584434e-6
4.811029482599e-6
3.3751744547788e-6
2.3522918972952e-6
1.6286294788477e-6
1.120182440406e-6
7.654025516763e-7
5.1954718964374e-7
3.5034288606726e-7
2.3468971787946e-7
1.5618039361157e-7
1.0324995593032e-7
6.780837816405e-8
4.4239086924841e-8
2.8671964505084e-8
1.8460200481146e-8
1.1807071677987e-8
7.501946335851e-9
4.7351179726142e-9
2.9690114218807e-9
1.8493378194213e-9
1.1443082868318e-9
7.033821154078e-10
4.2949701627345e-10
2.605245072423e-10
1.569840956989e-10
9.396808865782e-11
5.587554955652e-11
3.30049361443e-11
1.9366477954981e-11
1.1288494507962e-11
6.536330380151e-12
3.7596160866222e-12
2.1481443826274e-12
1.2192501570073e-12
6.874331317673e-13
3.8501289694489e-13
2.1420329682705e-13
1.1838098339858e-13
6.498924702863e-14
3.5440812752298e-14
1.9198498716512e-14
1.0330732185769e-14
5.521969074694e-15
2.9319371197837e-15
1.5463646615935e-15
8.101482861386e-16
4.216102840187e-16
2.1794689050087e-16
1.1191329289653e-16
5.708248694032e-17
2.8920979413653e-17
1.4554948598758e-17
7.276031685763e-18
3.612961682072e-18
1.7820325243248e-18
8.730718940433e-19
4.248788372698e-19
2.0538063338525e-19
9.861244935872e-20
4.703059018268e-20
2.2279430215951e-20
1.0483377576725e-20
4.899710125975e-21
2.2746263069836e-21
1.0488629006515e-21
4.803909950114e-22
2.1854300722981e-22
9.875141712434e-23
4.432130612864e-23
1.9757999418122e-23
8.748487750618e-24
3.847520943344e-24
1.6806812294186e-24
7.291962269724e-25
3.142364213945e-25
1.3449929112103e-25
5.71785511605e-26
2.4143168610688e-26
1.0125153969332e-26
4.217484701549e-27
1.744810053588e-27
7.169416090343e-28
2.925894261964e-28
1.1859622911855e-28
4.77439924569e-29
1.9089755063448e-29
7.580780228972e-30
2.989905929351e-30
1.171195339249e-30
4.556458813833e-31
1.7605564676292e-31
6.756082495999e-32
2.574900586295e-32
9.746407657275e-33
3.663914188852e-33
1.3679198287394e-33
5.072109551953e-34
1.8677864381521e-34
6.830844346912e-35
2.481007578307e-35
8.949242102347e-36
3.205876637592e-36
1.140532437971e-36
4.029643701751e-37
1.4139097680556e-37
4.9268646959e-38
1.7049486631078e-38
5.859243244577e-39
1.9996735527633e-39
6.777379702296e-40
2.281116376868e-40
7.624541458386e-41
2.530803445847e-41
8.342173581268e-42
2.730699104446e-42
8.876463653736e-43
2.865334202928e-43
9.184963039396e-44
2.923775348028e-44
9.242142512513e-45
2.901088615347e-45
9.042876145526e-46
2.799026359047e-46
8.603194827642e-47
2.625804693029e-47
7.958156685094e-48
2.395010639282e-48
7.157226801845e-49
2.123840705903e-49
6.25801166325e-50
1.8309879418016e-50
5.319449508777e-51
1.5345370306255e-51
4.395566921671e-52
1.2501916934326e-52
3.530692051558e-53
9.900608776999e-54
2.756640170262e-54
7.620994628776e-55
2.091962423547e-55
5.701695072621e-56
1.5429760910083e-56
4.145879776945e-57
1.1060472716121e-57
2.929728052956e-58
7.70503660849e-59
2.011930618971e-59
5.216020521705e-60
1.3426124249125e-60
3.431185307778e-61
8.705964030016e-62
2.193137035406e-62
5.485142025933e-63
1.3620096222749e-63
3.357682498269e-64
8.217943911093e-65
1.996860540784e-65
4.817150504481e-66
1.1536856600914e-66
2.743067110492e-67
6.474912001133e-68
1.5173180556802e-68
3.52989264524e-69
8.152395904847e-70
1.869152243197e-70
4.254381923108e-71
9.61296521951e-72
2.156274552571e-72
4.801458783982e-73
1.0613569379119e-73
2.328978390921e-74
5.073197836268e-75
1.0970011065836e-75
2.354712136567e-76
5.01730622013e-77
1.0612114828335e-77
2.228067353289e-78
4.643508068604e-79
9.606209609451e-80
1.972614883404e-80
4.020808131229e-81
8.135075211684e-82
1.633741470798e-82
3.256679103667e-83
6.443662534594e-84
1.2654735797709e-84
2.466789650605e-85
4.772721961888e-86
9.165398504668e-87
1.746964035989e-87
3.304913833676e-88
6.205489257482e-89
1.1564523626212e-89
2.139003016877e-90
3.926657746445e-91
7.154161701063e-92
1.2936432569142e-92
2.321594567624e-93
4.134950117112e-94
7.309070733673e-95
1.2822064935238e-95
2.232305316431e-96
3.856957925824e-97
6.613444924846e-98
1.125376736324e-98
1.90042734749e-99
3.184809964785e-100
5.296517734614e-101
8.741132600335e-102
1.431564909759e-102
2.326569875626e-103
3.752135478251e-104
6.004735517166e-105
9.535814574908e-106
1.502677578615e-106
2.349705507498e-107
3.645828035981e-108
5.613187018324e-109
8.575291100964e-110
1.299899187067e-110
1.955182485064e-111
2.917945026444e-112
4.320902056235e-113
6.348550022935e-114
9.254921650262e-115
1.338641435576e-115
1.921074947517e-116
2.735319499512e-117
3.864120614618e-118
5.415857979127e-119
7.531004935235e-120
1.0389693347482e-120
1.422039596037e-121
1.930966818166e-122
2.60127976595e-123
3.476509194262e-124
4.609339268927e-125
6.0627242626e-126
7.910895519861e-127
1.0240165665184e-127
1.31494199998e-128
1.675017075645e-129
2.116604042346e-130
2.653153797938e-131
3.29899988941e-132
4.06905782535e-133
4.978421799078e-134
6.041855483752e-135
7.273179507316e-136
8.684565398067e-137
1.0285753916139e-137
1.208322430416e-138
1.407934950975e-139
1.627158014479e-140
1.865170607225e-141
2.120524826209e-142
2.391103421351e-143
2.67410072281e-144
2.966031279744e-145
3.262769429656e-146
3.559621535981e-147
3.851430843456e-148
4.132712909116e-149
4.397817504096e-150
4.641110901256e-151
4.85717072719e-152
5.040984219608e-153
5.188139925788e-154
5.295002702524e-155
5.358862383017e-156
5.378047656918e-157
5.351998504108e-158
5.281292814966e-159
5.167625458353e-160
5.013740830916e-161
4.823322630291e-162
4.600847038037e-163
4.351407495892e-164
4.080520670939e-165
3.793923942043e-166
3.49737477041e-167
3.196461668917e-168
2.8964352397e-169
2.60206603341e-170
2.31753395256e-171
2.046351746523e-172
1.791322996067e-173
1.554533013608e-174
1.337369415966e-175
1.140567847054e-176
9.64277485931e-178
8.081405782184e-179
6.713802471656e-180
5.528912172018e-181
4.513287396824e-182
3.651918595669e-183
2.928981131868e-184
2.328477177989e-185
1.834762325146e-186
1.432954829995e-187
1.109232127106e-188
8.5102432781e-190
6.471178832966e-191
4.876845130549e-192
3.642510874826e-193
2.696256615314e-194
1.977935643222e-195
1.437956330688e-196
1.035985874871e-197
7.396538193436e-199
5.233130817541e-200
3.668976468889e-201
2.549002647038e-202
1.754807147477e-203
1.197054488992e-204
8.09124729897e-206
5.419080710857e-207
3.596133908852e-208
2.3644908007e-209
1.540360344973e-210
9.94217241648e-212
6.357784244021e-213
4.027977466751e-214
2.5282277178e-215
1.572115149021e-216
9.68461955044e-218
5.910194911433e-219
3.572999771913e-220
2.139769420737e-221
1.269388514766e-222
7.459444479165e-224
4.342035919856e-225
2.503490517729e-226
1.429732031045e-227
8.08741968297e-229
4.531086646204e-230
2.514329299628e-231
1.381845956888e-232
7.52150956933e-234
4.05460402613e-235
2.164611790403e-236
1.144431344441e-237
5.991941519167e-239
3.106728931619e-240
1.595096409818e-241
8.10976049756e-243
4.08278301081e-244
2.03526676479e-245
1.004598842884e-246
4.909754124202e-248
2.37581118799e-249
1.138252230238e-250
5.399191437396e-252
2.535547314267e-253
1.178844598292e-254
5.4259056191e-256
2.472336984027e-257
1.115197237048e-258
4.979583840629e-260
2.201001983929e-261
9.6299145838e-263
4.170494618407e-264
1.787739578762e-265
7.58509199366e-267
3.185265372361e-268
1.323874257521e-269
5.445682244439e-271
2.216921443787e-272
8.93158795315e-274
3.561026886024e-275
1.405004665175e-276
5.485596662308e-278
2.119342424325e-279
8.10208909679e-281
3.064777130109e-282
1.147080946729e-283
4.24785523596e-285
1.55637023953e-286
5.641709160884e-288
2.023251807126e-289
7.17823132873e-291
2.519416310171e-292
8.7475009903e-294
3.004388865489e-295
1.020710934768e-296
3.43012674921e-298
1.140156689453e-299
3.748452132371e-301
1.218872948982e-302
3.919853371266e-304
1.24672849078e-305
3.921482506043e-307
1.219805423183e-308
3.752132369503e-310
1.141296212486e-311
3.432704663066e-313
1.020886435373e-314
3.001969873956e-316
8.72786428092e-318
2.508806312897e-319
7.12965301147e-321
2.003070610026e-322
5.563333556902e-324
1.527457595048e-325
4.145553920339e-327
1.112139615761e-328
2.949057605659e-330
7.72926394336e-332
2.002200481278e-333
5.125957453442e-335
1.296951638159e-336
3.242926587218e-338
8.01305395024e-340
1.956543713674e-341
4.720569196632e-343
1.125369517746e-344
2.650784318492e-346
6.168995563026e-348
1.418396170792e-349
3.221853049875e-351
7.22971038832e-353
1.602598837731e-354
3.509127111253e-356
7.58970991865e-358
1.62137825985e-359
3.421036716937e-361
7.12896227793e-363
1.467137765691e-364
2.981756101672e-366
5.984259977333e-368
1.185949539036e-369
2.32070280142e-371
4.483842643046e-373
8.55339459368e-375
1.610881417622e-376
2.995056270527e-378
5.497205867963e-380
9.95987031551e-382
1.781225539306e-383
3.144245029876e-385
5.478032372043e-387
9.41936998691e-389
1.598402983999e-390
2.67667588885e-392
4.423113533993e-394
7.21208264926e-396
1.160301671119e-397
1.841771950106e-399
2.884246628508e-401
4.455918207812e-403
6.79089106125e-405
1.020886106102e-406
1.513787160818e-408
2.213936343306e-410
3.193403488253e-412
4.54261729234e-414
6.372315854475e-416
8.81458952378e-418
1.202251065058e-419
1.616779924433e-421
2.143598477111e-423
2.801861418232e-425
3.610224198909e-427
4.585422738652e-429
5.740574897508e-431
7.08329036991e-433
8.6137237045e-435
1.032274916613e-436
1.219046844065e-438
1.41852748574e-440
1.626368416875e-442
1.837109797285e-444
2.044359161124e-446
2.241071873465e-448
2.419920961628e-450
2.573732376958e-452
2.69595159391e-454
2.781100438546e-456
2.825180490607e-458
2.825982094694e-460
2.783265970559e-462
2.698796842318e-464
2.576223891575e-466
2.420819148501e-468
2.239099948569e-470
2.038373259787e-472
1.826246502549e-474
1.610150680423e-476
1.396917320114e-478
1.192441798889e-480
1.001453651549e-482
8.2740125424e-485
6.7244573553e-487
5.375486245502e-489
4.226306587991e-491
3.26775776642e-493
2.484544552074e-495
1.857435916274e-497
1.365251356007e-499
9.86516366613e-502
7.007282116e-504
4.892251987369e-506
3.35692594455e-508
2.263642202451e-510
1.499911937218e-512
9.76504154263e-515
6.24583762618e-517
3.924397160641e-519
2.422020340032e-521
1.468120067401e-523
8.73937110094e-526
5.108447482762e-528
2.931855865445e-530
1.651944543159e-532
9.13694789684e-535
4.960355131733e-537
2.642912889052e-539
1.381857661005e-541
7.08933468665e-544
3.568289380767e-546
1.761883384738e-548
8.53308767399e-551
4.053181147931e-553
1.887968404373e-555
8.62282959689e-558
3.86107330368e-560
1.694788632417e-562
7.29151327377e-565
3.074390922724e-567
1.270233954097e-569
5.142031396184e-572
2.039175061109e-574
7.92108548605e-577
3.013464759725e-579
1.122635509802e-581
4.094886423337e-584
1.462223351115e-586
5.110834520673e-589
1.748287192579e-591
5.85210743974e-594
1.916572071663e-596
6.140238323334e-599
1.924090141448e-601
5.896273881295e-604
1.766740929663e-606
5.1753652806e-609
1.481872891826e-611
4.146775672295e-614
1.133878522266e-616
3.029036920198e-619
7.90404093369e-622
2.014298104177e-624
5.012454609231e-627
1.217728022462e-629
2.887639996419e-632
6.6826267166e-635
1.508967828465e-637
3.323971449352e-640
7.14156957472e-643
1.496243648068e-645
3.056293086203e-648
6.085300602512e-651
1.180788956011e-653
2.232405459107e-656
4.111404500758e-659
7.37442020525e-662
1.287919378289e-664
2.189644015427e-667
3.623110688727e-670
5.833247509091e-673
9.13598950676e-676
1.391589041577e-678
2.060955329625e-681
2.96700546126e-684
4.150957972515e-687
5.642149001993e-690
7.44887871402e-693
9.54924774543e-696
1.188389737719e-698
1.435282556209e-701
1.681820678757e-704
1.911429730804e-707
2.106412877544e-710
2.250105124336e-713
2.329170579837e-716
2.335615419645e-719
2.268101847988e-722
2.132267860317e-725
1.939960400317e-728
1.707523864129e-731
1.453487670162e-734
1.196110340759e-737
9.51235096169e-741
7.30801200192e-744
5.421756067942e-747
3.882764268093e-750
2.683055797362e-753
1.788255254625e-756
1.149105773381e-759
7.11601253873e-763
4.244933828791e-766
2.438201872037e-769
1.347830976672e-772
7.1674742757e-776
3.664839066135e-779
1.800901268408e-782
8.50069018127e-786
3.85234808761e-789
1.675236712806e-792
6.98671073432e-796
2.793032378604e-799
1.069646822657e-802
3.922060939005e-806
1.376066635081e-809
4.616902120637e-813
1.480388634919e-816
4.533515743119e-820
1.325078526456e-823
3.694026815667e-827
9.81537676424e-831
2.483992955305e-834
5.98286469027e-838
1.370418062619e-841
2.982922251491e-845
6.164892277924e-849
1.208767786471e-852
2.246581321961e-856
3.954392520017e-860
6.585976301448e-864
1.036895630591e-867
1.541710791663e-871
2.162660712579e-875
2.859180444672e-879
3.558748294054e-883
4.165569135781e-887
4.580098478051e-891
4.724795754664e-895
4.567355261254e-899
4.132056883327e-903
3.49392143328e-907
2.757459804912e-911
2.028314925907e-915
1.388508107654e-919
8.83241298132e-924
5.212333433272e-928
2.8489322533e-932
1.439706397673e-936
6.714598608421e-941
2.884685967407e-945
1.139333514043e-949
4.128379048766e-954
1.369448101281e-958
4.149210639537e-963
1.145535051927e-967
2.874700102741e-972
6.540059709998e-977
1.345182068446e-981
2.494208677743e-986
4.15634067276e-991
6.204647306717e-996
8.26936915761e-1001
9.80421418172e-1006
1.030103555627e-1010
9.55251566492e-1016
7.78491467573e-1021
5.55007309285e-1026
3.444524811357e-1031
1.851301555913e-1036
8.56866909949e-1042
3.394938486012e-1047
1.144011607413e-1052
3.256029197178e-1058
7.768573091435e-1064
1.541176084374e-1069
2.519865779681e-1075
3.362995150576e-1081
3.62505858655e-1087
3.119690548519e-1093
2.116260326264e-1099
1.11570090496e-1105
4.500064263781e-1112
1.364417932213e-1118
3.048948435357e-1125
4.910372341916e-1132
5.55614961111e-1139
4.289625689092e-1146
2.184363877641e-1153
7.051072508193e-1161
1.37658230669e-1168
1.536298691464e-1176
9.149975162313e-1185
2.670242846888e-1193
3.425709172186e-1202
1.67670090284e-1211
2.584203020326e-1221
9.554005662729e-1232
5.616264898454e-1243
2.654392337114e-1255
2.710006775849e-1269
1.984537410181e-1286