0.0653656516385309
0.0648083927877294
0.063708082854309
0.0620925355264811
0.0600020022975429
0.0574875065506817
0.054608776051753
0.051431890680005
0.0480267743939208
0.04446466355221
0.0408156779691967
0.037146607379238
0.0335190058157422
0.0299876617044416
0.0265994843819204
0.0233928204503538
0.02039718786315
0.0176333935628445
0.0151139830735465
0.0128439583914406
0.0108216940158024
0.0090399797541864
0.007487122373668
0.0061480453382051
0.0050053356993711
0.004040198583913
0.0032332915983006
0.0025654229391472
0.0020181073428583
0.0015739827295528
0.0012170972151838
0.00093308100126694
0.00070922058904915
0.00053445401409118
0.00039930564830522
0.00029577789856811
0.0002172151763508
0.0001581531290023
0.00011416357445304
0.000081703077108565
0.000057970796297003
0.000040779227938086
0.000028439795376498
0.000019663938009061
0.000013479378972037
9.1605889805318e-6
6.172054864099e-6
4.1227569803254e-6
2.7302093709913e-6
1.7924749000705e-6
1.1666961102194e-6
7.5285016338596e-7
4.816194820074e-7
3.0545186327832e-7
1.9205395453098e-7
1.1971372672037e-7
7.397812467528e-8
4.5321030398778e-8
2.7525277941187e-8
1.6572861157549e-8
9.892258194288e-9
5.853611134321e-9
3.4338477728664e-9
1.9969408259334e-9
1.1512630141007e-9
6.579718149251e-10
3.7278768875291e-10
2.0938014070396e-10
1.1658083450064e-10
6.434793878206e-11
3.5209183911633e-11
1.9098054011723e-11
1.0269092945923e-11
5.4737228064829e-12
2.8922722692734e-12
1.5149527280992e-12
7.866116445017e-13
4.0487490432896e-13
2.0657526953242e-13
1.0447936726529e-13
5.2381170389798e-14
2.6032148404199e-14
1.2824269431093e-14
6.262398396551e-15
3.0313199990713e-15
1.4544656671381e-15
6.917565712897e-16
3.2612098326321e-16
1.5239730661128e-16
7.059051902769e-17
3.2410325859941e-17
1.4749786370236e-17
6.65350843808e-18
2.9749224496028e-18
1.318432240542e-18
5.791545186853e-19
2.5216381135667e-19
1.088228063652e-19
4.654821957645e-20
1.9734645343863e-20
8.292696104364e-21
3.4538175173207e-21
1.4257298574393e-21
5.83319229129e-22
2.3653938965743e-22
9.50661015365e-23
3.7867776186386e-23
1.4949706194933e-23
5.849396397585e-24
2.2683065897886e-24
8.717691413174e-25
3.3205265819133e-25
1.2534725363909e-25
4.689447759064e-26
1.7386981344343e-26
6.388793260894e-27
2.326495194463e-27
8.395965495972e-28
3.0027607908994e-28
1.0642627031763e-28
3.738103628398e-29
1.3011415772069e-29
4.488123464689e-30
1.5341517550287e-30
5.196744399317e-31
1.7444161117726e-31
5.802573746831e-32
1.9126663056515e-32
6.247435466027e-33
2.0221083340754e-33
6.485494958403e-34
2.0611702174691e-34
6.491013867478e-35
2.0255130362033e-35
6.262925100207e-36
1.9188227798946e-36
5.825104883501e-37
1.7521835261441e-37
5.222255063185e-38
1.5421792430924e-38
4.512378460941e-39
1.3081743651705e-39
3.757601549022e-40
1.0693903812734e-40
3.015349907847e-41
8.423846636194e-42
2.3315773984968e-42
6.393684266128e-43
1.737039809393e-43
4.675422080228e-44
1.2467504358641e-44
3.293677185923e-45
8.620261356953e-46
2.2350785554667e-46
5.741073683235e-47
1.4608862142386e-47
3.68262526096e-48
9.196263646844e-49
2.2749553890174e-49
5.574895531097e-50
1.3533112949364e-50
3.254246939629e-51
7.751571989098e-52
1.8289850462686e-52
4.274705285855e-53
9.896289049704e-54
2.2693590009145e-54
5.154577800495e-55
1.1596753610498e-55
2.584208344656e-56
5.70375235721e-57
1.246895537543e-57
2.699789689177e-58
5.789677659249e-59
1.2296952792105e-59
2.58674328398e-60
5.389095027647e-61
1.1119339064786e-61
2.272147955425e-62
4.598144089318e-63
9.215325056341e-64
1.8290036987161e-64
3.594910041193e-65
6.997205240779e-66
1.348707931928e-66
2.574313544108e-67
4.865737402887e-68
9.106950961368e-69
1.6878264595937e-69
3.097464567576e-70
5.628619785803e-71
1.0127626570789e-71
1.8043333726386e-72
3.182894903531e-73
5.559263415264e-74
9.613789501881e-75
1.6460661147249e-75
2.790410519534e-76
4.683277344023e-77
7.781894497463e-78
1.2801685610876e-78
2.084913051208e-79
3.361555331607e-80
5.365579073493e-81
8.478311843005e-82
1.3262060228751e-82
2.053589982025e-83
3.147819755421e-84
4.776299355897e-85
7.173827064574e-86
1.0665470218009e-86
1.5695344166634e-87
2.286205886619e-88
3.296137767625e-89
4.703625000645e-90
6.64337965714e-91
9.286801549117e-92
1.2848592756697e-92
1.759336029548e-93
2.384170565169e-94
3.197514550774e-95
4.243905840296e-96
5.574272586677e-97
7.245545640909e-98
9.319777195986e-99
1.1862672436912e-99
1.4941461665297e-100
1.862207447931e-101
2.296562545211e-102
2.802428115883e-103
3.383664830485e-104
4.042289710383e-105
4.777990612264e-106
5.587677634483e-107
6.465110434457e-108
7.400641868675e-109
8.381116296452e-110
9.389954894009e-111
1.040745035191e-111
1.1411279769678e-112
1.2377228282013e-113
1.3280098251272e-114
1.4094761372018e-115
1.479729555782e-116
1.536613678705e-117
1.578316968704e-118
1.603468058461e-119
1.611210346709e-120
1.601250247824e-121
1.573875318977e-122
1.529940727549e-123
1.470824925172e-124
1.398357729725e-125
1.314726055891e-126
1.2223640844032e-127
1.1238355815512e-128
1.0217163068113e-129
9.184839866012e-131
8.164222677214e-132
7.175435353897e-133
6.235336673582e-134
5.35719892353e-135
4.550611148138e-136
3.821585167516e-137
3.172830659286e-138
2.604158102619e-139
2.112965317774e-140
1.694764334365e-141
1.343709667065e-142
1.0530958244115e-143
8.157999974937e-145
6.246543877905e-146
4.727406985824e-147
3.536063022221e-148
2.614071114786e-149
1.909860620039e-150
1.378983867438e-151
9.839571310997e-153
6.938071601473e-154
4.834293272809e-155
3.32847050786e-156
2.264434189387e-157
1.522171575153e-158
1.0109785604305e-159
6.634070946166e-161
4.300939891321e-162
2.754716239589e-163
1.743033003589e-164
1.08951816498e-165
6.72741487638e-167
4.103282622302e-168
2.472114673894e-169
1.471106441439e-170
8.646534683617e-172
5.019340385058e-173
2.877674711107e-174
1.629337387847e-175
9.110416919787e-177
5.030450448728e-178
2.742838485381e-179
1.476731439055e-180
7.850435961898e-182
4.120594564423e-183
2.135416451011e-184
1.092557867234e-185
5.518587047701e-187
2.751789370724e-188
1.3545293498e-189
6.581570276988e-191
3.156605186227e-192
1.494315314493e-193
6.981952624257e-195
3.219626360598e-196
1.465240999367e-197
6.580646611625e-199
2.916518434956e-200
1.275493007992e-201
5.504134097767e-203
2.343568655048e-204
9.84519001144e-206
4.080450165953e-207
1.668434738825e-208
6.729874426314e-210
2.677814656818e-211
1.051014991925e-212
4.068843404861e-214
1.553621883521e-215
5.850734462371e-217
2.17292309335e-218
7.958390153382e-220
2.874291292306e-221
1.023619559881e-222
3.594396297824e-224
1.244428773643e-225
4.247640240424e-227
1.42934039683e-228
4.741440452321e-230
1.550414495094e-231
4.997170691327e-233
1.587505027464e-234
4.97045409383e-236
1.533706580109e-237
4.663679774645e-239
1.397430150136e-240
4.125920913903e-242
1.200259878549e-243
3.440069444382e-245
9.71337873285e-247
2.701829976742e-248
7.402925874668e-250
1.997925582034e-251
5.310779644716e-253
1.390312988165e-254
3.584380984022e-256
9.0998598127e-258
2.27481223642e-259
5.599094326112e-261
1.356819679415e-262
3.236898175825e-264
7.601662920891e-266
1.757238183536e-267
3.998200483397e-269
8.95322582742e-271
1.973078346861e-272
4.278853153737e-274
9.13054673311e-276
1.916991864713e-277
3.95972672483e-279
8.046344563723e-281
1.608374356014e-282
3.162255922405e-284
6.114967092529e-286
1.162904239209e-287
2.174761278194e-289
3.999095036034e-291
7.230338522137e-293
1.285186554181e-294
2.245679587578e-296
3.857149726092e-298
6.511557312482e-300
1.080351386831e-301
1.761443344173e-303
2.822000115929e-305
4.442125638135e-307
6.869583324126e-309
1.043603447768e-310
1.557275606938e-312
2.282333680569e-314
3.284995585295e-316
4.642909610274e-318
6.44321651339e-320
8.77867593121e-322
1.174154639983e-323
1.541513072498e-325
1.986322843387e-327
2.511815186357e-329
3.116841166739e-331
3.794758460184e-333
4.532614772899e-335
5.310810449203e-337
6.103396703258e-339
6.879106810463e-341
7.603129067643e-343
8.23952295173e-345
8.7540703298e-347
9.11726190558e-349
9.30706490522e-351
9.31111585638e-353
9.12803781417e-355
8.76768901577e-357
8.25029332528e-359
7.604557621172e-361
6.865020142403e-363
6.068972257538e-365
5.253337789381e-367
4.451874038482e-369
3.692984226769e-371
2.998319367655e-373
2.382221294455e-375
1.851940833499e-377
1.408474536142e-379
1.047810944862e-381
7.62365243865e-384
5.424037453738e-386
3.773061683353e-388
2.565712209879e-390
1.705276921436e-392
1.107602386691e-394
7.029149959823e-397
4.357912798375e-399
2.638984047197e-401
1.560637461452e-403
9.01151188042e-406
5.079790185078e-408
2.794906188433e-410
1.500657644301e-412
7.861532557652e-415
4.01754682229e-417
2.002434763755e-419
9.73225913951e-422
4.611471532244e-424
2.129841221456e-426
9.58620018458e-429
4.203833678141e-431
1.795770921218e-433
7.470810381071e-436
3.026210886487e-438
1.193292702224e-440
4.579425247816e-443
1.709972946315e-445
6.211235876542e-448
2.194177095446e-450
7.536377114458e-453
2.516177567696e-455
8.1638695711e-458
2.573435148077e-460
7.879105881309e-463
2.342443418385e-465
6.760353400543e-468
1.893455591798e-470
5.145187394347e-473
1.35606361394e-475
3.465465867035e-478
8.58446380542e-481
2.060626623851e-483
4.79161431813e-486
1.078995899022e-488
2.352172502838e-491
4.962299750582e-494
1.012770798252e-496
1.998942872718e-499
3.814116932384e-502
7.032860261787e-505
1.252710644991e-507
2.154681755952e-510
3.577322754707e-513
5.730610599596e-516
8.85385915474e-519
1.318773678122e-521
1.892895412894e-524
2.617037628396e-527
3.483566073306e-530
4.462393632229e-533
5.498390040168e-536
6.513524957605e-539
7.414694488251e-542
8.106724398171e-545
8.50834717982e-548
8.56760561504e-551
8.27273186773e-554
7.655403553034e-557
6.785233279339e-560
5.756786483101e-563
4.672487261391e-566
3.625730047381e-569
2.688073647829e-572
1.902813753447e-575
1.285178926324e-578
8.276319426181e-582
5.078113050595e-585
2.966434128787e-588
1.648542811508e-591
8.70872653414e-595
4.369613444383e-598
2.080650795369e-601
9.39388788908e-605
4.017829515989e-608
1.626427632023e-611
6.22527900082e-615
2.250781762901e-618
7.679153163502e-622
2.469664832634e-625
7.47877586235e-629
2.130084092316e-632
5.699340178635e-636
1.430812947223e-639
3.366048704989e-643
7.4107954315e-647
1.524830052717e-650
2.928005673223e-654
5.239295559141e-658
8.722772985082e-662
1.349021941933e-665
1.934810786811e-669
2.5689379496e-673
3.151891299848e-677
3.566664975131e-681
3.715006170628e-685
3.554304809897e-689
3.116705326316e-693
2.499101910154e-697
1.827975297166e-701
1.216611325209e-705
7.34797351876e-710
4.016002742703e-714
1.980341632683e-718
8.78298140045e-723
3.491857395419e-727
1.240094704605e-731
3.919356531619e-736
1.0980249026e-740
2.715262210055e-745
5.900058229167e-750
1.121126536032e-754
1.853395800802e-759
2.650912589381e-764
3.261026175139e-769
3.428167651037e-774
3.058524939337e-779
2.298511787499e-784
1.443200642093e-789
7.504020723598e-795
3.19984831737e-800
1.107137294965e-805
3.071895904021e-811
6.746766732869e-817
1.156079544295e-822
1.520763099745e-828
1.508081280396e-834
1.1044575298446e-840
5.835302159231e-847
2.165157477688e-853
5.468890011841e-860
9.066972772513e-867
9.45017067409e-874
5.879616012441e-881
2.050169860064e-888
3.704566423981e-896
3.140318635675e-904
1.0966013053286e-912
1.3230355348717e-921
4.297918059177e-931
2.57956162631e-941
1.5322684045974e-952
2.706858762543e-965
6.329357643524e-981