0.1070063768238715
0.1045712554730444
0.0998658748359435
0.0932015105782607
0.0850018214658259
0.0757584017397424
0.0659823803104095
0.0561586331843352
0.0467081523351799
0.037962267580265
0.0301501898896094
0.023399199991853
0.0177451255882797
0.013149758192669
0.0095216023300737
0.006736717015622
0.00465719496565289
0.00314578967876964
0.00207613140213542
0.00133872095408186
0.00084338324605097
0.00051909710778367
0.000312140021690123
0.000183364564729503
0.000105228601610037
0.000058991760699443
0.000032305334688873
0.0000172809662346487
9.0293743322636e-6
4.6081597164544e-6
2.29700204312006e-6
1.11825896384546e-6
5.3168337771994e-7
2.46874018033812e-7
1.11941362613137e-7
4.9565484384546e-8
2.14299770133195e-8
9.0468422673735e-9
3.7289281970662e-9
1.50058562053279e-9
5.895283568418e-10
2.26095807126656e-10
8.4644794582532e-11
3.0931665180565e-11
1.10325602371767e-11
3.8405483223788e-12
1.30475005479368e-12
4.3256472211306e-13
1.39938219237595e-13
4.417271624564e-14
1.36042523015905e-14
4.0875924613193e-15
1.19812352989637e-15
3.4256632823248e-16
9.5535326292991e-17
2.5985191417259e-17
6.8928052413105e-18
1.7829491920166e-18
4.4969563191273e-19
1.10585483826925e-19
2.6511815220637e-20
6.1958935002953e-21
1.4114058396708e-21
3.1335944696779e-22
6.7800842101225e-23
1.4295071960535e-23
2.9366564885655e-24
5.8774791199831e-25
1.14592127782719e-25
2.1761949260969e-26
4.0250628371556e-27
7.2498810333123e-28
1.2715189691305e-28
2.1711901500363e-29
3.6091431975447e-30
5.8396745615469e-31
9.1959654092523e-32
1.4092071888941e-32
2.1011868684552e-33
3.047958451984e-34
4.3007966365461e-35
5.9023361792561e-36
7.8772112861039e-37
1.02218984527149e-37
1.2895457718546e-38
1.5813292273624e-39
1.8846075704442e-40
2.1825487113509e-41
2.4557328036153e-42
2.6841121278039e-43
2.8493724031276e-44
2.9373236845749e-45
2.9398947995743e-46
2.8563460034993e-47
2.6934491906546e-48
2.4645851391739e-49
2.1879238892158e-50
1.8840322838925e-51
1.5733476025552e-52
1.2739480574997e-53
9.999491210039e-55
7.6069329067947e-56
5.607263670378e-57
4.0040923233484e-58
2.7692912346422e-59
1.8545648479745e-60
1.2023177561631e-61
7.543847039132e-63
4.5798668632352e-64
2.6895930458235e-65
1.5274911899208e-66
8.387087628088e-68
4.4510555771241e-69
2.282497545584e-70
1.1306446752512e-71
5.4085444394647e-73
2.4976971685689e-74
1.1131856957809e-75
4.7865631798592e-77
1.9850188626391e-78
7.936751433475e-80
3.0584898511846e-81
1.1355396818625e-82
4.0604054257079e-84
1.3977994961925e-85
4.6308527100048e-87
1.4758606281523e-88
4.5229418620693e-90
1.3323123782962e-91
3.7706271470451e-93
1.0248290219623e-94
2.6737569506599e-96
6.69301588334e-98
1.606726879748e-99
3.697151805316e-101
8.150343541772e-103
1.7204407640238e-104
3.475550372377e-106
6.715605828924e-108
1.2404371308172e-109
2.18894403329e-111
3.6880697792061e-113
5.929169759458e-115
9.08941077961e-117
1.327798461842e-118
1.8470596549641e-120
2.4449475876822e-122
3.0773358658991e-124
3.6801251037609e-126
4.178173390439e-128
4.499746177357e-130
4.592992643062e-132
4.439402086078e-134
4.059519621234e-136
3.508581000376e-138
2.8632834660859e-140
2.2040708754889e-142
1.5986364112687e-144
1.0913209196717e-146
7.003733789265e-149
4.220420524435e-151
2.3849698813021e-153
1.262232737058e-155
6.247816922554e-158
2.888187803421e-160
1.2450249381406e-162
4.996923190772e-165
1.8641592819297e-167
6.453089689218e-170
2.0690344802972e-172
6.132728341036e-175
1.6770766908833e-177
4.222268035157e-180
9.764779111785e-183
2.0695616916382e-185
4.00968492843e-188
7.082892099966e-191
1.1375291073252e-193
1.6560487615518e-196
2.178546470892e-199
2.580936921609e-202
2.743715342069e-205
2.607213135125e-208
2.205431953058e-211
1.6533331511457e-214
1.0931955888724e-217
6.342515268236e-221
3.210858081384e-224
1.4097363364209e-227
5.332585236495e-231
1.7253610138589e-234
4.737176221913e-238
1.0941158416137e-241
2.1053130414245e-245
3.339023272789e-249
4.312880831281e-253
4.476269451388e-257
3.676722612483e-261
2.3490106615813e-265
1.1443733209616e-269
4.154644520104e-274
1.0942706378774e-278
2.0256123645388e-283
2.5369562051586e-288
2.0525500869268e-293
1.0129186069406e-298
2.834955751296e-304
4.092521656382e-310
2.680597028477e-316
6.645129667942e-323
4.743520070762e-330
6.205680506087e-338
6.24957043945e-347
5.186034599489e-358