0.1884295746358375
0.17530801211052982
0.15173668408251917
0.1221750006583283
0.09150127426767778
0.06373209547006126
0.041275438102408135
0.02485000557141767
0.01390413109504143
0.007227815794349183
0.00348948285443208
0.0015639824929501403
0.0006504683731885905
0.0002509172995279814
0.00008972450901045299
0.000029724333423383147
9.11708228398128e-6
2.5872670138074205e-6
6.788016080725648e-7
1.6451664884983335e-7
3.6801425167297e-8
7.591043371304399e-9
1.4423973477091844e-9
2.5220174708373133e-10
4.0531324359847693e-11
5.979672310907658e-12
8.087875429357109e-13
1.0014937399406252e-13
1.1336050130083094e-14
1.1710396791414328e-15
1.1021086847913784e-16
9.432197307007548e-18
7.326073071902052e-19
5.1531219168800585e-20
3.2750072247643545e-21
1.8759587883105483e-22
9.659340593631522e-24
4.457979669328175e-25
1.8384352926742666e-26
6.751819753609881e-28
2.200265978056219e-29
6.337148805940474e-31
1.6062235506206278e-32
3.5658879405328673e-34
6.89826722541357e-36
1.156277586140443e-37
1.668858952689671e-39
2.059713789772352e-41
2.157153232173996e-43
1.900668141917542e-45
1.395358148622821e-47
8.44258695140056e-50
4.157942770967477e-52
1.643262945735342e-54
5.12633486426179e-57
1.238298068634841e-59
2.264116984508041e-62
3.049504526879913e-65
2.927409609661415e-68
1.922773056316991e-71
8.20596050657669e-75
2.127737677239742e-78
3.062104220899936e-82
2.153190086743746e-86
6.11003130270857e-91
5.10856293637876e-96
6.90710060092309e-102
3.266277834879009e-109