0.0616836429239427
0.0612152286653018
0.0602890415860576
0.0589259627615969
0.0571563304841119
0.055018818152276
0.0525590304052371
0.0498278886045826
0.046879885323078
0.043771291024518
0.040558394586
0.0372958530663
0.034035215833044
0.030823674753825
0.027703076724369
0.0247092185097434
0.0218714278413731
0.0192124199557699
0.0167484061064987
0.0144894206224725
0.0124398261613309
0.0105989530013902
0.0089618273841429
0.0075199457257389
0.0062620554847405
0.0051749090449957
0.0042439635577881
0.0034540067175574
0.0027896954116246
0.0022360006664955
0.0017785579969396
0.0014039269452631
0.00109976717895653
0.0008549409904095
0.00065955348345856
0.0005049422641735
0.00038362823809938
0.00028923832917091
0.00021640975191759
0.00016068405016225
0.00011839760185386
0.000086573793608484
0.000062820673947962
0.000045236657495226
0.000032325805183015
0.000022923358959962
0.000016131558689931
0.000011265297789776
7.8068594338652e-6
5.3687902244036e-6
3.6638858507765e-6
2.4812576935939e-6
1.6674976670966e-6
1.1120415103352e-6
7.3593272202313e-7
4.8329856929887e-7
3.1495760331787e-7
2.0367923998384e-7
1.3070686100351e-7
8.323496537699e-8
5.259783260335e-8
3.2982481568039e-8
2.0523481275089e-8
1.2672716450267e-8
7.764940610889e-9
4.7212284559166e-9
2.8485185642865e-9
1.705410511649e-9
1.0131723330097e-9
5.972839628703e-10
3.4939778854168e-10
2.0281487958811e-10
1.1682032714603e-10
6.676894600382e-11
3.7867501981571e-11
2.131048533398e-11
1.1900167238258e-11
6.593929515492e-12
3.6254798675751e-12
1.9779489801362e-12
1.0707583485402e-12
5.75165774929e-13
3.0656187799759e-13
1.6213065909185e-13
8.508095514391e-14
4.4301463372392e-14
2.2888670696823e-14
1.1733784501953e-14
5.968551090171e-15
3.0123900554473e-15
1.5085620040306e-15
7.495885800857e-16
3.6956321703613e-16
1.807834289195e-16
8.774668181472e-17
4.225742848158e-17
2.0191740787607e-17
9.572840572333e-18
4.503003309766e-18
2.1016290805855e-18
9.731957404339e-19
4.471287525324e-19
2.0382205846408e-19
9.218363958271e-20
4.136551855086e-20
1.8416321955963e-20
8.134763930421e-21
3.5650238726783e-21
1.5500765365171e-21
6.686745749643e-22
2.8618388735765e-22
1.2151837577746e-22
5.119208614733e-23
2.1395648566264e-23
8.871712859155e-24
3.649610399536e-24
1.4894987074914e-24
6.03095264415e-25
2.4225983093766e-25
9.654374073649e-26
3.81690673609e-26
1.4970667215981e-26
5.8251939594e-27
2.2486231082612e-27
8.611075316e-28
3.271371871121e-28
1.2329106272419e-28
4.609562951218e-29
1.7096675650115e-29
6.290492254607e-30
2.2960210881752e-30
8.31347534392e-31
2.9860841792765e-31
1.0639747963786e-31
3.760690876602e-32
1.3185847562032e-32
4.586164971605e-33
1.5823026929341e-33
5.415328060253e-34
1.8384520054808e-34
6.19111866967e-35
2.0681032898195e-35
6.852649507571e-36
2.2522931501914e-36
7.342911491825e-37
2.3745728793367e-37
7.616814344018e-38
2.4234200174773e-38
7.648006277009e-39
2.3940253627176e-39
7.433048043619e-40
2.2890722541195e-40
6.992026904916e-41
2.1183335261294e-41
6.365460850644e-42
1.8971697932119e-42
5.608154062522e-43
1.644248950423e-43
4.781295701998e-44
1.3789562509729e-44
3.944379180957e-45
1.1189908019766e-45
3.14840387445e-46
8.785505741103e-47
2.43137427792e-47
6.673318861735e-48
1.8164907840338e-48
4.903678742247e-49
1.3128179515114e-49
3.485594435003e-50
9.177728078945e-51
2.39648993304e-51
6.205748859287e-52
1.5936281429518e-52
4.058354728132e-53
1.0248946337111e-53
2.566673246672e-54
6.374116791874e-55
1.5697243830087e-55
3.833333472486e-56
9.282723841595e-57
2.229028812205e-57
5.307538027702e-58
1.2531511388778e-58
2.933880299787e-59
6.810917002364e-60
1.5677928201999e-60
3.578386397917e-61
8.098355502843e-62
1.8172430123799e-62
4.043255976889e-63
8.919632992328e-64
1.950992843257e-64
4.231094259618e-65
9.097737748809e-66
1.93951497216e-66
4.099464734535e-67
8.590742845674e-68
1.7848389905575e-68
3.676438548766e-69
7.50776485986e-70
1.5200021616167e-70
3.050865154175e-71
6.070746781531e-72
1.1975579023157e-72
2.341969213303e-73
4.540367694272e-74
8.726115103406e-75
1.662515749276e-75
3.139932620438e-76
5.878674203784e-77
1.0910325153915e-77
2.00719667903e-78
3.660418635618e-79
6.616903428531e-80
1.1856503252978e-80
2.105866243114e-81
3.707419848632e-82
6.469549618358e-83
1.1190050192872e-83
1.918404167912e-84
3.259812423056e-85
5.490145259946e-86
9.16448446664e-87
1.5162102807589e-87
2.486177892935e-88
4.040363689019e-89
6.507561808492e-90
1.0387708932446e-90
1.643307631574e-91
2.576377871877e-92
4.003001488842e-93
6.163697503378e-94
9.40524432737e-95
1.4222168833404e-95
2.131190627066e-96
3.164704589212e-97
4.656848555845e-98
6.790358623842e-99
9.811344441874e-100
1.4047306413069e-100
1.992873686259e-101
2.801444920193e-102
3.902054840252e-103
5.385263200791e-104
7.364038577444e-105
9.97732121585e-106
1.3393491493734e-106
1.781347854985e-107
2.347317391437e-108
3.064474949603e-109
3.96364260103e-110
5.079020630176e-111
6.447708830141e-112
8.108931473825e-113
1.0102931003019e-113
1.2469510504211e-114
1.524622593035e-115
1.846625537264e-116
2.215600338684e-117
2.633253159479e-118
3.100093996051e-119
3.61518531408e-120
4.175918962982e-121
4.777840451796e-122
5.414539638934e-123
6.077625280082e-124
6.756797573843e-125
7.440027879736e-126
8.113848369541e-127
8.763746899864e-128
9.37465440925e-129
9.931504313344e-130
1.0419836420911e-130
1.0826412531055e-131
1.113980771192e-132
1.1350940747645e-133
1.1453509586144e-134
1.1444302768899e-135
1.1323365440129e-136
1.1094008027695e-137
1.0762656271697e-138
1.033855203924e-139
9.833324369099e-141
9.260458575643e-142
8.634697309715e-143
7.971410762101e-144
7.285973519307e-145
6.59318304519e-146
5.906749735929e-147
5.238881561981e-148
4.599978192512e-149
3.998440973685e-150
3.440596952529e-151
2.930727950856e-152
2.471189988122e-153
2.062604427004e-154
1.704100169712e-155
1.393585981801e-156
1.128033326626e-157
9.03752614636e-159
7.166491079435e-160
5.624484645256e-161
4.368856842862e-162
3.358547214587e-163
2.555190279493e-164
1.923856526395e-165
1.433471894865e-166
1.056968616879e-167
7.712242414355e-169
5.568447120903e-170
3.978427726267e-171
2.812560057598e-172
1.967406154719e-173
1.361686026044e-174
9.3247979375e-176
6.317860706519e-177
4.23503903743e-178
2.808600977483e-179
1.842707192846e-180
1.196036969469e-181
7.679679424261e-183
4.877979075784e-184
3.06494845895e-185
1.904937685216e-186
1.171117812859e-187
7.121481997404e-189
4.283293413586e-190
2.54806494857e-191
1.499187184714e-192
8.72371170032e-194
5.020351225814e-195
2.85720518068e-196
1.608090039254e-197
8.95009970153e-199
4.925846025579e-200
2.680748080521e-201
1.442580463262e-202
7.675726864828e-204
4.038135113333e-205
2.100440497107e-206
1.080175564491e-207
5.491852402914e-209
2.760386594082e-210
1.371618693044e-211
6.737442742956e-213
3.27145268789e-214
1.570202285579e-215
7.449470311059e-217
3.493295400132e-218
1.619088328268e-219
7.416792747992e-221
3.357817222912e-222
1.502374073193e-223
6.642994799038e-225
2.902679639251e-226
1.253337666396e-227
5.347553845018e-229
2.254470189748e-230
9.39117899124e-232
3.86514621997e-233
1.571685657892e-234
6.313977492125e-236
2.505886705188e-237
9.82481187501e-239
3.805175275308e-240
1.455780037529e-241
5.501364714356e-243
2.053437390632e-244
7.570271610373e-246
2.756404129928e-247
9.91192645547e-249
3.519971595933e-250
1.234434810715e-251
4.274909461182e-253
1.461830870289e-254
4.935831312515e-256
1.645499758996e-257
5.416152304699e-259
1.760031637225e-260
5.646346181499e-262
1.788185786313e-263
5.590316557814e-265
1.725119280913e-266
5.254616018689e-268
1.579726678845e-269
4.687290083954e-271
1.372588130555e-272
3.966583534624e-274
1.131175969074e-275
3.183171118909e-277
8.83862906051e-279
2.421495114101e-280
6.545374736353e-282
1.745484213783e-283
4.592042337234e-285
1.191741990446e-286
3.050862559293e-288
7.703791482454e-290
1.918691215968e-291
4.713042408578e-293
1.141747530147e-294
2.727644987776e-296
6.425855745324e-298
1.492710424066e-299
3.418987385016e-301
7.72097964382e-303
1.71899927047e-304
3.772962699563e-306
8.16333801675e-308
1.741029631299e-309
3.659924078e-311
7.582976011805e-313
1.54839900285e-314
3.115841236368e-316
6.17860415008e-318
1.207260924847e-319
2.324237333817e-321
4.40860223843e-323
8.23824596537e-325
1.5165403837e-326
2.749984830829e-328
4.911737217542e-330
8.64051388052e-332
1.496974696792e-333
2.554055297295e-335
4.290987815547e-337
7.098479001706e-339
1.156175932477e-340
1.853968677484e-342
2.92664213067e-344
4.547724934288e-346
6.955756031567e-348
1.047099556849e-349
1.55128875147e-351
2.261650745045e-353
3.244542758631e-355
4.57976296598e-357
6.360044253008e-359
8.68901677995e-361
1.167723009969e-362
1.543592633532e-364
2.006844731366e-366
2.5659442844e-368
3.226240930508e-370
3.988649123531e-372
4.848386685287e-374
5.793933885212e-376
6.80638866567e-378
7.85938373746e-380
8.91969383562e-382
9.94859648847e-384
1.090396243364e-385
1.174295275558e-387
1.242510346115e-389
1.291550095351e-391
1.31877089413e-393
1.32261095729e-395
1.302737279773e-397
1.260086341081e-399
1.196792198337e-401
1.116009478198e-403
1.021651697585e-405
9.18075251855e-408
8.09744804277e-410
7.00916008701e-412
5.953667387141e-414
4.96199357406e-416
4.057256982152e-418
3.25435219853e-420
2.560369818873e-422
1.975589486676e-424
1.494843287587e-426
1.109042015967e-428
8.0668029642e-431
5.751790513876e-433
4.019751173631e-435
2.75318501488e-437
1.847807053396e-439
1.215085875465e-441
7.82762155079e-444
4.939326692704e-446
3.052548415042e-448
1.84737571576e-450
1.094676808668e-452
6.350295509444e-455
3.605933709016e-457
2.003987010446e-459
1.089838403019e-461
5.799026857696e-464
3.018622289542e-466
1.53694013479e-468
7.65301492529e-471
3.726211624843e-473
1.773751279452e-475
8.25349784781e-478
3.753464271338e-480
1.668027399287e-482
7.24231393218e-485
3.071710466656e-487
1.272437070621e-489
5.147171185379e-492
2.03282095062e-494
7.83697713227e-497
2.948739616867e-499
1.082631927116e-501
3.877918195221e-504
1.354894123e-506
4.616523915226e-509
1.533700405963e-511
4.966985992419e-514
1.567768959753e-516
4.821877308757e-519
1.444780610963e-521
4.216425208416e-524
1.198249076427e-526
3.315215720428e-529
8.9276784081e-532
2.339513968082e-534
5.964439087404e-537
1.478989470071e-539
3.566192765136e-542
8.3594865928e-545
1.904488061206e-547
4.215872883102e-550
9.06550501537e-553
1.893102861244e-555
3.838083193107e-558
7.55249562943e-561
1.442042706807e-563
2.670856192415e-566
4.797095334412e-569
8.35275655302e-572
1.409517493018e-574
2.304427927178e-577
3.64894959529e-580
5.594250041337e-583
8.30117198709e-586
1.191822822549e-588
1.655033632517e-591
2.222131014413e-594
2.883644767481e-597
3.615440711265e-600
4.377868469395e-603
5.11772687932e-606
5.77339963617e-609
6.282746886583e-612
6.592501435427e-615
6.667281416735e-618
6.49615087096e-621
6.095069151508e-624
5.504505020638e-627
4.782689190549e-630
3.996065078505e-633
3.209125062665e-636
2.47580462543e-639
1.833995398174e-642
1.303776445584e-645
8.88988353082e-649
5.810801511796e-652
3.638947029258e-655
2.182033036793e-658
1.252080359836e-661
6.871012532509e-665
3.603727822778e-668
1.805275023009e-671
8.63186113973e-675
3.936737850832e-678
1.711324027343e-681
7.085581370052e-685
2.792162539375e-688
1.046387705017e-691
3.726369441089e-695
1.259982695458e-698
4.041677180187e-702
1.228848818826e-705
3.538216575277e-709
9.63864899121e-713
2.481859154345e-716
6.034438133636e-720
1.384045108243e-723
2.991279640037e-727
6.085282690177e-731
1.163933595538e-734
2.090683677574e-738
3.522341185535e-742
5.559145996427e-746
8.20820405359e-750
1.132294881239e-753
1.457226517443e-757
1.747072901741e-761
1.948255243568e-765
2.017616107919e-769
1.937166626395e-773
1.721385741327e-777
1.413143964842e-781
1.06972189072e-785
7.452014892977e-790
4.767572596323e-794
2.795128188263e-798
1.498310059729e-802
7.32594115542e-807
3.259125621742e-811
1.315748874503e-815
4.807035256291e-820
1.584701143586e-824
4.699445639919e-829
1.249576596067e-833
2.968943811073e-838
6.280305955646e-843
1.178201155135e-847
1.952236642915e-852
2.844585941822e-857
3.627873036401e-862
4.02963344554e-867
3.877399600728e-872
3.213581568226e-877
2.280010456325e-882
1.375624679223e-887
7.007503507635e-893
2.990552820552e-898
1.060221197532e-903
3.093855848268e-909
7.356803662383e-915
1.409818525866e-920
2.150955987641e-926
2.577733540356e-932
2.39039810414e-938
1.68674026762e-944
8.887664008227e-951
3.423176176882e-957
9.406411893881e-964
1.793322229505e-970
2.29666878284e-977
1.902481920212e-984
9.747225921009e-992
2.927181026247e-999
4.826016874114e-1007
4.027001315604e-1015
1.533780679827e-1023
2.329824489124e-1032
1.1758046730386e-1041
1.521721279744e-1051
3.415175982597e-1062
6.948397349413e-1074
3.67322701702e-1087
1.9840373101477e-1103