0.0498355623537542
0.0495883591250208
0.0490976246376817
0.0483706120911221
0.0474179775658628
0.0462535201965371
0.0448938497187976
0.0433579925803842
0.041666949660697
0.039843219943345
0.037910305190226
0.035892210761807
0.033812957234488
0.031696116427808
0.029564383942026
0.027439198409399
0.025340415483684
0.023286042242447
0.021292035267735
0.019372163309764
0.017537933222783
0.0157985758752681
0.0141610870435681
0.0126303169451201
0.0112091010804496
0.0098984244385991
0.0086976108667658
0.0076045294844021
0.0066158103949354
0.005727062565495
0.0049330875519119
0.0042280836858835
0.0036058363577113
0.0030598910692037
0.0025837069508498
0.0021707893962324
0.0018148013342013
0.0015096534135644
0.001249574002423
0.0010291603990974
0.00084341301506029
0.00068775452937178
0.0005580361401719
0.00045053306634642
0.00036193139792458
0.00028930827420333
0.00023010720089523
0.00018211011761386
0.00014340760898772
0.00011236842888677
0.00008760928772365
0.000067965645379783
0.000052464062677899
0.000040296496167756
0.000030796776266753
0.000023419388006841
0.000017720576131003
0.000013341720541114
9.9948720135e-6
7.450299202968e-6
5.5258736298104e-6
4.0781069735723e-6
2.9946520973714e-6
2.188083526313e-6
1.5907825996409e-6
1.1507654981886e-6
8.28307403546e-7
5.932320456192e-7
4.2275197554872e-7
2.9976042755286e-7
2.1149017024992e-7
1.4846802267182e-7
1.0370557983102e-7
7.20771143352e-8
4.984462414428e-8
3.4297662475775e-8
2.3482026274548e-8
1.5996723985257e-8
1.0843027140482e-8
7.312967141182e-9
4.907494813938e-9
3.2767913411088e-9
2.1770078302315e-9
1.439106749223e-9
9.465583427736e-10
6.194733991671e-10
4.0338371895896e-10
2.6135693286911e-10
1.6848807204565e-10
1.0807451336699e-10
6.897566845317e-11
4.380125483486e-11
2.7675449947503e-11
1.7398821152491e-11
1.0883321024535e-11
6.773591763746e-12
4.194614327594e-12
2.5845203783044e-12
1.5844635648404e-12
9.664922636977e-13
5.865807253652e-13
3.542174251359e-13
2.1282577474939e-13
1.2723017562499e-13
7.567754962086e-14
4.478725552556e-14
2.6372524894995e-14
1.5451059113267e-14
9.006861516068e-15
5.223923451864e-15
3.0145854943448e-15
1.7308732859848e-15
9.888016823875e-16
5.620290265919e-16
3.17843469411e-16
1.7884310509015e-16
1.0012322522479e-16
5.576998570612e-17
3.090783996606e-17
1.7042705390844e-17
9.349954833842e-18
5.10365034142e-18
2.7717372480783e-18
1.4976911598292e-18
8.051760492873e-19
4.306823831274e-19
2.2920302430917e-19
1.213611964883e-19
6.393444670696e-20
3.351080104094e-20
1.7475468138433e-20
9.067054107618e-21
4.680542985242e-21
2.4039097944345e-21
1.2283757781396e-21
6.245032658131e-22
3.158841346385e-22
1.5896802409744e-22
7.959390755988e-23
3.964945151493e-23
1.965083740919e-23
9.689707529129e-24
4.75362812447e-24
2.3201916685092e-24
1.1266936179944e-24
5.443400644107e-25
2.6164740824e-25
1.2512480528621e-25
5.953198948965e-26
2.817971131913e-26
1.3270918918332e-26
6.217888202295e-27
2.898420671271e-27
1.3441745102455e-27
6.201899815822e-28
2.84687114456e-28
1.3001215614102e-28
5.907072537187e-29
2.670127134779e-29
1.2007759022134e-29
5.372314907622e-30
2.391274954909e-30
1.0589249938453e-30
4.665171150417e-31
2.044728844293e-31
8.915971691223e-32
3.867813297994e-32
1.669264777592e-32
7.167156682197e-33
3.061466691299e-33
1.3009846485611e-33
5.500140892556e-34
2.31330808619e-34
9.67943836481e-35
4.029237425144e-35
1.6685935743886e-35
6.874359885052e-36
2.817519486681e-36
1.1488240749478e-36
4.660054828733e-37
1.8805218313523e-37
7.549436505924e-38
3.015077230243e-38
1.1979233428833e-38
4.734839110767e-39
1.861769704824e-39
7.282661788558e-40
2.833979355903e-40
1.0970956253575e-40
4.225055707809e-41
1.6186741795677e-41
6.169136265562e-42
2.338977726206e-42
8.821927315205e-43
3.310056379501e-43
1.2354941319847e-43
4.587522524564e-44
1.6945203872901e-44
6.22651854043e-45
2.27600125353e-45
8.276128985111e-46
2.993700556062e-46
1.0772453381669e-46
3.856069418795e-47
1.373086221064e-47
4.863761852944e-48
1.713827466902e-48
6.007322776485e-49
2.094655803076e-49
7.26542390197e-50
2.506828257174e-50
8.604037175116e-51
2.937600819473e-51
9.976881499992e-52
3.3705990617e-52
1.1327350415872e-52
3.786668069281e-53
1.259193566959e-53
4.165170656391e-54
1.3704930255438e-54
4.485628044639e-55
1.4603963931837e-55
4.729529818899e-56
1.523574018199e-56
4.882094311619e-57
1.556124800141e-57
4.933748008403e-58
1.555974248175e-58
4.88111859552e-59
1.523093039659e-59
4.727398615142e-60
1.459504102533e-60
4.482025312212e-61
1.3690766148638e-61
4.159721252839e-62
1.257136088575e-62
3.779031375033e-63
1.1299452049797e-63
3.360558708309e-64
9.941257771313e-65
2.925131854815e-65
8.560957391937e-66
2.492128909565e-66
7.215865769552e-67
2.07813927892e-67
5.952886448156e-68
1.696077760065e-68
4.80648506957e-69
1.3547887077e-69
3.79818503362e-70
1.0591066300465e-70
2.937383863223e-71
8.102846181e-72
2.22315002324e-72
6.06670167663e-73
1.646598056054e-73
4.445002779277e-74
1.1934502949089e-74
3.187005910514e-75
8.464591413423e-76
2.236001465537e-76
5.874615804926e-77
1.535064028786e-77
3.989435896562e-78
1.0311759598245e-78
2.650871486597e-79
6.777624099486e-80
1.723445241636e-80
4.358599794492e-81
1.0962870178803e-81
2.742379734524e-82
6.822683329317e-83
1.68812807879e-83
4.154094506589e-84
1.0166381106233e-84
2.474421381367e-85
5.989580561524e-86
1.441892380529e-86
3.452082509286e-87
8.219389518206e-88
1.946284000009e-88
4.583310605799e-89
1.0733885479793e-89
2.499984804049e-90
5.790534701144e-91
1.333825426148e-91
3.055459032135e-92
6.960640509658e-93
1.576940540992e-93
3.552817541451e-94
7.96012800315e-95
1.773596565047e-95
3.92984423602e-96
8.659236591641e-97
1.897429710185e-97
4.134582390187e-98
8.959329308221e-99
1.930613178267e-99
4.137032787436e-100
8.815655130205e-101
1.868057102145e-101
3.936349142536e-102
8.248271726512e-103
1.718684474685e-103
3.5611572287e-104
7.33746238439e-105
1.503343781504e-105
3.062854213103e-106
6.205086815076e-107
1.25003110207e-107
2.504050537373e-108
4.987840510496e-109
9.879321022549e-110
1.945738945505e-110
3.81050760662e-111
7.420270269755e-112
1.436789273628e-112
2.766309156379e-113
5.295908180705e-114
1.008114997534e-114
1.908127503331e-115
3.591122117745e-116
6.720107060556e-117
1.250383415554e-117
2.313284031751e-118
4.255309909738e-119
7.783010844412e-120
1.41538959266e-120
2.559257510891e-121
4.601074815784e-122
8.224501926527e-123
1.461714626951e-123
2.582949495299e-124
4.538028522032e-125
7.927096616453e-126
1.3767476147e-126
2.377307612191e-127
4.081359974476e-128
6.966433350301e-129
1.182223857376e-129
1.994665930971e-130
3.345949623018e-131
5.580138144197e-132
9.25218619831e-133
1.525159145186e-133
2.499509893973e-134
4.072498717767e-135
6.596763896394e-136
1.062336958275e-136
1.700796964086e-137
2.707066584643e-138
4.283503544208e-139
6.73830211731e-140
1.053781089896e-140
1.638310827386e-141
2.532127523053e-142
3.890591188714e-143
5.942699157018e-144
9.02375652148e-145
1.362146482865e-145
2.044044801194e-146
3.049189941788e-147
4.521716438991e-148
6.665676612646e-149
9.76797428095e-150
1.422922984131e-150
2.060497804999e-151
2.966019725371e-152
4.244086825067e-153
6.036706314004e-154
8.53529629458e-155
1.199601808887e-155
1.67591796087e-156
2.327355336726e-157
3.212654951203e-158
4.408126570096e-159
6.012149016399e-160
8.15057476059e-161
1.098314327879e-161
1.471099544241e-162
1.958535915146e-163
2.591744238246e-164
3.408952171442e-165
4.45671504207e-166
5.7912329082e-167
7.47973828858e-168
9.6019173923e-169
1.225131458643e-169
1.553665560841e-170
1.958301022077e-171
2.453270038768e-172
3.054584660505e-173
3.780043390866e-174
4.64917716498e-175
5.683121879184e-176
6.904405068808e-177
8.33663554025e-178
1.000408687669e-178
1.193116883094e-179
1.41417847225e-180
1.665857803419e-181
1.950207734783e-182
2.268975537839e-183
2.623502488696e-184
3.014620132154e-185
3.442546872825e-186
3.906789132206e-187
4.406051761173e-188
4.938162665255e-189
5.500016641493e-190
6.087543205703e-191
6.69570268471e-192
7.31851405313e-193
7.94911691999e-194
8.57986874872e-195
9.20247687637e-196
9.80816325396e-197
1.038785814524e-197
1.093241739133e-198
1.143285637384e-199
1.188059258816e-200
1.226768785898e-201
1.258708076605e-202
1.283279984732e-203
1.300014863352e-204
1.308585453346e-205
1.308817499448e-206
1.300695613952e-207
1.284364113651e-208
1.260122777425e-209
1.228417697617e-210
1.189827615058e-211
1.14504632301e-212
1.094861888556e-213
1.040133562246e-214
9.81767322268e-216
9.20691024987e-217
8.57830109798e-218
7.94084736166e-219
7.3030912064e-220
6.67293699689e-221
6.05750580354e-222
5.463025653196e-223
4.894758627126e-224
4.356964234886e-225
3.85289699182e-226
3.384834867503e-227
2.954134298653e-228
2.561306797336e-229
2.206111836317e-230
1.887660642092e-231
1.604525739858e-232
1.35485152897e-233
1.136461770375e-234
9.46960583543e-236
7.83824325357e-237
6.44482506902e-238
5.263866530857e-239
4.270666899757e-240
3.441750307894e-241
2.755190084483e-242
2.190826642513e-243
1.730391502416e-244
1.357551452281e-245
1.057887338491e-246
8.18821701806e-248
6.29508592332e-249
4.806975829458e-250
3.645824147544e-251
2.746429912988e-252
2.05487708504e-253
1.527014569406e-254
1.127031283372e-255
8.26151419522e-257
6.0146400034e-258
4.348918952676e-259
3.122986059255e-260
2.22726131993e-261
1.577538696182e-262
1.109664978693e-263
7.75179043748e-265
5.377813050806e-266
3.705084667272e-267
2.534979973626e-268
1.722384330991e-269
1.162143853087e-270
7.78680200653e-272
5.181111019862e-273
3.423310309774e-274
2.246075218572e-275
1.463362808263e-276
9.46726260813e-278
6.08186125999e-279
3.879566692385e-280
2.4573074261e-281
1.545468740826e-282
9.65117734989e-284
5.98431654364e-285
3.684324169005e-286
2.25218949e-287
1.366943636785e-288
8.23738987564e-290
4.928521875729e-291
2.927699514033e-292
1.726687411928e-293
1.01105083681e-294
5.87758503463e-296
3.392236240441e-297
1.943699187291e-298
1.10566188372e-299
6.24396475432e-301
3.500562510172e-302
1.948269189848e-303
1.076436043099e-304
5.90404999481e-306
3.214613043897e-307
1.737475081251e-308
9.3221045197e-310
4.964884135995e-311
2.624812407522e-312
1.377449324622e-313
7.17522250944e-315
3.70998064437e-316
1.904050906083e-317
9.69951883702e-319
4.904340351668e-320
2.461295787431e-321
1.226009398099e-322
6.06128257722e-324
2.974198354891e-325
1.448451257287e-326
7.00100292865e-328
3.358403540639e-329
1.598878780285e-330
7.55443518681e-332
3.542305302397e-333
1.64839467177e-334
7.61239470319e-336
3.488670111645e-337
1.58661155352e-338
7.16055985768e-340
3.206878665134e-341
1.425183371477e-342
6.28499716707e-344
2.750293005363e-345
1.194223908575e-346
5.145396217856e-348
2.199740531266e-349
9.33118791787e-351
3.927430370219e-352
1.640133995834e-353
6.795831553e-355
2.793775099909e-356
1.139512060144e-357
4.611244003933e-359
1.851322091752e-360
7.3740068377e-362
2.913907032006e-363
1.142329366867e-364
4.442662668829e-366
1.714053976534e-367
6.56035861024e-369
2.490837112126e-370
9.38145993759e-372
3.505060598897e-373
1.299012241439e-374
4.775470134617e-376
1.741392718932e-377
6.29865032213e-379
2.259752605805e-380
8.04135643355e-382
2.838213766859e-383
9.93574814642e-385
3.449752949913e-386
1.187953891834e-387
4.057210316558e-389
1.374244273591e-390
4.616373249101e-392
1.537908514288e-393
5.080947267904e-395
1.66469786775e-396
5.40872137741e-398
1.742665776916e-399
5.56782668367e-401
1.764010582064e-402
5.54181785894e-404
1.726356785129e-405
5.33246144717e-407
1.633184753139e-408
4.959579410516e-410
1.493302469466e-411
4.45795351365e-413
1.319469840374e-414
3.871960266495e-416
1.126473728847e-417
3.249085969193e-419
9.2905719689e-421
2.633637014218e-422
7.40103822834e-424
2.061786240138e-425
5.69376876948e-427
1.558662547633e-428
4.229522011366e-430
1.137648683744e-431
3.03314698181e-433
8.01563279462e-435
2.099577187648e-436
5.45087344663e-438
1.40259105063e-439
3.576985413711e-441
9.04096499152e-443
2.264718514942e-444
5.6221930024e-446
1.383182666513e-447
3.372296282708e-449
8.14768774844e-451
1.950722545778e-452
4.628060715237e-454
1.088015019795e-455
2.534503232008e-457
5.85009173885e-459
1.337932059365e-460
3.031772598472e-462
6.80675191877e-464
1.514096123612e-465
3.336772686274e-467
7.28532282135e-469
1.575829661821e-470
3.376737111319e-472
7.1680642441e-474
1.507343609037e-475
3.139911324644e-477
6.47897319409e-479
1.324242518389e-480
2.680959228166e-482
5.37604561964e-484
1.067761801833e-485
2.100453558957e-487
4.092300811133e-489
7.89634648291e-491
1.508958741259e-492
2.855678553937e-494
5.35192780699e-496
9.93272134049e-498
1.825455971468e-499
3.322060414581e-501
5.98638450787e-503
1.068145444825e-504
1.887089859037e-506
3.300948815982e-508
5.71684680879e-510
9.80242037125e-512
1.664012014972e-513
2.796489771652e-515
4.652547803311e-517
7.66260404873e-519
1.249271604123e-520
2.016133179545e-522
3.220699901503e-524
5.09256682573e-526
7.97012793601e-528
1.234589220634e-529
1.892756554134e-531
2.871894547699e-533
4.312508243262e-535
6.40863112842e-537
9.42454885167e-539
1.371518893313e-540
1.975035108602e-542
2.814267766624e-544
3.967886596355e-546
5.53530924786e-548
7.64009554751e-550
1.043314656412e-551
1.409537688739e-553
1.883944408914e-555
2.491004505202e-557
3.258223736426e-559
4.215722984168e-561
5.39551245431e-563
6.83041970851e-565
8.55264825073e-567
1.059196937747e-568
1.297358335606e-570
1.571572505525e-572
1.882713105214e-574
2.230452598643e-576
2.613032065497e-578
3.027073772848e-580
3.467458791648e-582
3.927290571884e-584
4.39796170918e-586
4.86933512962e-588
5.33004285771e-590
5.76789597867e-592
6.17038918827e-594
6.52527346695e-596
6.82116202501e-598
7.04812880169e-600
7.1982563221e-602
7.26609115765e-604
7.24897070869e-606
7.14719417425e-608
6.96402258833e-610
6.70550651004e-612
6.38015395611e-614
5.99846399978e-616
5.57236180354e-618
5.11457767298e-620
4.638015409111e-622
4.155153678918e-624
3.677518690743e-626
3.215257938662e-628
2.776834257055e-630
2.368848128244e-632
1.995985322399e-634
1.661077559753e-636
1.36525673696e-638
1.108178777776e-640
8.88291431955e-643
7.03121121813e-645
5.4955675136e-647
4.241126310862e-649
3.231576667763e-651
2.431030873418e-653
1.805457239938e-655
1.323678276355e-657
9.57974092852e-660
6.84350467709e-662
4.82540810839e-664
3.358127681662e-666
2.306454165538e-668
1.563340259439e-670
1.045682016169e-672
6.90175254336e-675
4.494782790664e-677
2.888174059493e-679
1.83096007736e-681
1.145118827445e-683
7.06502154213e-686
4.299743428464e-688
2.581144628966e-690
1.528260140085e-692
8.92424622997e-695
5.13936002417e-697
2.918659720858e-699
1.634437256677e-701
9.02477954755e-704
4.91316617392e-706
2.637032579122e-708
1.395311453209e-710
7.2778083343e-713
3.741758592772e-715
1.896130602148e-717
9.46998795589e-720
4.661121145818e-722
2.260798979445e-724
1.08052451673e-726
5.08836971652e-729
2.360826093923e-731
1.07909651185e-733
4.85888797682e-736
2.155077223765e-738
9.41470853719e-741
4.050768650263e-743
1.716416291476e-745
7.1619326091e-748
2.942576128326e-750
1.190370592734e-752
4.740896449311e-755
1.858784320684e-757
7.17387637773e-760
2.725215743144e-762
1.018909006615e-764
3.749060612757e-767
1.357459062752e-769
4.83629224982e-772
1.695289089833e-774
5.84633863439e-777
1.983335939563e-779
6.61825443599e-782
2.172140168137e-784
7.01118427881e-787
2.225438455705e-789
6.94578870787e-792
2.131424700702e-794
6.43015004895e-797
1.906929794479e-799
5.55866029801e-802
1.592525113374e-804
4.48375217629e-807
1.240492163934e-809
3.372104649648e-812
9.00574510253e-815
2.362687829279e-817
6.08859548577e-820
1.541017134862e-822
3.830296109483e-825
9.34859194697e-828
2.240283248963e-830
5.27054937909e-833
1.217188573929e-835
2.759059748651e-838
6.1378639803e-841
1.339915475083e-843
2.87006684531e-846
6.03130037305e-849
1.243321650389e-851
2.513959368973e-854
4.98520728291e-857
9.69406069498e-860
1.848300036981e-862
3.454851912525e-865
6.33026578093e-868
1.136827612628e-870
2.000743202802e-873
3.450287898228e-876
5.82946918051e-879
9.64837261581e-882
1.564124896297e-884
2.483254534225e-887
3.860493616066e-890
5.87590503148e-893
8.75497141939e-896
1.27679036591e-898
1.822239118331e-901
2.544761969178e-904
3.476796176205e-907
4.646595675599e-910
6.07360459175e-913
7.76328564607e-916
9.7020277359e-919
1.185296051562e-921
1.415360336191e-924
1.651621429464e-927
1.883144731153e-930
2.097548038674e-933
2.282019688553e-936
2.424539268291e-939
2.51514709304e-942
2.547080588351e-945
2.51759994572e-948
2.428364528698e-951
2.285289942816e-954
2.097900438465e-957
1.878274855304e-960
1.639748938501e-963
1.395569251433e-966
1.157688530783e-969
9.35852567729e-973
7.37065551924e-976
5.6544957215e-979
4.224500089984e-982
3.072935718068e-985
2.17585407994e-988
1.499353345956e-991
1.005250446611e-994
6.55597087149e-998
4.158022745339e-1001
2.563991937574e-1004
1.536800160186e-1007
8.95113675615e-1011
5.06507880764e-1014
2.783726845273e-1017
1.485533880271e-1020
7.69546879151e-1024
3.868682374118e-1027
1.886875454857e-1030
8.92585841496e-1034
4.094071850946e-1037
1.82024296159e-1040
7.84221908373e-1044
3.273022963361e-1047
1.322884052554e-1050
5.17626707698e-1054
1.960155503326e-1057
7.18120477136e-1061
2.544416021235e-1064
8.71587671783e-1068
2.885434666304e-1071
9.22848768104e-1075
2.850411946652e-1078
8.4991963606e-1082
2.445530818859e-1085
6.78768724264e-1089
1.816555303311e-1092
4.685700151018e-1096
1.164438355568e-1099
2.786683965681e-1103
6.4194390879e-1107
1.422817737071e-1110
3.032805510358e-1114
6.21410639694e-1118
1.223327339068e-1121
2.312718295998e-1125
4.196623600844e-1129
7.30550953553e-1133
1.219396187003e-1136
1.950509385201e-1140
2.98826743154e-1144
4.382404342819e-1148
6.14857094183e-1152
8.24793995333e-1156
1.05720820236e-1159
1.294036675727e-1163
1.511554593702e-1167
1.683856343159e-1171
1.787702511086e-1175
1.807555122007e-1179
1.739332868438e-1183
1.591654639317e-1187
1.384079689808e-1191
1.142829007826e-1195
8.95285097481e-1200
6.64880015426e-1204
4.676902580144e-1208
3.113341366094e-1212
1.959554121736e-1216
1.165055405193e-1220
6.53700485334e-1225
3.457999424692e-1229
1.722828791484e-1233
8.07557092612e-1238
3.557508895086e-1242
1.47120205335e-1246
5.70489377629e-1251
2.071808706243e-1255
7.03782160844e-1260
2.233334656453e-1264
6.61175164791e-1269
1.823582338129e-1273
4.679041073468e-1278
1.115228451115e-1282
2.465325296713e-1287
5.046491760197e-1292
9.54956307187e-1297
1.667631802529e-1301
2.682578492499e-1306
3.967528121347e-1311
5.384524862046e-1316
6.69177950139e-1321
7.59923647108e-1326
7.86787050844e-1331
7.40939758994e-1336
6.33108647633e-1341
4.895789441212e-1346
3.41696449343e-1351
2.146328320255e-1356
1.20973625279e-1361
6.09896750484e-1367
2.74126654266e-1372
1.094596066375e-1377
3.868620376776e-1383
1.20546961779e-1388
3.298002504525e-1394
7.88726177697e-1400
1.641146862389e-1405
2.956296782013e-1411
4.585819612676e-1417
6.090941741514e-1423
6.88502838918e-1429
6.58025667064e-1435
5.280116707826e-1441
3.53034671353e-1447
1.950778940977e-1453
8.83001681252e-1460
3.242565350986e-1466
9.55921606722e-1473
2.236481643887e-1479
4.100447859704e-1486
5.809941485744e-1493
6.264554916468e-1500
5.052863344279e-1507
2.990779899915e-1514
1.271347330708e-1521
3.787710978855e-1529
7.692048505054e-1537
1.031296735061e-1544
8.79671682626e-1553
4.571169070167e-1561
1.374701170583e-1569
2.249583907727e-1578
1.858133603193e-1587
7.056507745018e-1597
1.094247119423e-1606
5.933517435487e-1617
9.119926568118e-1628
2.949853589509e-1639
1.279954967869e-1651
3.529840974575e-1665
1.465106625182e-1680
2.183936937038e-1699