0.0638363827313185
0.0633172717073334
0.0622916759709972
0.0607843378199062
0.0588311236771688
0.0564776061957839
0.0537772985553007
0.050789636374472
0.0475778132541299
0.044206579431918
0.04074010943926
0.037240034616415
0.033763720948784
0.030362853371269
0.0270823660852288
0.023959736231833
0.0210246370558634
0.0182989278420626
0.0157969424620854
0.0135260270127896
0.0114872700475573
0.0096763662275808
0.0080845554615864
0.0066995841318275
0.0055066420372763
0.004489237368939
0.0036299815254009
0.002911265115007
0.0023158154368947
0.0018271336046677
0.0014298159586087
0.00110976935035168
0.00085433326524105
0.0006523236741871
0.00049401416369748
0.00037106951575217
0.00027644575537582
0.00020426900662666
0.00014970352827393
0.00010881723465412
0.000078450999440775
0.000056096201600522
0.000039783374313199
0.000027983494423316
0.000019522408801837
0.000013508120303896
9.270121055099e-6
6.3096278258312e-6
4.25940357587e-6
2.8518020916068e-6
1.893713728979e-6
1.2471893915162e-6
8.146524777325e-7
5.2775576334837e-7
3.3908839132785e-7
2.1607816211845e-7
1.3656062880891e-7
8.559638941657e-8
5.3210739899486e-8
3.2806178605817e-8
2.0059635757722e-8
1.2164661303157e-8
7.316191851209e-9
4.3639193242343e-9
2.5815073025549e-9
1.5145145386967e-9
8.812018108514e-10
5.0848428569181e-10
2.9099013170595e-10
1.6514897391787e-10
9.295412970466e-11
5.1886569746683e-11
2.8723207640116e-11
1.5768879711373e-11
8.585327366021e-12
4.6355275016908e-12
2.4821377853712e-12
1.3180598889763e-12
6.94104758492e-13
3.624879537587e-13
1.8773223330432e-13
9.641815817188e-14
4.910791668233e-14
2.4803606656749e-14
1.2423579140285e-14
6.17085146837e-15
3.0395395022622e-15
1.4846793543569e-15
7.1914677992e-16
3.4543011045408e-16
1.6453503301441e-16
7.771589369335e-17
3.6400913607287e-17
1.6906876246509e-17
7.786831248e-18
3.5563301483407e-18
1.610589601225e-18
7.232805461004e-19
3.2208113394151e-19
1.422190929226e-19
6.227046594314e-20
2.703555993096e-20
1.163898435541e-20
4.968424035732e-21
2.1030201795186e-21
8.826464427575e-22
3.6732117416538e-22
1.515717554593e-22
6.201560291291e-23
2.5158876814008e-23
1.0120134901733e-23
4.03629858242e-24
1.5961706686022e-24
6.2585181979e-25
2.4330830415785e-25
9.378483068254e-26
3.584227152029e-26
1.3581342039388e-26
5.102359173083e-27
1.9005419446171e-27
7.018735318018e-28
2.5698755771098e-28
9.328975978525e-29
3.357540709797e-29
1.1980385462965e-29
4.238178203498e-30
1.4864258438651e-30
5.1684409128e-31
1.7816597462619e-31
6.088852904921e-32
2.062947923861e-32
6.929144987894e-33
2.3073109890101e-33
7.616653344894e-34
2.4925865692432e-34
8.086502366057e-35
2.6007101997586e-35
8.291637650748e-36
2.6206081163502e-36
8.210574187839e-37
2.5500628988175e-37
7.85109751145e-38
2.3961176140007e-38
7.249036814636e-39
2.1739171541503e-39
6.462376353574e-40
1.9042506147214e-40
5.562045731295e-41
1.6103473264079e-41
4.621415643252e-42
1.3146097896956e-42
3.706644224387e-43
1.0359122468912e-43
2.869583282939e-44
7.878875601729e-45
2.1441487071781e-45
5.783443260512e-46
1.5461606112568e-46
4.096895395371e-47
1.0759271002415e-47
2.800490078926e-48
7.22443574751e-49
1.8470896455884e-49
4.680384868845e-50
1.1753848235726e-50
2.925356768287e-51
7.215611412617e-52
1.7638360839408e-52
4.272964739124e-53
1.0258445763081e-53
2.440675985988e-54
5.754533007649e-55
1.3445485562968e-55
3.113180885228e-56
7.143131574948e-57
1.6241431479683e-57
3.659369020752e-58
8.17013449178e-59
1.8075407847864e-59
3.962576591968e-60
8.60780896549e-61
1.852796131523e-61
3.95163980555e-62
8.350959200187e-63
1.7486351992247e-63
3.627942715936e-64
7.457863645527e-65
1.5189927036876e-65
3.065339222283e-66
6.128826561003e-67
1.2140773026997e-67
2.382757290587e-68
4.633102690874e-69
8.925177163604e-70
1.7033687155175e-70
3.220634528955e-71
6.032664713041e-72
1.1194529866793e-72
2.057905232533e-73
3.747672147809e-74
6.760959537988e-75
1.208257163478e-75
2.138988442302e-76
3.75101833569e-77
6.515912581178e-78
1.1211925345309e-78
1.910986218883e-79
3.226270636019e-80
5.395147721518e-81
8.936316894158e-82
1.4660871160149e-82
2.382320876541e-83
3.834186332296e-84
6.111837725654e-85
9.649152427058e-86
1.5087536297049e-86
2.336427453867e-87
3.583307134985e-88
5.44260007327e-89
8.186764671939e-90
1.219535563196e-90
1.799059966233e-91
2.628200474403e-92
3.802118381504e-93
5.446777497407e-94
7.726681133338e-95
1.085370828052e-95
1.5096889758264e-96
2.079281710786e-97
2.835619547042e-98
3.828984206269e-99
5.119320520938e-100
6.776825270317e-101
8.882137675103e-102
1.1525981626674e-102
1.4808104058869e-103
1.883536082293e-104
2.371882438536e-105
2.956982925288e-106
3.64949325163e-107
4.458984766794e-108
5.393250687881e-109
6.457551455566e-110
7.653836491414e-111
8.979989789468e-112
1.0429154887886e-112
1.1989199582984e-113
1.3642381124998e-114
1.536526769853e-115
1.712896129343e-116
1.889965072371e-117
2.063950229882e-118
2.230787088464e-119
2.386278777478e-120
2.526265630183e-121
2.646806401159e-122
2.744360395832e-123
2.815958931138e-124
2.859354637761e-125
2.873138183126e-126
2.856813989852e-127
2.810829295966e-128
2.736554213586e-129
2.6362139925e-130
2.512778154887e-131
2.369814216076e-132
2.211316066299e-133
2.041518557453e-134
1.864710310656e-135
1.685056233903e-136
1.506439814307e-137
1.332333111298e-138
1.1656997700593e-139
1.0089335711635e-140
8.638323017455e-142
7.316043117152e-143
6.129031864884e-144
5.0788463746e-145
4.162790223802e-146
3.374728313905e-147
2.705929268689e-148
2.145881840314e-149
1.68304302576e-150
1.305488043121e-151
1.0014446843371e-152
7.597058056947e-154
5.699231076291e-155
4.227924837536e-156
3.101459779387e-157
2.249679156288e-158
1.613533856274e-159
1.14426358491e-160
8.023279017542e-162
5.562150820283e-163
3.812288785499e-164
2.583259293484e-165
1.73051868698e-166
1.146033909863e-167
7.502710921548e-169
4.855401051849e-170
3.106022656082e-171
1.964007319182e-172
1.227514970463e-173
7.583013552147e-175
4.62992778097e-176
2.793893483839e-177
1.666228240866e-178
9.82050477129e-180
5.719964574019e-181
3.292293067509e-182
1.872554839132e-183
1.052414143659e-184
5.844399809687e-186
3.206853949617e-187
1.738558254623e-188
9.31225302034e-190
4.927881561549e-191
2.576262517682e-192
1.330541976257e-193
6.788280398131e-195
3.421114985508e-196
1.70308417686e-197
8.374305485859e-199
4.067141514367e-200
1.950926819786e-201
9.24245090356e-203
4.324251281804e-204
1.997998977485e-205
9.11639195085e-207
4.107492442332e-208
1.827423173113e-209
8.027723611974e-211
3.48192029481e-212
1.491078164193e-213
6.304041253201e-215
2.631215693511e-216
1.084161984482e-217
4.409746291046e-219
1.770500087183e-220
7.016528054518e-222
2.744564335675e-223
1.059571082989e-224
4.037130889438e-226
1.518035587896e-227
5.632972405064e-229
2.062622807962e-230
7.452608655311e-232
2.656945982128e-233
9.34592838729e-235
3.243446235508e-236
1.110489629414e-237
3.750806685029e-239
1.249728995949e-240
4.107394518481e-242
1.331541207628e-243
4.257536946567e-245
1.342627856558e-246
4.17564792776e-248
1.280679469019e-249
3.87331231032e-251
1.155119725076e-252
3.396648397157e-254
9.8475855496e-256
2.814755925524e-257
7.931576787912e-259
2.203240462286e-260
6.032861590132e-262
1.628242926637e-263
4.331361641858e-265
1.135569920627e-266
2.934012970581e-268
7.470388069183e-270
1.87426626866e-271
4.633403812801e-273
1.128556290025e-274
2.708156226712e-276
6.402130818275e-278
1.49089947833e-279
3.419932493229e-281
7.726879359881e-283
1.719411948883e-284
3.768048179264e-286
8.131765349697e-288
1.728048769213e-289
3.615767443452e-291
7.448838896125e-293
1.510741672224e-294
3.016303159105e-296
5.928054801836e-298
1.146755486955e-299
2.183330376738e-301
4.090970756096e-303
7.543267448935e-305
1.368631156389e-306
2.443286170477e-308
4.291312065575e-310
7.414812664383e-312
1.260290592974e-313
2.107013665744e-315
3.464619043767e-317
5.602734462837e-319
8.90975054533e-321
1.3932085584e-322
2.141980552828e-324
3.237628480557e-326
4.810757535556e-328
7.026472182887e-330
1.008696688103e-331
1.423130764899e-333
1.973108921283e-335
2.68806633962e-337
3.598087596413e-339
4.731577824854e-341
6.112261710034e-343
7.755651560205e-345
9.66525294844e-347
1.182890181903e-348
1.421572640176e-350
1.677427430815e-352
1.943231621794e-354
2.2098718055e-356
2.466756364862e-358
2.70244279909e-360
2.905438401558e-362
3.065102392579e-364
3.172554546765e-366
3.221484429811e-368
3.208759840637e-370
3.134753564087e-372
3.003341665617e-374
2.82156913375e-376
2.599022696801e-378
2.346988659936e-380
2.077499263651e-382
1.802380379135e-384
1.532405503807e-386
1.276638370294e-388
1.042013940879e-390
8.3317140009e-393
6.525192504686e-395
5.004867918893e-397
3.759010897549e-399
2.764246369236e-401
1.989948295642e-403
1.402192174896e-405
9.66967615626e-408
6.525172654406e-410
4.308081404428e-412
2.782420747533e-414
1.757692711185e-416
1.085869439597e-418
6.559323454194e-421
3.873633367304e-423
2.236074247544e-425
1.261511804958e-427
6.954435387359e-430
3.745629795176e-432
1.970634437306e-434
1.012581980572e-436
5.080666806719e-439
2.488856747014e-441
1.1901146088e-443
5.554016171148e-446
2.529143276778e-448
1.123582097892e-450
4.86874537269e-453
2.057427716759e-455
8.47696440849e-458
3.404676897275e-460
1.332727158371e-462
5.083290083167e-465
1.888833943418e-467
6.835861193559e-470
2.409056325343e-472
8.26526799543e-475
2.760091440093e-477
8.96902122994e-480
2.83542637757e-482
8.71842962413e-485
2.606739538136e-487
7.576828302333e-490
2.140408285091e-492
5.875056407067e-495
1.566456873308e-497
4.056004167149e-500
1.01960559963e-502
2.487699501582e-505
5.889401529838e-508
1.35246229208e-510
3.01183124355e-513
6.502130917813e-516
1.360397674901e-518
2.75755327399e-521
5.413644802959e-524
1.029012112271e-526
1.893085328821e-529
3.36968955491e-532
5.80132850276e-535
9.65667240007e-538
1.553571562099e-540
2.414774271081e-543
3.624912635357e-546
5.253210491432e-549
7.346577050725e-552
9.91062490249e-555
1.289114631364e-557
1.616110559704e-560
1.951865234115e-563
2.270040126587e-566
2.541108803003e-569
2.736624971944e-572
2.834006999334e-575
2.820761225889e-578
2.697070774853e-581
2.476020796057e-584
2.181331904855e-587
1.843140273647e-590
1.492868985251e-593
1.158411270922e-596
8.6064904121e-600
6.118559776497e-603
4.159704956432e-606
2.70264495202e-609
1.677041477233e-612
9.93193966966e-616
5.609943924314e-619
3.020001144745e-622
1.548319807328e-625
7.554235539055e-629
3.504758083919e-632
1.5449493729e-635
6.465458298432e-639
2.56650479853e-642
9.65516163e-646
3.439191165074e-649
1.158841382198e-652
3.69012081257e-656
1.109353122743e-659
3.145287985761e-663
8.40127913439e-667
2.111744064819e-670
4.989385998827e-674
1.10673503083e-677
2.301931678956e-681
4.483679655568e-685
8.167512114096e-689
1.389488912355e-692
2.204466616422e-696
3.256737851141e-700
4.473152818738e-704
5.702806818705e-708
6.737048341018e-712
7.361845368784e-716
7.427377376916e-720
6.905186001277e-724
5.903734675517e-728
4.632002832114e-732
3.327636993096e-736
2.183812302078e-740
1.305999621395e-744
7.099055754767e-749
3.497924719642e-753
1.557871994793e-757
6.252520878566e-762
2.2542245706e-766
7.276025406254e-771
2.095055276683e-775
5.361119816877e-780
1.214298534627e-784
2.424061473118e-789
4.245458071439e-794
6.491528078721e-799
8.620645792938e-804
9.88705208478e-809
9.73438386925e-814
8.174129307736e-819
5.813201986558e-824
3.474762638889e-829
1.731328245295e-834
7.12629331901e-840
2.39936694253e-845
6.537004219207e-851
1.424068235713e-856
2.448050696069e-862
3.272449913184e-868
3.346286770063e-874
2.569689465205e-880
1.451321791045e-886
5.886929566257e-893
1.668791902564e-899
3.203107513932e-906
4.011689446827e-913
3.137950536466e-920
1.454465789335e-927
3.746975050006e-935
4.954864016789e-943
3.040001735314e-951
7.583775248091e-960
6.434149604744e-969
1.4411868535936e-978
5.813649238394e-989
2.240295760958e-1000
2.431308328997e-1013
3.146090747523e-1029