0.1132189513056687
0.1103367665891604
0.1047904602763935
0.0969889155267915
0.0874820705628681
0.0768970318273722
0.0658703381769687
0.0549864224537401
0.0447302155778721
0.0354585042621158
0.0273909376624297
0.0206183002607221
0.0151234170440523
0.0108090858756113
0.00752766114699248
0.00510801913410882
0.00337718498168009
0.00217547849191585
0.00136533519899498
0.00083482311635053
0.000497285352597453
0.000288574143645199
0.000163129843891372
0.000089829001174074
0.0000481824551445089
0.0000251728107245974
0.0000128092973224853
6.3481801902053e-6
3.06395371924274e-6
1.44013093504757e-6
6.5915190516073e-7
2.93770947370954e-7
1.27481489029025e-7
5.3861024526122e-8
2.21546362567948e-8
8.8713471811911e-9
3.4579677203799e-9
1.3119860644701e-9
4.8448908466614e-10
1.74122079567199e-10
6.0898467781193e-11
2.07256498333642e-11
6.863170684546e-12
2.21116346134253e-12
6.9304241141965e-13
2.11302257272936e-13
6.2663578223583e-14
1.80739571649769e-14
5.0696441163959e-15
1.38275709570296e-15
3.6670378873486e-16
9.4545679820557e-17
2.3696231985326e-17
5.7727336406362e-18
1.36678575764964e-18
3.1447555344686e-19
7.0305677346132e-20
1.52707090096639e-20
3.2221088833512e-21
6.6035729648137e-22
1.31437616963136e-22
2.5404172754161e-23
4.7673434596639e-24
8.6850770631477e-25
1.5358015715204e-25
2.6357095301139e-26
4.3893098279146e-27
7.0919361967151e-28
1.11156610446006e-28
1.6898104365401e-29
2.4911593421512e-30
3.560842011305e-31
4.9341987192391e-32
6.6269930167779e-33
8.6252891079958e-34
1.08769585086081e-34
1.32872575966995e-35
1.5720729130243e-36
1.8010789561906e-37
1.9976836025553e-38
2.1446849029199e-39
2.2281776613749e-40
2.2397010040272e-41
2.1776404497431e-42
2.047565256591e-43
1.8614089676988e-44
1.6356589775769e-45
1.3889365350487e-46
1.13946174471217e-47
9.0288201951465e-49
6.9081133884641e-50
5.102293046122e-51
3.6368553217958e-52
2.5010095171829e-53
1.6588383797656e-54
1.0608635734302e-55
6.5395150952115e-57
3.8843852373459e-58
2.2225228361191e-59
1.2245314343154e-60
6.4944442363966e-62
3.3144145927813e-63
1.6270639092346e-64
7.6801737543607e-66
3.4844741792642e-67
1.5189013884853e-68
6.3587161852525e-70
2.5554837296283e-71
9.854885405173e-73
3.6451067573889e-74
1.2925544179695e-75
4.3919871118317e-77
1.4293363317446e-78
4.4529726076376e-80
1.3273399385608e-81
3.7835386555052e-83
1.0307612570322e-84
2.6823429333857e-86
6.6636361382e-88
1.5793746483548e-89
3.5691388586203e-91
7.685365596904e-93
1.5757863932964e-94
3.0744035557453e-96
5.70352950478e-98
1.0053643159515e-99
1.6825439165069e-101
2.6713248754583e-103
4.020183892732e-105
5.729969448174e-107
7.727876046557e-109
9.853011393389e-111
1.1864865632923e-112
1.3480601593088e-114
1.4436390476719e-116
1.4556026460997e-118
1.3803032434103e-120
1.2295485547855e-122
1.0276059802967e-124
8.047564272377e-127
5.897686866172e-129
4.0390083392945e-131
2.5811428140489e-133
1.5368527536579e-135
8.512209693374e-138
4.378396146678e-140
2.0877902489669e-142
9.212022689163e-145
3.7538302922739e-147
1.4097939897814e-149
4.869216520791e-152
1.5430967927707e-154
4.476194895873e-157
1.1854838382576e-159
2.8587410723202e-162
6.258854027702e-165
1.2402914575096e-167
2.2173893424664e-170
3.563965182775e-173
5.130695616282e-176
6.58917955567e-179
7.516750964365e-182
7.581588708508e-185
6.727420713015e-188
5.223273923939e-191
3.527676081441e-194
2.0592284486e-197
1.0316931180937e-200
4.402435560104e-204
1.5865783128002e-207
4.784070605742e-211
1.194518005227e-214
2.4412525682844e-218
4.030924882992e-222
5.298844052973e-226
5.453482593074e-230
4.310704508555e-234
2.559536752631e-238
1.1123591855579e-242
3.431462356868e-247
7.242811581596e-252
1.0002582798395e-256
8.551128701167e-262
4.218144375265e-267
1.0955159928806e-272
1.3236867909884e-278
6.246459638903e-285
8.844713155154e-292
2.4308630674575e-299
5.621833397118e-308
1.2724262722434e-318