0.052433206786101
0.0521453398561071
0.0515743377576727
0.0507295346454292
0.0496246132719822
0.0482772364076429
0.046708577346106
0.0449427669270605
0.043006277236457
0.040927263932624
0.038734889933116
0.03645865298016
0.034127738432636
0.031770416609101
0.02941350126952
0.027081882543429
0.024798143978461
0.022582269591297
0.020451443043813
0.018419937515464
0.0164990916489725
0.0146973642292551
0.0130204580988255
0.0114715022633611
0.0100512802094204
0.0087584921200879
0.0075900388830728
0.0065413164666783
0.0056065103037335
0.0047788806749278
0.004051031621743
0.0034151575496812
0.0028632633176111
0.0023873551737719
0.0019796013328562
0.0016324622469055
0.0013387916765654
0.0010919105044882
0.00088565584851088
0.000714408438878
0.00057310144004948
0.00045721394839179
0.00036275231078045
0.00028622221571598
0.0002245942373666
0.00017526519141966
0.00013601731411604
0.00010497692298397
0.00008057387613923
0.00006150282905029
0.000046687001980253
0.000035244923044509
0.000026460403130949
0.000019755829585397
0.000014668733509516
0.000010831487405179
7.953921582637e-6
5.808604696428e-6
4.2185113960603e-6
3.046793988955e-6
2.1883811963636e-6
1.5631420085695e-6
1.1103733201951e-6
7.843940028228e-7
5.5105342524284e-7
3.8498771177782e-7
2.6748120191125e-7
1.8481295475591e-7
1.269883273883e-7
8.677346453694e-8
5.896595011557e-8
3.9847985556306e-8
2.6779447988808e-8
1.7897258544058e-8
1.1894891950577e-8
7.861818928248e-9
5.167417591002e-9
3.377625548784e-9
2.1955143865782e-9
1.4192121982931e-9
9.123134021242e-10
5.832111892777e-10
3.7075934633454e-10
2.3439169614508e-10
1.4735862755954e-10
9.212797331202e-11
5.727820940095e-11
3.5413485186214e-11
2.1773516505142e-11
1.3312771823392e-11
8.094457399427e-12
4.89424446975e-12
2.9428054754881e-12
1.7596031867758e-12
1.0462717812017e-12
6.186573326939e-13
3.6377343588099e-13
2.1270918343644e-13
1.2368448023837e-13
7.151829404798e-14
4.112361716558e-14
2.3514564286783e-14
1.3370673023398e-14
7.56030878211e-15
4.251037656505e-15
2.3769428311458e-15
1.3216306179461e-15
7.30748972003e-16
4.017836781105e-16
2.1967543897405e-16
1.1943593768227e-16
6.4573156459e-17
3.471615642317e-17
1.8559788921697e-17
9.866777716405e-18
5.216001441655e-18
2.741948107623e-18
1.4333064167313e-18
7.450342720554e-19
3.850968334846e-19
1.9793346396775e-19
1.0116334147385e-19
5.14139349172e-20
2.5983121458333e-20
1.3057308434511e-20
6.52479559442e-21
3.242127631878e-21
1.6019253914187e-21
7.870502614785e-22
3.845117979284e-22
1.8679398992354e-22
9.023211828045e-23
4.334144856717e-23
2.0700874303703e-23
9.831412627251e-24
4.642844022313e-24
2.1801790064196e-24
1.0179795425931e-24
4.726326541722e-25
2.1819515522262e-25
1.0016179776235e-25
4.571867752801e-26
2.0750026373474e-26
9.364314424643e-27
4.202082258768e-27
1.8749220559595e-27
8.31822879701e-28
3.669495348707e-28
1.609564962211e-28
7.019985399146e-29
3.044305790687e-29
1.3126940895424e-29
5.628086888708e-30
2.399268614667e-30
1.01698972854e-30
4.286202295806e-31
1.7961638348318e-31
7.484024286808e-32
3.10055292412e-32
1.2771931590218e-32
5.231018279789e-33
2.1302317173465e-33
8.625358153474e-34
3.472448614296e-34
1.3899578350563e-34
5.53188612566e-35
2.189018009766e-35
8.612487732131e-36
3.369067778595e-36
1.3103623093454e-36
5.067248505156e-37
1.9482775380062e-37
7.4477636836e-38
2.830714191344e-38
1.0696946939049e-38
4.018980995566e-39
1.5012843320371e-39
5.575700375689e-40
2.058846447995e-40
7.558491161319e-41
2.758871310623e-41
1.0011784824567e-41
3.612217077655e-42
1.2957373463865e-42
4.621036853548e-43
1.6384746230943e-43
5.775855760987e-44
2.024266942019e-44
7.053302849252e-45
2.443368988395e-45
8.415032972389e-46
2.88131856342e-46
9.808302810358e-47
3.319418562085e-47
1.1168482247486e-47
3.735843695919e-48
1.2423502111707e-48
4.107320306531e-49
1.3499904058802e-49
4.411220217683e-50
1.4329832224013e-50
4.627816528156e-51
1.4858061860314e-51
4.742392823752e-52
1.5048060947391e-52
4.746893880129e-53
1.488616296531e-53
4.640861096185e-54
1.4383189578708e-54
4.431501927225e-55
1.3573256045082e-55
4.132879568262e-56
1.250994226451e-56
3.764349460636e-57
1.1260426816434e-57
3.348484291151e-58
9.898476794842e-59
2.908796552058e-59
8.49730821926e-60
2.467576389202e-60
7.123266653162e-61
2.044114882832e-61
5.831053558485e-62
1.65349357432e-62
4.660900709943e-63
1.3060119380245e-63
3.637746935278e-64
1.0072190616218e-64
2.772168142443e-65
7.584333684036e-66
2.062602637599e-66
5.575861887604e-67
1.498320659943e-67
4.002136122711e-68
1.0626035628916e-68
2.804406644603e-69
7.356970045193e-70
1.918417952769e-70
4.972464183826e-71
1.2810976271965e-71
3.28074779676e-72
8.351056758041e-73
2.112933838272e-73
5.313786801447e-74
1.3282933456409e-74
3.300299695348e-75
8.15042261356e-76
2.00065446296e-76
4.881205452746e-77
1.1837035473897e-77
2.8531031855e-78
6.835156636296e-79
1.627547642394e-79
3.851864187167e-80
9.060621669531e-81
2.118324788337e-81
4.922348457193e-82
1.1368289808262e-82
2.609507818912e-83
5.953336746163e-84
1.349889933712e-84
3.042075603091e-85
6.813543609937e-86
1.516718955522e-86
3.355551118119e-87
7.378140033712e-88
1.612322165791e-88
3.50167830639e-89
7.558188822316e-90
1.621339142761e-90
3.456544804485e-91
7.323526337163e-92
1.54207524977e-92
3.226975459042e-93
6.711012326281e-94
1.38701186535e-94
2.848849826099e-95
5.81505247233e-96
1.179586702145e-96
2.377911461515e-97
4.763744874852e-98
9.483872728014e-99
1.876310636234e-99
3.688951477534e-100
7.207384453876e-101
1.399349924044e-101
2.699890799071e-102
5.176480970409e-103
9.862542903864e-104
1.867266662963e-104
3.513049067962e-105
6.567797997227e-106
1.22014180594e-106
2.252438874561e-107
4.131855528142e-108
7.531541189417e-109
1.364163387535e-109
2.455217137118e-110
4.390880017773e-111
7.802764991693e-112
1.377773760865e-112
2.417334975814e-113
4.214270498e-114
7.300148807373e-115
1.256498061258e-115
2.148868274348e-116
3.651511457663e-117
6.165204253657e-118
1.034263525606e-118
1.723934977345e-119
2.855048331219e-120
4.697923297078e-121
7.680600920873e-122
1.247608228232e-122
2.013501362395e-123
3.228592185918e-124
5.14350188926e-125
8.141153276471e-126
1.280239211531e-126
2.000190302781e-127
3.104726343923e-128
4.787887676607e-129
7.335504390511e-130
1.116550005641e-130
1.68843868494e-131
2.536577072748e-132
3.785848239656e-133
5.613418320246e-134
8.268702484029e-135
1.210012175659e-135
1.759062130167e-136
2.540436314254e-137
3.644750066274e-138
5.194647656111e-139
7.354783929599e-140
1.034441133014e-140
1.445307398557e-141
2.005994675983e-142
2.765737369545e-143
3.787914770663e-144
5.153402078346e-145
6.964482920636e-146
9.34934486235e-147
1.246715468875e-147
1.6513676736e-148
2.172735440676e-149
2.839572195309e-150
3.686195099675e-151
4.753126533535e-152
6.087688066558e-153
7.744504647194e-154
9.78586903093e-155
1.22819096167e-155
1.531049958072e-156
1.895684230532e-157
2.331266845164e-158
2.847498445545e-159
3.454432147551e-160
4.162244845304e-161
4.980953323245e-162
5.920076156772e-163
6.988245476964e-164
8.19277617167e-165
9.5392038409e-166
1.10308066145e-166
1.266812952644e-167
1.444853324345e-168
1.636579127327e-169
1.840976104373e-170
2.05661541953e-171
2.281642987197e-172
2.513783161567e-173
2.750358366096e-174
2.988325609866e-175
3.22433007667e-176
3.454775119001e-177
3.675907089236e-178
3.883912548623e-179
4.075024569994e-180
4.245634151688e-181
4.392402242535e-182
4.512367586507e-183
4.603045563006e-184
4.662513440288e-185
4.689477971854e-186
4.683322026331e-187
4.644127909161e-188
4.572676152701e-189
4.470419751448e-190
4.3394350259e-191
4.182351435918e-192
4.002263661238e-193
3.80263006215e-194
3.587162181513e-195
3.359710222499e-196
3.124149426793e-197
2.884271997424e-198
2.643688688836e-199
2.405743469426e-200
2.173443804347e-201
1.94940817099e-202
1.735831469009e-203
1.5344680804e-204
1.346631524132e-205
1.173208974532e-206
1.014688400391e-207
8.7119574607e-209
7.42539417154e-210
6.28259339841e-211
5.276780141622e-212
4.399512483079e-213
3.641166128406e-214
2.991380564554e-215
2.4394554757e-216
1.974690204294e-217
1.586662875321e-218
1.265449148209e-219
1.001783311519e-220
7.87166537693e-222
6.139285677158e-223
4.752499394562e-224
3.651521809125e-225
2.784632525808e-226
2.107650431535e-227
1.58329001494e-228
1.180451201471e-229
8.73485544375e-231
6.414723429184e-232
4.675295486476e-233
3.381765247432e-234
2.427590531667e-235
1.729415264959e-236
1.222670050127e-237
8.57826818411e-239
5.972614977238e-240
4.12665474163e-241
2.829401619322e-242
1.92507655629e-243
1.299727842389e-244
8.70766838753e-246
5.788824479912e-247
3.818667884032e-248
2.499541400725e-249
1.623415235635e-250
1.046197316703e-251
6.68969191647e-253
4.244250024463e-254
2.671725832222e-255
1.66867835375e-256
1.034038903218e-257
6.357381629822e-259
3.877845162973e-260
2.346750972087e-261
1.408969058355e-262
8.39242218326e-264
4.959273745725e-265
2.907282055415e-266
1.690783422272e-267
9.75469922832e-269
5.582878775264e-270
3.169671179016e-271
1.785151872644e-272
9.97319437069e-274
5.52693963063e-275
3.038222764793e-276
1.656654910119e-277
8.96014603158e-279
4.806862861934e-280
2.557790414909e-281
1.349950016448e-282
7.06663760366e-284
3.668961868855e-285
1.88930306524e-286
9.64896825222e-288
4.887352518497e-289
2.455119706806e-290
1.223124133958e-291
6.043100940439e-293
2.960964234612e-294
1.438742196678e-295
6.93268981826e-297
3.312698753759e-298
1.569697182273e-299
7.37557528472e-301
3.436483726156e-302
1.587681151113e-303
7.27335997671e-305
3.30386136855e-306
1.488043358669e-307
6.64520589945e-309
2.94233681529e-310
1.291693193738e-311
5.622135434631e-313
2.426107491339e-314
1.037952274692e-315
4.402456764715e-317
1.851206601725e-318
7.71699848271e-320
3.189093700769e-321
1.306480826241e-322
5.30575511048e-324
2.135950645737e-325
8.52366705419e-327
3.371664390064e-328
1.322014116592e-329
5.137986720115e-331
1.979275182697e-332
7.55730289805e-334
2.859999803019e-335
1.072740610692e-336
3.987897159902e-338
1.469280098256e-339
5.364972632803e-341
1.94143783523e-342
6.96246887188e-344
2.474443383871e-345
8.71478892855e-347
3.041528435615e-348
1.051896586716e-349
3.604879957009e-351
1.224152557476e-352
4.119054845437e-354
1.37330548431e-355
4.536641665532e-357
1.484874241289e-358
4.815294025235e-360
1.547119613388e-361
4.924734885335e-363
1.553064799688e-364
4.852146013561e-366
1.501777012858e-367
4.604622427652e-369
1.398586026963e-370
4.208045949244e-372
1.25417275067e-373
3.702620901296e-375
1.082743208908e-376
3.136138848342e-378
8.99721047163e-380
2.556538753816e-381
7.19478515164e-383
2.005363938688e-384
5.535634328656e-386
1.513314640164e-387
4.097014209229e-389
1.098425934191e-390
2.916270170651e-392
7.6670257795e-394
1.995982480229e-395
5.145238664072e-397
1.313292933787e-398
3.319045295905e-400
8.30516690392e-402
2.057572782048e-403
5.04686473908e-405
1.22556293905e-406
2.946353572926e-408
7.01224536245e-410
1.652113832783e-411
3.853195024867e-413
8.89585355075e-415
2.032952500312e-416
4.598615357448e-418
1.029613837042e-419
2.281687591788e-421
5.004486457893e-423
1.086353815206e-424
2.333878935447e-426
4.962120797185e-428
1.044058771779e-429
2.17389066911e-431
4.479113045749e-433
9.1321757085e-435
1.842343656943e-436
3.67762392089e-438
7.26357312901e-440
1.419402522536e-441
2.744220011387e-443
5.248994351344e-445
9.93259511058e-447
1.859363606463e-448
3.443232097401e-450
6.30745195456e-452
1.142911174038e-453
2.048457530285e-455
3.631469320288e-457
6.36742125628e-459
1.104219264069e-460
1.893835351248e-462
3.21224598409e-464
5.388147086877e-466
8.93754907603e-468
1.465986402879e-469
2.377705083132e-471
3.81317278174e-473
6.04643273038e-475
9.47937868705e-477
1.46930502479e-478
2.251536058434e-480
3.4108606807e-482
5.107993482566e-484
7.56172682724e-486
1.106518837978e-487
1.600466415447e-489
2.288057078414e-491
3.232973547822e-493
4.51476124611e-495
6.23084513271e-497
8.49807784221e-499
1.145349249502e-500
1.525388283912e-502
2.00738061846e-504
2.610161360637e-506
3.353316948579e-508
4.256303862988e-510
5.337309911849e-512
6.61187805808e-514
8.0913419321e-516
9.78115415996e-518
1.1679220214e-519
1.377437759854e-521
1.604517833225e-523
1.845913753278e-525
2.097259893304e-527
2.353133739247e-529
2.60719691009e-531
2.852417495495e-533
3.081366686401e-535
3.286574810915e-537
3.46092463896e-539
3.598054124576e-541
3.692737455283e-543
3.741212982598e-545
3.741429584441e-547
3.693189118376e-549
3.598171308581e-551
3.459837754785e-553
3.283222599476e-555
3.0746274948e-557
2.841246714338e-559
2.590753646874e-561
2.330881953599e-563
2.069033268223e-565
1.811938810567e-567
1.565395375157e-569
1.334087804152e-571
1.121501316175e-573
9.29918945654e-576
7.6049267571e-578
6.13372172856e-580
4.878725918897e-582
3.826626484957e-584
2.959557385248e-586
2.256898296233e-588
1.696855981519e-590
1.257762773173e-592
9.19064466712e-595
6.62001796673e-597
4.700136997107e-599
3.289061206366e-601
2.268376534741e-603
1.541741188058e-605
1.032599827331e-607
6.81471485349e-610
4.431277330479e-612
2.838873360186e-614
1.791714882683e-616
1.113953914134e-618
6.8219782575e-621
4.114975531531e-623
2.44459390247e-625
1.430201193085e-627
8.23960845214e-630
4.674151602586e-632
2.610677454794e-634
1.435571851482e-636
7.771139149e-639
4.140939360346e-641
2.171868549346e-643
1.121125863148e-645
5.69543241088e-648
2.847183693978e-650
1.400507092411e-652
6.77798154559e-655
3.227189862815e-657
1.511545224429e-659
6.96391241651e-662
3.155612080653e-664
1.406288071167e-666
6.16292881753e-669
2.655727837857e-671
1.125186430833e-673
4.686735301789e-676
1.919028639285e-678
7.72355415968e-681
3.055180043764e-683
1.187678759979e-685
4.536928798574e-688
1.702877758424e-690
6.27943793994e-693
2.274734003355e-695
8.0941130596e-698
2.828736221601e-700
9.70857279997e-703
3.271996054674e-705
1.082726423746e-707
3.517441474706e-710
1.121734921671e-712
3.511246216407e-715
1.078678195778e-717
3.251871589686e-720
9.61914448089e-723
2.791587025733e-725
7.94743578459e-728
2.219283860304e-730
6.07794614678e-733
1.632324676459e-735
4.298419745512e-738
1.109710948512e-740
2.808375611047e-743
6.96609809548e-746
1.693390541239e-748
4.033677500456e-751
9.41378593791e-754
2.152228667012e-756
4.819639145317e-759
1.057019343165e-761
2.270037991726e-764
4.773135406373e-767
9.825001968e-770
1.979505767237e-772
3.903122969585e-775
7.53068100406e-778
1.421533624816e-780
2.624909180411e-783
4.740652663967e-786
8.37259709388e-789
1.445809120888e-791
2.440731187133e-794
4.02731550197e-797
6.49419788682e-800
1.023236272568e-802
1.575042139908e-805
2.368091381795e-808
3.477105106079e-811
4.985080283042e-814
6.9772162345e-817
9.53163486923e-820
1.270708883233e-822
1.652856650221e-825
2.097251321198e-828
2.595412039288e-831
3.131956634054e-834
3.684600493614e-837
4.225134631032e-840
4.721445389186e-843
5.140448044063e-846
5.45160470567e-849
5.6305311642e-852
5.66211461632e-855
5.54259641154e-858
5.280226214601e-861
4.894339938226e-864
4.413000399906e-867
3.86960070363e-870
3.299004949887e-873
2.733850756153e-876
2.201557949953e-879
1.722405514844e-882
1.30880549731e-885
9.65676354407e-889
6.91647952483e-892
4.807437395083e-895
3.241850632226e-898
2.120296763549e-901
1.344607944965e-904
8.26530176593e-908
4.923250238341e-911
2.840787969261e-914
1.587377974526e-917
8.58686593323e-921
4.495284633907e-924
2.276671576153e-927
1.115099907011e-930
5.280120723066e-934
2.416205861396e-937
1.068130007622e-940
4.559856314117e-944
1.879093457108e-947
7.47214970716e-951
2.865951526156e-954
1.059840653891e-957
3.777280606657e-961
1.296878650335e-964
4.287569686724e-968
1.364334541334e-971
4.17666893932e-975
1.229520672767e-978
3.478809316552e-982
9.45588009734e-986
2.467927151708e-989
6.18157384679e-993
1.4851627443e-996
3.42076803605e-1000
7.54932913892e-1004
1.595448643953e-1007
3.226973580659e-1011
6.2429240485e-1015
1.154505576186e-1018
2.039612771234e-1022
3.440046353085e-1026
5.53553334236e-1030
8.4925717098e-1034
1.241370624748e-1037
1.727570314566e-1041
2.287298521666e-1045
2.878952910153e-1049
3.442176755322e-1053
3.9063497106e-1057
4.204270084197e-1061
4.287687350942e-1065
4.139891261965e-1069
3.780913288184e-1073
3.263194082105e-1077
2.658956268269e-1081
2.043487335985e-1085
1.479726931815e-1089
1.008513839662e-1093
6.46248076116e-1098
3.889055742875e-1102
2.195381972607e-1106
1.161108587137e-1110
5.746316843199e-1115
2.657650489271e-1119
1.14713538765e-1123
4.614612285645e-1128
1.727554599564e-1132
6.009695585344e-1137
1.939634237124e-1141
5.798683584103e-1146
1.60305384385e-1150
4.090840642975e-1155
9.61894091894e-1160
2.079996316503e-1164
4.128122674944e-1169
7.50400063724e-1174
1.246630581066e-1178
1.888416960006e-1183
2.602177559009e-1188
3.253632558662e-1193
3.681735626009e-1198
3.760032859485e-1203
3.455622088424e-1208
2.849249698528e-1213
2.100907260566e-1218
1.380639860452e-1223
8.05735413752e-1229
4.160003455747e-1234
1.892501938256e-1239
7.55379931221e-1245
2.633354007724e-1250
7.97936367532e-1256
2.09075457519e-1261
4.711079877781e-1267
9.07523661994e-1273
1.485134717031e-1278
2.050628866333e-1284
2.371558748746e-1290
2.279088653997e-1296
1.804411832845e-1302
1.166002783401e-1308
6.08736125715e-1315
2.539127844768e-1321
8.35896287298e-1328
2.142768077354e-1334
4.213744563969e-1341
6.251992492446e-1348
6.870068074521e-1355
5.475543344813e-1362
3.091397208496e-1369
1.203508847921e-1376
3.132409696826e-1384
5.258685377971e-1392
5.46040088509e-1400
3.336901138319e-1408
1.130670733795e-1416
1.975272658995e-1425
1.625507142284e-1434
5.617882979593e-1444
7.018341520193e-1454
2.586845686139e-1464
2.109005194061e-1475
2.460706996711e-1487
1.99547895087e-1500
2.79432528592e-1515
1.828089686725e-1533