0.0660555627615099
0.0654805007263854
0.0643453477215283
0.0626793983561528
0.0605250148244137
0.0579358376541956
0.0549745686071717
0.05171045350999
0.0482166057024672
0.044567313643711
0.0408354692727584
0.037090238036692
0.0333950688035676
0.0298061143640665
0.0263711033232298
0.023128674315836
0.020108155847057
0.0173297514650421
0.0148050716950644
0.0125379419097426
0.0105254092089983
0.0087588710576203
0.0072252530883038
0.0059081720511551
0.0047890311565729
0.0038480077780627
0.0030649065075135
0.0024198629154177
0.0018938943176824
0.0014693028937184
0.00112994338603548
0.00086137230521284
0.00065089820688203
0.00048755346667209
0.00036200739871123
0.00026643891749652
0.00019438459826944
0.00014057527779309
0.000100771531380077
0.000071605675464835
0.000050435525812473
0.000035213078044758
0.00002436960748757
0.000016717407793645
0.000011367472552771
7.6618237089178e-6
5.1188489673553e-6
3.3898698363532e-6
2.2251683326714e-6
1.4478061751143e-6
9.337362465496e-7
5.9690161393075e-7
3.7822001000877e-7
2.3754609976523e-7
1.4788065638543e-7
9.125008461423e-8
5.5809993199697e-8
3.3833409563472e-8
2.0329792637308e-8
1.2107982101366e-8
7.147603466611e-9
4.1821266358599e-9
2.4253817905939e-9
1.3941431723011e-9
7.942862839628e-10
4.4852559859604e-10
2.5103594984073e-10
1.3925830824963e-10
7.656685088279e-11
4.1724665427238e-11
2.2535917666747e-11
1.2063846583169e-11
6.40062483402e-12
3.3657569311984e-12
1.7541418265197e-12
9.060788104937e-13
4.6385715653816e-13
2.3535164360989e-13
1.1834843872019e-13
5.898176391625e-14
2.9132682482025e-14
1.4260942401185e-14
6.918604572411e-15
3.3265097059549e-15
1.5850994538844e-15
7.485469996915e-16
3.5032718056893e-16
1.6248681574687e-16
7.468772884061e-17
3.4022362916445e-17
1.5358931900031e-17
6.871255099596e-18
3.0463991378214e-18
1.3384752118382e-18
5.827788026048e-19
2.5145721382264e-19
1.0751978990738e-19
4.555894432266e-20
1.9130079744786e-20
7.960029950384e-21
3.2821943263175e-21
1.3411037720331e-21
5.430074450452e-22
2.178669009136e-22
8.661947102687e-23
3.4125206660716e-23
1.3321931586852e-23
5.153329022074e-24
1.9753037479625e-24
7.502427210937e-25
2.8235019050551e-25
1.052905123011e-25
3.89046650967e-26
1.424366672557e-26
5.167089200028e-27
1.8572504061674e-27
6.614417268521e-28
2.334025391581e-28
8.160346932308e-29
2.8268117468479e-29
9.702116590946e-30
3.2992369582144e-30
1.1115627528227e-30
3.710427248032e-31
1.2270980715877e-31
4.020647178463e-32
1.305178382804e-32
4.197559251354e-33
1.3374348978281e-33
4.221755482447e-34
1.3202428520567e-34
4.09025675708e-35
1.255390810213e-35
3.817108786682e-36
1.1497750877411e-36
3.430911542847e-37
1.0141912954346e-37
2.9698833156123e-38
8.61516143774e-39
2.4756389748188e-39
7.047033709785e-40
1.9870819460922e-40
5.550227659347e-41
1.5356299173346e-41
4.208605226365e-42
1.1425119223474e-42
3.072198249075e-43
8.182738183345e-44
2.1587578291459e-44
5.641049768267e-45
1.4600290950864e-45
3.742858889731e-46
9.503432765318e-47
2.3899420206397e-47
5.952764203059e-48
1.4684834381188e-48
3.587839758328e-49
8.681707343518e-50
2.0805579721636e-50
4.938004543255e-51
1.1606853226034e-51
2.701861939753e-52
6.228618454019e-53
1.4219830715792e-53
3.214884741132e-54
7.197783513311e-55
1.5958372666248e-55
3.503715873386e-56
7.617519398669e-57
1.639972514641e-57
3.496163483989e-58
7.380280273351e-59
1.5426722972542e-59
3.192918993005e-60
6.543485587046e-61
1.3277949501906e-61
2.66776158986e-62
5.307018859097e-63
1.0452863442018e-63
2.0384230154374e-64
3.935691499272e-65
7.523306045701e-66
1.4238051099042e-66
2.667716270477e-67
4.948448751269e-68
9.087237602409e-69
1.6520417475405e-69
2.973235985476e-70
5.297241990331e-71
9.342757939175e-72
1.6311652227315e-72
2.819103645881e-73
4.822885654326e-74
8.16729528163e-75
1.3690439639027e-75
2.271521178183e-76
3.730515024778e-77
6.064090730248e-78
9.756627032679e-79
1.5536850606298e-79
2.448768003253e-80
3.819844525255e-81
5.897243832501e-82
9.01051742088e-83
1.3625092243343e-83
2.038966102866e-84
3.019625511587e-85
4.425479301813e-86
6.418347739455e-87
9.211563637766e-88
1.3082238670602e-88
1.838487659187e-89
2.556587022485e-90
3.51781381035e-91
4.78948318697e-92
6.452069589131e-93
8.599931603469e-94
1.1341419641892e-94
1.479814026981e-95
1.91031466156e-96
2.439784141048e-97
3.08274231752e-98
3.853478059581e-99
4.765284632464e-100
5.8295556852e-101
7.054772298959e-102
8.445428457116e-103
1.0000958759231e-103
1.1714746323789e-104
1.3573298551841e-105
1.5555681771477e-106
1.763330111425e-107
1.977009828422e-108
2.192321704478e-109
2.404415519916e-110
2.608038461493e-111
2.797738049425e-112
2.968096143726e-113
3.11398070823e-114
3.230799432018e-115
3.314737972062e-116
3.362965720244e-117
3.373793694315e-118
3.346772316906e-119
3.282721220955e-120
3.183688400471e-121
3.052841508736e-122
2.894299347196e-123
2.712916067658e-124
2.514033896088e-125
2.303221984874e-126
2.086019189629e-127
1.867697203337e-128
1.653057786855e-129
1.446274161712e-130
1.250782409454e-131
1.0692244050627e-132
9.034398216827e-134
7.545014233475e-135
6.227854456735e-136
5.080674619596e-137
4.096337337142e-138
3.263985374697e-139
2.570191561215e-140
2.000018934163e-141
1.537943761269e-142
1.1686133077354e-143
8.774278169574e-145
6.509508834911e-146
4.771635110805e-147
3.455844734807e-148
2.472833615203e-149
1.748134350825e-150
1.220898018292e-151
8.423526527236e-153
5.741213016277e-154
3.865392270301e-155
2.570683448641e-156
1.688703969462e-157
1.0957033477855e-158
7.021849293571e-160
4.444403111818e-161
2.778196997783e-162
1.715079989701e-163
1.0455899954573e-164
6.29474237615e-166
3.742119600648e-167
2.196666065955e-168
1.273211216797e-169
7.286351551458e-171
4.116954782277e-172
2.29657847336e-173
1.264760954289e-174
6.876068101018e-176
3.690276282646e-177
1.955000439864e-178
1.022318476786e-179
5.276657152758e-181
2.688107525643e-182
1.351546822725e-183
6.706465433687e-185
3.284094784873e-186
1.587004511031e-187
7.567667369058e-189
3.560803712815e-190
1.653166926228e-191
7.572659358683e-193
3.422341570419e-194
1.525883903753e-195
6.711547034863e-197
2.912100759238e-198
1.246384904835e-199
5.261858915226e-201
2.19102062335e-202
8.998140862e-204
3.644490046677e-205
1.455716493449e-206
5.733912661289e-208
2.227088886733e-209
8.529311736231e-211
3.220756693088e-212
1.199075842453e-213
4.401059910312e-215
1.592453126137e-216
5.680040239159e-218
1.997045398205e-219
6.920737697175e-221
2.363854181479e-222
7.957350529141e-224
2.639801274296e-225
8.629866762588e-227
2.779981969924e-228
8.823879379965e-230
2.759505368295e-231
8.502196893623e-233
2.580674179456e-234
7.716331834576e-236
2.272676584526e-237
6.593051118406e-239
1.883779518399e-240
5.300794778585e-242
1.468897128004e-243
4.008234537887e-245
1.076955616307e-246
2.849027869533e-248
7.420288149992e-250
1.902570148772e-251
4.802050881889e-253
1.193023560769e-254
2.917273537858e-256
7.020701456922e-258
1.662754356762e-259
3.875150641826e-261
8.8864911997e-263
2.005031684554e-264
4.450706695846e-266
9.71898174387e-268
2.087677882161e-269
4.410863786406e-271
9.1657361944e-273
1.873097315593e-274
3.764158888431e-276
7.43798171461e-278
1.445061560502e-279
2.760106184945e-281
5.182473944936e-283
9.56497037817e-285
1.735114472307e-286
3.093378271069e-288
5.41951311096e-290
9.32977876171e-292
1.578073695567e-293
2.622337794523e-295
4.280706812387e-297
6.863844249233e-299
1.080944854879e-300
1.671792724329e-302
2.538996928025e-304
3.786171915241e-306
5.543115402584e-308
7.966717804251e-310
1.123913292843e-311
1.556214364642e-313
2.114677179264e-315
2.819752650087e-317
3.689129187326e-319
4.735171010004e-321
5.9620944739e-323
7.363176722568e-325
8.91837951642e-327
1.059281904959e-328
1.233649824685e-330
1.408562712386e-332
1.57656878391e-334
1.729616913304e-336
1.859663182842e-338
1.959351771542e-340
2.022692806934e-342
2.045651901037e-344
2.026571593902e-346
1.966364048396e-348
1.868444505546e-350
1.738411229463e-352
1.583513516028e-354
1.411978319664e-356
1.232283045459e-358
1.052464415706e-360
8.79541394955e-363
7.191070653231e-365
5.751151290731e-367
4.4985711363e-369
3.441015086808e-371
2.573495230104e-373
1.88155348122e-375
1.344611234059e-377
9.39060055087e-380
6.408182471065e-382
4.272170107532e-384
2.782021785072e-386
1.769277005198e-388
1.098697820306e-390
6.660861540165e-393
3.941609618439e-395
2.276291864407e-397
1.282661885753e-399
7.05088741572e-402
3.780409043857e-404
1.976568682685e-406
1.007572673975e-408
5.006612649441e-411
2.424515876988e-413
1.144005868902e-415
5.258487303726e-418
2.354118544189e-420
1.026206259858e-422
4.354938623403e-425
1.798750564046e-427
7.229363591438e-430
2.826612515842e-432
1.074891336193e-434
3.974550187553e-437
1.428655879479e-439
4.990827529943e-442
1.693985723173e-444
5.585010786941e-447
1.788125539662e-449
5.557917404456e-452
1.676657333771e-454
4.90761337143e-457
1.393360128317e-459
3.836136974661e-462
1.023836487923e-464
2.64812375249e-467
6.6355936101e-470
1.610330179934e-472
3.783560059805e-475
8.60380922595e-478
1.892936932137e-480
4.027952572029e-483
8.286663198328e-486
1.647642824896e-488
3.164986798147e-491
5.871377027506e-494
1.05147106259e-496
1.81706377101e-499
3.028870601845e-502
4.867960884431e-505
7.540204065248e-508
1.125118413909e-510
1.616580678298e-513
2.23553128791e-516
2.974018509403e-519
3.804314494961e-522
4.676964216258e-525
5.523142119682e-528
6.262056183447e-531
6.812781873961e-534
7.108385403374e-537
7.109062180668e-540
6.810796778985e-543
6.246984533814e-546
5.48233347836e-549
4.600566161476e-552
3.689169655435e-555
2.825076949596e-558
2.064528088473e-561
1.43878579623e-564
9.5552783802e-568
6.042826119957e-571
3.636255248224e-574
2.080386021272e-577
1.130722328435e-580
5.833464463924e-584
2.85417206912e-587
1.323210873629e-590
5.807281306065e-594
2.410448190552e-597
9.45314080201e-601
3.499172990899e-604
1.221259118099e-607
4.014480001918e-611
1.241477250826e-614
3.607673245485e-618
9.83935582232e-622
2.515413171286e-625
6.019858942954e-629
1.346810633372e-632
2.812907380651e-636
5.476380214799e-640
9.92328092136e-644
1.670886197169e-647
2.61002748184e-651
3.775679822668e-655
5.049040533532e-659
6.229629850126e-663
7.077719206063e-667
7.389235213743e-671
7.07350474942e-675
6.194499045528e-679
4.950756873704e-683
3.601925831266e-687
2.379260129294e-691
1.422909228771e-695
7.68170513997e-700
3.73188100132e-704
1.626123963171e-708
6.333093948865e-713
2.196355124261e-717
6.756166136924e-722
1.83563123404e-726
4.385438652162e-731
9.168646372341e-736
1.668927866827e-740
2.630412122534e-745
3.568603460793e-750
4.140912296299e-755
4.081591469284e-760
3.392049425008e-765
2.357638303503e-770
1.358442979798e-775
6.426326354119e-781
2.469675158001e-786
7.620821907632e-792
1.863960111798e-797
3.562080387831e-803
5.233929737517e-809
5.807219122957e-815
4.767107502562e-821
2.828680369223e-827
1.181282302893e-833
3.366088588814e-840
6.312104419755e-847
7.462510558661e-854
5.283547000331e-861
2.104160981834e-868
4.360624468614e-876
4.25998591327e-884
1.724206598688e-892
2.427841078865e-901
9.284457929809e-911
6.633736466944e-921
4.76428440289e-932
1.0421975074526e-944
3.159014643949e-960