0.142511976587736
0.1367876164675902
0.1260185809118696
0.1114316858207599
0.0945714432796206
0.0770329213887141
0.0602202463351141
0.0451793721096778
0.03252729583326889
0.0224719790184261
0.01489678752847573
0.00947482185128836
0.0057815275609393
0.003384309165934324
0.001900259203944531
0.001023357187346556
0.000528525667709052
0.0002617452608194378
0.0001242829339388369
0.0000565726627677676
0.00002468329714946571
0.00001032135006414519
4.135597910196382e-6
1.587583196836443e-6
5.837880013891e-7
2.055959286351705e-7
6.93315209453512e-8
2.238287819867399e-8
6.91636744480399e-9
2.045129264285249e-9
5.78553221073594e-10
1.565454621397336e-10
4.050441927282467e-11
1.001877197047086e-11
2.368411932799431e-12
5.34941312358347e-13
1.154068246721096e-13
2.377378147310478e-14
4.67483106259715e-15
8.77179004855101e-16
1.570048557720931e-16
2.679676133938042e-17
4.359447288340915e-18
6.75755311711346e-19
9.97651096065322e-20
1.402214123723594e-20
1.875445348580733e-21
2.385884081757393e-22
2.885636915530913e-23
3.316391841847274e-24
3.619909105890856e-25
3.75062938639659e-26
3.686744251485338e-27
3.436072192230156e-28
3.034588959184332e-29
2.537950368353805e-30
2.00876107191097e-31
1.503626540664908e-32
1.063679210841426e-33
7.1059148987493e-35
4.479547858873162e-36
2.662595938077127e-37
1.490975172592694e-38
7.85870649410244e-40
3.895400425269021e-41
1.814098570639172e-42
7.92950758858915e-44
3.249805218773027e-45
1.247448517064021e-46
4.479695051919889e-48
1.503203093491513e-49
4.70747646053902e-51
1.374014209804946e-52
3.732757243632658e-54
9.42488931667763e-56
2.208364751418236e-57
4.79422720555639e-59
9.62692307858074e-61
1.784863796060536e-62
3.049689425532429e-64
4.79265958040891e-66
6.91281386832046e-68
9.13108720015971e-70
1.101924728737773e-71
1.211855408335206e-73
1.2113119249943e-75
1.097304037005049e-77
8.98128279343649e-80
6.62020519400954e-82
4.37929842629494e-84
2.59001371474813e-86
1.36396113747575e-88
6.36797658635989e-91
2.62325227211198e-93
9.48594417770033e-96
2.9942381729033e-98
8.19964137976983e-101
1.93502409648955e-103
3.90613031578443e-106
6.689946927817e-109
9.633142661485e-112
1.15445702962054e-114
1.13843314892456e-117
9.1195337057239e-121
5.8481925267947e-124
2.952398448728e-127
1.15084190375222e-130
3.38621528269e-134
7.3225304572095e-138
1.12708806067289e-141
1.18770372999441e-145
8.1655532976154e-150
3.4457602246809e-154
8.2431230495716e-159
1.0042805311094e-163
5.3559162343988e-169
9.957312772873e-175
4.4328578360434e-181
2.3027331071703e-188
2.2070333169205e-197