0.0499614436305263
0.0497123641330009
0.0492179236330333
0.0484854667677372
0.0475257828154669
0.0463528413151394
0.0449834538582879
0.0434368734934256
0.041734345072844
0.039898621193636
0.037953459094787
0.03592311395884
0.033831843549011
0.031703438038229
0.029560787327986
0.027425496204399
0.025317555442837
0.023255074564821
0.021254079486586
0.019328375887689
0.017489476870004
0.0157465914568398
0.014106668765437
0.0125744913200568
0.0111528099830121
0.0098425123728003
0.0086428163990228
0.0075514806440871
0.0065650237200872
0.0056789453748197
0.0048879429571366
0.004186117820257
0.0035671672849952
0.0030245588498039
0.0025516843739452
0.0021419929345562
0.0017891019370413
0.0014868868192073
0.0012295503196392
0.0010116727748108
0.00082824526914447
0.00067468769531366
0.00054685390056198
0.00044102611387816
0.00035390078546424
0.00028256784168759
0.00022448518287895
0.00017745004407304
0.00013956861452075
0.00010922508288965
0.00008505105159662
0.000065896053464751
0.000050799712442125
0.000038965921024582
0.000029739262097497
0.000022583782502841
0.000017064128945551
0.000012828982222949
9.596670960151e-6
7.142808494579e-6
5.2897735717563e-6
3.8978444174076e-6
2.857794010275e-6
2.0847596991121e-6
1.5132106703642e-6
1.092850468436e-6
7.853073921779e-7
5.614820244019e-7
3.9943754649474e-7
2.8273423148857e-7
1.991241782252e-7
1.3953569084282e-7
9.728859456504e-8
6.749218125926e-8
4.6586437903798e-8
3.1994817642897e-8
2.186318604406e-8
1.4864849449863e-8
1.0055887458656e-8
6.768503898332e-9
4.532908076841e-9
3.0204569082547e-9
2.0025318302497e-9
1.3209817134615e-9
8.670104140751e-10
5.661890734356e-10
3.6788140833389e-10
2.3782795569822e-10
1.5297701581098e-10
9.790326913686e-11
6.234123937636e-11
3.949666219148e-11
2.4897261148907e-11
1.5615232461844e-11
9.744296986117e-12
6.050025727699e-12
3.737386819771e-12
2.2971135182934e-12
1.4047527809568e-12
8.547120520738e-13
5.174181790003e-13
3.1164840180226e-13
1.8676217471918e-13
1.1135588244434e-13
6.605976867072e-14
3.89906064765e-14
2.2897148336783e-14
1.3378292050072e-14
7.777091541854e-15
4.498113435586e-15
2.5884491303418e-15
1.4819866178987e-15
8.441968334825e-16
4.784508286517e-16
2.6978911238157e-16
1.5135765752765e-16
8.448441379029e-17
4.691809315985e-17
2.5923581925723e-17
1.4250821233555e-17
7.794249923894e-18
4.241286719921e-18
2.2961968673412e-18
1.2368245461685e-18
6.628173368461e-19
3.533993163733e-19
1.8746617587996e-19
9.893837811901e-20
5.195060144729e-20
2.713935793932e-20
1.4105582232151e-20
7.293973504004e-21
3.752479363184e-21
1.9206695675549e-21
9.780621393104e-22
4.955174150334e-22
2.4976369185567e-22
1.2524973507022e-22
6.248858174784e-23
3.101701989458e-23
1.5317017863511e-23
7.525273929084e-24
3.678269454477e-24
1.7886982525063e-24
8.653705579668e-25
4.165218685945e-25
1.9945426339473e-25
9.502061122731e-26
4.503606589052e-26
2.1235884097025e-26
9.962002785055e-27
4.649310107747e-27
2.1587136523684e-27
9.971611463458e-28
4.582458668742e-28
2.0950469921964e-28
9.529060485381e-29
4.3118792848e-29
1.9410753095756e-29
8.693137276874e-30
3.873183954279e-30
1.7167861873575e-30
7.570417954088e-31
3.321070669687e-31
1.4494059419293e-31
6.292955461332e-32
2.71813493574e-32
1.1679873194665e-32
4.99292478883e-33
2.123345739235e-33
8.983264923907e-34
3.780894001297e-34
1.5830717234293e-34
6.594038274042e-35
2.732411458159e-35
1.1263762061142e-35
4.619155044865e-36
1.8844398256646e-36
7.647889830931e-37
3.087731537986e-37
1.2401520763879e-37
4.955035712683e-38
1.969490960944e-38
7.787453608831e-39
3.063163247059e-39
1.1986072686332e-39
4.665676938396e-40
1.8066844414315e-40
6.959510795956e-41
2.666875650066e-41
1.0166075583542e-41
3.855043480303e-42
1.4542178176131e-42
5.456984567332e-43
2.037032298221e-43
7.564215004993e-44
2.794147977034e-44
1.0267231370995e-44
3.752965029245e-45
1.3646199460858e-45
4.935870308612e-46
1.775944480663e-46
6.356344604975e-47
2.263063111459e-47
8.014858313068e-48
2.823603738939e-48
9.895075638207e-49
3.449377353137e-49
1.1960993584623e-49
4.125698633818e-50
1.4155661387344e-50
4.83129958925e-51
1.640203080344e-51
5.538980448672e-52
1.86062688756e-52
6.217054770861e-53
2.066353957554e-53
6.831530873684e-54
2.246587391044e-54
7.34884724965e-55
2.391136653078e-55
7.738868902449e-56
2.491363718638e-56
7.97777829194e-57
2.54103467863e-57
8.050477426793e-58
2.536960478173e-58
7.95216504007e-59
2.479335370306e-59
7.688860073269e-60
2.371723206389e-60
7.276792303049e-61
2.220692597162e-61
6.74074580644e-62
2.035152876896e-62
6.111590449382e-63
1.825484262058e-63
5.423343418302e-64
1.602580272648e-64
4.710149107715e-65
1.3769246993811e-65
4.003546557049e-66
1.157809777452e-66
3.330317575537e-67
9.52771275107e-68
2.711094678075e-68
7.672770053194e-69
2.159780363089e-69
6.046656943296e-70
1.683712081697e-70
4.663000872953e-71
1.2844190538998e-71
3.518762480743e-72
9.58767984543e-73
2.598219461475e-73
7.002856823546e-74
1.877198215449e-74
5.004709132499e-75
1.327026879837e-75
3.499541138993e-76
9.178491709014e-77
2.394190423585e-77
6.211142913668e-78
1.602537202428e-78
4.112129444021e-79
1.0494113988124e-79
2.663442934506e-80
6.722919347273e-81
1.687670076536e-81
4.213379640289e-82
1.0461290643014e-82
2.583151089285e-83
6.34340495588e-84
1.549178161789e-84
3.762571838819e-85
9.088054770945e-86
2.183021222275e-86
5.214876691932e-87
1.238874637103e-87
2.926887776527e-88
6.876672162776e-89
1.60672758741e-89
3.73332666777e-90
8.626560412321e-91
1.982281780987e-91
4.529781561057e-92
1.0293696803683e-92
2.326193356842e-93
5.227555485457e-94
1.168228930808e-94
2.596161975802e-95
5.737308195786e-96
1.260826065616e-96
2.755312151754e-97
5.987604190653e-98
1.293897917819e-98
2.780414827409e-99
5.941277216531e-100
1.26243391839e-100
2.667436419781e-101
5.604463445619e-102
1.170918035353e-102
2.43259258075e-103
5.025284062934e-104
1.0322814606872e-104
2.108530173885e-105
4.282561332023e-106
8.649028496312e-107
1.736876371956e-107
3.468216463866e-108
6.886159049962e-109
1.359500321883e-109
2.668768034085e-110
5.209180564866e-111
1.011004020612e-111
1.951007974984e-112
3.743567694025e-113
7.142176920779e-114
1.354851063392e-114
2.55544365613e-115
4.792395090774e-116
8.936103923825e-117
1.656726532679e-117
3.053923705155e-118
5.597163386637e-119
1.019947759751e-119
1.847930782106e-120
3.328809736744e-121
5.961909939361e-122
1.061628738298e-122
1.879526178595e-123
3.308340327743e-124
5.789694976409e-125
1.007354895354e-125
1.742561947773e-126
2.996887515839e-127
5.124207681293e-128
8.710731530766e-129
1.472148798444e-129
2.473520426062e-130
4.131840340894e-131
6.861725091968e-132
1.132875937761e-132
1.859465547879e-133
3.034227528936e-134
4.922206659848e-135
7.938175371172e-136
1.272706093626e-136
2.028521323547e-137
3.214196835204e-138
5.06295660757e-139
7.928155865319e-140
1.234166557575e-140
1.909881217906e-141
2.938104834233e-142
4.493180943445e-143
6.830673882297e-144
1.032270546547e-144
1.550747782768e-145
2.315814367586e-146
3.43778365514e-147
5.072976287862e-148
7.441386622249e-149
1.085047861563e-149
1.572697296897e-150
2.265895205169e-151
3.245115350782e-152
4.61969480818e-153
6.537119703586e-154
9.19489465908e-155
1.285557177359e-155
1.786559530497e-156
2.4678693554e-157
3.388461273301e-158
4.624402973657e-159
6.273049050967e-160
8.45801848441e-161
1.133502718265e-161
1.509862964047e-162
1.99898969727e-163
2.630502078283e-164
3.440478208519e-165
4.472476083742e-166
5.7786084187e-167
7.42064207892e-168
9.47108261206e-169
1.201419325353e-169
1.514688623487e-170
1.897941285891e-171
2.363576839559e-172
2.925371932242e-173
3.598435482926e-174
4.399106295034e-175
5.344783530472e-176
6.453681427215e-177
7.74450133779e-178
9.23601662985e-179
1.094656924211e-179
1.289348069823e-180
1.50923850585e-181
1.755649647968e-182
2.029582953841e-183
2.331639597005e-184
2.661940664964e-185
3.020051212093e-186
3.404911837819e-187
3.81478165425e-188
4.247196521545e-189
4.698946236832e-190
5.166073947027e-191
5.643900413391e-192
6.127074896982e-193
6.609653385542e-194
7.08520368604e-195
7.54693561898e-196
7.98785323885e-197
8.40092474513e-198
8.7792646188e-199
9.11632159685e-200
9.40606544957e-201
9.64316520795e-202
9.82315153673e-203
9.94255637848e-204
9.99902379435e-205
9.99138706631e-206
9.91970854486e-207
9.78528035151e-208
9.5905857843e-209
9.33922303002e-210
9.03579445626e-211
8.68576624675e-212
8.29530436945e-213
7.87109376557e-214
7.42014817392e-215
6.94961814081e-216
6.46660451815e-217
5.977984149376e-218
5.490253538381e-219
5.00939515504e-220
4.540769731983e-221
4.089036533528e-222
3.658102210529e-223
3.251097570163e-224
2.870380451213e-225
2.517561952748e-226
2.1935525505e-227
1.898624166143e-228
1.632484029569e-229
1.39435617749e-230
1.183066635747e-231
9.9712870136e-233
8.34825231885e-234
6.94285420754e-235
5.735541457232e-236
4.706525850857e-237
3.836293704918e-238
3.106020605786e-239
2.497891583712e-240
1.995332472731e-241
1.583160820115e-242
1.247666446871e-243
9.76632693276e-245
7.59309616341e-246
5.863500655884e-247
4.497187840203e-248
3.425835948782e-249
2.591964642169e-250
1.947708808187e-251
1.453606562031e-252
1.077439855197e-253
7.93154721502e-255
5.79878338142e-256
4.210418903445e-257
3.036117043357e-258
2.174261636938e-259
1.54632391483e-260
1.092143687477e-261
7.66028562933e-263
5.335697964755e-264
3.690742900777e-265
2.535174138118e-266
1.729292222534e-267
1.171360804708e-268
7.87897618576e-270
5.262604788059e-271
3.490427627199e-272
2.298785500764e-273
1.503332979881e-274
9.76211260643e-276
6.29447155718e-277
4.029920598642e-278
2.561830227619e-279
1.617021184193e-280
1.013415213728e-281
6.30609180586e-283
3.896091102397e-284
2.389948939506e-285
1.455571618321e-286
8.80154022654e-288
5.283948780248e-289
3.149401230658e-290
1.863637681711e-291
1.094847587598e-292
6.38556175291e-294
3.697365235278e-295
2.12533752589e-296
1.212830928955e-297
6.87074559182e-299
3.863964693814e-300
2.1571607296e-301
1.19549098066e-302
6.57686433465e-304
3.591654501957e-305
1.947007356578e-306
1.04768867814e-307
5.596064960914e-309
2.966970792651e-310
1.561413681791e-311
8.15625890738e-313
4.228890462756e-314
2.176297908026e-315
1.111631290301e-316
5.63569775294e-318
2.835783735888e-319
1.416220717438e-320
7.01964432635e-322
3.453182050962e-323
1.685923584696e-324
8.16891072901e-326
3.928185987018e-327
1.874628883537e-328
8.87825561916e-330
4.172753584417e-331
1.946230286909e-332
9.00815218628e-334
4.137526368592e-335
1.885831750533e-336
8.52934582059e-338
3.828005741895e-339
1.704774524263e-340
7.53342063437e-342
3.303252341437e-343
1.437172414314e-344
6.20421539651e-346
2.657473760059e-347
1.129401704619e-348
4.762318137869e-350
1.992379291098e-351
8.26994046388e-353
3.405669956714e-354
1.391443473049e-355
5.64006873833e-357
2.268046691771e-358
9.04818052003e-360
3.581006098366e-361
1.405970570229e-362
5.47605185655e-364
2.115786165533e-365
8.10926697929e-367
3.083114786074e-368
1.162756248928e-369
4.349818589884e-371
1.614096969923e-372
5.940959769e-374
2.16892516405e-375
7.85390967777e-377
2.820804482101e-378
1.00484283565e-379
3.55020678697e-381
1.244032569389e-382
4.323392201202e-384
1.490131002035e-385
5.093581965665e-387
1.726685485289e-388
5.80478686445e-390
1.935238001829e-391
6.39807713911e-393
2.09760357212e-394
6.81942932715e-396
2.198442465937e-397
7.02775084081e-399
2.227632091463e-400
7.00145116927e-402
2.181934613285e-403
6.7421125687e-405
2.065581559327e-406
6.27440007479e-408
1.889630791384e-409
5.64219284248e-411
1.670230419847e-412
4.901777251758e-414
1.426167862495e-415
4.113568457609e-417
1.176220888078e-418
3.334050183733e-420
9.36827047659e-422
2.609405993654e-423
7.20459684452e-425
1.971761109516e-426
5.3489215687e-428
1.438255895082e-429
3.833140313823e-431
1.012540625748e-432
2.650939947901e-434
6.87871731841e-436
1.768990759939e-437
4.508629260901e-439
1.138818764565e-440
2.85066406582e-442
7.07145779406e-444
1.738334855312e-445
4.234571982965e-447
1.022179484247e-448
2.444985333631e-450
5.7949093889e-452
1.360905925388e-453
3.16672485607e-455
7.30101042152e-457
1.667767830346e-458
3.774485070286e-460
8.46328114864e-462
1.880044528999e-463
4.137472496191e-465
9.02046566272e-467
1.948223675372e-468
4.168250341326e-470
8.83411233581e-472
1.854620865208e-473
3.856731009511e-475
7.94409361307e-477
1.62076067067e-478
3.275153221681e-480
6.55497652808e-482
1.299349425872e-483
2.55084760945e-485
4.959468862553e-487
9.54918273404e-489
1.820815025028e-490
3.438129002658e-492
6.42870163354e-494
1.190301831081e-495
2.182285411207e-497
3.961634611962e-499
7.12087607036e-501
1.267290613962e-502
2.233008335702e-504
3.895500593521e-506
6.7279444018e-508
1.150363248898e-509
1.947189859419e-511
3.2627922127e-513
5.41209467502e-515
8.88634451256e-517
1.444273864713e-518
2.323439476513e-520
3.699604072746e-522
5.8305266063e-524
9.09442910783e-526
1.403927286313e-527
2.144873033557e-529
3.24289252561e-531
4.852031460011e-533
7.1839076428e-535
1.052518762495e-536
1.525867135726e-538
2.188804886244e-540
3.106607775808e-542
4.362549109012e-544
6.06113754207e-546
8.33130681176e-548
1.132928390222e-549
1.524077986942e-551
2.028206945875e-553
2.669946267753e-555
3.47666368234e-557
4.477930562531e-559
5.70467673482e-561
7.18800077635e-563
8.95762437032e-565
1.104000779091e-566
1.345617857025e-568
1.621936469991e-570
1.933256402716e-572
2.278621850827e-574
2.655619069799e-576
3.060225516412e-578
3.486731482165e-580
3.927752815495e-582
4.374348659251e-584
4.816251311454e-586
5.24220675444e-588
5.64041477015e-590
5.99904777493e-592
6.30681861218e-594
6.55356059826e-596
6.73077906913e-598
6.83213320442e-600
6.85381032729e-602
6.79476206456e-604
6.65678212339e-606
6.44441801941e-608
6.16472260511e-610
5.82686429157e-612
5.4416260658e-614
5.02083163289e-616
4.576741468645e-618
4.121461919454e-620
3.666406879974e-622
3.22184460576e-624
2.796552815333e-626
2.397594549128e-628
2.03021647713e-630
1.69786157695e-632
1.402280208219e-634
1.143718147745e-636
9.21157344049e-639
7.32584897638e-641
5.75267707908e-643
4.460138003043e-645
3.414059235327e-647
2.579979552476e-649
1.92469423194e-651
1.417376131359e-653
1.030300239828e-655
7.39222253808e-658
5.23474873746e-660
3.658499964915e-662
2.5233256432e-664
1.717445632328e-666
1.153475448339e-668
7.64408259075e-671
4.99815624968e-673
3.224313749107e-675
2.052027216729e-677
1.28831604813e-679
7.97866247114e-682
4.87394714371e-684
2.93662857433e-686
1.745054165022e-688
1.022667499764e-690
5.91016183032e-693
3.368039275007e-695
1.892522322073e-697
1.048489161744e-699
5.72688787421e-702
3.083739514689e-704
1.636866168122e-706
8.56440282466e-709
4.416732573939e-711
2.244898103899e-713
1.124487943587e-715
5.55068352556e-718
2.699865882788e-720
1.293934396229e-722
6.10979526114e-725
2.842202942531e-727
1.30246762144e-729
5.87937691387e-732
2.61406853661e-734
1.144701914832e-736
4.93657541768e-739
2.096451910157e-741
8.76672336552e-744
3.609525772269e-746
1.463154811214e-748
5.83880809718e-751
2.293602051024e-753
8.86824503803e-756
3.374803566406e-758
1.263908400682e-760
4.658045310508e-763
1.689184832669e-765
6.02698297605e-768
2.115610290381e-770
7.30545868719e-773
2.481408252404e-775
8.28991868856e-778
2.723739868364e-780
8.80047010242e-783
2.79596777072e-785
8.73383988165e-788
2.682164206116e-790
8.0971545131e-793
2.402734728984e-795
7.00752266824e-798
2.008477508878e-800
5.65680527574e-803
1.565434215141e-805
4.256129227543e-808
1.136757276957e-810
2.982288769587e-813
7.6845104492e-816
1.944564310724e-818
4.83195089213e-821
1.178883190569e-823
2.823712794931e-826
6.63933553162e-829
1.532270225575e-831
3.470599383249e-834
7.71406204594e-837
1.682371249714e-839
3.599735239085e-842
7.5557680935e-845
1.55558848558e-847
3.140992670076e-850
6.21931627765e-853
1.207448547065e-855
2.298216687259e-858
4.288002790326e-861
7.84161628357e-864
1.405356618029e-866
2.467977466604e-869
4.246313484289e-872
7.15716294544e-875
1.181595298122e-877
1.910450672559e-880
3.024694813848e-883
4.68861503109e-886
7.11479951724e-889
1.056751299387e-891
1.536070123756e-894
2.184804807798e-897
3.040268359565e-900
4.138493621448e-903
5.50980516865e-906
7.1734044186e-909
9.13145714297e-912
1.13634481953e-914
1.382178232985e-917
1.642969024237e-920
1.908238340825e-923
2.165205922769e-926
2.399680813405e-929
2.597279307964e-932
2.744838612936e-935
2.831841023861e-938
2.851638968926e-941
2.802285215714e-944
2.686825826988e-947
2.512997562235e-950
2.2923698366e-953
2.039063404431e-956
1.76824405144e-959
1.494616338256e-962
1.2311259391e-965
9.88025635657e-969
7.72383824129e-972
5.88033515459e-975
4.358912105688e-978
3.145305538944e-981
2.208799031434e-984
1.509233612728e-987
1.003136863416e-990
6.48428603947e-994
4.075260646456e-997
2.489608305463e-1000
1.478013261766e-1003
8.52480865427e-1007
4.77568081971e-1010
2.59784716239e-1013
1.371831486089e-1016
7.03033263555e-1020
3.495552189198e-1023
1.685757614555e-1026
7.88290308235e-1030
3.573212757237e-1033
1.569569913643e-1036
6.67907795754e-1040
2.752509289892e-1043
1.098189358676e-1046
4.240517128588e-1050
1.584191786805e-1053
5.72394360098e-1057
1.999539227165e-1060
6.75082412234e-1064
2.202003915267e-1067
6.93669691626e-1071
2.109581317921e-1074
6.1912863254e-1078
1.752811390221e-1081
4.785024129407e-1085
1.259067278024e-1088
3.191882824651e-1092
7.79276324936e-1096
1.831436154176e-1099
4.141453662734e-1103
9.00689545514e-1107
1.883019256604e-1110
3.782535994366e-1114
7.29703695839e-1118
1.351221920855e-1121
2.400489388274e-1125
4.089185620293e-1129
6.67579812223e-1133
1.04389921271e-1136
1.562631859276e-1140
2.237922663286e-1144
3.064537586323e-1148
4.010060021283e-1152
5.011070775978e-1156
5.97619170426e-1160
6.79744975734e-1164
7.36886325093e-1168
7.60826299185e-1172
7.47636150585e-1176
6.98707539464e-1180
6.20543963206e-1184
5.233400300205e-1188
4.18776386477e-1192
3.176944753843e-1196
2.282959642762e-1200
1.552632672828e-1204
9.98459460058e-1209
6.06569649242e-1213
3.477796610576e-1217
1.880063682498e-1221
9.57290380936e-1226
4.586285502536e-1230
2.065157497477e-1234
8.73036958802e-1239
3.460951736866e-1243
1.285051833656e-1247
4.46342673354e-1252
1.448372009686e-1256
4.385073599069e-1261
1.236968252303e-1265
3.246404141455e-1270
7.91521702783e-1275
1.790062565886e-1279
3.749050852126e-1284
7.25933679753e-1289
1.297299778743e-1293
2.135824645065e-1298
3.233356937797e-1303
4.492109280393e-1308
5.715628766113e-1313
6.64604715562e-1318
7.04652229345e-1323
6.79640669979e-1328
5.94853260659e-1333
4.71245814936e-1338
3.369909667995e-1343
2.169145670772e-1348
1.253030907268e-1353
6.47547759009e-1359
2.98386556575e-1364
1.22170073666e-1369
4.428156825658e-1375
1.415320112533e-1380
3.972458178899e-1386
9.74823403091e-1392
2.081723519801e-1397
3.84935088643e-1403
6.130725628055e-1409
8.3623867085e-1415
9.70961528297e-1421
9.53440652446e-1427
7.86244753494e-1433
5.403921808951e-1439
3.070413602173e-1445
1.429464061391e-1451
5.400770641565e-1458
1.638642464475e-1464
3.947024128534e-1471
7.45305923645e-1478
1.088027413227e-1484
1.209204517901e-1491
1.005720113255e-1498
6.141239185461e-1506
2.6945405822e-1513
8.29049258537e-1521
1.739730663108e-1528
2.411771053144e-1536
2.128567580982e-1544
1.145357382392e-1552
3.569749170253e-1561
6.059818770167e-1570
5.197902236059e-1579
2.052422742095e-1588
3.313866076867e-1598
1.874139644853e-1608
3.010437083625e-1619
1.0201873364941e-1630
4.653006320636e-1643
1.354921877932e-1656
5.979451652137e-1672
9.603520034284e-1691