0.0554845813623905
0.0551435371323013
0.0544677233306422
0.0534694973016824
0.052166923334179
0.0505832291103801
0.0487461171890369
0.046686960019676
0.044439911126465
0.042040967545455
0.039527019272987
0.036934920418424
0.034300614086413
0.031658338966551
0.029039940475679
0.026474303420516
0.023986916888332
0.021599575789972
0.019330217505812
0.017192886708663
0.0151978168859277
0.0133516135147828
0.0116575213447546
0.0101157568269445
0.008723886349503
0.0074772314921011
0.0063692838545099
0.0053921139754518
0.0045367612543356
0.0037935944374016
0.0031526349599547
0.0026038380971417
0.0021373293433848
0.0017435956216765
0.0014136327562649
0.0011390520934523
0.00091215021971814
0.00072594642097191
0.00057419288562117
0.00045136272351271
0.0003526207058832
0.00027378128382762
0.00021125796864907
0.00016200760660567
0.00012347249640683
0.0000935227160904
0.00007040047431756
0.000052667799432755
0.000039158440373188
0.000028934482898859
0.000021247883711882
0.000015506890937091
0.000011247146424175
8.107145912919e-6
5.8076589043446e-6
4.1346725620718e-6
2.9254149607559e-6
2.0570250730872e-6
1.4374635769759e-6
9.982944672076e-7
6.890082374874e-7
4.7259973354345e-7
3.2215524123528e-7
2.1824231149939e-7
1.4693121424263e-7
9.830822982574e-8
6.536807528555e-8
4.3195732296865e-8
2.8367078069416e-8
1.8513403787612e-8
1.2007569963417e-8
7.739634044094e-9
4.9577135402744e-9
3.156002791193e-9
1.9965836334961e-9
1.2552523281062e-9
7.842728407798e-10
4.86962061465e-10
3.0047896799609e-10
1.8425666609461e-10
1.1228498459707e-10
6.799996036477e-11
4.0924490489016e-11
2.4476238830997e-11
1.4547621249774e-11
8.592594215501e-12
5.043601140306e-12
2.9419844260653e-12
1.7053844015529e-12
9.82393662562e-13
5.623791650442e-13
3.1992806720861e-13
1.8086475505619e-13
1.0160920453882e-13
5.672685073145e-14
3.1471671615889e-14
1.7351037619779e-14
9.506148003872e-15
5.175545574874e-15
2.8001358522381e-15
1.5054710523008e-15
8.043313370197e-16
4.270372525274e-16
2.2530126822267e-16
1.1812110696075e-16
6.153982587645e-17
3.1860220303868e-17
1.6390941657117e-17
8.379546269053e-18
4.256938832822e-18
2.1489853324163e-18
1.0780215504698e-18
5.373759033184e-19
2.6618555205395e-19
1.310222630012e-19
6.408535692198e-20
3.1147584263245e-20
1.504321029508e-20
7.219481572386e-21
3.442861456366e-21
1.6314728054704e-21
7.68219958924e-22
3.59447504836e-22
1.6711990220816e-22
7.720800769949e-23
3.544350325283e-23
1.6167754102336e-23
7.328247570102e-24
3.300551894612e-24
1.4770921633201e-24
6.568433476008e-25
2.90233658606e-25
1.2742776594856e-25
5.559160780166e-26
2.4098045033535e-26
1.0379593033712e-26
4.442253018004e-27
1.889075033472e-27
7.982089005157e-28
3.351226955097e-28
1.3980074797165e-28
5.79471365583e-29
2.3865455869301e-29
9.766100364107e-30
3.970861493172e-30
1.604201069087e-30
6.439345953228e-31
2.568218577612e-31
1.0177188954455e-31
4.007076841522e-32
1.5675803727289e-32
6.093019942765e-33
2.353067185617e-33
9.028867861997e-34
3.442134147864e-34
1.3038153249536e-34
4.906778151868e-35
1.8347084437349e-35
6.815947273714e-36
2.515776912823e-36
9.225777545972e-37
3.361375003762e-37
1.2167805718823e-37
4.376098044068e-38
1.5636496288823e-38
5.550953770519e-39
1.9578060172895e-39
6.860309360777e-40
2.388294230726e-40
8.260381924806e-41
2.838433097082e-41
9.689948892861e-42
3.286447054647e-42
1.1073684569765e-42
3.706943985573e-43
1.2328103235809e-43
4.073154171732e-44
1.3369579605779e-44
4.359683136368e-45
1.4123434238877e-45
4.545397169218e-46
1.4532736953228e-46
4.615990821561e-47
1.4565395837382e-47
4.565804868294e-48
1.4218309246103e-48
4.398574560679e-49
1.3517836161746e-49
4.126971090287e-50
1.2516488304182e-50
3.771014240755e-51
1.1286420212403e-51
3.355632392955e-52
9.910838402309e-53
2.907782955601e-53
8.47474926563e-54
2.453593990637e-54
7.056464891393e-55
2.015941729565e-55
5.721010070565e-56
1.6127573361962e-56
4.516110184938e-57
1.2561943030979e-57
3.47091100484e-58
9.526252137679e-59
2.597108843417e-59
7.033075018519e-60
1.89184210607e-60
5.054830133309e-61
1.3415528072829e-61
3.536600285677e-62
9.260589558575e-63
2.408591703425e-63
6.22238744439e-64
1.5966790687403e-64
4.069511902406e-65
1.0302164855047e-65
2.590439803767e-66
6.469559197853e-67
1.604831267759e-67
3.953983653049e-68
9.675835065568e-69
2.351729741271e-69
5.677131959675e-70
1.3611639166894e-70
3.241372540869e-71
7.666228429603e-72
1.80080229514e-72
4.201254177088e-73
9.734590182342e-74
2.240161434829e-74
5.119894413857e-75
1.1621437120005e-75
2.619828688516e-76
5.865394649645e-77
1.3041571221324e-77
2.879837331991e-78
6.315509132401e-79
1.3754605513607e-79
2.974981334995e-80
6.39018807347e-81
1.3631173962025e-81
2.887619878655e-82
6.074783811203e-83
1.2691196040637e-83
2.633007290891e-84
5.424705881733e-85
1.1098691518975e-85
2.254943261719e-86
4.549508661891e-87
9.114968648656e-88
1.81344510917e-88
3.582687509048e-89
7.028545039429e-90
1.369211728409e-90
2.648629020814e-91
5.087608086835e-92
9.703865903327e-93
1.837854620176e-93
3.456283368466e-94
6.454103360641e-95
1.1967058845059e-95
2.203232860061e-96
4.027646482629e-97
7.310662676376e-98
1.317568093312e-98
2.357744610187e-99
4.189133915333e-100
7.390127332845e-101
1.294422863342e-101
2.251092628504e-102
3.886868359115e-103
6.663338740045e-104
1.1341378399071e-104
1.916540287831e-105
3.215470142147e-106
5.35601340868e-107
8.857388306168e-108
1.454228842529e-108
2.370385751593e-109
3.835841448422e-110
6.16245458784e-111
9.828661469825e-112
1.556247460547e-112
2.446260028279e-113
3.817352752762e-114
5.913623685602e-115
9.094373197786e-116
1.388402903784e-116
2.104155552258e-117
3.165597318832e-118
4.727645247968e-119
7.008762412549e-120
1.0314326634813e-120
1.506743482194e-121
2.184904457183e-122
3.144966567439e-123
4.493510999537e-124
6.372905732831e-125
8.971535497645e-126
1.253629867993e-126
1.738764591491e-127
2.393738832973e-128
3.27094207589e-129
4.43633788272e-130
5.972107136869e-131
7.979529576598e-132
1.058203509456e-132
1.392832127744e-133
1.819539370332e-134
2.359134206335e-135
3.035762050332e-136
3.877055783036e-137
4.914178638802e-138
6.181725218961e-139
7.717445854387e-140
9.56176062947e-141
1.175703310053e-141
1.434658051451e-142
1.737340742663e-143
2.087866308062e-144
2.489983952764e-145
2.946874667459e-146
3.460932137668e-147
4.033534909295e-148
4.66481969746e-149
5.35346748096e-150
6.096515315447e-151
6.889207445234e-152
7.724899139905e-153
8.595025611609e-154
9.4891463245e-155
1.039507200337e-155
1.12990777794e-156
1.218620135638e-157
1.304062009596e-158
1.384609582757e-159
1.458647134757e-160
1.524619836061e-161
1.581087339129e-162
1.626775626126e-163
1.660624531059e-164
1.681828475737e-165
1.689868242782e-166
1.6845320413e-167
1.665924675598e-168
1.634464268011e-169
1.590866669342e-170
1.536118366775e-171
1.471439321649e-172
1.39823769484e-173
1.318058810426e-174
1.232530944448e-175
1.143310593227e-176
1.052029776837e-177
9.60247682377e-179
8.69408574115e-180
7.808074272016e-181
6.955642170403e-182
6.146072574735e-183
5.386654657428e-184
4.682689733989e-185
4.037571255799e-186
3.452926330806e-187
2.928804700086e-188
2.463900433194e-189
2.055791902818e-190
1.701186710546e-191
1.396159972247e-192
1.136376526116e-193
9.17289991926e-195
7.343139966453e-196
5.829631292227e-197
4.589631732562e-198
3.583318086242e-199
2.7743223002e-200
2.130029955201e-201
1.621679150595e-202
1.224299618133e-203
9.16530974732e-205
6.803560989552e-206
5.007813295848e-207
3.654901288052e-208
2.644915330396e-209
1.897795328691e-210
1.350147713507e-211
9.52358145278e-213
6.660382414707e-214
4.618177080081e-215
3.174732991296e-216
2.163722927715e-217
1.461996969488e-218
9.7934159388e-220
6.50365210762e-221
4.281620823802e-222
2.794340234331e-223
1.807851994034e-224
1.159447937409e-225
7.37117390337e-227
4.645273329561e-228
2.901798393817e-229
1.796787148967e-230
1.102786650946e-231
6.708784251788e-233
4.04525165603e-234
2.417622793587e-235
1.432071331626e-236
8.40747633304e-238
4.891964298718e-239
2.821039737403e-240
1.612259895705e-241
9.13171589501e-243
5.125694757781e-244
2.85119918389e-245
1.571694931445e-246
8.58551150765e-248
4.647427458413e-249
2.492865381583e-250
1.325000304552e-251
6.978389393963e-253
3.641728443563e-254
1.88305959157e-255
9.64751955881e-257
4.897261122007e-258
2.463018516427e-259
1.227297039358e-260
6.058847229482e-262
2.963324925241e-263
1.435846754887e-264
6.89234455007e-266
3.277527954378e-267
1.543962564051e-268
7.2049073608e-270
3.330516448388e-271
1.52502344025e-272
6.91692954684e-274
3.107507308466e-275
1.38281139188e-276
6.094746755745e-278
2.660603648455e-279
1.150340228439e-280
4.925879447149e-282
2.089018395599e-283
8.77387336551e-285
3.649392699908e-286
1.503209222238e-287
6.131648396022e-289
2.476756695493e-290
9.90665357231e-292
3.923713592883e-293
1.538804341291e-294
5.975500699926e-296
2.297518054517e-297
8.74633600731e-299
3.296588651065e-300
1.230165216314e-301
4.544758757285e-303
1.662246712261e-304
6.018743725447e-306
2.157398277385e-307
7.65521184777e-309
2.688900492571e-310
9.34912606325e-312
3.217615328137e-313
1.096104643817e-314
3.695835091156e-316
1.233399075654e-317
4.073923106141e-319
1.331765718428e-320
4.308599834526e-322
1.379511278233e-323
4.371016701491e-325
1.370550523212e-326
4.252557280183e-328
1.305674446114e-329
3.966762727209e-331
1.192452289648e-332
3.546794722303e-334
1.043777754807e-335
3.03908992756e-337
8.75445443539e-339
2.494887879777e-340
7.03389173326e-342
1.961775069418e-343
5.412497534415e-345
1.477158707301e-346
3.98770870075e-348
1.064810387271e-349
2.812285300677e-351
7.34632722761e-353
1.897974599552e-354
4.849590698624e-356
1.225461173724e-357
3.062378797556e-359
7.56777365695e-361
1.849320160867e-362
4.468642121782e-364
1.06768510469e-365
2.522315736765e-367
5.891539163367e-369
1.360552854016e-370
3.106301079275e-372
7.01127797472e-374
1.564444762364e-375
3.450773582511e-377
7.52401276562e-379
1.621596975094e-380
3.45445908402e-382
7.27351194143e-384
1.513625201714e-385
3.113046543751e-387
6.32745098117e-389
1.27095618441e-390
2.522746101742e-392
4.948118637784e-394
9.58986590771e-396
1.836424025559e-397
3.474588521587e-399
6.49509656999e-401
1.199503018602e-402
2.188427227657e-404
3.944203210828e-406
7.02205270408e-408
1.234888027812e-409
2.145016673956e-411
3.680053259239e-413
6.23560295189e-415
1.043480016146e-416
1.724453140371e-418
2.814234710594e-420
4.535141019039e-422
7.21643280811e-424
1.133796735339e-425
1.758766017351e-427
2.693520984117e-429
4.072406423623e-431
6.078258299919e-433
8.95536158029e-435
1.302391324878e-436
1.869530385457e-438
2.648709328275e-440
3.703605267661e-442
5.110711736251e-444
6.95956122339e-446
9.35197618747e-448
1.240003912126e-449
1.62224973497e-451
2.093938943319e-453
2.666480426365e-455
3.349786218851e-457
4.151223256714e-459
5.074475707088e-461
6.11840057874e-463
7.2759818367e-465
8.5335034835e-467
9.87006608224e-469
1.125756080081e-470
1.266118855054e-472
1.404056957286e-474
1.535143375169e-476
1.654781930581e-478
1.758464465091e-480
1.842046353021e-482
1.902017529628e-484
1.935744730596e-486
1.941661883892e-488
1.919389617593e-490
1.869771286273e-492
1.794821042941e-494
1.697588289683e-496
1.581951202171e-498
1.45235886676e-500
1.313546040137e-502
1.170246137576e-504
1.026926695098e-506
8.87567569043e-509
7.55496214208e-511
6.3328741786e-513
5.227278252028e-515
4.248393490277e-517
3.399507799011e-519
2.678039863299e-521
2.076800965045e-523
1.585317924294e-525
1.191099312299e-527
8.80756362194e-530
6.40922551731e-532
4.589471061552e-534
3.233642715158e-536
2.241601256232e-538
1.528712622817e-540
1.025553553206e-542
6.76735999224e-545
4.392094722409e-547
2.803355832417e-549
1.759547833956e-551
1.085930521256e-553
6.58934839623e-556
3.93082121764e-558
2.305074574212e-560
1.328640732427e-562
7.52680397469e-565
4.190378090583e-567
2.292419025027e-569
1.232228166893e-571
6.50732128029e-574
3.375860667643e-576
1.720261919508e-578
8.60971094976e-581
4.231770554518e-583
2.042444564345e-585
9.67893570155e-588
4.503063578861e-590
2.056577710037e-592
9.21916515944e-595
4.056016978127e-597
1.751141791381e-599
7.4183500139e-602
3.0832465537e-604
1.257111963065e-606
5.027518101241e-609
1.971949859712e-611
7.58487693667e-614
2.860611558016e-616
1.057726705642e-618
3.833876651117e-621
1.362065632876e-623
4.742393555584e-626
1.618007369672e-628
5.408660049037e-631
1.771198916551e-633
5.681393226816e-636
1.784813418488e-638
5.490615742492e-641
1.653782922574e-643
4.876444715559e-646
1.40744918848e-648
3.975604334589e-651
1.098879560835e-653
2.971721684139e-656
7.86159969807e-659
2.034188448646e-661
5.147313805388e-664
1.273532591704e-666
3.080414645979e-669
7.28293953934e-672
1.682791452048e-674
3.799325838687e-677
8.38032616227e-680
1.805584434555e-682
3.79927211088e-685
7.80603977287e-688
1.565776355937e-690
3.065610231107e-693
5.857479145349e-696
1.092014152407e-698
1.986027551703e-701
3.522866649474e-704
6.09360290247e-707
1.027615818685e-709
1.689181597336e-712
2.705948992295e-715
4.223454766725e-718
6.4213567824e-721
9.50825075492e-724
1.3708561088e-726
1.923983888028e-729
2.628019029564e-732
3.492774622362e-735
4.515681379789e-738
5.677806084338e-741
6.94119673092e-744
8.24849591738e-747
9.5255464647e-750
1.068724726938e-752
1.164626488435e-755
1.232350423622e-758
1.265867481558e-761
1.261903714974e-764
1.220459368306e-767
1.144859997693e-770
1.041318960255e-773
9.18090314388e-777
7.8437293636e-780
6.49169420673e-783
5.202975102133e-786
4.037019739532e-789
3.031375602036e-792
2.20211374629e-795
1.547067237358e-798
1.050735165436e-801
6.89658271655e-805
4.372903352753e-808
2.677541887589e-811
1.582576893676e-814
9.02575551387e-818
4.964971938562e-821
2.633206597436e-824
1.345873959202e-827
6.62654959226e-831
3.141536752398e-834
1.43341546488e-837
6.29182075589e-841
2.655518151047e-844
1.07716039919e-847
4.197146387265e-851
1.570181086943e-854
5.636910190908e-858
1.940870304158e-861
6.40587462032e-865
2.025551876658e-868
6.13255719207e-872
1.776711775591e-875
4.922737056904e-879
1.303589296999e-882
3.297178167779e-886
7.96025589643e-890
1.833168313095e-893
4.024092640776e-897
8.41424409953e-901
1.674658175247e-904
3.17011094103e-908
5.703267501496e-912
9.74378897385e-916
1.579538988051e-919
2.427525999975e-923
3.533864716974e-927
4.868532661357e-931
6.341700464888e-935
7.80292222997e-939
9.05990630593e-943
9.91657821971e-947
1.02214783052e-950
9.91073381185e-955
9.02918064833e-959
7.72030364615e-963
6.187839162e-967
4.643210839142e-971
3.257682664551e-975
2.134152109967e-979
1.303650821673e-983
7.41457472924e-988
3.920534784986e-992
1.924231980102e-996
8.75213334689e-1001
3.682789280553e-1005
1.431124092219e-1009
5.126409286878e-1014
1.689459897013e-1018
5.112189312512e-1023
1.417348038395e-1027
3.592529890662e-1032
8.30571685287e-1037
1.747257369913e-1041
3.336092253981e-1046
5.765851653222e-1051
8.99531292413e-1056
1.263035165365e-1060
1.591148568492e-1065
1.792574543642e-1070
1.79973772212e-1075
1.604403082147e-1080
1.265032738378e-1085
8.7858216959e-1091
5.351196838073e-1096
2.844983310977e-1101
1.313729861292e-1106
5.241057424473e-1112
1.796154893633e-1117
5.2556403944e-1123
1.304395666459e-1128
2.726573783855e-1134
4.763469880343e-1140
6.898009699773e-1146
8.20543403518e-1152
7.939379892946e-1158
6.181698920699e-1164
3.827692771099e-1170
1.860465357769e-1176
6.996869892129e-1183
2.00365854017e-1189
4.291409751582e-1196
6.737259787914e-1203
7.578333047731e-1210
5.951004783965e-1217
3.166483209471e-1224
1.102863936496e-1231
2.414641995076e-1239
3.167835565686e-1247
2.351152944145e-1255
9.20374419734e-1264
1.741798024363e-1272
1.426692665191e-1281
4.376998768658e-1291
4.135569911314e-1301
9.117262061331e-1312
3.083113016782e-1323
7.975876571587e-1336
4.129078111187e-1350
1.3244262078044e-1367