0.0882963626068674
0.0869254998993341
0.0842472621344868
0.0803837519457646
0.0755064622302039
0.0698236694894346
0.0635657344190287
0.0569697495849372
0.0502649449752112
0.0436600693397343
0.0373336471933141
0.0314276215841711
0.0260444895327694
0.0212476739101383
0.017064593339337
0.0134917141263766
0.0105008006055538
0.0080456118013297
0.0060684004452226
0.0045057265026293
0.0032932722061949
0.00236951376207316
0.00167824773330661
0.00117007683074085
0.00080302717346885
0.00054249976480123
0.00036075972056891
0.00023614635809747
0.000152154414105881
0.000096499074226586
0.000060240981608941
0.000037015708932925
0.000022387206143311
0.0000133268649496299
7.8084469134207e-6
4.5030213652328e-6
2.5558770818966e-6
1.42779638345777e-6
7.8501239005927e-7
4.2477998192667e-7
2.2621534444125e-7
1.1856146828832e-7
6.1153509178351e-8
3.1041888044466e-8
1.5506587673545e-8
7.622860264802e-9
3.6876130078935e-9
1.7554571552494e-9
8.2232654289508e-10
3.7905220435093e-10
1.7192762201034e-10
7.6731778944449e-11
3.3696029328073e-11
1.4559508204056e-11
6.1897009300798e-12
2.5890346818625e-12
1.06547034794929e-12
4.3138993875116e-13
1.7183571684485e-13
6.7338133960233e-14
2.5959847864301e-14
9.8452248391896e-15
3.6729951242567e-15
1.3479533195369e-15
4.8660603676637e-16
1.7278912376811e-16
6.0350307960046e-17
2.0732632110304e-17
7.0053318422609e-18
2.3280351525004e-18
7.6089355236261e-19
2.4457867641633e-19
7.7314352910071e-20
2.4034484116246e-20
7.3473154366394e-21
2.2086534778761e-21
6.5285550604252e-22
1.8975030181359e-22
5.4226162899911e-23
1.5236355462989e-23
4.2090464187567e-24
1.1431442882918e-24
3.052229341196e-25
8.011537157354e-26
2.0671912182896e-26
5.2431807812517e-27
1.3071980550055e-27
3.2033401778094e-28
7.71546823075e-29
1.8264224861467e-29
4.2491476894759e-30
9.715063346161e-31
2.1828002508264e-31
4.8193440140699e-32
1.0455580939562e-32
2.228820786165e-33
4.6681951501668e-34
9.606154247871e-35
1.9420317460252e-35
3.8569900128176e-36
7.524974128604e-37
1.4421299013167e-37
2.7147189043141e-38
5.0193141701412e-39
9.114660543842e-40
1.6255130677592e-40
2.8468932194485e-41
4.8962004559233e-42
8.268575617519e-43
1.3710761010896e-43
2.2321699115154e-44
3.5678196107034e-45
5.598390969325e-46
8.623481400262e-47
1.3038724186902e-47
1.9350590929965e-48
2.8185986774485e-49
4.0292568096696e-50
5.652515443566e-51
7.781362947825e-52
1.051086069551e-52
1.3930308842049e-53
1.8113142504366e-54
2.3105095039409e-55
2.8911623020273e-56
3.5486025243108e-57
4.2720012605934e-58
5.043859896033e-59
5.840100388115e-60
6.630874636441e-61
7.382128424652e-62
8.057850860945e-63
8.622829107235e-64
9.045630135691e-65
9.301466301509e-66
9.374585580439e-67
9.259868125319e-68
8.9634053618e-69
8.501972245895e-70
7.901455059134e-71
7.194439697733e-72
6.41727387389e-73
5.606972936436e-74
4.798335654692e-75
4.02157754654e-76
3.3006895944369e-77
2.6526103234225e-78
2.0871815964361e-79
1.6077623154812e-80
1.2123120646516e-81
8.947329843697e-83
6.462695239159e-84
4.568032377269e-85
3.1593175345065e-86
2.1377582583073e-87
1.4150668966901e-88
9.16219440124e-90
5.801983567075e-91
3.593002024097e-92
2.1756604041299e-93
1.2880280135389e-94
7.454303940602e-96
4.216796504436e-97
2.3312950476847e-98
1.2594916317896e-99
6.648447738594e-101
3.42858330022e-102
1.7271108641174e-103
8.497230652542e-105
4.082497230739e-106
1.9151566107653e-107
8.771021092512e-109
3.921028361197e-110
1.7107604153092e-111
7.28370061284e-113
3.02567190563e-114
1.2261128344888e-115
4.846282455706e-117
1.8680405020264e-118
7.020879110813e-120
2.572476584362e-121
9.187384183894e-123
3.197696827495e-124
1.0844530129774e-125
3.582893692367e-127
1.1529940995079e-128
3.613341493144e-130
1.1025466368387e-131
3.274965274542e-133
9.467871400233e-135
2.663461660084e-136
7.289535585315e-138
1.9405361540525e-139
5.023651305664e-141
1.2644414121101e-142
3.09359294307e-144
7.355542696296e-146
1.6992343639653e-147
3.81308745505e-149
8.309617419252e-151
1.758165744188e-152
3.610810456203e-154
7.19622935197e-156
1.3913864361571e-157
2.609261880542e-159
4.744570954157e-161
8.363062157412e-163
1.4285648362939e-164
2.364151649311e-166
3.789336757786e-168
5.880747061559e-170
8.833834182585e-172
1.2840337787665e-173
1.805402499423e-175
2.454701803451e-177
3.226294328786e-179
4.097696532941e-181
5.027506847792e-183
5.956422458185e-185
6.8120428768e-187
7.517328756587e-189
8.001570189316e-191
8.211820665766e-193
8.122299690969e-195
7.739487046728e-197
7.101541728787e-199
6.272047030637e-201
5.329495589676e-203
4.354936666818e-205
3.42050300269e-207
2.581061932525e-209
1.870205629455e-211
1.3005856844479e-213
8.675953805921e-216
5.54865420196e-218
3.400220242062e-220
1.995378047473e-222
1.1206876565842e-224
6.020327993369e-227
3.091426112359e-229
1.516419883634e-231
7.100878053708e-234
3.172033171861e-236
1.3507909859774e-238
5.479553850393e-241
2.115828214476e-243
7.770599663178e-246
2.712170973059e-248
8.988880787958e-251
2.826476726917e-253
8.424586764551e-256
2.378009922065e-258
6.350744345018e-261
1.60306229542e-263
3.8207083682e-266
8.588972005707e-269
1.819116952939e-271
3.625782672314e-274
6.792730593521e-277
1.1946681294777e-279
1.969912891762e-282
3.041281898071e-285
4.38999795968e-288
5.916045259119e-291
7.431757045116e-294
8.688556510092e-297
9.437806938609e-300
9.50821282114e-303
8.868118538308e-306
7.642407218075e-309
6.073153830771e-312
4.440767981423e-315
2.981174483785e-318
1.833056453168e-321
1.0297711434336e-324
5.271551387217e-328
2.452220370708e-331
1.0335292827974e-334
3.934317492324e-338
1.3482040104372e-341
4.144241123693e-345
1.1384126627602e-348
2.783366497451e-352
6.030940284596e-356
1.1527525900307e-359
1.934042614629e-363
2.833025205611e-367
3.602291829562e-371
3.951233888897e-375
3.713293092788e-379
2.967846095199e-383
2.001070931068e-387
1.1281432139286e-391
5.266193076353e-396
2.01353342973e-400
6.230535244229e-405
1.5394269980731e-409
2.991588873587e-414
4.495098494902e-419
5.121879179823e-424
4.327983216062e-429
2.642979864254e-434
1.1317244096662e-439
3.278788726862e-445
6.157641390849e-451
7.115324208927e-457
4.741899029185e-463
1.678892685582e-469
2.837039705837e-476
1.9795219283214e-483
4.645334232471e-491
2.690477006838e-499
2.3043260126437e-508
1.0901126012266e-518
2.2412468849357e-531