0.0513298041659824
0.051059714032306
0.0505237890628494
0.0497304283310165
0.0486919557249398
0.0474243015243902
0.0459465960106876
0.0442806895916881
0.0424506162486
0.040482018681346
0.038401554293083
0.036236301104
0.034013181853368
0.031758423009379
0.029497063263607
0.027252523471447
0.025046247058752
0.0228974168027
0.020822750764805
0.018836377149058
0.0169497851045158
0.0151718460924989
0.0135088984707411
0.011964886458653
0.0105415436592924
0.0092386108177896
0.008054077462371
0.0069844374527773
0.0060249491871704
0.005169892218548
0.0044128132269196
0.0037467556061404
0.0031644682810582
0.0026585907060349
0.0022218122547982
0.0018470053505098
0.0015273326727678
0.0012563295959415
0.0010279636528975
0.00083667328176483
0.00067738841092665
0.00054553558512073
0.0004370303538497
0.00034825955513897
0.00027605595673011
0.0002176674861687
0.00017072301238489
0.00013319635326504
0.00010336989243527
0.00007979890691653
0.000061277445198146
0.000046806359351906
0.000035563889125366
0.000026879022263551
0.000020207713492706
0.000015111933100009
0.000011241432275871
8.318053115446e-6
6.1223728354322e-6
4.4824507108536e-6
3.264438961785e-6
2.3648220797733e-6
1.7040599984124e-6
1.2214266133633e-6
8.708543998208e-7
6.176166273136e-7
4.3569968011273e-7
3.0573834047744e-7
2.134059529997e-7
1.481687696089e-7
1.0232927239757e-7
7.029682441768e-8
4.8035649951828e-8
3.2650009243434e-8
2.2074665939819e-8
1.484552910426e-8
9.930873249659e-9
6.60798298458e-9
4.3736054973661e-9
2.8793801019057e-9
1.885586995221e-9
1.2282359545651e-9
7.958004190041e-10
5.128768611838e-10
3.2878204166968e-10
2.096469539307e-10
1.3297008683505e-10
8.388874717352e-11
5.264259042703e-11
3.2858974248256e-11
2.0401090016069e-11
1.2598962058695e-11
7.739227070386e-12
4.728694178383e-12
2.8738564333833e-12
1.737274683922e-12
1.0446020315363e-12
6.247576153151e-13
3.716635116479e-13
2.1992029994762e-13
1.2943659562256e-13
7.577475672292e-14
4.412320547696e-14
2.5555472756508e-14
1.4722259141013e-14
8.436027363067e-15
4.808103266912e-15
2.7257195779482e-15
1.536948898154e-15
8.620011205526e-16
4.808677532204e-16
2.6681618275065e-16
1.4725383904557e-16
8.083292329112e-17
4.413431485798e-17
2.3967910563907e-17
1.2946395656683e-17
6.955553774067e-18
3.716874550241e-18
1.9755437730354e-18
1.0443767037587e-18
5.491470493531e-19
2.8719725239765e-19
1.4939333935702e-19
7.729309372013e-20
3.97747824904e-20
2.0357843053431e-20
1.0363624942341e-20
5.247430973269e-21
2.6426280421637e-21
1.3236669681127e-21
6.594379438041e-22
3.267538836422e-22
1.6103427222207e-22
7.893428926525e-23
3.848238804932e-23
1.8659772099315e-23
8.999072325191e-24
4.316535390229e-24
2.0592927429381e-24
9.77113799457e-25
4.611216644969e-25
2.1643538722008e-25
1.0103745709854e-25
4.691124572672e-26
2.1662619035676e-26
9.949091077704e-27
4.544575275723e-27
2.0646176773369e-27
9.328706164813e-28
4.192157571846e-28
1.8736443867701e-28
8.328543958626e-29
3.681987440029e-29
1.6189214459937e-29
7.079432478355e-30
3.078925915015e-30
1.3317634362249e-30
5.729027484842e-31
2.451091957549e-31
1.0429466339348e-31
4.413541813543e-32
1.857522004779e-32
7.775013123834e-33
3.236589393223e-33
1.339961305418e-33
5.517139149965e-34
2.259183431696e-34
9.200337654094e-35
3.726229366946e-35
1.5008862222576e-35
6.012251522889e-36
2.395170870623e-36
9.489528844089e-37
3.7390422995e-37
1.4651512770901e-37
5.709652714197e-38
2.212793161344e-38
8.528538364867e-39
3.268961483922e-39
1.2460777763401e-39
4.723668167411e-40
1.7807839013371e-40
6.676354456589e-41
2.489216004172e-41
9.229528535436e-42
3.403210984884e-42
1.247927457168e-42
4.550714494263e-43
1.650282475414e-43
5.951467876499e-44
2.134399234828e-44
7.612225007422e-45
2.699793873512e-45
9.522067414535e-46
3.339736210726e-46
1.1648552319629e-46
4.040259105468e-47
1.3935499622317e-47
4.779808682754e-48
1.6303156577152e-48
5.529739394292e-49
1.86512508267e-49
6.255760883263e-50
2.086506460551e-50
6.920305573479e-51
2.28241846877e-51
7.485628118983e-52
2.441308695383e-52
7.917300261088e-53
2.553230269981e-53
8.187659607546e-54
2.610868296373e-54
8.278735316549e-55
2.610329465712e-55
8.184221729166e-56
2.551576597416e-56
7.910199116177e-57
2.438440787652e-57
7.474487276832e-58
2.278208072988e-58
6.904727375123e-59
2.080842589474e-59
6.235479106107e-60
1.857961417133e-60
5.504757121709e-61
1.621707693915e-61
4.750488413677e-62
1.3836732254449e-62
4.007344757379e-63
1.1540006950762e-63
3.304303390228e-64
9.407549724548e-65
2.663140990358e-65
7.496026022186e-66
2.097903711213e-66
5.83788850473e-67
1.615251120666e-67
4.443616141721e-68
1.2154678078899e-68
3.305666428335e-69
8.938845385064e-70
2.403304701843e-70
6.424501431153e-71
1.707541896238e-71
4.512350237612e-72
1.185582743045e-72
3.097110516956e-73
8.044062245625e-74
2.077237422505e-74
5.333188686873e-75
1.361369277435e-75
3.455025094517e-76
8.717878254755e-77
2.187020153073e-77
5.454754505838e-78
1.352620955202e-78
3.334675025406e-79
8.173450614814e-80
1.991727386614e-80
4.825306099297e-81
1.1622200088592e-81
2.783032686961e-82
6.62540924178e-83
1.56808465972e-83
3.689662478639e-84
8.631018359027e-85
2.007213770249e-85
4.640655294989e-86
1.0666378392623e-86
2.437275045529e-87
5.536557986208e-88
1.25031886343e-88
2.807017931516e-89
6.264853295687e-90
1.390003103624e-90
3.065897276417e-91
6.722552502343e-92
1.465356772623e-92
3.175286409064e-93
6.839912757346e-94
1.464684587772e-94
3.117893691019e-95
6.59781108148e-96
1.387898024033e-96
2.902231578355e-97
6.032830136338e-98
1.246586305567e-98
2.560551449267e-99
5.228200452858e-100
1.0611485365377e-100
2.140932614313e-101
4.293686372165e-102
8.559645157923e-103
1.696199512036e-103
3.34111506387e-104
6.541793642076e-105
1.27318270035e-105
2.463035417753e-106
4.736245119998e-107
9.052714093983e-108
1.719895576701e-108
3.247891440559e-109
6.096415746706e-110
1.137414544718e-110
2.109267103995e-111
3.887858408969e-112
7.122833693688e-113
1.297048168273e-113
2.347565725689e-114
4.223137066496e-115
7.551022227185e-116
1.34192070778e-116
2.370259315993e-117
4.161118890824e-118
7.26050756203e-119
1.259110256468e-119
2.170190093055e-120
3.717631393762e-121
6.329460573382e-122
1.071016509612e-122
1.801158722395e-123
3.010449903282e-124
5.000709817352e-125
8.25562488289e-126
1.354514007605e-126
2.208663180877e-127
3.579192851908e-128
5.764312089172e-129
9.226007409939e-130
1.467510344256e-130
2.319779580717e-131
3.644244893418e-132
5.689325202169e-133
8.82680254208e-134
1.360919925195e-134
2.08518834374e-135
3.174962430381e-136
4.804071864679e-137
7.223621879885e-138
1.07937437993e-138
1.602720416011e-139
2.364879151897e-140
3.467548925899e-141
5.052375610696e-142
7.315179058308e-143
1.052464574064e-143
1.504665925516e-144
2.137566451837e-145
3.017469933892e-146
4.232596802159e-147
5.89940601104e-148
8.170411192745e-149
1.124373413007e-149
1.537464220423e-150
2.088930628424e-151
2.820098678516e-152
3.78288031621e-153
5.041916059812e-154
6.676979199085e-155
8.78562191958e-156
1.14860241874e-156
1.491998243637e-157
1.925594728023e-158
2.469198820465e-159
3.145852949975e-160
3.982066709987e-161
5.007984256193e-162
6.257462072041e-163
7.768029465759e-164
9.58070289223e-165
1.173962529942e-165
1.429150353187e-166
1.728482069643e-167
2.076880654595e-168
2.479215749877e-169
2.94015088669e-170
3.463967502451e-171
4.05436882134e-172
4.714268284798e-173
5.445568873217e-174
6.248941253454e-175
7.12361010439e-176
8.06715909305e-177
9.07536567538e-178
1.014207706823e-178
1.125913829171e-179
1.241638205466e-180
1.360168843044e-181
1.480111977216e-182
1.599913322421e-183
1.717886962701e-184
1.832251376117e-185
1.941171694711e-186
2.042806924639e-187
2.135360514984e-188
2.217132392558e-189
2.286570395027e-190
2.342318952761e-191
2.383262901627e-192
2.408564458026e-193
2.417691649446e-194
2.41043685652e-195
2.386924566511e-196
2.347607938029e-197
2.293254302881e-198
2.224920251644e-199
2.143917433332e-200
2.051770617461e-201
1.950169894822e-202
1.840919113249e-203
1.725882746679e-204
1.606933377433e-205
1.48590183894e-206
1.364531832295e-207
1.244440514126e-208
1.127086178949e-209
1.013743752179e-210
9.05488396663e-212
8.0318714053e-213
7.07498078964e-214
6.188764040947e-215
5.375862875051e-216
4.6371748496e-217
3.972054536186e-218
3.378537640778e-219
2.853576447665e-220
2.393276032998e-221
1.993122152916e-222
1.648193420859e-223
1.353352215178e-224
1.103410580282e-225
8.93269099999e-227
7.18028251416e-228
5.73073036601e-229
4.541327083043e-230
3.573181459514e-231
2.791399107808e-232
2.165102391003e-233
1.667322556688e-234
1.27479546123e-235
9.67689608599e-237
7.29291741063e-238
5.456712831891e-239
4.0534087285e-240
2.989262659251e-241
2.188552614899e-242
1.590720846267e-243
1.147809517094e-244
8.22203486035e-246
5.846785987264e-247
4.1274155147e-248
2.892390927438e-249
2.012093955589e-250
1.389461845703e-251
9.52459912081e-253
6.48101573309e-254
4.377541637509e-255
2.93496452722e-256
1.953238521262e-257
1.290274221858e-258
8.46013921457e-260
5.505999287246e-261
3.556741628514e-262
2.280448948943e-263
1.451224404599e-264
9.16619847367e-266
5.746172467931e-267
3.575172447682e-268
2.207691877768e-269
1.352998174611e-270
8.22938487506e-272
4.967559127161e-273
2.975899680891e-274
1.769241550645e-275
1.043863167194e-276
6.11197519757e-278
3.551363212071e-279
2.047755017918e-280
1.171720886332e-281
6.65315195254e-283
3.748707984487e-284
2.095947706537e-285
1.162833857845e-286
6.4015771602e-288
3.496890658e-289
1.895380901597e-290
1.019351387311e-291
5.4394859993e-293
2.879995807318e-294
1.512931898423e-295
7.88558438774e-297
4.07782683708e-298
2.092172275406e-299
1.064959791033e-300
5.378106332779e-302
2.694506450481e-303
1.339294129711e-304
6.60408698697e-306
3.230597375571e-307
1.567758732411e-308
7.54735945083e-310
3.604319533706e-311
1.707485307244e-312
8.02396557388e-314
3.740351722552e-315
1.72949777017e-316
7.93239951946e-318
3.608767919438e-319
1.628455434498e-320
7.28866619994e-322
3.235699412469e-323
1.424717728844e-324
6.22189415341e-326
2.69489643057e-327
1.157656477206e-328
4.932055461024e-330
2.083911275096e-331
8.73224453395e-333
3.628776874982e-334
1.495459405115e-335
6.11168846382e-337
2.476921198208e-338
9.95450597512e-340
3.967124826515e-341
1.567735160644e-342
6.14330686022e-344
2.387021598455e-345
9.19659415706e-347
3.513225966471e-348
1.330715891798e-349
4.997543219521e-351
1.860850311444e-352
6.86976128197e-354
2.514425592057e-355
9.12419222642e-357
3.2824647355e-358
1.17070419443e-359
4.139302336589e-361
1.450879505853e-362
5.041398977793e-364
1.736511109616e-365
5.92928100784e-367
2.006853236262e-368
6.73301207309e-370
2.239104728707e-371
7.38076934237e-373
2.411470729364e-374
7.80919663606e-376
2.50648745439e-377
7.97352350067e-379
2.513919027592e-380
7.85523520522e-382
2.4325657286e-383
7.4654841535e-385
2.270543558916e-386
6.84337858489e-388
2.043951119027e-389
6.04950634411e-391
1.774226573614e-392
5.156180274343e-394
1.484796970336e-395
4.236586241528e-397
1.197746743994e-398
3.355087264916e-400
9.31155809711e-402
2.560415130954e-403
6.97521524649e-405
1.882581072434e-406
5.03370991445e-408
1.333369793329e-409
3.498891004671e-411
9.095298608e-413
2.342068324666e-414
5.97403060818e-416
1.50941886705e-417
3.777597177547e-419
9.36427323652e-421
2.299185536103e-422
5.5911912098e-424
1.346647275805e-425
3.212264383989e-427
7.58866311874e-429
1.775433487568e-430
4.113553809337e-432
9.43826187952e-434
2.144456664071e-435
4.824820958886e-437
1.074909729436e-438
2.371252256121e-440
5.179484267289e-442
1.120175893431e-443
2.398638123094e-445
5.085220942235e-447
1.067355771784e-448
2.217943461807e-450
4.562692046955e-452
9.29198931063e-454
1.873270333556e-455
3.738382058113e-457
7.38491604065e-459
1.444019895635e-460
2.794817948786e-462
5.3539400837e-464
1.015125968517e-465
1.904932257842e-467
3.537846015315e-469
6.50256404286e-471
1.182777639654e-472
2.129024531444e-474
3.792307607038e-476
6.68433058952e-478
1.165815424275e-479
2.01189413802e-481
3.435340137878e-483
5.80375922685e-485
9.7008477105e-487
1.604191345289e-488
2.624425528922e-490
4.247459573508e-492
6.80027342101e-494
1.076987621728e-495
1.687202653881e-497
2.614453142331e-499
4.007156560133e-501
6.07460776698e-503
9.10775176915e-505
1.350515456993e-506
1.980467227064e-508
2.872100728742e-510
4.11888474338e-512
5.84105794567e-514
8.19066394531e-516
1.135654195124e-517
1.556883392978e-519
2.110243039906e-521
2.82786447374e-523
3.746429927467e-525
4.906734890746e-527
6.35281853302e-529
8.13058824003e-531
1.028588812217e-532
1.28619983472e-534
1.589660203719e-536
1.941831712517e-538
2.344295778294e-540
2.796975752784e-542
3.297784588168e-544
3.842331346163e-546
4.423721764245e-548
5.032486480471e-550
5.65666507919e-552
6.28206476721e-554
6.89269963e-556
7.4714009776e-558
8.00057267668e-560
8.46304933418e-562
8.84300166027e-564
9.12682410818e-566
9.30393642242e-568
9.36743388634e-570
9.31453094019e-572
9.14675870521e-574
8.86989727814e-576
8.49364632487e-578
8.0310600297e-580
7.49779236033e-582
6.91121372117e-584
6.28946882824e-586
5.6505472961e-588
5.011433111568e-590
4.387387843769e-592
3.791406728009e-594
3.2338686934e-596
2.722383119715e-598
2.261819571839e-600
1.854493518143e-602
1.500472074091e-604
1.197959480238e-606
9.43722093767e-609
7.33516440127e-611
5.62490320952e-613
4.255349591178e-615
3.175745703213e-617
2.337876396916e-619
1.697608601092e-621
1.215817500484e-623
8.58792793721e-626
5.98234848714e-628
4.109530777443e-630
2.783707709722e-632
1.85925646023e-634
1.22436919429e-636
7.94906080337e-639
5.08770848448e-641
3.209992214091e-643
1.99633407116e-645
1.223719248302e-647
7.3930097207e-650
4.401725773914e-652
2.582604684111e-654
1.493127438425e-656
8.50570401001e-659
4.773844499489e-661
2.639616023191e-663
1.437796096858e-665
7.71448910513e-668
4.076986994227e-670
2.122083247908e-672
1.087789280737e-674
5.49103751063e-677
2.729348600533e-679
1.335752277369e-681
6.43609095797e-684
3.052913055512e-686
1.425505984002e-688
6.55166949231e-691
2.963663353143e-693
1.319365054546e-695
5.77996487763e-698
2.491575563822e-700
1.056758414956e-702
4.409546420392e-705
1.81005615744e-707
7.30858132675e-710
2.902549264935e-712
1.133688561697e-714
4.354490356896e-717
1.644642986432e-719
6.1074171249e-722
2.229747261015e-724
8.00250282678e-727
2.823109700117e-729
9.78859855436e-732
3.33551415635e-734
1.116896052661e-736
3.674752833293e-739
1.187862428249e-741
3.77210284224e-744
1.176620737652e-746
3.604796762106e-749
1.084604944419e-751
3.204524191627e-754
9.29631518282e-757
2.647689299421e-759
7.40261435667e-762
2.031503699368e-764
5.47162575254e-767
1.44621455948e-769
3.750743429099e-772
9.54377886279e-775
2.382271439749e-777
5.83282357539e-780
1.400655632618e-782
3.298347450935e-785
7.61589299722e-788
1.724054105884e-790
3.825886784785e-793
8.32164801131e-796
1.773890061603e-798
3.705335944518e-801
7.58323768585e-804
1.520371933302e-806
2.985755580382e-809
5.74259581366e-812
1.081561930936e-814
1.994446648067e-817
3.60047049703e-820
6.36207758184e-823
1.10021545751e-825
1.86179100735e-828
3.082428057526e-831
4.992261436231e-834
7.90818143906e-837
1.225074478321e-839
1.855605203872e-842
2.747739519293e-845
3.977050283123e-848
5.6256119192e-851
7.77549754442e-854
1.049933588596e-856
1.384825594674e-859
1.783820747876e-862
2.2436356683e-865
2.754986031685e-868
3.301962640988e-871
3.862149853495e-874
4.407654746305e-877
4.90708398877e-880
5.32833562237e-883
5.64189706382e-886
5.82419928594e-889
5.86050926641e-892
5.74687427446e-895
5.49076588353e-898
5.11028629926e-901
4.632050235725e-904
4.088086644553e-907
3.512264345163e-910
2.936800146738e-913
2.389350282195e-916
1.89103641157e-919
1.455557063731e-922
1.089333050512e-925
7.9247429921e-929
5.602628298e-932
3.848288768423e-935
2.567425263446e-938
1.663279828248e-941
1.046046792914e-944
6.38460374568e-948
3.780858018529e-951
2.171673997749e-954
1.209535588254e-957
6.53028200137e-961
3.416658101772e-964
1.731776747973e-967
8.50090117221e-971
4.039986480222e-974
1.858203091954e-977
8.26910239231e-981
3.558985085247e-984
1.480963147139e-987
5.956034514e-991
2.314229538841e-994
8.68420477484e-998
3.146029721678e-1001
1.099856425916e-1004
3.709174475893e-1008
1.206175780658e-1011
3.780560500745e-1015
1.141642870277e-1018
3.320052990972e-1022
9.29412326282e-1026
2.503365013179e-1029
6.48472365292e-1033
1.614748565267e-1036
3.863263292717e-1040
8.8761487846e-1044
1.957471771631e-1047
4.141347201834e-1051
8.40102065495e-1055
1.63316538353e-1058
3.040839948187e-1062
5.41968143575e-1066
9.2409367713e-1070
1.506464863542e-1073
2.346576722723e-1077
3.490343900911e-1081
4.95424046933e-1085
6.70612250674e-1089
8.6507489063e-1093
1.062717616595e-1096
1.242366245617e-1100
1.381102171658e-1104
1.458861271122e-1108
1.463094080458e-1112
1.392030201879e-1116
1.255396422897e-1120
1.072249299831e-1124
8.66580322124e-1129
6.62100221233e-1133
4.777842627753e-1137
3.253206067072e-1141
2.087987283098e-1145
1.261918902121e-1149
7.17394972284e-1154
3.832030344522e-1158
1.921088779011e-1162
9.0281939891e-1167
3.972449579961e-1171
1.634444629819e-1175
6.28010247668e-1180
2.25038818875e-1184
7.5098249158e-1189
2.330494577835e-1193
6.71509303574e-1198
1.79372338723e-1202
4.434502197915e-1207
1.012926037121e-1211
2.133933289317e-1216
4.138551944975e-1221
7.37462777838e-1226
1.204977200817e-1230
1.801558596261e-1235
2.459183531085e-1240
3.057765602333e-1245
3.454923136977e-1250
3.538286757983e-1255
3.275768657377e-1260
2.733919895154e-1265
2.050854635687e-1270
1.378533326394e-1275
8.27593532961e-1281
4.422216957729e-1286
2.095593476771e-1291
8.77297825279e-1297
3.231389300453e-1302
1.042687896052e-1307
2.933893796427e-1313
7.16361442001e-1319
1.509901739429e-1324
2.731925975698e-1330
4.217900668254e-1336
5.521342504756e-1342
6.085797018403e-1348
5.606404218448e-1354
4.282075985987e-1360
2.688090984352e-1366
1.373855711462e-1372
5.657994274807e-1379
1.856536124889e-1385
4.793784589336e-1392
9.60840558435e-1399
1.472480030081e-1405
1.696531486408e-1412
1.442163357558e-1419
8.85553540233e-1427
3.834960498975e-1434
1.139720438957e-1441
2.252740184933e-1449
2.855749636156e-1457
2.225123493588e-1465
1.013300635595e-1473
2.538734484934e-1482
3.250704861109e-1491
1.94109532084e-1500
4.811513010141e-1510
4.252334693143e-1520
1.090544751081e-1530
6.059907237794e-1542
4.691660936761e-1554
2.432770190417e-1567
2.057721211266e-1582
7.291662135258e-1601