0.0522299169056273
0.0519453819616463
0.0513809529967745
0.0505457859488761
0.0494533047266842
0.0481208423436063
0.0465691836326115
0.0448220263933276
0.042905380473691
0.040846926034813
0.038675353032023
0.036419703763089
0.034108739233747
0.031770348164672
0.029431014845867
0.027115358896466
0.024845756490823
0.022642048953189
0.020521340986369
0.018497887353408
0.0165830637210131
0.0147854147153057
0.0131107701170915
0.0115624185824326
0.0101413273276208
0.0088463958467089
0.0076747318880955
0.0066219385361407
0.0056824022408096
0.0048495729203524
0.0041162287338518
0.0034747196898429
0.0029171858395843
0.0024357473256273
0.002022664958507
0.0016704712320009
0.0013720727309378
0.0011208257197858
0.00091058732287785
0.00073574512665265
0.00059122826774129
0.00047250314127737
0.00037555679837782
0.00029687092888482
0.00023338907351591
0.00018247940519157
0.00014189508636828
0.00010973386808675
0.00008439826368007
0.000064557318292103
0.000049110713401871
0.000037155698918554
0.000027957136660066
0.000020920768323725
0.000015569686719074
0.000011523888056003
8.482711611642e-6
6.209926839918e-6
4.5212025309305e-6
3.2736837110586e-6
2.357405664173e-6
1.688287258772e-6
1.2024647005141e-6
8.517494321247e-7
6.000182165222e-7
4.2036797332582e-7
2.9289161346227e-7
2.0295319991559e-7
1.3986080844968e-7
9.585324850549e-8
6.533227873882e-8
4.4285182276513e-8
2.9853703153336e-8
2.0014585626822e-8
1.3344523902618e-8
8.848448217192e-9
5.834963528467e-9
3.8266225497813e-9
2.4957380131438e-9
1.6187794377635e-9
1.0441937891912e-9
6.698517391184e-10
4.2734619167539e-10
2.7113398229089e-10
1.7107652759451e-10
1.0734915864078e-10
6.698969271911e-11
4.157361779624e-11
2.5658278087567e-11
1.5748398898733e-11
9.612666234772e-12
5.835112278236e-12
3.5225064755718e-12
2.114710573777e-12
1.2625423176419e-12
7.49611308328e-13
4.426095656569e-13
2.5989578457994e-13
1.5176468842571e-13
8.813219183857e-14
5.089674573637e-14
2.923050569802e-14
1.6694475037756e-14
9.481969991435e-15
5.355659972242e-15
3.0082592235464e-15
1.6803686958675e-15
9.334266317079e-16
5.156336843657e-16
2.8326118017169e-16
1.5474503334988e-16
8.406775313355e-17
4.541762290211e-17
2.4400614652567e-17
1.303640064531e-17
6.926189190504e-18
3.659399832016e-18
1.9226639166329e-18
1.0045556814396e-18
5.219403819025e-19
2.6967652419684e-19
1.3856062930094e-19
7.079622649762e-20
3.597104198786e-20
1.8174716773488e-20
9.131730406788e-21
4.562557711152e-21
2.266901108851e-21
1.1200173249683e-21
5.502802255488e-22
2.6884941972382e-22
1.3061689432871e-22
6.31035323329e-23
3.031594148565e-23
1.4482732867172e-23
6.880041212735e-24
3.250061653027e-24
1.5266910938555e-24
7.131300242682e-25
3.31240326198e-25
1.5299370636233e-25
7.026818676306e-26
3.209206606317e-26
1.4574352850628e-26
6.581614894444e-27
2.955467206114e-27
1.3196817453401e-27
5.859499867579e-28
2.587015571062e-28
1.1357521354471e-28
4.95807359766e-29
2.1522172986107e-29
9.289703503172e-30
3.987117286742e-30
1.701595860466e-30
7.220926084226e-31
3.046963549266e-31
1.2784339643654e-31
5.333653718491e-32
2.2126136696089e-32
9.126818210597e-33
3.743389432314e-33
1.5266559613614e-33
6.190798272726e-34
2.496204572212e-34
1.0007842767639e-34
3.989571680452e-35
1.5813801529115e-35
6.232599377424e-36
2.442439144112e-36
9.51696755761e-37
3.687163538444e-37
1.4203777298533e-37
5.44040973602e-38
2.07192635349e-38
7.845680356768e-39
2.953922715359e-39
1.1058048504521e-39
4.115923643644e-40
1.5232254537983e-40
5.604898105387e-41
2.050578947341e-41
7.459145549863e-42
2.697764588761e-42
9.701077085058e-43
3.468449264704e-43
1.2329593533808e-43
4.357714003044e-44
1.5313122563666e-44
5.350105823351e-45
1.858459345106e-45
6.41851154989e-46
2.203964722152e-46
7.524237074468e-47
2.553914094188e-47
8.618556479468e-48
2.891649524018e-48
9.64579623008e-49
3.198970543912e-49
1.0547767311377e-49
3.457700586861e-50
1.1269098193388e-50
3.651440780379e-51
1.1762809175285e-51
3.767279965294e-52
1.1995356157442e-52
3.797214652495e-53
1.1950394186877e-53
3.73906244319e-54
1.163067504254e-54
3.596724260463e-55
1.1057773177932e-55
3.379751754892e-56
1.0269677142616e-56
3.102286500404e-57
9.316620176967e-58
2.781534767965e-58
8.255786247817e-59
2.436006548105e-59
7.145666377165e-60
2.083768608067e-60
6.040834053473e-61
1.740937402618e-61
4.9877698843e-62
1.4205771334344e-62
4.02213398789e-63
1.1320866937926e-63
3.16761505772e-64
8.810748110689e-65
2.436233706675e-65
6.696517007943e-66
1.829788741702e-66
4.97018942973e-67
1.3420324122302e-67
3.602211334551e-68
9.611463650023e-69
2.54930646665e-69
6.721477687192e-70
1.761633948248e-70
4.589578131531e-71
1.1885953603553e-71
3.059830917416e-72
7.829984782926e-73
1.991693217922e-73
5.035932982162e-74
1.2657016102323e-74
3.162092189313e-75
7.852490606923e-76
1.938330879609e-76
4.755912658472e-77
1.1599069662715e-77
2.811859563521e-78
6.775527611394e-79
1.622816686464e-79
3.863407144341e-80
9.14205786647e-81
2.150243875047e-81
5.026891588054e-82
1.1680922272909e-82
2.697853235912e-83
6.193281520675e-84
1.413130826005e-84
3.204798179353e-85
7.22392908301e-86
1.618446809459e-86
3.603904202509e-87
7.976191379267e-88
1.754539179779e-88
3.835954059885e-89
8.335356469743e-90
1.800167971757e-90
3.864003957305e-91
8.243191079049e-92
1.747768970026e-92
3.682994776926e-93
7.713369864594e-94
1.605501544265e-94
3.321225349811e-95
6.828173087059e-96
1.395168820473e-96
2.833104242636e-97
5.717542143599e-98
1.1467392672631e-98
2.285735282901e-99
4.527834599806e-100
8.913658077491e-101
1.743892022808e-101
3.390617576395e-102
6.551353068063e-103
1.257979449786e-103
2.400511473203e-104
4.552176186637e-105
8.578605592993e-106
1.606549137286e-106
2.98984239186e-107
5.529385001745e-108
1.016194608529e-108
1.855862165749e-109
3.36806578331e-110
6.07405406522e-111
1.088521954761e-111
1.938444542126e-112
3.430239140041e-113
6.031806658185e-114
1.05394895042e-114
1.829944951925e-115
3.157183936473e-116
5.412554221411e-117
9.220240402497e-118
1.560690964152e-118
2.624963905577e-119
4.386908254671e-120
7.284832915089e-121
1.201997272824e-121
1.970639637307e-122
3.210168103924e-123
5.195916175912e-124
8.356169683003e-125
1.33524221972e-125
2.119910254861e-126
3.344078130534e-127
5.241236615515e-128
8.161808525988e-129
1.262790136847e-129
1.941176143695e-130
2.964725716044e-131
4.498696714958e-132
6.782164569902e-133
1.015841897572e-133
1.511669556464e-134
2.23489592881e-135
3.282646819981e-136
4.79020545965e-137
6.944547332672e-138
1.00020780085e-138
1.43116492698e-139
2.03441207429e-140
2.872993088474e-141
4.030633035686e-142
5.617609544072e-143
7.777965666279e-144
1.069826197959e-144
1.461805886546e-145
1.984229821606e-146
2.675571287066e-147
3.583932739841e-148
4.768902109418e-149
6.303599953202e-150
8.27688621732e-151
1.079567595992e-151
1.398729066707e-152
1.800174622333e-153
2.301385106707e-154
2.922495987384e-155
3.686420103821e-156
4.618897248005e-157
5.748448249529e-158
7.106210339837e-159
8.72563085837e-160
1.064199812845e-160
1.289179182817e-161
1.551184059899e-162
1.853828205838e-163
2.200532977004e-164
2.594386287218e-165
3.037986659327e-166
3.533276523299e-167
4.081370261706e-168
4.682383766276e-169
5.335273352592e-170
6.037692680672e-171
6.785876747149e-172
7.574561961867e-173
8.39695073135e-174
9.24472780623e-175
1.010813390928e-175
1.097609988635e-176
1.183644190029e-177
1.267611514546e-178
1.348152036223e-179
1.423885427051e-180
1.493449212573e-181
1.555538813839e-182
1.608947768071e-183
1.652606419118e-184
1.685617359095e-185
1.707285989932e-186
1.717144756657e-187
1.714969874959e-188
1.700789719494e-189
1.674884436449e-190
1.63777676986e-191
1.590214519724e-192
1.533145454103e-193
1.467685852156e-194
1.395084138918e-195
1.316681269299e-196
1.233869618398e-197
1.148052134795e-198
1.060603417008e-199
9.72834191104e-201
8.8596041536e-202
8.01077935236e-203
7.19143280762e-204
6.409608607505e-205
5.671764850546e-206
4.982768557444e-207
4.345944248405e-208
3.76316830242e-209
3.234999977115e-210
2.760839357096e-211
2.339102477461e-212
1.967404365038e-213
1.642741656254e-214
1.361667675563e-215
1.120454275688e-216
9.15236238837e-218
7.42135516016e-219
5.973639567119e-220
4.773043905427e-221
3.785709245639e-222
2.980500939126e-223
2.329250469916e-224
1.806852722237e-225
1.391245057969e-226
1.063294304765e-227
8.06616199667e-229
6.073493743925e-230
4.539029459305e-231
3.366934884334e-232
2.478838570719e-233
1.811332018232e-234
1.313646833026e-235
9.45549656936e-237
6.75475509096e-238
4.78904346634e-239
3.369738369221e-240
2.353131058259e-241
1.630770485081e-242
1.121580878288e-243
7.65514778243e-245
5.185085961206e-246
3.485233494539e-247
2.324745629373e-248
1.538794821622e-249
1.010745341298e-250
6.58798412101e-252
4.260956266914e-253
2.734634498404e-254
1.741498423002e-255
1.100455136539e-256
6.89986981561e-258
4.292621089555e-259
2.649787743733e-260
1.622931645084e-261
9.86242423953e-263
5.946413516984e-264
3.557198815196e-265
2.111233993863e-266
1.243178120325e-267
7.26260835019e-269
4.209278440625e-270
2.420315027109e-271
1.380634630752e-272
7.81306837864e-274
4.386254441877e-275
2.442804146856e-276
1.349582282367e-277
7.39637975903e-279
4.021067205905e-280
2.168497386786e-281
1.160018780793e-282
6.155349956119e-284
3.239776978375e-285
1.691395235908e-286
8.75861946959e-288
4.498623887041e-289
2.291764809353e-290
1.157976016473e-291
5.803112896144e-293
2.884344629619e-294
1.421839749902e-295
6.95127032507e-297
3.370391414544e-298
1.620659221144e-299
7.72842142945e-301
3.654854515878e-302
1.714044271216e-303
7.97148089085e-305
3.676320482625e-306
1.681269752693e-307
7.62435961808e-309
3.42849477328e-310
1.528726946652e-311
6.75888063617e-313
2.962989613093e-314
1.28791736904e-315
5.550605541035e-317
2.371805925264e-318
1.004838421699e-319
4.220689881055e-321
1.757650657883e-322
7.25663562831e-324
2.970184248225e-325
1.205225779094e-326
4.848216009815e-328
1.93337262592e-329
7.64294440038e-331
2.995082506498e-332
1.163459332885e-333
4.480012962175e-335
1.709953279446e-336
6.46930074415e-338
2.425993973941e-339
9.0172160919e-341
3.321977354646e-342
1.212978995683e-343
4.389683944479e-345
1.574444885978e-346
5.596631777498e-348
1.971613721507e-349
6.8834072318e-351
2.381564118428e-352
8.16561437153e-354
2.774429908933e-355
9.34130223547e-357
3.116594322852e-358
1.03034498491e-359
3.375241646069e-361
1.095562428362e-362
3.523462082672e-364
1.122774107465e-365
3.544830932401e-367
1.108840268897e-368
3.436391891793e-370
1.055082594373e-371
3.209298298796e-373
9.67081953125e-375
2.886926200439e-376
8.53722783989e-378
2.500900178268e-379
7.25710787322e-381
2.085969269934e-382
5.93907269014e-384
1.674885075133e-385
4.678387393314e-387
1.294318718869e-388
3.546575271848e-390
9.62473921061e-392
2.586839401564e-393
6.88556312924e-395
1.815046184316e-396
4.738084012899e-398
1.224822796087e-399
3.13536192205e-401
7.94757114783e-403
1.994811333747e-404
4.957675989489e-406
1.219976697554e-407
2.972419522632e-409
7.17037482595e-411
1.712516338796e-412
4.049268214148e-414
9.47883756436e-416
2.196635555578e-417
5.039331384274e-419
1.144424937005e-420
2.572696809113e-422
5.7248502723e-424
1.260959465671e-425
2.74907594674e-427
5.93209403788e-429
1.266928076667e-430
2.677968190971e-432
5.60215562171e-434
1.159812840035e-435
2.376239643411e-437
4.817798576428e-439
9.66606068301e-441
1.919018551415e-442
3.769847729115e-444
7.32773113196e-446
1.409296346414e-447
2.681687132771e-449
5.048619825617e-451
9.40333045932e-453
1.732689668693e-454
3.158460213758e-456
5.69548806438e-458
1.015950754673e-459
1.79260952414e-461
3.128636570644e-463
5.400896366579e-465
9.22152396204e-467
1.557221489816e-468
2.600719429927e-470
4.295527607281e-472
7.01622941868e-474
1.133286040572e-475
1.810122244016e-477
2.858859908424e-479
4.464556448712e-481
6.89363024868e-483
1.052411289167e-484
1.588452934762e-486
2.370270506368e-488
3.496547392324e-490
5.098964369157e-492
7.3503591636e-494
1.047374531997e-495
1.475180039733e-497
2.053620458245e-499
2.825594927594e-501
3.842346056177e-503
5.163712473752e-505
6.85786027206e-507
9.00032260542e-509
1.167218324917e-510
1.495726743089e-512
1.893825568456e-514
2.369171560974e-516
2.928215087335e-518
3.575529122284e-520
4.313098194907e-522
5.139616221079e-524
6.04985317019e-526
7.03415755829e-528
8.07816305727e-530
9.16276165778e-532
1.026439208871e-533
1.135567076589e-535
1.240636467048e-537
1.338467356823e-539
1.425875610639e-541
1.499840436383e-543
1.557674827877e-545
1.59718584692e-547
1.616811573507e-549
1.615722897383e-551
1.593880964851e-553
1.55204478945e-555
1.491727895767e-557
1.415107405991e-559
1.324893181849e-561
1.224168021648e-563
1.116212112201e-565
1.004325732824e-567
8.91663570356e-570
7.81092077442e-572
6.7507838929e-574
5.75615806666e-576
4.841871947552e-578
4.017642558801e-580
3.288378499326e-582
2.654725871031e-584
2.113779008054e-586
1.659876965433e-588
1.285413329839e-590
9.8159922507e-593
7.3913505331e-595
5.48763232959e-597
4.016899872309e-599
2.89877644794e-601
2.062190704298e-603
1.446124595639e-605
9.99579926507e-608
6.80982787445e-610
4.572283344849e-612
3.025379429614e-614
1.972637644289e-616
1.267378375107e-618
8.02282364033e-621
5.003574274164e-623
3.074223853029e-625
1.860639494297e-627
1.109251095063e-629
6.51339393266e-632
3.766719871266e-634
2.145191819658e-636
1.20305028881e-638
6.64330135611e-641
3.611885688714e-643
1.933307448761e-645
1.018711959682e-647
5.28386558361e-650
2.697540430804e-652
1.35539419491e-654
6.70208583074e-657
3.261113652338e-659
1.561341754412e-661
7.35478918533e-664
3.40836767514e-666
1.553781506664e-668
6.96728712893e-671
3.072771485389e-673
1.332759381851e-675
5.68446868947e-678
2.383998337697e-680
9.83016527978e-683
3.984876986971e-685
1.587918569864e-687
6.21956877526e-690
2.394253500837e-692
9.05766807977e-695
3.3671093235e-697
1.229844565637e-699
4.413189622578e-702
1.555682491818e-704
5.38656008575e-707
1.831807624427e-709
6.11760090995e-712
2.006180161048e-714
6.45952039937e-717
2.041858592461e-719
6.33576451316e-722
1.929624173568e-724
5.76764545951e-727
1.691716923883e-729
4.868674449376e-732
1.374667489074e-734
3.807481743606e-737
1.034379641468e-739
2.755955148948e-742
7.20048577867e-745
1.84457226324e-747
4.632547176866e-750
1.140459084531e-752
2.751819373468e-755
6.50705460786e-758
1.507705485302e-760
3.422619268698e-763
7.61118706031e-766
1.657825706757e-768
3.536373790501e-771
7.38668571399e-774
1.510607955372e-776
3.024142757503e-779
5.92567757633e-782
1.13630499489e-784
2.132102395744e-787
3.913917012541e-790
7.02811444051e-793
1.234303596723e-795
2.119788160445e-798
3.559431054737e-801
5.84272867408e-804
9.37402690571e-807
1.469735903271e-809
2.251548276549e-812
3.369591139722e-815
4.925509439646e-818
7.03114397771e-821
9.79994043498e-824
1.333410977771e-826
1.770790100846e-829
2.294830947625e-832
2.901560842176e-835
3.578702187243e-838
4.304736053032e-841
5.049023965462e-844
5.77324157628e-847
6.43418381765e-850
6.98774782186e-853
7.39363684899e-856
7.62011855537e-859
7.64807422152e-862
7.47363103275e-865
7.10888053894e-868
6.58051559503e-871
5.92659433951e-874
5.191976642943e-877
4.423198065747e-880
3.663601358786e-883
2.94943177206e-886
2.307358255134e-889
1.753575513098e-892
1.29434745012e-895
9.27633313398e-899
6.45328472014e-902
4.356543988512e-905
2.853222692927e-908
1.812319266431e-911
1.116117756896e-914
6.66238849207e-918
3.853544274805e-921
2.159058804931e-924
1.171393755952e-927
6.15224355095e-931
3.126881134786e-934
1.537406201524e-937
7.30995125042e-941
3.359967370663e-944
1.492427855176e-947
6.40367193986e-951
2.653252844125e-954
1.061145619583e-957
4.094939748164e-961
1.524129855408e-964
5.46915606239e-968
1.891300900283e-971
6.30023820573e-975
2.020781019386e-978
6.23811128605e-982
1.852506669457e-985
5.289759079504e-989
1.451688345571e-992
3.827007651256e-996
9.68669727393e-1000
2.352877831374e-1003
5.481528532403e-1007
1.224188904943e-1010
2.619387060008e-1014
5.366725940521e-1018
1.05226583016e-1021
1.973282171243e-1025
3.537001721203e-1029
6.05607787583e-1033
9.89870265261e-1037
1.543507782491e-1040
2.294501720427e-1044
3.249482466955e-1048
4.381018473146e-1052
5.61889789166e-1056
6.85035949994e-1060
7.93274112387e-1064
8.71831493633e-1068
9.08620533125e-1072
8.97230234003e-1076
8.38718162156e-1080
7.41526592978e-1084
6.19485958244e-1088
4.885544775112e-1092
3.633629971929e-1096
2.546067742371e-1100
1.678964420202e-1104
1.040832109928e-1108
6.05894176012e-1113
3.308126644469e-1117
1.692042679845e-1121
8.09730037289e-1126
3.62080561054e-1130
1.510851527515e-1134
5.874674308767e-1139
2.125504668446e-1143
7.14501558033e-1148
2.228066323064e-1152
6.43473621577e-1157
1.7182102087e-1161
4.234475206946e-1166
9.61398128662e-1171
2.007038736647e-1175
3.844935998904e-1180
6.74522975034e-1185
1.081261731712e-1189
1.580154661474e-1194
2.100217689494e-1199
2.532421763178e-1204
2.762943787997e-1209
2.720019029316e-1214
2.409202724004e-1219
1.914023294809e-1224
1.359542140798e-1229
8.60461120901e-1235
4.83504591558e-1240
2.402965111049e-1245
1.052010004252e-1250
4.039786763545e-1256
1.35452392858e-1261
3.946390562401e-1267
9.93925376699e-1273
2.152032854868e-1278
3.982141621324e-1284
6.257500261279e-1290
8.29348739922e-1296
9.20301644783e-1302
8.48255040654e-1308
6.438481797508e-1314
3.986885338967e-1320
1.993620884818e-1326
7.96083403898e-1333
2.507581515487e-1339
6.146958606488e-1346
1.155243809711e-1352
1.637058996734e-1359
1.716910234057e-1366
1.30506534379e-1373
7.021513704561e-1381
2.602672529434e-1388
6.443667328524e-1396
1.02793883057e-1403
1.013108276762e-1411
5.869047584575e-1420
1.882522226638e-1428
3.1082644215e-1437
2.413098461586e-1446
7.85120470355e-1456
9.21069580926e-1466
3.178447878034e-1476
2.417026767663e-1487
2.617642626889e-1499
1.95714444156e-1512
2.500850365424e-1527
1.463687788797e-1545