0.0577247249398743
0.0573407359848728
0.0565804023438481
0.05545875954167
0.0539977400284844
0.0522254602292827
0.050175321336835
0.0478849639926268
0.045395122484323
0.042748427021206
0.039988202951304
0.03715731354886
0.03429708848096
0.031446373643709
0.028640730226565
0.025911802162766
0.0232868621153985
0.0207885373706016
0.0184347089406282
0.0162385702119679
0.0142088258931966
0.0123500079939919
0.0106628831558687
0.0091449248053337
0.007790824169391
0.0065930159696888
0.005542197336371
0.0046278218740686
0.0038385545876798
0.0031626772700773
0.0025884377361886
0.0021043397700208
0.0016993736940284
0.0013631899846729
0.00108622030225405
0.00085975167694376
0.00067596043027329
0.00052791277139225
0.00040953896613877
0.00031558761862421
0.00024156601514883
0.00018367173976671
0.00013871995185659
0.00010406987928414
0.000077553274033484
0.000057406835515828
0.000042209953026229
0.000030828565276663
0.000022365485053986
0.000016117187489748
0.0000115368029801
8.202879169551e-6
5.7933677639124e-6
4.0642380771632e-6
2.8321075284427e-6
1.9602983648114e-6
1.3477698262356e-6
9.204276378063e-7
6.2437166607132e-7
4.2070295936737e-7
2.8156975882677e-7
1.8718615145086e-7
1.2360552277778e-7
8.10732654929e-8
5.2819252171721e-8
3.4180685645382e-8
2.1970622740237e-8
1.4027366970466e-8
8.895723032738e-9
5.603466010015e-9
3.5059176061487e-9
2.1787891727346e-9
1.3449195370938e-9
8.246013184714e-10
5.0217767211899e-10
3.0376339273623e-10
1.8250599182214e-10
1.0891343565924e-10
6.455760264207e-11
3.8007901310158e-11
2.2225926978574e-11
1.2909347744897e-11
7.44742349094e-12
4.2674066682899e-12
2.4287181916568e-12
1.3729167428705e-12
7.708397679328e-13
4.2986857463257e-13
2.3809911581717e-13
1.3098729652185e-13
7.157291114789e-14
3.8843206578037e-14
2.0937610855322e-14
1.1209431382425e-14
5.960506832455e-15
3.1479271238322e-15
1.6512268073962e-15
8.602567083492e-16
4.451305088623e-16
2.2876167959901e-16
1.1676547859367e-16
5.919425497707e-17
2.9804180365298e-17
1.4904106392548e-17
7.402261572085e-18
3.651331096222e-18
1.7888126937469e-18
8.703700350143e-19
4.205977405432e-19
2.0186098958107e-19
9.621855265918e-20
4.554961253649e-20
2.1415512413473e-20
9.999738090496e-21
4.637282912073e-21
2.1357567919045e-21
9.769034574834e-22
4.437736771279e-22
2.0020727247851e-22
8.970258180206e-23
3.991491121883e-23
1.7638792655535e-23
7.741129309061e-24
3.373959532238e-24
1.4604065834055e-24
6.277754524593e-25
2.6799689722292e-25
1.1361831086623e-25
4.783637250299e-26
2.0001276046225e-26
8.305100885841e-27
3.424664554354e-27
1.4024107778052e-27
5.703148234815e-28
2.3032146877206e-28
9.237035966514e-29
3.678810288486e-29
1.4549791541512e-29
5.714507813611e-30
2.2288026490359e-30
8.632431709216e-31
3.320178627713e-31
1.2681029242389e-31
4.809614759788e-32
1.8114517600577e-32
6.774884438901e-33
2.5161328890827e-33
9.279396484489e-34
3.398272923106e-34
1.2357966727896e-34
4.462558163455e-35
1.6001721250093e-35
5.697617357446e-36
2.0144729154231e-36
7.072434766656e-37
2.46554881165e-37
8.534796119602e-38
2.933629920212e-38
1.0012622683702e-38
3.393270063193e-39
1.1418649335916e-39
3.815350566893e-40
1.2658294971967e-40
4.16998657066e-41
1.3639875157184e-41
4.429962229703e-42
1.4285686561274e-42
4.574158769821e-43
1.4542126459625e-43
4.590380489011e-44
1.4387026458034e-44
4.477055454487e-45
1.3832811080323e-45
4.243482403797e-46
1.2924858066945e-46
3.908570831679e-47
1.1735359793409e-47
3.498311052672e-48
1.0353838323833e-48
3.042444146456e-49
8.876043912451e-50
2.570923528518e-50
7.393141877962e-51
2.110747795179e-51
5.982852656642e-52
1.683612523312e-52
4.703650700523e-53
1.3046206007463e-53
3.592417581198e-54
9.820643476417e-55
2.665267145779e-55
7.181022944618e-56
1.920762767434e-56
5.100350786886e-57
1.3445046412081e-57
3.51849973865e-58
9.140768185744e-59
2.357408242785e-59
6.035465695836e-60
1.533937249099e-60
3.870099532794e-61
9.692845728281e-62
2.409860830588e-62
5.947589295121e-63
1.4571194454273e-63
3.543654059237e-64
8.554728869861e-65
2.050013457512e-65
4.876401400128e-66
1.1514131251797e-66
2.698662633351e-67
6.278391354589e-68
1.4498637536793e-68
3.323392654177e-69
7.561507397152e-70
1.707670031318e-70
3.827938452683e-71
8.51702440052e-72
1.880915610336e-72
4.12292752105e-73
8.970022497636e-74
1.936998376133e-74
4.151540695159e-75
8.83141032556e-76
1.864609652072e-76
3.907322414007e-77
8.126440450596e-78
1.677442189205e-78
3.436506312118e-79
6.98723531644e-80
1.4099654423435e-80
2.823726653319e-81
5.612341776502e-82
1.1070545018155e-82
2.167172422586e-83
4.210305531077e-84
8.117560430012e-85
1.553192485559e-85
2.949231747718e-86
5.557409513802e-87
1.0392302168571e-87
1.928514715383e-88
3.551418949258e-89
6.489997438078e-90
1.1769193193575e-90
2.117894208054e-91
3.78192634432e-92
6.701451909666e-93
1.1783316829123e-93
2.055913148948e-94
3.559395556842e-95
6.114736105725e-96
1.0423290114389e-96
1.763003660505e-97
2.958819657122e-98
4.927155326727e-99
8.141080409943e-100
1.334662307163e-100
2.170999914722e-101
3.503827748968e-102
5.610682091728e-103
8.914027337588e-104
1.405118758826e-104
2.197496678489e-105
3.409689827765e-106
5.248899626535e-107
8.016479306359e-108
1.2146644869868e-108
1.82591875622e-109
2.723041115351e-110
4.028744514726e-111
5.913207924738e-112
8.610126902504e-113
1.243723920838e-113
1.782220673406e-114
2.533477273255e-115
3.572609540927e-116
4.997606151367e-117
6.934917992248e-118
9.545931727542e-119
1.303430386065e-119
1.76540633232e-120
2.371830263284e-121
3.160816998663e-122
4.178174922092e-123
5.478227574259e-124
7.124499156112e-125
9.190180179544e-126
1.175827719946e-126
1.492134165597e-127
1.87806691714e-128
2.344486407604e-129
2.902767626399e-130
3.564504017018e-131
4.341127961107e-132
5.243448753558e-133
6.281114544745e-134
7.462011125023e-135
8.791617312665e-136
1.0272343617357e-136
1.190288722304e-137
1.367764153473e-138
1.558620191559e-139
1.761301019756e-140
1.973717858981e-141
2.193252842056e-142
2.41678706594e-143
2.640754359094e-144
2.861220886531e-145
3.073989124873e-146
3.274723080439e-147
3.459090019486e-148
3.622912563256e-149
3.762323899515e-150
3.873918187654e-151
3.954888068126e-152
4.003141572538e-153
4.017391665779e-154
3.997213086919e-155
3.943062996897e-156
3.856264056318e-157
3.738950788185e-158
3.59398225823e-159
3.424826063841e-160
3.235420214924e-161
3.030020602579e-162
2.81304231302e-163
2.588903032005e-164
2.361876224629e-165
2.13596073697e-166
1.914772055307e-167
1.701458805399e-168
1.49864631912e-169
1.30840737633e-170
1.132258669326e-171
9.71180233725e-173
8.256541107931e-174
6.957178857722e-175
5.810284855668e-176
4.809316893228e-177
3.945331560832e-178
3.207673389459e-179
2.584613616805e-180
2.06391708638e-181
1.633323555033e-182
1.280936917514e-183
9.95522143202e-185
7.667147980592e-186
5.851517766972e-187
4.425343039687e-188
3.316354917033e-189
2.462649327323e-190
1.812021996302e-191
1.321099203126e-192
9.54355476335e-194
6.830922026005e-195
4.844338628716e-196
3.403824810616e-197
2.369566613271e-198
1.634297364386e-199
1.116721906879e-200
7.559657022029e-202
5.069831140027e-203
3.368297393002e-204
2.216889378425e-205
1.44539098512e-206
9.33523796006e-208
5.972485737848e-209
3.784995880899e-210
2.376003545619e-211
1.477375526283e-212
9.09887200041e-214
5.550443458452e-215
3.353527338816e-216
2.00678369833e-217
1.189362556039e-218
6.98125202099e-220
4.058336318193e-221
2.336407850798e-222
1.332064810296e-223
7.520872649046e-225
4.205012881181e-226
2.328158850523e-227
1.276421076311e-228
6.929489318803e-230
3.724981780287e-231
1.982679057739e-232
1.044902190968e-233
5.452345297918e-235
2.816858423908e-236
1.440821010253e-237
7.296384391193e-239
3.658030119249e-240
1.815590532622e-241
8.92090035111e-243
4.3391895383e-244
2.089328056e-245
9.95844625661e-247
4.698424299241e-248
2.194205377503e-249
1.014274051451e-250
4.640607938925e-252
2.101475874623e-253
9.41872817036e-255
4.177983457556e-256
1.834154670347e-257
7.96871115597e-259
3.426187440026e-260
1.457783344745e-261
6.137924188477e-263
2.557316469847e-264
1.054312873998e-265
4.300947976844e-267
1.736025061387e-268
6.933177110693e-270
2.739557310536e-271
1.07099506682e-272
4.142291262188e-274
1.584991281745e-275
5.999749361741e-277
2.246705395467e-278
8.32247774085e-280
3.049574544798e-281
1.105331291527e-282
3.962768248424e-284
1.405219533363e-285
4.928504597163e-287
1.709612650181e-288
5.865132472485e-290
1.989946243006e-291
6.676887193278e-293
2.215447988991e-294
7.26924727587e-296
2.358539289023e-297
7.56672392616e-299
2.400318984757e-300
7.52855121363e-302
2.334641486641e-303
7.15781011333e-305
2.169581934919e-306
6.5011838915e-308
1.925811770745e-309
5.639291846834e-311
1.632333463507e-312
4.670365614075e-314
1.320792322776e-315
3.691847031869e-317
1.019910547389e-318
2.784667040234e-320
7.51381888558e-322
2.003584864225e-323
5.279557348832e-325
1.374716265072e-326
3.537018411602e-328
8.99193210043e-330
2.258617984369e-331
5.605173771416e-333
1.374276884043e-334
3.328744334762e-336
7.96507198416e-338
1.882712092734e-339
4.395869434618e-341
1.013803744445e-342
2.30936533688e-344
5.195678784496e-346
1.154473413796e-347
2.533369286058e-349
5.489929341159e-351
1.174814500101e-352
2.482484601181e-354
5.179630892759e-356
1.067053355701e-357
2.170343373046e-359
4.358183309853e-361
8.63966350055e-363
1.690759491264e-364
3.26617695039e-366
6.22801237954e-368
1.17216819106e-369
2.177407623735e-371
3.991878668856e-373
7.2223904182e-375
1.289521765753e-376
2.27194771458e-378
3.949731546147e-380
6.77507116923e-382
1.146606556034e-383
1.91445994833e-385
3.153452342128e-387
5.124021967613e-389
8.21290505188e-391
1.298434038804e-392
2.024679065688e-394
3.113733331824e-396
4.722489977262e-398
7.0631809133e-400
1.041703890904e-401
1.514878105306e-403
2.172076270025e-405
3.070511448728e-407
4.279161508067e-409
5.87885474973e-411
7.96134433691e-413
1.06270563835e-414
1.398123290519e-416
1.812828034475e-418
2.3164283608e-420
2.916785315841e-422
3.618972687886e-424
4.424182529504e-426
5.328672303711e-428
6.322870723223e-430
7.39076980864e-432
8.50972663431e-434
9.65077685505e-436
1.077952283513e-437
1.185760428153e-439
1.284469396198e-441
1.370089322406e-443
1.438934113935e-445
1.487880690397e-447
1.514601589203e-449
1.517747064174e-451
1.497056990677e-453
1.45338977586e-455
1.388664214528e-457
1.305719661736e-459
1.208108707665e-461
1.099843516161e-463
9.85121192159e-466
8.68054484678e-468
7.52431833683e-470
6.41525741302e-472
5.379615771175e-474
4.436513029243e-476
3.597893215042e-478
2.869016420542e-480
2.249354356666e-482
1.733740886716e-484
1.313629580623e-486
9.78328173555e-489
7.16109038086e-491
5.151293326877e-493
3.641288096604e-495
2.529030481432e-497
1.725724580965e-499
1.15681776022e-501
7.61713387449e-504
4.926154549117e-506
3.128746549383e-508
1.951345688542e-510
1.194963263607e-512
7.1843236655e-515
4.240159023235e-517
2.456386346612e-519
1.396632863754e-521
7.79275602798e-524
4.266529289313e-526
2.291839446593e-528
1.207729884803e-530
6.242827341807e-533
3.164956918565e-535
1.573539588016e-537
7.67111850521e-540
3.666552707195e-542
1.717994529757e-544
7.89034330505e-547
3.551609885984e-549
1.566585375674e-551
6.77057898497e-554
2.866706232308e-556
1.18896247515e-558
4.829718561886e-561
1.921252981272e-563
7.48334642753e-566
2.853608464548e-568
1.065167659083e-570
3.891379203897e-573
1.391192346755e-575
4.866357274369e-578
1.665283569015e-580
5.574078279068e-583
1.824697539145e-585
5.840808601222e-588
1.827888203789e-590
5.591780600439e-593
1.671870648387e-595
4.884660973541e-598
1.394348809188e-600
3.888110611394e-603
1.058911711189e-605
2.816160871045e-608
7.3122856699e-611
1.853390829422e-613
4.584774478291e-616
1.106684205828e-618
2.606156915183e-621
5.986369705741e-624
1.340992265098e-626
2.928876192154e-629
6.235891646876e-632
1.293982034671e-634
2.616362423293e-637
5.153636932025e-640
9.88736825479e-643
1.847147899992e-645
3.359527064458e-648
5.947163472654e-651
1.024459689234e-653
1.716838180727e-656
2.798386776273e-659
4.435295179674e-662
6.83383250264e-665
1.023344297164e-667
1.488954631688e-670
2.104398253457e-673
2.888308465404e-676
3.848651559349e-679
4.9773817756e-682
6.245918333289e-685
7.602701064e-688
8.97401167517e-691
1.026882563388e-693
1.1387702582e-696
1.223476810472e-699
1.273092719425e-702
1.282586201371e-705
1.250633367395e-708
1.179891548302e-711
1.076642325094e-714
9.49868716658e-718
8.09954731759e-721
6.67270365203e-724
5.309117138223e-727
4.078064127408e-730
3.022910510787e-733
2.161526003656e-736
1.490321964281e-739
9.90377348428e-743
6.340661721032e-746
3.909217039843e-749
2.319903258702e-752
1.324566723969e-755
7.27270391313e-759
3.838180408155e-762
1.946016390528e-765
9.47410490911e-769
4.426637617119e-772
1.983908712575e-775
8.5239977214e-779
3.509092465175e-782
1.383329919539e-785
5.218903779081e-789
1.883179332766e-792
6.495195147347e-796
2.139945987351e-799
6.73035303556e-803
2.019313451232e-806
5.775621116512e-810
1.573665261666e-813
4.081553060951e-817
1.00695344065e-820
2.361162778776e-824
5.258074036809e-828
1.111099074442e-831
2.226046713268e-835
4.224640270127e-839
7.5879719176e-843
1.28865356792e-846
2.067292494885e-850
3.129608127813e-854
4.466350763304e-858
6.00244117669e-862
7.58816368941e-866
9.0133019797e-870
1.004747188216e-873
1.04984223228e-877
1.026915961408e-881
9.39113670504e-886
8.018275453e-890
6.382747735636e-894
4.729971721167e-898
3.258129521453e-902
2.082787213908e-906
1.233580445656e-910
6.757484122526e-915
3.417546142376e-919
1.592715368251e-923
6.826571689773e-928
2.685439496637e-932
9.67481192535e-937
3.184976356704e-941
9.55831417997e-946
2.608507801683e-950
6.456674052709e-955
1.445584154319e-959
2.919072999078e-964
5.300237796937e-969
8.62588106329e-974
1.254005288834e-978
1.62266081416e-983
1.861832380376e-988
1.886639660044e-993
1.681179150231e-998
1.311404198239e-1003
8.91139805302e-1009
5.247908726664e-1014
2.663439990338e-1019
1.1580431003e-1024
4.285933987128e-1030
1.340917172646e-1035
3.520049520592e-1041
7.690761497106e-1047
1.386251580199e-1052
2.041741661741e-1058
2.431579668682e-1064
2.314740347559e-1070
1.739113492277e-1076
1.016860599701e-1082
4.555268202591e-1089
1.536370469347e-1095
3.825376528178e-1102
6.87691660746e-1109
8.702692762657e-1116
7.530435425794e-1123
4.307793098205e-1130
1.566120488738e-1137
3.453387648275e-1145
4.366885787644e-1153
2.957525623203e-1161
9.854960072618e-1170
1.45050185591e-1178
8.190851403718e-1188
1.466410436684e-1197
6.351009300747e-1208
4.421846789153e-1219
2.513162265636e-1231
3.158466010815e-1245
2.977544332118e-1262