0.0551077066794502
0.054773557231741
0.0541113232329998
0.0531329514182836
0.051855911962699
0.0503026797620919
0.0485000769051844
0.0464785031985364
0.044271085547479
0.041912779357849
0.039439455830751
0.036887008101899
0.034290506749115
0.031683431460175
0.029097000887352
0.026559617228662
0.024096436204364
0.021729067175196
0.0194754024880649
0.0173495700073912
0.015361998413247
0.0135195813755836
0.011825924234641
0.0102816553532681
0.0088847838193113
0.0076310855764704
0.0065145012215299
0.0055275304693495
0.0046616104853683
0.0039074677480402
0.003255435669137
0.0026957327245279
0.0022186982120721
0.0018149848643766
0.0014757093388921
0.0011925630506022
0.00095788689322942
0.00076471412487342
0.00060678610179092
0.00047854567035475
0.00037511292030561
0.00029224771364565
0.00022630298382574
0.00017417229675093
0.0001332346205702
0.00010129870041952
0.000076548905052284
0.000057493925036625
0.000042919270446568
0.000031844147150195
0.00002348298724639
0.000017211669264761
0.000012538282840468
9.078164195236e-6
6.5328453192026e-6
4.6725133192867e-6
3.3215592310522e-6
2.3468005143847e-6
1.6479821281576e-6
1.1501921228503e-6
7.978647123642e-7
5.5008335307628e-7
3.769359075369e-7
2.5671169951434e-7
1.7376500713889e-7
1.1690062963792e-7
7.816432687833e-8
5.1944178829313e-8
3.430844661409e-8
2.2521661040401e-8
1.4693805250491e-8
9.528004088128e-9
6.140484912831e-9
3.9331069430257e-9
2.5038047468572e-9
1.5841490150887e-9
9.961430694723e-10
6.225536004531e-10
3.8668769085036e-10
2.3871061122766e-10
1.4645698225441e-10
8.930475992316e-11
5.412083427099e-11
3.2597093355365e-11
1.9512681094242e-11
1.1608546404229e-11
6.863738018955e-12
4.0333382386393e-12
2.3555308312488e-12
1.3672006352656e-12
7.88667807089e-13
4.521405547775e-13
2.5761394734208e-13
1.4587501166827e-13
8.209318562824e-14
4.591420064049e-14
2.5521117682319e-14
1.4098214528002e-14
7.739970573698e-15
4.223031018296e-15
2.2899077459164e-15
1.2340121310045e-15
6.608875401948e-16
3.5175586262115e-16
1.8606286846511e-16
9.780962592514e-17
5.109823768314e-17
2.6529654452801e-17
1.368855197992e-17
7.019118218452e-18
3.576890221864e-18
1.8114466046139e-18
9.116773952624e-19
4.559858882804e-19
2.2664963012893e-19
1.1195689431778e-19
5.49588572969e-20
2.6811083564392e-20
1.2998093112319e-20
6.262277384131e-21
2.9982724838967e-21
1.4265755960492e-21
6.745313109753e-22
3.169507601168e-22
1.4800028714635e-22
6.867728214104e-23
3.16695663513e-23
1.4512702409994e-23
6.608916879607e-24
2.990795885817e-24
1.3449817482989e-24
6.01059926272e-25
2.6692518121731e-25
1.1779593934079e-25
5.165813152695e-26
2.2511957274923e-26
9.748831901114e-27
4.195224784745e-27
1.7939889729101e-27
7.623330039793e-28
3.219056672684e-28
1.3507344803374e-28
5.632060570612e-29
2.3335607201908e-29
9.607797320139e-30
3.930791109399e-30
1.598033787768e-30
6.455654106561e-31
2.591440737721e-31
1.0336832094977e-31
4.097105993735e-32
1.6136483105018e-32
6.315109818074e-33
2.455792262705e-33
9.48941416941e-34
3.64353190139e-34
1.3900789940398e-34
5.2697308312e-35
1.9850330329787e-35
7.429775476369e-36
2.763188847679e-36
1.0211055533848e-36
3.74933422646e-37
1.3679157929409e-37
4.958890155476e-38
1.786190380313e-38
6.392744386373e-39
2.273324634658e-39
8.032454578572e-40
2.819979580717e-40
9.836773329464e-41
3.409310188811e-41
1.1740474362843e-41
4.017058522417e-42
1.3656271933858e-42
4.612705421132e-43
1.5480212623894e-43
5.161712559815e-44
1.710032828998e-44
5.628683721396e-45
1.8407678758618e-45
5.981071468371e-46
1.9308330782328e-46
6.192902133822e-47
1.973446751432e-47
6.247931569455e-48
1.965281225685e-48
6.141700793139e-49
1.906891655715e-49
5.882130921046e-50
1.8026546642572e-50
5.488547553357e-51
1.6602260323048e-51
4.989301339065e-52
1.4896107503152e-52
4.418391696599e-53
1.3020023690776e-53
3.81165211074e-54
1.108578419459e-54
3.203089063941e-55
9.194302167558e-56
2.621883628947e-56
7.427636397072e-57
2.090393915658e-57
5.844449040917e-58
1.6232844378486e-58
4.478977934645e-59
1.2277052078438e-59
3.343010680043e-60
9.042895642628e-61
2.429970190083e-61
6.486577515185e-62
1.72008168077e-62
4.531050028788e-63
1.1856663490674e-63
3.082034433598e-64
7.958318656315e-65
2.041321843357e-65
5.20122234621e-66
1.3164385098685e-66
3.309743860273e-67
8.265787794207e-68
2.050536820795e-68
5.052911896994e-69
1.2368130967404e-69
3.007128363803e-70
7.262442900696e-71
1.742182635146e-71
4.151280827619e-72
9.825288483571e-73
2.309832755815e-73
5.39367825798e-74
1.2509963527409e-74
2.881978727087e-75
6.594568980147e-76
1.498787827787e-76
3.383367394889e-77
7.585960350562e-78
1.68935729764e-78
3.736621449259e-79
8.208814340135e-80
1.791111331098e-80
3.881526949935e-81
8.354443924294e-82
1.785930000362e-82
3.79175497298e-83
7.99543383453e-84
1.67442889162e-84
3.482661326945e-85
7.194035408104e-86
1.47586831179e-86
3.006998784599e-87
6.084520851358e-88
1.2227111223593e-88
2.440183758342e-89
4.836366628935e-90
9.519425054743e-91
1.860774852804e-91
3.612146124722e-92
6.963409176256e-93
1.333092765647e-93
2.534413011913e-94
4.784864684963e-95
8.970855392407e-96
1.670192881679e-96
3.087909832238e-97
5.669234415868e-98
1.0335765214779e-98
1.871181199688e-99
3.363880801083e-100
6.005005748432e-101
1.0644636770763e-101
1.87365380059e-102
3.274804705548e-103
5.683494852121e-104
9.794358034512e-105
1.675958772024e-105
2.847566840333e-106
4.80401254845e-107
8.047301961572e-108
1.338470328884e-108
2.210425033522e-109
3.624496703398e-110
5.900934139486e-111
9.538744306392e-112
1.530929700714e-112
2.439546438532e-113
3.859658734357e-114
6.062766664213e-115
9.455207493495e-116
1.46401540317e-116
2.250560478807e-117
3.43480633412e-118
5.204468560253e-119
7.829050788991e-120
1.169220483572e-120
1.733541636949e-121
2.551635567165e-122
3.728597055936e-123
5.408920480383e-124
7.78950679694e-125
1.113626099814e-125
1.580500910516e-126
2.226751831475e-127
3.114342620885e-128
4.323885892645e-129
5.959242519494e-130
8.152909245853e-131
1.10722161588e-131
1.492631373796e-132
1.997387262314e-133
2.653134693856e-134
3.498156391784e-135
4.578229996446e-136
5.947438916536e-137
7.668878969813e-138
9.815191383915e-139
1.24688417998e-139
1.572205621149e-140
1.967631962867e-141
2.444134309797e-142
3.013341098382e-143
3.687303435563e-144
4.478185890606e-145
5.397880750141e-146
6.457547805046e-147
7.667086589045e-148
9.034553444899e-149
1.056554157501e-149
1.226254797218e-150
1.412435638499e-151
1.614546976768e-152
1.831562850212e-153
2.061945159864e-154
2.303623670293e-155
2.55399508032e-156
2.809943696482e-157
3.067885333613e-158
3.323834941193e-159
3.57349716671e-160
3.812377693809e-161
4.035911823738e-162
4.239605503014e-163
4.419182937991e-164
4.570734170306e-165
4.690855591363e-166
4.776776400181e-167
4.826464477679e-168
4.838706048995e-169
4.813154785957e-170
4.750347585987e-171
4.651686046491e-172
4.519384513497e-173
4.356387390578e-174
4.166260023578e-175
3.953058817056e-176
3.721187202185e-177
3.475244606181e-178
3.219875647888e-179
2.959626416119e-180
2.698813922976e-181
2.441413737528e-182
2.190969489627e-183
1.950526494355e-184
1.722590291099e-185
1.509109516755e-186
1.311481324807e-187
1.1305765849e-188
9.66781391874e-190
8.20050994968e-191
6.899721203373e-192
5.758297763995e-193
4.766749602951e-194
3.913901732428e-195
3.187502471921e-196
2.574766298237e-197
2.062839197272e-198
1.639180467027e-199
1.291860219643e-200
1.009776187615e-201
7.82796753439e-203
6.018393839224e-204
4.58894927789e-205
3.470086514335e-206
2.602286007572e-207
1.935310602945e-208
1.427317059522e-209
1.043896719999e-210
7.57103107156e-212
5.44510206563e-213
3.88332341495e-214
2.746253577881e-215
1.925795654987e-216
1.339075837246e-217
9.23248089127e-219
6.31164783909e-220
4.278297492577e-221
2.875383768782e-222
1.916063783001e-223
1.265919422257e-224
8.29233277527e-226
5.385356974281e-227
3.467463482659e-228
2.213407545087e-229
1.400733077084e-230
8.787923378e-232
5.465706938224e-233
3.369984480377e-234
2.059791048628e-235
1.248027968872e-236
7.49589486467e-238
4.462854759014e-239
2.633808226303e-240
1.540741066276e-241
8.93390253186e-243
5.134648113468e-244
2.925027244833e-245
1.65154600954e-246
9.24239863218e-248
5.126295611948e-249
2.817988063146e-250
1.535262957493e-251
8.28945593849e-253
4.435681728301e-254
2.352216135959e-255
1.236140745392e-256
6.437596651039e-258
3.322278116972e-259
1.699009370035e-260
8.60982359406e-262
4.323370869699e-263
2.151153991874e-264
1.06055264659e-265
5.180785119096e-267
2.507566030957e-268
1.202523028444e-269
5.71359385817e-271
2.689619991359e-272
1.254378694323e-273
5.795796538757e-275
2.652984908755e-276
1.203050948315e-277
5.404446154896e-279
2.405063689237e-280
1.06023074925e-281
4.62980591737e-283
2.002644374657e-284
8.58051907573e-286
3.641513418342e-287
1.530730651721e-288
6.37314748552e-290
2.628071836313e-291
1.073342302961e-292
4.341568118258e-294
1.739209461409e-295
6.89991154033e-297
2.710883882352e-298
1.05473507819e-299
4.063780073914e-301
1.550459804779e-302
5.85765026279e-304
2.191331103281e-305
8.11714228124e-307
2.977129871479e-308
1.081136841881e-309
3.887232703799e-311
1.38377678833e-312
4.876921165156e-314
1.701641643664e-315
5.877891357772e-317
2.009992352604e-318
6.80416593478e-320
2.280085775659e-321
7.56330031244e-323
2.483381059826e-324
8.07114495472e-326
2.596417396573e-327
8.26702373805e-329
2.605234453539e-330
8.12559083342e-332
2.5081936219e-333
7.6621829325e-335
2.31641625996e-336
6.93011618206e-338
2.051688135871e-339
6.010576153617e-341
1.742375260371e-342
4.997754709623e-344
1.418412482772e-345
3.983007629598e-347
1.10659126885e-348
3.041706241434e-350
8.2715623593e-352
2.225278113406e-353
5.922344005969e-355
1.55919905388e-356
4.06063544879e-358
1.046060371628e-359
2.665480457168e-361
6.71793577785e-363
1.674646952274e-364
4.128793076826e-366
1.006747750372e-367
2.427733759875e-369
5.789610106729e-371
1.365370023676e-372
3.184116837204e-374
7.34260041007e-376
1.674239655186e-377
3.774649482419e-379
8.4141689998e-381
1.854409440916e-382
4.040581789184e-384
8.70382197099e-386
1.853479324807e-387
3.901762575715e-389
8.11919263751e-391
1.670041269965e-392
3.395370861883e-394
6.82301079651e-396
1.355116905865e-397
2.659942397844e-399
5.159946822435e-401
9.8918692573e-403
1.873933340368e-404
3.507961964062e-406
6.48877588899e-408
1.185932259154e-409
2.141549416571e-411
3.820754896262e-413
6.73449006895e-415
1.172670939504e-416
2.017180721571e-418
3.427613077818e-420
5.753049193407e-422
9.53771884681e-424
1.561750784267e-425
2.525691074371e-427
4.033948345555e-429
6.36271105369e-431
9.91050588757e-433
1.524301993378e-434
2.31498097192e-436
3.471398851641e-438
5.139508352449e-440
7.51238292392e-442
1.084056365614e-443
1.54426831039e-445
2.171545623909e-447
3.014177516807e-449
4.129529157398e-451
5.583957071858e-453
7.45197195333e-455
9.81444044767e-457
1.275564581248e-458
1.635908894396e-460
2.070200948314e-462
2.584874034656e-464
3.184317093538e-466
3.870077062956e-468
4.640079469157e-470
5.487943417907e-472
6.40247526217e-474
7.36742497388e-476
8.36157877289e-478
9.35924013167e-480
1.033111964455e-481
1.124561485463e-483
1.207041797539e-485
1.27743477159e-487
1.332926682858e-489
1.371192492875e-491
1.390556073508e-493
1.39011112774e-495
1.369790739504e-497
1.330378192291e-499
1.273457391111e-501
1.201307202356e-503
1.116749534218e-505
1.022965320335e-507
9.23295214212e-510
8.21042471908e-512
7.1929419982e-514
6.20774148804e-516
5.277360367278e-518
4.419015969557e-520
3.644428225581e-522
2.960037736754e-524
2.367542569089e-526
1.864658954448e-528
1.446006107255e-530
1.104021796841e-532
8.29830394962e-535
6.14005442344e-537
4.471909130378e-539
3.205663321284e-541
2.261585431835e-543
1.570159745135e-545
1.072693529865e-547
7.21063179486e-550
4.768714116229e-552
3.102584743649e-554
1.985656443928e-556
1.249988315936e-558
7.73912880691e-561
4.712213426881e-563
2.82141289204e-565
1.661035034898e-567
9.61440904924e-570
5.470900545586e-572
3.060185732004e-574
1.682477869293e-576
9.09123637446e-579
4.827557912148e-581
2.518961044516e-583
1.291406017049e-585
6.50442698654e-588
3.218230535271e-590
1.56402470746e-592
7.46525041316e-595
3.499249425129e-597
1.610608810074e-599
7.27853960037e-602
3.229172465484e-604
1.406320429833e-606
6.01140589507e-609
2.521846374365e-611
1.0381581053e-613
4.193354295135e-616
1.661740002228e-618
6.45977955339e-621
2.463056849896e-623
9.21046699538e-626
3.377435328273e-628
1.214332550872e-630
4.280354876565e-633
1.478969121609e-635
5.008648541506e-638
1.662295920985e-640
5.405874003688e-643
1.722407926047e-645
5.376016307828e-648
1.64354187583e-650
4.920814301486e-653
1.442675787764e-655
4.141091295598e-658
1.163625012274e-660
3.200372243773e-663
8.61416710018e-666
2.268750232499e-668
5.84594887721e-671
1.473505193395e-673
3.632529144887e-676
8.75706952972e-679
2.064102333399e-681
4.756153440288e-684
1.071176729442e-686
2.357623323669e-689
5.070164212236e-692
1.065195061117e-694
2.185847429288e-697
4.380433059034e-700
8.57121709993e-703
1.637256522026e-705
3.052523819165e-708
5.553765636173e-711
9.85868438972e-714
1.707138526933e-716
2.883042629044e-719
4.747649012757e-722
7.62189075195e-725
1.192650798057e-727
1.818606658587e-730
2.701755562353e-733
3.909673628037e-736
5.509674179077e-739
7.55969824066e-742
1.00966347176e-744
1.312324631514e-747
1.659569471042e-750
2.041429556529e-753
2.442033502958e-756
2.84013296625e-759
3.210592716656e-762
3.526784526066e-765
3.763617316144e-768
3.900752413275e-771
3.925447313179e-774
3.834484719542e-777
3.634787004191e-780
3.342563862286e-783
2.98113453405e-786
2.577830978959e-789
2.160556777097e-792
1.754608047898e-795
1.38025680664e-798
1.051391498454e-801
7.75265472396e-805
5.531865277738e-808
3.818376115981e-811
2.548704616649e-814
1.644517827187e-817
1.025362180921e-820
6.17552161691e-824
3.591387057441e-827
2.015923393045e-830
1.091783315192e-833
5.702602514039e-837
2.871466016047e-840
1.393297597495e-843
6.51186329707e-847
2.930185472181e-850
1.268867411961e-853
5.28526723139e-857
2.116609715731e-860
8.14566255105e-864
3.010977101433e-867
1.068469878686e-870
3.638009905514e-874
1.187899222301e-877
3.717671411925e-881
1.114534779843e-884
3.198871284287e-888
8.78462536734e-892
2.306795908388e-895
5.788735193556e-899
1.387294527649e-902
3.17306169238e-906
6.9218114727e-910
1.439099585884e-913
2.84958572115e-917
5.369991008394e-921
9.62361708789e-925
1.638847292453e-928
2.649881731433e-932
4.064849087957e-936
5.91049063486e-940
8.13923763236e-944
1.060554757931e-947
1.306373482999e-951
1.519739975066e-955
1.668046395106e-959
1.725595201239e-963
1.680745150181e-967
1.539648361075e-971
1.324970413459e-975
1.069908926311e-979
8.09685572138e-984
5.73546863095e-988
3.797854173692e-992
2.347671873712e-996
1.352872536053e-1000
7.25711338722e-1005
3.618269141464e-1009
1.674109798991e-1013
7.17631610667e-1018
2.845199932952e-1022
1.041467007889e-1026
3.513132624992e-1031
1.089982471129e-1035
3.104149592014e-1040
8.09741293539e-1045
1.930502128057e-1049
4.196710944522e-1054
8.29866931783e-1059
1.488889024119e-1063
2.417178451164e-1068
3.540998465498e-1073
4.666884480413e-1078
5.516413567369e-1083
5.82886769808e-1088
5.486523281767e-1093
4.583487335493e-1098
3.385207672181e-1103
2.201232491761e-1108
1.254658222451e-1113
6.239182920435e-1119
2.69340073506e-1124
1.003978545314e-1129
3.213018249777e-1135
8.77406848859e-1141
2.031050445862e-1146
3.957141561059e-1152
6.439373340779e-1158
8.67935400252e-1164
9.60239309939e-1170
8.63438725042e-1176
6.242413748641e-1182
3.585851776894e-1188
1.615377285761e-1194
5.624876389631e-1201
1.489770651945e-1207
2.947666567402e-1214
4.269752143517e-1221
4.425369111117e-1228
3.197341443478e-1235
1.562819763799e-1242
4.991501745947e-1250
1.000247308253e-1257
1.198503132697e-1265
8.104871318427e-1274
2.88304290847e-1282
4.942778582243e-1291
3.654626673254e-1300
1.0078627439329e-1309
8.516603358737e-1320
1.668611004157e-1330
4.97362785394e-1342
1.1213007619912e-1354
4.971316119509e-1369
1.3206762013902e-1386