0.1461668889671504
0.1399942976093286
0.1284190620419474
0.1128234480652987
0.0949312815746468
0.0764971463690588
0.0590322424232976
0.04362346214450493
0.03086830729352919
0.0209140781682417
0.01356643023027157
0.00842475743423861
0.00500811688868913
0.002849529930388392
0.001551694979421594
0.000808579299108514
0.0004031501626015657
0.0001923002469426483
0.0000877401524628615
0.00003828733066592011
0.00001597637933517007
6.37371035068977e-6
2.430617956965614e-6
8.85863402246871e-7
3.084985907210643e-7
1.02631809038769e-7
3.261026864426807e-8
9.89388068885225e-9
2.865564115731859e-9
7.92083298530033e-10
2.088957605690215e-10
5.25486727224032e-11
1.260482759887573e-11
2.88216593258428e-12
6.2800898194757e-13
1.303554668006896e-13
2.576644450718369e-14
4.84819772629092e-15
8.68037796778516e-16
1.478271674760098e-16
2.393561926404894e-17
3.683152878998144e-18
5.38370744706717e-19
7.47177059548376e-20
9.84081722418379e-21
1.229364422444082e-21
1.455924813898701e-22
1.63366646204219e-23
1.735805920944969e-24
1.745375508918014e-25
1.659785933451505e-26
1.491779841888366e-27
1.266335140442885e-28
1.014548760387253e-29
7.66572468843726e-31
5.45822140256547e-32
3.659430562438165e-33
2.308189660552898e-34
1.368484266349002e-35
7.61931263716752e-37
3.979957140751663e-38
1.948440293605323e-39
8.930602990868e-41
3.828039640752703e-42
1.532737461205286e-43
5.72563723212996e-45
1.992908023173534e-46
6.45464861721919e-48
1.942515060402113e-49
5.42394163128477e-51
1.402950614251189e-52
3.356042795035486e-54
7.41159251518908e-56
1.508317915733931e-57
2.823083360762427e-59
4.84960230833788e-61
7.62936059293609e-63
1.096626927013789e-64
1.436625418129874e-66
1.710792524089491e-68
1.846712066167837e-70
1.801541189652233e-72
1.583198545299614e-74
1.249033748990423e-76
8.81352456134784e-79
5.54020755718579e-81
3.089077457827959e-83
1.520645350639792e-85
6.57535331725327e-88
2.483712248475114e-90
8.1461196139372e-93
2.304572269714895e-95
5.58280434327443e-98
1.148775823526001e-100
1.989985609926907e-103
2.873130064396551e-106
3.418838541365581e-109
3.310673551282195e-112
2.5716371004829e-115
1.57610535226554e-118
7.47738159470763e-122
2.68545638431381e-125
7.1113527626699e-129
1.34542967548549e-132
1.75025370765357e-136
1.49300552231805e-140
7.8639326075352e-145
2.36510619397867e-149
3.6548025606189e-154
2.5001580551007e-159
6.0512120197945e-165
3.5810815566298e-171
2.5549173207769e-178
3.5838906442186e-187