0.19870103704081618
0.18334823578007436
0.156101479849947
0.12261541377174211
0.08884270863629588
0.059366942312670826
0.036576106509803086
0.020770153886127515
0.010866914248342774
0.00523608338590676
0.0023223308982827364
0.0009475789934176064
0.0003554751249661084
0.00012251950121646544
0.00003876796582771588
0.000011252541495603333
2.99324989835911e-6
7.289876554336652e-7
1.623736496791341e-7
3.303874344833808e-8
6.133341553070859e-9
1.0373981456665356e-9
1.5963585528134708e-10
2.2313290142958873e-11
2.8281489919728693e-12
3.244481431672231e-13
3.3622360761897486e-14
3.1406382865933515e-15
2.6381930823541715e-16
1.9879461273563165e-17
1.3400866628757915e-18
8.057748186627334e-20
4.307848693624401e-21
2.0406372113926728e-22
8.53272961208958e-24
3.1364243262134205e-25
1.0088930738432757e-26
2.8259664729965593e-28
6.855384979895098e-30
1.4316070974387268e-31
2.5564844139367552e-33
3.8749094400485153e-35
4.943886010731088e-37
5.260225400342453e-39
4.618259898960623e-41
3.3057067086041257e-43
1.9026918231732687e-45
8.666792323198976e-48
3.066466733641939e-50
8.244178825006479e-53
1.640392805149758e-55
2.339617727468753e-58
2.2990511219174406e-61
1.4805274033206342e-64
5.8544142858483265e-68
1.30228231629713e-71
1.44039789765237e-75
6.58300364536523e-80
9.17060550285136e-85
2.180629615826605e-90
2.018453427509543e-97