0.0573388526314089
0.0569625036635993
0.0562171984936787
0.0551174812031502
0.0536845753032084
0.0519457027953664
0.0499332246883015
0.0476836408537686
0.045236492337166
0.042633212090307
0.039915970485128
0.037126559977352
0.034305359146415
0.031490410394674
0.028716638291371
0.026015227398166
0.0234131699350433
0.0209329853409602
0.0185926061040346
0.0164054175541179
0.014380433902645
0.0125225888507707
0.0108331166303524
0.00930999835713
0.0079484489394986
0.0067414213102647
0.0056801071971863
0.0047544167609103
0.0039534229423071
0.0032657600254967
0.0026799695170182
0.0021847897832856
0.0017693888399685
0.0014235421567222
0.0011377592816375
0.00090336449439027
0.00071253759082147
0.0005583213352359
0.0004346021578517
0.00033607040071461
0.00025816590573649
0.00019701406997386
0.00014935673519397
0.00011248149043851
0.000084152195341124
0.000062542814068073
0.000046176009189054
0.000033867395572947
0.000024675901942287
0.000017860330584354
0.000012841937466208
9.172665870647e-6
6.5085450440089e-6
4.5876989674075e-6
3.2123872571874e-6
2.234509332778e-6
1.5440346722448e-6
1.0598680695447e-6
7.227127674858e-7
4.8955113911702e-7
3.2941856549104e-7
2.2019881657404e-7
1.4621704882472e-7
9.644870053349e-8
6.319886459571e-8
4.1137309315118e-8
2.6599616081799e-8
1.7085468435214e-8
1.0901583631866e-8
6.909754206863e-9
4.350558680437e-9
2.7210466600494e-9
1.6905754696888e-9
1.043373564045e-9
6.396624378581e-10
3.8955310699455e-10
2.356602507652e-10
1.4161487065166e-10
8.453435726639e-11
5.012547667833e-11
2.9524572900133e-11
1.7274582017414e-11
1.0039896647911e-11
5.796257193532e-12
3.3240051842314e-12
1.8935217131089e-12
1.0714510610613e-12
6.022360208147e-13
3.3624228474009e-13
1.8647816993068e-13
1.0272888731309e-13
5.621405527655e-14
3.055510724566e-14
1.6497117802054e-14
8.847416968016e-15
4.713112949055e-15
2.4939106719069e-15
1.3107938073704e-15
6.843323066821e-16
3.5487679277486e-16
1.8279518654295e-16
9.352488915788e-17
4.75295405914e-17
2.3992342988713e-17
1.202964981578e-17
5.991053835777e-18
2.9636164200154e-18
1.4561559904472e-18
7.106561846027e-19
3.4448910026513e-19
1.6586482679105e-19
7.932215975463e-20
3.767859599496e-20
1.7776790777157e-20
8.330459999301e-21
3.877395195233e-21
1.7925244539497e-21
8.230808686853e-22
3.753796866947e-22
1.7003890525341e-22
7.650212892387e-23
3.418572781567e-23
1.5172621167129e-23
6.688353880355e-24
2.9283236403834e-24
1.2733812336377e-24
5.499658006557e-25
2.3591149362043e-25
1.0050715719017e-25
4.252826163301e-26
1.7872663971774e-26
7.459852079898e-27
3.092421204427e-27
1.2731887374968e-27
5.206080224589e-28
2.1142241726903e-28
8.52729904261e-29
3.415783930206e-29
1.3588948957025e-29
5.369032679003e-30
2.1067792883839e-30
8.210184925416e-31
3.17757508787e-31
1.2213657858459e-31
4.662305942229e-32
1.7674979052916e-32
6.654542156437e-33
2.4881501493039e-33
9.239151761304e-34
3.407082847677e-34
1.247746364285e-34
4.537962365899e-35
1.6390203294136e-35
5.878879570669e-36
2.0940615511878e-36
7.407417851878e-37
2.602103796381e-37
9.077381602023e-38
3.144651988542e-38
1.08182847054e-38
3.695862666319e-39
1.2538414147461e-39
4.224122572902e-40
1.4131727675571e-40
4.694794301618e-41
1.5488099700701e-41
5.073850188483e-42
1.6505654275334e-42
5.331888920171e-43
1.7103315779462e-43
5.447886077189e-44
1.7231448830254e-44
5.412017858932e-45
1.6878655654818e-45
5.227032856563e-46
1.6073441461787e-46
4.907906550605e-47
1.4880411842127e-47
4.479838306057e-48
1.3391705712949e-48
3.97496268361e-49
1.1715241025933e-49
3.428370957006e-50
9.961853926808e-51
2.874125121254e-51
8.233446157114e-52
2.341884251886e-52
6.613849384897e-53
1.8545799277224e-53
5.16340810825e-54
1.4273294826431e-54
3.917474087146e-55
1.0675281737318e-55
2.888291767117e-56
7.758690890143e-57
2.069277117682e-57
5.479347031034e-58
1.4405091242423e-58
3.759909252892e-59
9.743386379381e-60
2.506748410618e-60
6.402902103054e-61
1.6236980703764e-61
4.087831402414e-62
1.0217318539354e-62
2.535327669667e-63
6.245703912337e-64
1.5274806873326e-64
3.708634131423e-65
8.939084585771e-66
2.138994859162e-66
5.081136911758e-67
1.1982386369213e-67
2.805135142471e-68
6.519121384402e-69
1.503993275476e-69
3.444458748834e-70
7.830888579568e-71
1.767310020349e-71
3.959339354256e-72
8.805167798858e-73
1.943811197023e-73
4.259598276164e-74
9.265692675171e-75
2.000683401163e-75
4.288116700115e-76
9.123029325229e-77
1.926603163258e-77
4.038523769948e-78
8.402850253535e-79
1.735404096151e-79
3.557468061893e-80
7.23842634684e-81
1.4618620954795e-81
2.930380807252e-82
5.830333769452e-83
1.1513589502019e-83
2.256691929191e-84
4.390098249752e-85
8.476427050627e-86
1.624367208005e-86
3.089473972622e-87
5.831898177826e-88
1.0925881529501e-88
2.031516138284e-89
3.748843837014e-90
6.865682712301e-91
1.2478874396253e-91
2.250963096607e-92
4.029568672402e-93
7.158827449871e-94
1.2621595884976e-94
2.208368585863e-95
3.834507648454e-96
6.607303139894e-97
1.129825116862e-97
1.917195285236e-98
3.228385239962e-99
5.394658282326e-100
8.945359503754e-101
1.471914517545e-101
2.40333295076e-102
3.893923899017e-103
6.260351553007e-104
9.98718919109e-105
1.580944580833e-105
2.483215001737e-106
3.87018542867e-107
5.985003848436e-108
9.183489072617e-109
1.398160383282e-109
2.112066662066e-110
3.165591882366e-111
4.707541874488e-112
6.945774671851e-113
1.0167862234897e-113
1.47678164513e-114
2.128020282799e-115
3.042308352559e-116
4.315129174446e-117
6.072150973908e-118
8.477046469741e-119
1.174072275317e-119
1.613200543399e-120
2.198974057401e-121
2.973616793937e-122
3.989127735713e-123
5.30876864045e-124
7.008537525124e-125
9.178539002028e-126
1.192413908713e-126
1.53667691457e-127
1.964422337628e-128
2.49102792381e-129
3.133346340134e-130
3.909479017502e-131
4.838431783341e-132
5.939640323046e-133
7.232358811925e-134
8.734912198589e-135
1.0463821467165e-135
1.243282144165e-136
1.465180180301e-137
1.712571325305e-138
1.985349129619e-139
2.282705892105e-140
2.603047550741e-141
2.943930157364e-142
3.302024668699e-143
3.673116042619e-144
4.052141352001e-145
4.433269843862e-146
4.810025651829e-147
5.175451336466e-148
5.522307743406e-149
5.843303028087e-150
6.131341308461e-151
6.379779481677e-152
6.582679463123e-153
6.735042620875e-154
6.83301357123e-155
6.874041787905e-156
6.85699159918e-157
6.782193971387e-158
6.651436807623e-159
6.467894084183e-160
6.23599773507e-161
5.96125950714e-162
5.650052798286e-163
5.309366558487e-164
4.946544541512e-165
4.569023481706e-166
4.184083151312e-167
3.798619818924e-168
3.418952530289e-169
3.050669065622e-170
2.698515614093e-171
2.366331370826e-172
2.057026612272e-173
1.772600515816e-174
1.514193186821e-175
1.282165116138e-176
1.076196635252e-177
8.95399837662e-179
7.384358258064e-180
6.036309262461e-181
4.890865776851e-182
3.927788187271e-183
3.126445727901e-184
2.466531493461e-185
1.928624770838e-186
1.494605027839e-187
1.147929003737e-188
8.73787301579e-190
6.591597896812e-191
4.927902175358e-192
3.651000634349e-193
2.680601219349e-194
1.950360738757e-195
1.406215956759e-196
1.004697433861e-197
7.113061458155e-199
4.990080746838e-200
3.468806083137e-201
2.389271737044e-202
1.630631121594e-203
1.102661197476e-204
7.38781670905e-206
4.904211607203e-207
3.225467833579e-208
2.101734988695e-209
1.356801012713e-210
8.67757772366e-212
5.498144344157e-213
3.451120298511e-214
2.145958893262e-215
1.321876805347e-216
8.06602810961e-218
4.875492203773e-219
2.91916031512e-220
1.731286200047e-221
1.017048965111e-222
5.917898339509e-224
3.410643185705e-225
1.946877660688e-226
1.100689948514e-227
6.163190786693e-229
3.417832212406e-230
1.877113600192e-231
1.02097515288e-232
5.499391376845e-234
2.933451373405e-235
1.549522439746e-236
8.10515620776e-238
4.19816218447e-239
2.153183429075e-240
1.093494130963e-241
5.498636876353e-243
2.737702499678e-244
1.349582664543e-245
6.586945644497e-247
3.182945970109e-248
1.522734629701e-249
7.212038711318e-251
3.38158072509e-252
1.569633632374e-253
7.212445096956e-255
3.280659939121e-256
1.477144846433e-257
6.583498582029e-259
2.904361983341e-260
1.268216888189e-261
5.481172709741e-263
2.344654725002e-264
9.92654165433e-266
4.159286366497e-267
1.724763251382e-268
7.078119961529e-270
2.874563894014e-271
1.155259109768e-272
4.594390495399e-274
1.808027634677e-275
7.040416904095e-277
2.712659280771e-278
1.034148698291e-279
3.900756297124e-281
1.455726729377e-282
5.374810168043e-284
1.963295035442e-285
7.09469944961e-287
2.536268126231e-288
8.96924082708e-290
3.137632661008e-291
1.085727477085e-292
3.716192533934e-294
1.258115322928e-295
4.212827547342e-297
1.395223898119e-298
4.570008729861e-300
1.480399214717e-301
4.742584099238e-303
1.50248861138e-304
4.707092715e-306
1.458226821946e-307
4.466973880999e-309
1.353015792222e-310
4.052084035328e-312
1.199844686443e-313
3.512589506053e-315
1.01664701736e-316
2.908961218049e-318
8.22839293755e-320
2.300836417444e-321
6.359665054557e-323
1.737578959852e-324
4.692459760678e-326
1.252523935689e-327
3.30433914564e-329
8.61548646173e-331
2.220010199202e-332
5.653186911585e-334
1.422584347197e-335
3.537463523194e-337
8.69196553492e-339
2.110273655659e-340
5.062171420533e-342
1.199760594567e-343
2.809275011038e-345
6.498571880124e-347
1.485072132379e-348
3.352470084629e-350
7.47569633118e-352
1.64660432434e-353
3.582275934132e-355
7.69736655748e-357
1.633501944736e-358
3.423515819307e-360
7.08566956296e-362
1.448190971426e-363
2.922721954438e-365
5.824331232869e-367
1.145991840871e-368
2.226248839023e-370
4.269748100316e-372
8.08437848779e-374
1.511075431083e-375
2.788045630158e-377
5.077696681643e-379
9.12778718673e-381
1.619476577893e-382
2.83578040572e-384
4.900466628497e-386
8.35693726003e-388
1.406304830694e-389
2.335134866291e-391
3.82579757711e-393
6.184244699749e-395
9.86240720625e-397
1.551627601631e-398
2.408113013118e-400
3.686611000895e-402
5.566919049373e-404
8.29116338813e-406
1.217880352848e-407
1.764240288625e-409
2.520286716699e-411
3.550227438544e-413
4.931182547086e-415
6.75319182435e-417
9.11810045468e-419
1.213698647703e-420
1.592583633064e-422
2.059927484344e-424
2.626231942676e-426
3.300035300025e-428
4.086778306304e-430
4.987614958682e-432
5.998272433868e-434
7.10808624531e-436
8.29934744058e-438
9.54709392631e-440
1.08194549159e-441
1.207861547961e-443
1.328240963509e-445
1.438648087608e-447
1.534687675482e-449
1.61228790991e-451
1.667982389293e-453
1.699164351021e-455
1.704287439886e-457
1.682991653615e-459
1.636140305021e-461
1.565763067074e-463
1.4749102001e-465
1.367432530934e-467
1.247709364778e-469
1.120351252235e-471
9.89905849683e-474
8.60592976806e-476
7.3608988239e-478
6.193805768898e-480
5.126750087716e-482
4.173960125023e-484
3.342253414002e-486
2.631954188945e-488
2.038110232801e-490
1.551849165068e-492
1.161730814297e-494
8.54981878841e-497
6.185353158842e-499
4.398338220714e-501
3.073895901575e-503
2.111181239069e-505
1.42480900496e-507
9.44802464645e-510
6.155120913526e-512
3.93913476909e-514
2.476228615603e-516
1.528842468072e-518
9.26985134139e-521
5.519201247524e-523
3.226472557284e-525
1.851749817478e-527
1.04326101474e-529
5.769167564108e-532
3.131089098157e-534
1.66759966264e-536
8.7147246577e-539
4.468192007766e-541
2.247379596748e-543
1.108758640483e-545
5.364910234032e-548
2.545663432933e-550
1.184404757501e-552
5.402649657246e-555
2.415834315945e-557
1.058830949916e-559
4.548099863427e-562
1.914349571399e-564
7.89484563188e-567
3.189625348514e-569
1.262266482178e-571
4.892363155483e-574
1.856875084715e-576
6.90052820364e-579
2.510475927322e-581
8.9400807803e-584
3.115840219225e-586
1.062656915279e-588
3.545928834269e-591
1.157497242054e-593
3.695693358583e-596
1.153957849385e-598
3.523165616219e-601
1.051611441831e-603
3.068214210873e-606
8.74887328685e-609
2.437707072149e-611
6.63589665951e-614
1.764538166661e-616
4.582466867799e-619
1.162055202167e-621
2.876964120007e-624
6.95252047657e-627
1.639716926938e-629
3.773389171378e-632
8.47122978919e-635
1.854932695518e-637
3.960864541633e-640
8.24601018426e-643
1.673401865444e-645
3.309543730139e-648
6.37756613228e-651
1.197200037387e-653
2.188808297106e-656
3.896554115097e-659
6.75284443348e-662
1.139003839425e-664
1.869363072585e-667
2.984612735903e-670
4.634492332874e-673
6.99726486048e-676
1.026967280287e-678
1.464789619527e-681
2.02988028601e-684
2.732286342405e-687
3.571285394245e-690
4.531533706236e-693
5.580404437562e-696
6.66747067395e-699
7.72688277066e-702
8.68291694971e-705
9.45829625936e-708
9.98415608464e-711
1.020994899199e-713
1.011135566707e-716
9.69450929059e-720
8.99553571108e-723
8.07540165191e-726
7.01108451745e-729
5.884846615783e-732
4.773705388516e-735
3.740975654924e-738
2.831116725903e-741
2.068261948775e-744
1.457994030021e-747
9.91361730338e-751
6.49912057663e-754
4.106188381153e-757
2.499174515407e-760
1.464653936097e-763
8.26146391701e-767
4.482917562025e-770
2.339050961526e-773
1.172957569582e-776
5.650306364745e-780
2.613285547472e-783
1.159843886296e-786
4.937157255548e-790
2.014560000532e-793
7.8752482552e-797
2.947662485198e-800
1.055754168452e-803
3.616218726314e-807
1.183808971335e-810
3.701386880706e-814
1.104629116284e-817
3.144437259849e-821
8.5318036901e-825
2.204949660965e-828
5.42370281514e-832
1.268827603007e-835
2.820845483906e-839
5.954923650526e-843
1.1927049016e-846
2.264531400497e-850
4.072201934507e-854
6.92932424492e-858
1.114693457762e-861
1.693566132983e-865
2.427707212236e-869
3.280112071939e-873
4.172677739559e-877
4.992227646985e-881
5.610868561733e-885
5.917076081117e-889
5.847795387425e-893
5.409189806096e-897
4.676854009946e-901
3.774520156171e-905
2.839474211122e-909
1.988108408919e-913
1.293600813615e-917
7.80950740891e-922
4.367033518814e-926
2.258056981605e-930
1.077661659516e-934
4.738146541166e-939
1.915384239516e-943
7.104420178554e-948
2.412621142072e-952
7.48437464566e-957
2.115916650256e-961
5.437987892198e-966
1.267185288586e-970
2.670000290728e-975
5.072195526214e-980
8.66105030179e-985
1.325068284303e-989
1.810185867521e-994
2.200207446419e-999
2.370308503779e-1004
2.254191673648e-1009
1.884321534534e-1014
1.378193313905e-1019
8.77681002615e-1025
4.841387573859e-1030
2.300301086657e-1035
9.35792228243e-1041
3.238592757515e-1046
9.46890400201e-1052
2.321403773968e-1057
4.733452409197e-1063
7.956904473374e-1069
1.09210788012e-1074
1.211061133002e-1080
1.072560532331e-1086
7.490233991382e-1093
4.06683965774e-1099
1.690010173883e-1105
5.281660729947e-1112
1.217113757067e-1118
2.022438744799e-1125
2.362409777624e-1132
1.88400906924e-1139
9.91648441672e-1147
3.311106813526e-1154
6.692005329793e-1162
7.738529397247e-1170
4.780518918247e-1178
1.448723595783e-1186
1.932650439707e-1195
9.851927085916e-1205
1.584507071215e-1214
6.12773364487e-1225
3.77977461896e-1236
1.882630156108e-1248
2.039104489756e-1262
1.6044575448725e-1279