0.0578812699461227
0.0574941523238078
0.0567276653081495
0.0555970475196268
0.0541245242780102
0.052338581306551
0.0502730489756266
0.047966038181205
0.045458774541668
0.042794380561702
0.040016655674661
0.037168901734279
0.034292836846037
0.031427633808446
0.028609111377038
0.02586909763072
0.0232349754894199
0.020729411456405
0.0183702604286704
0.0161706323343946
0.0141391007069569
0.0122800292605825
0.0105939901445385
0.0090782467630141
0.0077272747057913
0.0065332962189157
0.0054868064862575
0.0045770735011296
0.0037925971913819
0.003121517450904
0.0025519645896255
0.0020723492527074
0.0016715919382046
0.0013392947731741
0.00106586015157408
0.00084256219636392
0.00066157782044805
0.00051598448940588
0.00039973171264577
0.00030759289593615
0.00023510356507208
0.00017849120038029
0.00013460107807377
0.00010082165829053
0.000075012238872681
0.000055434843176692
0.000040691651724124
0.000029668732797079
0.00002148637879492
0.000015456009148035
0.000011043347893452
7.837412745908e-6
5.5247493024434e-6
3.8682953439255e-6
2.6902531803726e-6
1.8583710622359e-6
1.2750779231532e-6
8.689709848088e-7
5.8821664944677e-7
3.9548685825511e-7
2.6411235066047e-7
1.7518885101363e-7
1.1542090999002e-7
7.553043080097e-8
4.9092824076658e-8
3.1693615871051e-8
2.0322746717279e-8
1.2943417672747e-8
8.187862961521e-9
5.1445368394343e-9
3.2105185087919e-9
1.9900147918525e-9
1.2251483988082e-9
7.491544715018e-10
4.5499156937519e-10
2.7446287636401e-10
1.6444138927157e-10
9.785542207085e-11
5.783674354289e-11
3.3952119171356e-11
1.9795796412895e-11
1.1463599788829e-11
6.593407085267e-12
3.7665044158122e-12
2.137005554292e-12
1.2042322390375e-12
6.739863669817e-13
3.7465113946013e-13
2.0684112573606e-13
1.1341732701879e-13
6.176655494451e-14
3.3408545493866e-14
1.7946952856965e-14
9.575281987239e-15
5.073864175266e-15
2.6702456628043e-15
1.3956849761744e-15
7.245128051009e-16
3.735303220713e-16
1.9126056589076e-16
9.726204927641e-17
4.912226833315e-17
2.463933749293e-17
1.2274218149325e-17
6.072554412848e-18
2.9837354229619e-18
1.4559922411559e-18
7.056123735357e-19
3.3960978786557e-19
1.6233029712092e-19
7.705890240344e-20
3.632857514139e-20
1.7008838818374e-20
7.908609851852e-21
3.651936653602e-21
1.6747204231885e-21
7.627035655482e-22
3.449546334887e-22
1.5493847826713e-22
6.911081622259e-23
3.0614030479002e-23
1.3467316108849e-23
5.883367019123e-24
2.5524276728138e-24
1.0996685854314e-24
4.704888154096e-25
1.9990061189176e-25
8.43440566944e-26
3.534016565275e-26
1.4704646377088e-26
6.075900543018e-27
2.4930726672347e-27
1.0158405719548e-27
4.110367154186e-28
1.6515746838147e-28
6.589863710478e-29
2.6110387858478e-29
1.0273228112528e-29
4.01379589519e-30
1.5572430155486e-30
5.999405902182e-31
2.2951381055858e-31
8.718787305467e-32
3.288879540167e-32
1.2319197002517e-32
4.582023271408e-33
1.6922734023265e-33
6.206117416235e-34
2.2599744256214e-34
8.17182349096e-35
2.934027416819e-35
1.0460125602957e-35
3.702840105197e-36
1.3015357892723e-36
4.54253328222e-37
1.5741956282247e-37
5.416709965169e-38
1.8506592238886e-38
6.278111196949e-39
2.1146616347501e-39
7.072284899587e-40
2.348460245441e-40
7.742993410287e-41
2.534745535087e-41
8.238672032258e-42
2.658734589258e-42
8.518933209298e-43
2.710100602008e-43
8.559986510455e-44
2.684390503779e-44
8.357968156365e-45
2.583661272303e-45
7.929534713412e-46
2.416209024243e-46
7.309595599608e-47
2.195440208067e-47
6.546612516698e-48
1.9380980468014e-48
5.696344437798e-49
1.6621699104112e-49
4.815157910248e-50
1.3848375868565e-50
3.954008227599e-51
1.1207891551424e-51
3.153952033478e-52
8.811061417408e-53
2.443658427972e-53
6.728047170287e-54
1.8389542151404e-54
4.989801327674e-55
1.3440737724956e-55
3.594078175983e-56
9.540552320011e-57
2.514074281989e-57
6.576552121963e-58
1.7077762249597e-58
4.402234136708e-59
1.126475391763e-59
2.861367087743e-60
7.214822000869e-61
1.805820986169e-61
4.486602945704e-62
1.1064995925535e-62
2.708771373633e-63
6.582300202476e-64
1.5876837852786e-64
3.801264142569e-65
9.033717554678e-66
2.130963779887e-66
4.989458200523e-67
1.1595650223491e-67
2.67484016767e-68
6.124324154225e-69
1.3917866767948e-69
3.139336710041e-70
7.028301176665e-71
1.5617322187838e-71
3.444316040793e-72
7.539387927566e-73
1.637956208713e-73
3.531815358076e-74
7.558220974797e-75
1.605326696061e-75
3.38396493742e-76
7.079509606214e-77
1.469913156728e-77
3.02891873854e-78
6.194228865632e-79
1.2571490383243e-79
2.532108842205e-80
5.061394843901e-81
1.0040294502062e-81
1.976547171892e-82
3.861432986637e-83
7.486286968528e-84
1.4403138153415e-84
2.749897341668e-85
5.210033563211e-86
9.795468359027e-87
1.827538228994e-87
3.383453574843e-88
6.215875993438e-89
1.1331533449853e-89
2.049816951655e-90
3.679402752579e-91
6.55346833538e-92
1.1582237261818e-92
2.031125715161e-93
3.534271758526e-94
6.102074839567e-95
1.0453583926911e-95
1.776882015226e-96
2.996768916102e-97
5.014697667021e-98
8.325850627947e-99
1.371514276231e-99
2.241585843397e-100
3.634872500361e-101
5.847862631516e-102
9.334148317355e-103
1.478145339576e-103
2.322307940219e-104
3.619745154079e-105
5.597408016327e-106
8.587009616766e-107
1.306887333157e-107
1.973198309957e-108
2.955526437153e-109
4.391628546221e-110
6.47348381366e-111
9.466017372201e-112
1.373119414894e-112
1.975859607081e-113
2.820366681218e-114
3.993481768755e-115
5.609050674311e-116
7.814719680789e-117
1.0799873076609e-117
1.480470972234e-118
2.013037647367e-119
2.714997147831e-120
3.632009950857e-121
4.819250606618e-122
6.342514143937e-123
8.279181822023e-124
1.0718943804716e-124
1.376415917348e-125
1.752972015821e-126
2.214227986551e-127
2.773870359587e-128
3.446361549034e-129
4.246593684314e-130
5.189435144406e-131
6.289168730695e-132
7.558827237091e-133
9.009440199174e-134
1.0649214438634e-134
1.248268011149e-135
1.450984261967e-136
1.672538814981e-137
1.911799590844e-138
2.166981250532e-139
2.435614269185e-140
2.714540528989e-141
2.999939344559e-142
3.287386446426e-143
3.571946697866e-144
3.848299302152e-145
4.110892101564e-146
4.354119433704e-147
4.572516066627e-148
4.760958153595e-149
4.914861085052e-150
5.030363690596e-151
5.104488530301e-152
5.135269028662e-153
5.121835898742e-154
5.064457571633e-155
4.96453202691e-156
4.824530313796e-157
4.64789493997e-158
4.438898963565e-159
4.202473852944e-160
3.944015815002e-161
3.669181226773e-162
3.383681989004e-163
3.093091071547e-164
2.802667315888e-165
2.51720682822e-166
2.240926200722e-167
1.977380522176e-168
1.729416864901e-169
1.499161831208e-170
1.288039947263e-171
1.096818304503e-172
9.25671923828e-174
7.742638669482e-175
6.418341141683e-176
5.272916079706e-177
4.293045441195e-178
3.463848817333e-179
2.769640440709e-180
2.194578028623e-181
1.723193045612e-182
1.34080048537e-183
1.033793262554e-184
7.898315756994e-186
5.979411330004e-187
4.485360418652e-188
3.333826701491e-189
2.455201712659e-190
1.791519293017e-191
1.295202184789e-192
9.27741476812e-194
6.583869372638e-195
4.629048280769e-196
3.224407144444e-197
2.225087160498e-198
1.521158400261e-199
1.030204217947e-200
6.911699227367e-202
4.593566990906e-203
3.024196636602e-204
1.97222162865e-205
1.274025256779e-206
8.15206878185e-208
5.166731527714e-209
3.243492817326e-210
2.016738687205e-211
1.241985590259e-212
7.575377046238e-214
4.57618090147e-215
2.737812791263e-216
1.6221696758e-217
9.51855539393e-219
5.53118565826e-220
3.182936633956e-221
1.813804076632e-222
1.023517733711e-223
5.719168737256e-225
3.164410677409e-226
1.733664062928e-227
9.40456985359e-229
5.051314954411e-230
2.68627855906e-231
1.414386884215e-232
7.373019605302e-234
3.805150970074e-235
1.944182352337e-236
9.83399293015e-238
4.924245423016e-239
2.440930566997e-240
1.197749659726e-241
5.817822375178e-243
2.797225170303e-244
1.331237927603e-245
6.270957498533e-247
2.923819144018e-248
1.349255187335e-249
6.162444441074e-251
2.785579568384e-252
1.246148983091e-253
5.517017282582e-255
2.417167480289e-256
1.048009255364e-257
4.496424829861e-259
1.908979120087e-260
8.01962992676e-262
3.33360686814e-263
1.371099098571e-264
5.579626497391e-266
2.246521335296e-267
8.94895503125e-269
3.526773666386e-270
1.375033781772e-271
5.303549099366e-273
2.023597341599e-274
7.63787630907e-276
2.85166686426e-277
1.053147343591e-278
3.847070029823e-280
1.389978173066e-281
4.967169986055e-283
1.755574778329e-284
6.136559068258e-286
2.121346835323e-287
7.25212711886e-289
2.451725148572e-290
8.19627215981e-292
2.709471775454e-293
8.85649549088e-295
2.86242042427e-296
9.1471182069e-298
2.890011082168e-299
9.02742621821e-301
2.787804825362e-302
8.51097659457e-304
2.568618178284e-305
7.66314812537e-307
2.259886694062e-308
6.587521149295e-310
1.898004778266e-311
5.405008500494e-313
1.521258475858e-314
4.231562961404e-316
1.16325051356e-317
3.160120887835e-319
8.48350557159e-321
2.25045993237e-322
5.898946228454e-324
1.527803846201e-325
3.909609846452e-327
9.88449315999e-329
2.468953523353e-330
6.092438583087e-332
1.485153020974e-333
3.576308338066e-335
8.50675989417e-337
1.998667108674e-338
4.638155173354e-340
1.06306517162e-341
2.406386825935e-343
5.379512179104e-345
1.187607834648e-346
2.589026852676e-348
5.573318553407e-350
1.184636988189e-351
2.486170722229e-353
5.15146552167e-355
1.053815579307e-356
2.12819784236e-358
4.242798115681e-360
8.34958628066e-362
1.621917718459e-363
3.109730944302e-365
5.88471754348e-367
1.099045625202e-368
2.025682621884e-370
3.684433779744e-372
6.61289570708e-374
1.171148178907e-375
2.046485933977e-377
3.528252865169e-379
6.001250214249e-381
1.007005208717e-382
1.666887514136e-384
2.721710255467e-386
4.383436409595e-388
6.96306962552e-390
1.09087685261e-391
1.685447396918e-393
2.567996690938e-395
3.858233929439e-397
5.715737964412e-399
8.3487277926e-401
1.202283427287e-402
1.706892118014e-404
2.38886589635e-406
3.295623040487e-408
4.481430560079e-410
6.006234020139e-412
7.93354072166e-414
1.032722428933e-415
1.32472020074e-417
1.674405626096e-419
2.085282244201e-421
2.558633461215e-423
3.092868669418e-425
3.682950476925e-427
4.319980626871e-429
4.991021745475e-431
5.679221197435e-433
6.364281363327e-435
7.02328860129e-437
7.63187389093e-439
8.16563625777e-441
8.60172128737e-443
8.92041743408e-445
9.10661777388e-447
9.15099796911e-449
9.05078356766e-451
8.81001944263e-453
8.4393064318e-455
7.95502811406e-457
7.37814614176e-459
6.73268788366e-461
6.044079161768e-463
5.337484047401e-465
4.636302626074e-467
3.960949051822e-469
3.32799126681e-471
2.749687086954e-473
2.233905808339e-475
1.784386022564e-477
1.401253115033e-479
1.081705908808e-481
8.20780833935e-484
6.121117413288e-486
4.486207468031e-488
3.230965413304e-490
2.286379233336e-492
1.589591135378e-494
1.085679192574e-496
7.28372800617e-499
4.799530342268e-501
3.10593779124e-503
1.973746609122e-505
1.231543559015e-507
7.54436079204e-510
4.536943917797e-512
2.678095694718e-514
1.551541307128e-516
8.82119510339e-519
4.921188631902e-521
2.693656115996e-523
1.446419537159e-525
7.61861803143e-528
3.935836724152e-530
1.994001149509e-532
9.90578801175e-535
4.824753250405e-537
2.303722175597e-539
1.078201113337e-541
4.945715928023e-544
2.223118367279e-546
9.79137299832e-549
4.224885990005e-551
1.785742391079e-553
7.39258408554e-556
2.997007406433e-558
1.189687897881e-560
4.623498519278e-563
1.758890347083e-565
6.54898824283e-568
2.386234979472e-570
8.50728528462e-573
2.967166324853e-575
1.012276742779e-577
3.377501113086e-580
1.101950363086e-582
3.515031830313e-585
1.096040420559e-587
3.340275502336e-590
9.94772276475e-593
2.894522217918e-595
8.22748262015e-598
2.284114285573e-600
6.192302816686e-603
1.639047636068e-605
4.235028243235e-608
1.0679857407e-610
2.628069161865e-613
6.309381625179e-616
1.477510630725e-618
3.374286978493e-621
7.51369175722e-624
1.631006268523e-626
3.450628909295e-629
7.11359646952e-632
1.4286800209e-634
2.79473319908e-637
5.323639263621e-640
9.87282323485e-643
1.782126300778e-645
3.130387769282e-648
5.34954347314e-651
8.89178163502e-654
1.437166314811e-656
2.258199009373e-659
3.448602498834e-662
5.117249441104e-665
7.37610796192e-668
1.032518277783e-670
1.403228605886e-673
1.850961795949e-676
2.369085121581e-679
2.941382686952e-682
3.54144980833e-685
4.133689736744e-688
4.676143696324e-691
5.125005315205e-694
5.440237789223e-697
5.591345467153e-700
5.562173836374e-703
5.35370597816e-706
4.984195686184e-709
4.486544701556e-712
3.903442187223e-715
3.281266408434e-718
2.663967532511e-721
2.088056325296e-724
1.579464349362e-727
1.15254128378e-730
8.1096667016e-734
5.500043846656e-737
3.593838435294e-740
2.261457969265e-743
1.369808790093e-746
7.98311024105e-750
4.474243342241e-753
2.410416032692e-756
1.247595798285e-759
6.200755199433e-763
2.957861990364e-766
1.353449557223e-769
5.937442983665e-773
2.495780236332e-776
1.004645297978e-779
3.870456469616e-783
1.426235872176e-786
5.023772316268e-790
1.690442289381e-793
5.430219012754e-797
1.664132234325e-800
4.861949994579e-804
1.353241904071e-807
3.585617052276e-811
9.03749006773e-815
2.165157504827e-818
4.926529333675e-822
1.063761389765e-825
2.1778582354e-829
4.223926950035e-833
7.75374952475e-837
1.345892335769e-840
2.20695519258e-844
3.415301463505e-848
4.982762207615e-852
6.846285225435e-856
8.84923559033e-860
1.07480088647e-863
1.225207859096e-867
1.309244001924e-871
1.309816974027e-875
1.22520713666e-879
1.07010257349e-883
8.71452299235e-888
6.607321404434e-892
4.657004904217e-896
3.046466022309e-900
1.846608287148e-904
1.035361941344e-908
5.360023107191e-913
2.557302655137e-917
1.12224130465e-921
4.520515836993e-926
1.667842707145e-930
5.623558283356e-935
1.728752717208e-939
4.833327318719e-944
1.225810026805e-948
2.812403367415e-953
5.820507269891e-958
1.083320015832e-962
1.807492780798e-967
2.694342110224e-972
3.575464832637e-977
4.20795000583e-982
4.374424265612e-987
3.999702373498e-992
3.201953702514e-997
2.233447120885e-1002
1.350385461094e-1007
7.038017682993e-1013
3.143161802137e-1018
1.195158032153e-1023
3.842624367848e-1029
1.036894537436e-1034
2.329349174447e-1040
4.318299568905e-1046
6.543498338073e-1052
8.020047059795e-1058
7.859937039129e-1064
6.08179223723e-1070
3.663707522242e-1076
1.691645812181e-1082
5.883298215781e-1089
1.511250333944e-1095
2.804256214132e-1102
3.665072463044e-1109
3.277320930731e-1116
1.938714697908e-1123
7.29397446618e-1131
1.665786581662e-1138
2.183625069817e-1146
1.534673227193e-1154
5.312963106017e-1163
8.135611901518e-1172
4.787338119819e-1181
8.948764798193e-1191
4.056490006029e-1201
2.965413068133e-1212
1.777365092729e-1224
2.371539249667e-1238
2.404417200422e-1255