0.109313478858219
0.1067181438637705
0.1017107242457019
0.0946363420993243
0.0859626957608907
0.0762290565197097
0.0659912633685351
0.0557704373133285
0.0460117848305488
0.037057543872722
0.0291354133458224
0.0223612768154502
0.0167531359409885
0.0122521510676129
0.0087465599698862
0.00609483956835006
0.00414551100237989
0.00275216681143272
0.00178337132015785
0.0011278931551327
0.00069621194739162
0.000419420671116035
0.000246592523952297
0.000141487445809535
0.000079222652866054
0.000043287171674317
0.0000230797767474205
0.0000120074307828877
6.0953342216905e-6
3.01895097115382e-6
1.45883832716885e-6
6.8775158837288e-7
3.1630745501787e-7
1.41912281866627e-7
6.2107191035078e-8
2.65126433906594e-8
1.1039021121218e-8
4.4828158271477e-9
1.77537328644868e-9
6.8568051517683e-10
2.58238742943676e-10
9.483350272937e-11
3.395592263588e-11
1.18537121864482e-11
4.0341241296852e-12
1.33835180342138e-12
4.3279950417237e-13
1.36416560087144e-13
4.1906258651243e-14
1.25455253846126e-14
3.6598460657508e-15
1.04031706797107e-15
2.8811216537093e-16
7.7734452508383e-17
2.0430723037572e-17
5.2303817895165e-18
1.30413562348658e-18
3.1667304897097e-19
7.4878423614793e-20
1.72391867259328e-20
3.8640928949399e-21
8.4314875959862e-22
1.7907740795777e-22
3.701777688896e-23
7.4467142098082e-24
1.45765452397658e-24
2.7760652988278e-25
5.1432580684141e-26
9.2688900585197e-27
1.6245904896638e-27
2.7690549715808e-28
4.5891705947246e-29
7.3942467057579e-30
1.15811478631397e-30
1.7629771351003e-31
2.6080579434575e-32
3.7488661662993e-33
5.2351604063346e-34
7.1013535483996e-35
9.3554692420069e-36
1.19683415864754e-36
1.4865359314994e-37
1.7923273449816e-38
2.0974205575399e-39
2.381793257723e-40
2.6241900827624e-41
2.8046569716141e-42
2.9072083616467e-43
2.9221421801342e-44
2.847542443312e-45
2.6896493841789e-46
2.4620032758267e-47
2.1835235489261e-48
1.8759017747104e-49
1.5608088965014e-50
1.2574160354294e-51
9.80613255488e-53
7.4012234218375e-54
5.4049451192536e-55
3.8181552347423e-56
2.6084366271233e-57
1.7228942816594e-58
1.0999502834846e-59
6.7858644468703e-61
4.0442098348098e-62
2.3277386388097e-63
1.2935383926555e-64
6.9380643989066e-66
3.5906843485077e-67
1.7924976882695e-68
8.628622865935e-70
4.0038818540449e-71
1.7903151896028e-72
7.711411818045e-74
3.198439129595e-75
1.276972436525e-76
4.9056810276534e-78
1.8126838206067e-79
6.4398498510843e-81
2.1987785548583e-82
7.211995399279e-84
2.2714779300751e-85
6.866671551995e-87
1.9914464740095e-88
5.538213913149e-90
1.4761741645887e-91
3.7692419995177e-93
9.214975760276e-95
2.155889542208e-96
4.8240545833332e-98
1.0318229127562e-99
2.1083925889623e-101
4.113288666972e-103
7.656810391716e-105
1.3590905038314e-106
2.298805421861e-108
3.7026385476182e-110
5.675021540039e-112
8.270886024203e-114
1.145341558815e-115
1.505826556629e-117
1.8780973061163e-119
2.2202293127855e-121
2.4856161182361e-123
2.6328881182984e-125
2.6362313494292e-127
2.4926553297468e-129
2.2234464300238e-131
1.8690345782516e-133
1.4789587982264e-135
1.1003858380465e-137
7.68891875251e-140
5.039366054032e-142
3.0939430901313e-144
1.7769895982978e-146
9.534047199522e-149
4.771389035869e-151
2.2238854485201e-153
9.637681524759e-156
3.876886898731e-158
1.4449896909929e-160
4.98078938152e-163
1.584605941815e-165
4.643289193246e-168
1.2504127555195e-170
3.087395664874e-173
6.972237230105e-176
1.4363474213474e-178
2.691857633968e-181
4.575860667816e-184
7.033357498801e-187
9.742565316568e-190
1.2118753274416e-192
1.3485331310165e-195
1.3369341586758e-198
1.1757001645594e-201
9.127836305095e-205
6.224530353697e-208
3.707766098685e-211
1.9176911444309e-214
8.555922222261e-218
3.269449496845e-221
1.0616948953496e-224
2.904663948382e-228
6.631635021764e-232
1.2501776430611e-235
1.9231366047384e-239
2.3821255986608e-243
2.3405267054635e-247
1.7932283812263e-251
1.0505561713999e-255
4.60062325825e-260
1.4666231744772e-264
3.298515034677e-269
5.040976667683e-274
5.001130320989e-279
3.043556695438e-284
1.0574558831656e-289
1.9100302231745e-295
1.5804592829518e-301
5.009447070209e-308
4.644834138799e-315
8.06847762835e-323
1.1163189335998e-331
1.3592515668856e-342