0.0633156736949397
0.0628091439275235
0.0618082055480491
0.0603366188543323
0.0584288460174445
0.0561287101653635
0.0534877236381801
0.050563174374571
0.0474160694660239
0.044109038435528
0.04070429579657
0.037261753463857
0.033837359588135
0.030481722667244
0.027239059832417
0.0241464875669285
0.0212336532505303
0.0185226881121703
0.0160284474104007
0.0137589926074257
0.0117162632696501
0.0098968833896772
0.0082930474642728
0.0068934354334318
0.0056841117876566
0.0046493720092881
0.0037725082530997
0.0030364750760505
0.0024244444884658
0.001920247148953
0.0015087028433437
0.00117584830207879
0.00090907388215412
0.00069718274053758
0.00053038700955159
0.00040025535785063
0.00029962541573998
0.00022249309520013
0.00016388906125617
0.00011975070122704
0.000086796044309905
0.000062404319192848
0.000044506277434535
0.000031486096966016
0.000022095627070206
0.000015380935951847
0.000010620551936595
7.2744177682303e-6
4.9423686131182e-6
3.3308621489732e-6
2.2266998731682e-6
1.4765530345455e-6
9.712199086357e-7
6.336742454015e-7
4.1010329763594e-7
2.6326791764178e-7
1.6764044678097e-7
1.0588503240178e-7
6.6338233931566e-8
4.1225454724694e-8
2.5411941535537e-8
1.5537447906392e-8
9.423007704699e-9
5.6684716955325e-9
3.3822641519345e-9
2.0017630607968e-9
1.1751137457343e-9
6.842387792207e-10
3.951795244367e-10
2.2638026398193e-10
1.2862886811403e-10
7.249239497051e-11
4.0522748368147e-11
2.246756920773e-11
1.2355556610257e-11
6.739316126716e-12
3.645984852206e-12
1.9563998195108e-12
1.0412194470425e-12
5.496256408682e-13
2.8775964267462e-13
1.4942699954552e-13
7.695957035905e-14
3.9312314481752e-14
1.9917051166323e-14
1.0008060279804e-14
4.987710162593e-15
2.465340306289e-15
1.2085784276598e-15
5.876151593736e-16
2.8335390755407e-16
1.3551311453779e-16
6.427575276494e-17
3.0236013566463e-17
1.4106236852812e-17
6.526868009621e-18
2.9950440812856e-18
1.3630256291731e-18
6.151838105409e-19
2.7536166381391e-19
1.2223550289499e-19
5.381261958911e-20
2.3494236568929e-20
1.0172471836172e-20
4.367944429548e-21
1.8599900866044e-21
7.854607908303e-22
3.2893959927485e-22
1.3661014701978e-22
5.62629196646e-23
2.297901489067e-23
9.306956452156e-24
3.738078026276e-24
1.4888491278566e-24
5.880467874517e-25
2.303186575934e-25
8.945395866192e-26
3.4452468263132e-26
1.3157959655198e-26
4.983119037916e-27
1.8713521322964e-27
6.968644752916e-28
2.5732185397313e-28
9.421878670163e-29
3.420800564434e-29
1.2315280511273e-29
4.39626669112e-30
1.55612239728e-30
5.461604924224e-31
1.9006860458034e-31
6.558594949948e-32
2.2439762955694e-32
7.61253725259e-33
2.5605953835701e-33
8.539834723455e-34
2.8239144839729e-34
9.258566293576e-35
3.009695712086e-35
9.700286942114e-36
3.099746493095e-36
9.820730823935e-37
3.084848710699e-37
9.607109256585e-38
2.966311259887e-38
9.080340670095e-39
2.755784569444e-39
8.291675942381e-40
2.4733724220723e-40
7.314472542353e-41
2.1444649673393e-41
6.232947117126e-42
1.7959843237504e-42
5.130294416461e-43
1.4528095478992e-43
4.078473993344e-44
1.1350245555627e-44
3.131318639517e-45
8.563663190052e-46
2.3216568533165e-46
6.239336564102e-47
1.6621739985571e-47
4.389428372963e-48
1.1490225358907e-48
2.981493559701e-49
7.668661504222e-50
1.9551550491036e-50
4.940993974605e-51
1.2376972769363e-51
3.073102219106e-52
7.563058653036e-53
1.8448931431178e-53
4.460603370402e-54
1.0689563274325e-54
2.539016719244e-55
5.977308163844e-56
1.3946827378313e-56
3.225299608891e-57
7.392386911598e-58
1.6792462648195e-58
3.780543313039e-59
8.435273740454e-60
1.8652809276271e-60
4.087750260448e-61
8.877984589769e-62
1.9108614339121e-62
4.075900649387e-63
8.615735096528e-64
1.8048045049428e-64
3.74655197356e-65
7.707113723902e-66
1.5711034609903e-66
3.173696371488e-67
6.352842004619e-68
1.2601066326562e-68
2.476723561259e-69
4.823620776539e-70
9.308688690066e-71
1.7799913196112e-71
3.37252787172e-72
6.331341044459e-73
1.1776941910678e-73
2.170501773189e-74
3.963443039196e-75
7.170740276755e-76
1.2853702540809e-76
2.282755081002e-77
4.016530821022e-78
7.001602458182e-79
1.2091833277439e-79
2.068849797178e-80
3.506723984148e-81
5.888486360142e-82
9.79555025122e-83
1.6142493938983e-83
2.635254523172e-84
4.261653170669e-85
6.827011680683e-86
1.0833618980034e-86
1.702943130527e-87
2.651573479013e-88
4.089567004641e-89
6.247615367377e-90
9.453826722895e-91
1.416936666171e-91
2.103466908077e-92
3.092831914005e-93
4.50407103483e-94
6.496437433833e-95
9.28023955427e-96
1.3129546903291e-96
1.839668568725e-97
2.552826806988e-98
3.508226214967e-99
4.774531970539e-100
6.434924380682e-101
8.58851157288e-102
1.1351323749462e-102
1.48566720561e-103
1.925463100578e-104
2.471039321974e-105
3.140125473587e-106
3.951202368585e-107
4.922870901203e-108
6.073044132246e-109
7.417970430125e-110
8.97111079773e-111
1.0741910615509e-111
1.273452367919e-112
1.494656297523e-113
1.736796622903e-114
1.998007290389e-115
2.27550111798e-116
2.565548703672e-117
2.863505207494e-118
3.163890213031e-119
3.460522607242e-120
3.746708541133e-121
4.015476341315e-122
4.259848097298e-123
4.47313395206e-124
4.649232268775e-125
4.782917177563e-126
4.870094769437e-127
4.908010515479e-128
4.895393308537e-129
4.832525655862e-130
4.721234654002e-131
4.564804003002e-132
4.367812954517e-133
4.135913221631e-134
3.875559043476e-135
3.593708434686e-136
3.297514939804e-137
2.994028899699e-138
2.689925426361e-139
2.391273223434e-140
2.103354439492e-141
1.830541318651e-142
1.576230950159e-143
1.34283531136e-144
1.1318203686384e-145
9.437854695526e-147
7.785727341525e-148
6.353956316147e-149
5.129763114308e-150
4.096823759585e-151
3.236554195533e-152
2.529255908376e-153
1.955084429436e-154
1.494822378175e-155
1.130455260396e-156
8.455614478095e-158
6.255372450578e-159
4.576837377677e-160
3.311845802586e-161
2.370036125628e-162
1.677288891763e-163
1.173860640244e-164
8.123975319399e-166
5.559702503795e-167
3.762294895487e-168
2.517443612591e-169
1.665557084585e-170
1.089530153619e-171
7.046702759945e-173
4.505951536537e-174
2.848575514096e-175
1.780312731261e-176
1.099964762529e-177
6.718334546004e-179
4.056310672534e-180
2.420882797617e-181
1.428155230171e-182
8.327644395191e-184
4.79954347884e-185
2.733974549264e-186
1.539187194641e-187
8.563994731887e-189
4.709065535382e-190
2.558890875118e-191
1.37408201743e-192
7.291257763734e-194
3.823015622668e-195
1.98065260991e-196
1.013896976446e-197
5.127989851046e-199
2.562434056377e-200
1.26501220831e-201
6.169604800303e-203
2.972518594023e-204
1.414751869595e-205
6.651324759366e-207
3.08881421372e-208
1.416819782043e-209
6.41888977147e-211
2.87217467578e-212
1.269259436814e-213
5.539383361059e-215
2.387407800161e-216
1.016081405189e-217
4.270212592804e-219
1.772033065839e-220
7.260684276486e-222
2.937302024191e-223
1.17318562158e-224
4.626084095728e-226
1.800820408281e-227
6.920199734286e-229
2.625060320651e-230
9.82908957654e-232
3.632631862556e-233
1.325086221399e-234
4.770478375652e-236
1.694942525947e-237
5.942966713536e-239
2.056301239713e-240
7.020773288673e-242
2.365251892644e-243
7.86218682252e-245
2.578468981126e-246
8.342802023064e-248
2.663005870442e-249
8.38534533293e-251
2.604574020949e-252
7.979900050401e-254
2.411465532928e-255
7.18729015851e-257
2.112648506969e-258
6.124131198782e-260
1.75062810089e-261
4.934603382847e-263
1.371500932805e-264
3.75838947401e-266
1.015419196817e-267
2.704597995103e-269
7.101489613694e-271
1.838065350121e-272
4.689346538719e-274
1.179175583436e-275
2.922362113623e-277
7.137618916265e-279
1.717950235293e-280
4.074549061771e-282
9.52212467533e-284
2.192536518354e-285
4.973836615881e-287
1.111579867633e-288
2.447184971349e-290
5.306914526925e-292
1.133544244292e-293
2.384666049512e-295
4.940611395471e-297
1.008019376894e-298
2.025176318442e-300
4.006203275773e-302
7.80278061614e-304
1.496173148005e-305
2.824228349821e-307
5.247740734201e-309
9.59772554205e-311
1.727651417835e-312
3.060580825941e-314
5.335550974614e-316
9.15271157291e-318
1.544836057915e-319
2.565333335882e-321
4.190832415796e-323
6.734692733852e-325
1.064539584652e-326
1.654998208385e-328
2.530402889361e-330
3.804543939337e-332
5.62471155806e-334
8.17609927193e-336
1.168431903504e-337
1.641476552168e-339
2.266742697885e-341
3.076577285089e-343
4.103862881693e-345
5.379453426796e-347
6.928898253319e-349
8.76861272201e-351
1.090178814393e-352
1.331446473665e-354
1.597229395854e-356
1.881856330648e-358
2.177402338979e-360
2.473892915201e-362
2.759748507694e-364
3.022458745313e-366
3.24944233761e-368
3.429016848169e-370
3.551378133857e-372
3.609477401592e-374
3.599687993594e-376
3.522174911504e-378
3.380915359475e-380
3.183362999725e-382
2.939795002148e-384
2.6624216136e-386
2.364366163201e-388
2.058634812187e-390
1.757188797229e-392
1.470209555567e-394
1.205613806117e-396
9.68837787778e-399
7.628739769594e-401
5.885151428703e-403
4.447429380835e-405
3.291923547406e-407
2.386280901235e-409
1.693813557371e-411
1.177123679367e-413
8.00811736602e-416
5.332478691073e-418
3.475008207265e-420
2.21588535434e-422
1.382417763239e-424
8.4365866363e-427
5.035743536801e-429
2.939427466987e-431
1.677629852067e-433
9.36040667174e-436
5.104912965713e-438
2.72085771607e-440
1.417016503293e-442
7.209782812953e-445
3.583217126613e-447
1.739210088374e-449
8.24293857711e-452
3.814038580863e-454
1.722589357718e-456
7.592616853296e-459
3.265369572787e-461
1.370001630841e-463
5.606258286239e-466
2.237187534501e-468
8.70405277937e-471
3.300970025877e-473
1.220034722585e-475
4.393609123479e-478
1.541330451526e-480
5.266233396563e-483
1.752014462913e-485
5.674270764457e-488
1.788615617011e-490
5.48601013742e-493
1.636910834367e-495
4.750251503104e-498
1.340367104393e-500
3.676520012175e-503
9.80041670766e-506
2.538241400684e-508
6.38537319165e-511
1.559863655863e-513
3.699250575404e-516
8.51422386658e-519
1.901321915051e-521
4.118301531716e-524
8.64973170448e-527
1.761070179599e-529
3.47460213382e-532
6.641252860872e-535
1.229336477338e-537
2.203046882483e-540
3.820870683404e-543
6.411164176013e-546
1.040386174738e-548
1.632222068604e-551
2.474750542087e-554
3.624834237119e-557
5.127230666737e-560
7.000761457529e-563
9.22361856465e-566
1.172122450461e-568
1.436078276964e-571
1.695627257021e-574
1.92858651339e-577
2.112073990149e-580
2.22607885677e-583
2.256985139836e-586
2.200208949778e-589
2.061253434004e-592
1.854859024551e-595
1.602421401375e-598
1.328303730974e-601
1.055930715073e-604
8.0453915841e-608
5.871953663969e-611
4.102843834776e-614
2.742777783752e-617
1.753188693711e-620
1.070830530612e-623
6.245694342627e-627
3.47627679318e-630
1.845095763387e-633
9.33217586975e-637
4.494544534658e-640
2.05966693066e-643
8.97380487244e-647
3.714273896212e-650
1.459242201588e-653
5.43705938994e-657
1.919548979514e-660
6.41557325234e-664
2.02797482438e-667
6.056984563221e-671
1.707571279779e-674
4.539168253305e-678
1.136526515498e-681
2.677336056347e-685
5.927109051136e-689
1.231623483862e-692
2.399202639462e-696
4.375707694203e-700
7.461720660426e-704
1.188045601738e-707
1.763602549758e-711
2.437173020801e-715
3.130455934062e-719
3.731241304764e-723
4.11985670578e-727
4.206492709207e-731
3.964233973155e-735
3.441555444617e-739
2.746773270838e-743
2.011119624135e-747
1.347813964449e-751
8.248616502654e-756
4.598565045261e-760
2.329322169797e-764
1.06910304846e-768
4.433486345137e-773
1.656117622065e-777
5.554778550703e-782
1.66725192306e-786
4.462068229896e-791
1.060762233389e-795
2.230947100473e-800
4.133128519997e-805
6.714159583232e-810
9.51690304553e-815
1.170869669873e-819
1.24331707338e-824
1.132616840972e-829
8.793757895449e-835
5.778172649564e-840
3.188668249947e-845
1.465620610023e-850
5.560231258342e-856
1.72393224252e-861
4.320958690958e-867
8.651015025747e-873
1.36527274134e-878
1.673516409706e-884
1.567244449396e-890
1.10074904906e-896
5.677749685439e-903
2.100020908541e-909
5.418950517045e-916
9.45033803833e-923
1.0731657612191e-929
7.59365170317e-937
3.175812716611e-944
7.36061884295e-952
8.727712225539e-960
4.782975581858e-968
1.0609161973449e-976
7.95901662434e-986
1.565570099877e-995
5.496680765511e-1006
1.820866492328e-1017
1.66669456743e-1030
1.7537305468823e-1046