0.0948112227798355
0.093115091447796
0.0898132615622381
0.0850786150494153
0.0791514960609108
0.0723195276636602
0.0648945873541767
0.0571894942078475
0.0494967982602852
0.0420715928301694
0.0351195920492943
0.0287909525416366
0.023179593201435
0.0183271810799877
0.0142305679603525
0.0108513020441283
0.0081258839620007
0.0059756389783041
0.0043153757589652
0.00306033316465926
0.00213122671534194
0.00145745852459574
0.00097872990504251
0.00064539237826482
0.00041790067775887
0.000265707776201452
0.000165886407973297
0.000101691773182088
0.000061209970236775
0.000036175323515905
0.000020991761504084
0.0000119597903036241
6.6900321361499e-6
3.6741277511065e-6
1.98103833503242e-6
1.048660635475e-6
5.4496812925193e-7
2.7802996154827e-7
1.39247197178841e-7
6.8461342381251e-8
3.3041356312411e-8
1.56535539449151e-8
7.2794656101076e-9
3.3228139266802e-9
1.48874646206779e-9
6.5468376495673e-10
2.8257003870433e-10
1.19699311617005e-10
4.9763987621498e-11
2.0304080806461e-11
8.1298488866464e-12
3.1944685192895e-12
1.2317354632961e-12
4.6604122842182e-13
1.7302319476036e-13
6.3029246102591e-14
2.2527970078142e-14
7.9000200894387e-15
2.7179671212084e-15
9.1738873786281e-16
3.0376574359324e-16
9.8669517207814e-17
3.1438969212489e-17
9.8259962045406e-18
3.0122390149553e-18
9.0570754556374e-19
2.6708719336301e-19
7.7244059473778e-20
2.1908069210908e-20
6.0932607747389e-21
1.6618098849586e-21
4.444037276315e-22
1.165245141464e-22
2.9955614027646e-23
7.5498465425919e-24
1.8654097193049e-24
4.5181784370575e-25
1.0727090589455e-25
2.4963524796896e-26
5.6939123837883e-27
1.2728336583093e-27
2.788451880348e-28
5.9863136767072e-29
1.2593148246935e-29
2.5957385360627e-30
5.2421824677678e-31
1.0371944399304e-31
2.0103741599245e-32
3.8171004533815e-33
7.0990638268731e-34
1.2931522880347e-34
2.3070082726631e-35
4.0305914721175e-36
6.8956830633674e-37
1.155161945735e-37
1.8946681981093e-38
3.0423925635018e-39
4.7825073400996e-40
7.359025176391e-41
1.1083439019307e-41
1.6337407726746e-42
2.356732435853e-43
3.3267446820847e-44
4.5948743582653e-45
6.209191688482e-46
8.208529931657e-47
1.0615136254884e-47
1.3426905606083e-48
1.6610247380491e-49
2.009486074607e-50
2.377173416045e-51
2.7495473435778e-52
3.1091579879644e-53
3.4368585970885e-54
3.7134116652879e-55
3.9213137439101e-56
4.0466054374926e-57
4.0804101218477e-58
4.0199675820657e-59
3.8689963813045e-60
3.6373202673698e-61
3.3398099080406e-62
2.9947984417548e-63
2.6222062326137e-64
2.2416423454705e-65
1.8707334918733e-66
1.5238723096381e-67
1.2114911459182e-68
9.398745217278e-70
7.114418488765e-71
5.253753932548e-72
3.7844316156161e-73
2.6587098554973e-74
1.821453973708e-75
1.2166871346123e-76
7.922977284616e-78
5.028990553572e-79
3.1109215538759e-80
1.8751879504902e-81
1.1012310562159e-82
6.299688814881e-84
3.5098980846535e-85
1.9042811788498e-86
1.0058976709355e-87
5.172330358413e-89
2.5885140922229e-90
1.260570770796e-91
5.972489681352e-93
2.7525330039068e-94
1.233713932622e-95
5.37669505408e-97
2.2779691295056e-98
9.380424610355e-100
3.753603041377e-101
1.4592593151916e-102
5.510361702634e-104
2.0206658954646e-105
7.194108159607e-107
2.4861463221386e-108
8.337595003493e-110
2.7127779230427e-111
8.561300611511e-113
2.6200388804848e-114
7.773315234017e-116
2.2352238360479e-117
6.227806317864e-119
1.6808504752619e-120
4.393199113828e-122
1.1116439288779e-123
2.7224247816769e-125
6.450909057508e-127
1.4785201969467e-128
3.276712193403e-130
7.019629982829e-132
1.4531549741067e-133
2.905928591948e-135
5.611555053505e-137
1.0460517394598e-138
1.8816435845174e-140
3.264935116613e-142
5.462600729288e-144
8.809325149253e-146
1.3687696456393e-147
2.0482569968148e-149
2.950679786275e-151
4.090304899593e-153
5.453718310767e-155
6.990937964597e-157
8.611541227417e-159
1.018873886741e-160
1.1572834572933e-162
1.2613002878593e-164
1.3183481774567e-166
1.3208137910929e-168
1.2676901993652e-170
1.1649249264593e-172
1.0243347283692e-174
8.613571612914e-177
6.922330943754e-179
5.313383566614e-181
3.892718794915e-183
2.720208693542e-185
1.811813740243e-187
1.1494018754376e-189
6.939877503694e-192
3.984895307557e-194
2.174300179453e-196
1.1264187734797e-198
5.535869270351e-201
2.578647248595e-203
1.1374150067662e-205
4.746276611091e-208
1.871824055835e-210
6.96962685736e-213
2.447508017228e-215
8.097078720316e-218
2.520709219109e-220
7.375435190967e-223
2.025732517767e-225
5.216059303819e-228
1.2574228533443e-230
2.833906634996e-233
5.962315275228e-236
1.1692315870997e-238
2.133745288601e-241
3.617499125742e-244
5.687617838788e-247
8.277576652192e-250
1.1129644372963e-252
1.3796719697429e-255
1.5734450580108e-258
1.6471120624537e-261
1.5788873403243e-264
1.3824128893428e-267
1.1026102028175e-270
7.988664376275e-274
5.241915202045e-277
3.105158935785e-280
1.6549361619967e-283
7.90697711934e-287
3.373595351035e-290
1.2800667741126e-293
4.300346087343e-297
1.2730209639214e-300
3.303691455954e-304
7.474590284731e-308
1.4655209332559e-311
2.473898808747e-315
3.570036083098e-319
4.37011213025e-323
4.4992830973e-327
3.859681603284e-331
2.730308029705e-335
1.5744073308796e-339
7.305927850707e-344
2.689083106719e-348
7.723285887518e-353
1.6989675653136e-357
2.802067039801e-362
3.38023799388e-367
2.8976121178e-372
1.7057406312344e-377
6.618697390715e-383
1.610477589233e-388
2.309858742683e-394
1.805374225414e-400
6.940892058264e-407
1.1428976407493e-413
6.625827974716e-421
1.0063959200406e-428
2.456178295002e-437
3.764357321784e-447
3.2099751925459e-459