0.0547384087901719
0.0544109249002558
0.0537618219427666
0.0528026548933251
0.0515503268096879
0.0500265935046196
0.048257435237496
0.0462723207634094
0.044103392832144
0.041784606509231
0.039350852425066
0.036837096266034
0.034277563611936
0.031704995781951
0.029149997923665
0.026640495455632
0.024201309464378
0.021853856073259
0.019615969435593
0.0175018431147931
0.015522080407368
0.0136838407910482
0.0119910672284543
0.0104447775545702
0.0090434025953312
0.0077831539280993
0.0066584051878374
0.0056620724040789
0.0047859808674907
0.004021208311975
0.0033583966067951
0.0027880265462648
0.0023006525864208
0.0018870964180691
0.0015386000194352
0.0012469402611948
0.00100450822777448
0.00080435717810126
0.00064022351974542
0.00050652534826458
0.0003983430520347
0.00031138624932636
0.0002419509565399
0.00018687042950962
0.00014346261413273
0.00010947662275546
0.00008304014650304
0.000062609241956961
0.000046921507615612
0.000034953299913197
0.000025881333722145
0.000019048767730714
0.000013935687372107
0.000010133761521194
7.32475717742e-6
5.2625414932153e-6
3.7581754811074e-6
2.6677016599244e-6
1.8822425972849e-6
1.320053440376e-6
9.202046808322e-7
6.376080544846e-7
4.3913595335647e-7
3.0062108902726e-7
2.0455708777682e-7
1.3835142724973e-7
9.30092519915e-8
6.215004094636e-8
4.1278964976677e-8
2.7251325779166e-8
1.78820482042e-8
1.1663180576605e-8
7.561120584774e-9
4.8721882298211e-9
3.1205415897747e-9
1.9865669139878e-9
1.2570223524328e-9
7.905851368622e-10
4.942189410286e-10
3.0708207390335e-10
1.8965011733647e-10
1.1641650603227e-10
7.102937820533e-11
4.3074740951789e-11
2.5963769055984e-11
1.5555084851132e-11
9.262661370471e-12
5.482228174032e-12
3.2250428997906e-12
1.8856891177759e-12
1.0958725139433e-12
6.330010570869e-13
3.6341463092583e-13
2.073734017915e-13
1.1761303504561e-13
6.629926332502e-14
3.7145983163488e-14
2.0685402686258e-14
1.144890937103e-14
6.298125469212e-15
3.443535614674e-15
1.8712979695766e-15
1.010707332227e-15
5.425640126846e-16
2.8948004770232e-16
1.5350670300333e-16
8.090513256442e-17
4.238027572727e-17
2.2064261645087e-17
1.141699651567e-17
5.871514098259e-18
3.0011176971402e-18
1.5245775756718e-18
7.697478710723e-19
3.862591783846e-19
1.9263683881242e-19
9.548363508573e-20
4.703774166781e-20
2.3029830018218e-20
1.1206256990047e-20
5.419444980636e-21
2.6047871208548e-21
1.244261437959e-21
5.907065807676e-22
2.787093299323e-22
1.306921473625e-22
6.090662234686e-23
2.8209494836689e-23
1.2984959462143e-23
5.940173041735e-24
2.7006574773403e-24
1.2202547836871e-24
5.479498516909e-25
2.4453389161266e-25
1.0845358520126e-25
4.780287543183e-26
2.0939582445915e-26
9.11558457694e-27
3.943684430294e-27
1.6955847823453e-27
7.244946397363e-28
3.076434920913e-28
1.2982422634466e-28
5.444497002345e-29
2.269093200146e-29
9.398055122768e-30
3.86823849957e-30
1.5822554743415e-30
6.431711793579e-31
2.598134513837e-31
1.0429902519693e-31
4.160838769377e-32
1.6495367454333e-32
6.498632930523e-33
2.544247458578e-33
9.898569444744e-34
3.827010573324e-34
1.4703455830363e-34
5.613711480131e-35
2.129854945674e-35
8.030037791905e-36
3.008507617029e-36
1.1200797168567e-36
4.143900861047e-37
1.5234587174372e-37
5.565590176891e-38
2.0204552492562e-38
7.288581121526e-39
2.612707219365e-39
9.306593330747e-40
3.294133496178e-40
1.1586181710087e-40
4.049359740813e-41
1.4062983314775e-41
4.85301702908e-42
1.6641312911566e-42
5.670259414368e-43
1.9197999624889e-43
6.458696315604e-44
2.159074853769e-44
7.171707739958e-45
2.367050933478e-45
7.762843553911e-46
2.529649415981e-46
8.19075921372e-47
2.635180306701e-47
8.42397151637e-48
2.675727164243e-48
8.444678985128e-49
2.648127084846e-49
8.251004623858e-50
2.554377742236e-50
7.857269269049e-51
2.401398882341e-51
7.292241409475e-52
2.20018772257e-52
6.595660434848e-53
1.964511455153e-53
5.813617120962e-54
1.7093528305914e-54
4.993536910687e-55
1.4493520524472e-55
4.179519874886e-56
1.1974670386741e-56
3.408656072854e-57
9.640132501276e-58
2.708699153077e-58
7.56160908899e-59
2.097205899519e-59
5.77881805843e-60
1.5819973879595e-60
4.302679201598e-61
1.162616001655e-61
3.121011675397e-62
8.323651507668e-63
2.20541029893e-63
5.805231213542e-64
1.5181051187305e-64
3.94397304037e-65
1.0179193172712e-65
2.60998277224e-66
6.648203682076e-67
1.68232885422e-67
4.229167314848e-68
1.0561697293573e-68
2.620263123741e-69
6.457819200637e-70
1.581080856826e-70
3.845447777181e-71
9.290985792969e-72
2.229955009447e-72
5.316761794964e-73
1.2592514425108e-73
2.962710393229e-74
6.924282173825e-75
1.607557194511e-75
3.707332331421e-76
8.492924971283e-77
1.932640149812e-77
4.368575950445e-78
9.808919977225e-79
2.187721872612e-79
4.846741246651e-80
1.0665753544738e-80
2.331387137149e-81
5.061922971054e-82
1.0916717633721e-82
2.3385202741e-83
4.9757644132e-84
1.0515868867613e-84
2.207467165776e-85
4.602609411395e-86
9.53173127269e-87
1.960623767773e-87
4.00560875957e-88
8.128147094838e-89
1.63817499979e-89
3.279228505724e-90
6.519625215371e-91
1.2873897375289e-91
2.524822181795e-92
4.917923350615e-93
9.51392586023e-94
1.827938769422e-94
3.488062089391e-95
6.610346739183e-96
1.2441665334308e-96
2.325646929887e-97
4.317345212038e-98
7.959654361873e-99
1.457379909994e-99
2.650020047307e-100
4.785419438765e-101
8.581870694706e-102
1.528381069224e-102
2.703122069773e-103
4.747670521534e-104
8.280812509139e-105
1.434297816679e-105
2.467040335409e-106
4.213860857941e-107
7.147392648325e-108
1.203857440207e-108
2.013533650481e-109
3.344225499378e-110
5.515456290826e-111
9.03260359432e-112
1.468880362386e-112
2.371910000246e-113
3.803160140179e-114
6.05510865695e-115
9.572524044065e-116
1.502638258036e-116
2.342082031641e-117
3.62464650225e-118
5.569821780827e-119
8.49816568941e-120
1.287399956229e-120
1.936432268591e-121
2.891929891898e-122
4.288110008491e-123
6.312957182625e-124
9.227511022475e-125
1.339112668678e-125
1.929418653915e-126
2.759996961903e-127
3.919759823362e-128
5.526815349884e-129
7.736615210875e-130
1.075185651283e-130
1.48343388818e-131
2.031893938914e-132
2.76298026087e-133
3.729874509084e-134
4.998573783569e-135
6.650115323397e-136
8.782924291096e-137
1.151520516154e-137
1.49872675561e-138
1.936364523374e-139
2.48348340343e-140
3.161844314523e-141
3.995952701268e-142
5.012984593607e-143
6.242579562615e-144
7.716475363537e-145
9.46796172403e-146
1.153113561096e-146
1.393994759185e-147
1.672703864489e-148
1.992237882022e-149
2.355173314369e-150
2.763499546876e-151
3.218444676605e-152
3.720300951921e-153
4.268258323582e-154
4.860255626104e-155
5.492859479842e-156
6.161181013477e-157
6.858839863427e-158
7.577983560382e-159
8.309368361522e-160
9.0425048849e-161
9.76586866304e-162
1.04671721266e-162
1.113369077415e-163
1.17526326338e-164
1.231153684549e-165
1.279868455269e-166
1.320350352231e-167
1.3516947196e-168
1.373182932448e-169
1.384309697887e-170
1.384802750379e-171
1.374633872307e-172
1.354020619755e-173
1.323418626744e-174
1.283504865646e-175
1.235152722253e-176
1.179400168416e-177
1.11741265476e-178
1.050442579336e-179
9.7978730217e-181
9.06747666873e-182
8.32588864495e-183
7.585052458693e-184
6.855903780267e-185
6.148132737283e-186
5.470013293005e-187
4.82830112991e-188
4.22819779985e-189
3.673375727446e-190
3.166056124951e-191
2.707130092266e-192
2.296312167209e-193
1.932315330847e-194
1.613036882342e-195
1.335745560708e-196
1.0972616668e-197
8.94123577972e-199
7.227358040079e-200
5.794954748209e-201
4.608957689963e-202
3.63606206049e-203
2.845308815185e-204
2.208465978723e-205
1.700234353085e-206
1.298306344467e-207
9.83307614969e-209
7.38650385606e-210
5.503249371705e-211
4.066526331226e-212
2.980200427246e-213
2.166098293488e-214
1.56140270486e-215
1.116217969623e-216
7.91359103415e-218
5.563932597164e-219
3.879420850783e-220
2.682389131929e-221
1.839244837294e-222
1.250584893227e-223
8.43209758627e-225
5.637671756664e-226
3.737649086791e-227
2.457110321572e-228
1.601662302289e-229
1.035214023941e-230
6.634297149351e-232
4.215585604796e-233
2.655900016533e-234
1.659009588269e-235
1.027452942829e-236
6.308749931986e-238
3.840479277583e-239
2.317825010641e-240
1.386823804449e-241
8.22620684052e-243
4.837354116734e-244
2.819929361938e-245
1.629606685137e-246
9.33541572186e-248
5.301305751189e-249
2.984161662385e-250
1.665114385589e-251
9.20958179413e-253
5.048957132898e-254
2.743602379901e-255
1.477713007186e-256
7.88860355907e-258
4.173908226665e-259
2.188819538576e-260
1.137608497729e-261
5.859802349356e-263
2.991381354658e-264
1.51338917318e-265
7.58771105276e-267
3.770018722129e-268
1.85626499552e-269
9.05714490624e-271
4.379137692368e-272
2.098083858135e-273
9.9605884517e-275
4.685608077675e-276
2.184019795966e-277
1.008666524147e-278
4.615617273733e-280
2.092636404982e-281
9.40005001515e-283
4.183400947979e-284
1.844515160626e-285
8.0571007166e-287
3.486659439491e-288
1.494736797226e-289
6.347966167191e-291
2.670602914831e-292
1.112958481924e-293
4.594450367129e-295
1.878724420304e-296
7.60952249406e-298
3.052856310105e-299
1.213108689091e-300
4.774491705195e-302
1.861136696558e-303
7.18526269132e-305
2.747323219325e-306
1.040324913164e-307
3.901303283632e-309
1.448842455355e-310
5.328347500033e-312
1.940496935071e-313
6.99796019507e-315
2.498946901826e-316
8.83605751373e-318
3.093604569051e-319
1.072419163016e-320
3.680836188899e-322
1.25083249539e-323
4.208342359071e-325
1.401750233838e-326
4.622386093163e-328
1.508988970682e-329
4.87661373676e-331
1.560095517324e-332
4.940518957412e-334
1.548711156693e-335
4.805433815183e-337
1.475865714279e-338
4.486429267034e-340
1.349839470162e-341
4.019557337054e-343
1.184613126661e-344
3.45512983121e-346
9.9730716278e-348
2.848769874554e-349
8.05261051776e-351
2.252443235538e-352
6.234414812933e-354
1.707453803316e-355
4.627008609254e-357
1.240612875433e-358
3.291117183462e-360
8.63789355288e-362
2.242931668165e-363
5.761745650201e-365
1.464225668034e-366
3.680982790444e-368
9.15392259604e-370
2.25177034637e-371
5.478983501567e-373
1.318622387703e-374
3.13885216036e-376
7.38986557703e-378
1.720690116025e-379
3.962363466033e-381
9.02352940249e-383
2.032141239474e-384
4.52555026418e-386
9.96583191821e-388
2.170025694051e-389
4.67207404793e-391
9.94563074222e-393
2.093229482702e-394
4.355592647542e-396
8.95998837968e-398
1.822137575354e-399
3.663127461058e-401
7.2795333115e-403
1.429944055424e-404
2.776398401088e-406
5.32813044921e-408
1.010604426883e-409
1.894452188134e-411
3.509658748612e-413
6.42550796241e-415
1.162502179732e-416
2.078289671564e-418
3.67135592929e-420
6.40821355952e-422
1.105145239601e-423
1.883021601397e-425
3.169759623389e-427
5.271252290467e-429
8.6596219552e-431
1.40527969824e-432
2.252611073292e-434
3.566563772454e-436
5.577437095539e-438
8.61431368316e-440
1.313978436908e-441
1.979326417721e-443
2.944341176312e-445
4.324940150125e-447
6.27296528687e-449
8.98350591327e-451
1.270217883773e-452
1.773164379182e-454
2.443638841854e-456
3.324458668524e-458
4.464565677247e-460
5.91820667597e-462
7.74340105076e-464
9.99958506208e-466
1.27443736179e-467
1.602945623802e-469
1.989574255435e-471
2.436798762019e-473
2.944924764774e-475
3.511562762881e-477
4.131186596002e-479
4.794833948895e-481
5.490004943691e-483
6.20080540537e-485
6.9083645646e-487
7.59153363367e-489
8.22784382036e-491
8.79467289203e-493
9.27054200214e-495
9.63644297655e-497
9.87708406969e-499
9.98194180661e-501
9.94601892867e-503
9.77023291684e-505
9.4613935842e-507
9.03176785416e-509
8.49827020638e-511
7.88135332485e-513
7.20370074606e-515
6.48883856922e-517
5.759785066861e-519
5.037845739949e-521
4.341639167103e-523
3.686409409966e-525
3.083647983616e-527
2.541016745951e-529
2.062536176254e-531
1.648984006677e-533
1.298438335062e-535
1.006897151067e-537
7.68911494563e-540
5.781802990997e-542
4.280690493491e-544
3.120294196062e-546
2.239111237554e-548
1.58168901369e-550
1.099761141957e-552
7.52616395157e-555
5.068889672567e-557
3.359551668454e-559
2.191009320965e-561
1.405938278795e-563
8.875886681e-566
5.512449842596e-568
3.367662122521e-570
2.023608447515e-572
1.195917742723e-574
6.95048834662e-577
3.972193770803e-579
2.232071557753e-581
1.233131618735e-583
6.69722666906e-586
3.575402756906e-588
1.876113296306e-590
9.6751235059e-593
4.903160587036e-595
2.441609247589e-597
1.194577867734e-599
5.741803797852e-602
2.711031933764e-604
1.257273115648e-606
5.726498176105e-609
2.561346826562e-611
1.124921308627e-613
4.850701715073e-616
2.053379831324e-618
8.53236393131e-621
3.479824099185e-623
1.392787794609e-625
5.470205696576e-628
2.107968440547e-630
7.9692302369e-633
2.955356784195e-635
1.074963084221e-637
3.834559058734e-640
1.341291150403e-642
4.600057471785e-645
1.546614798968e-647
5.097124069185e-650
1.646406637823e-652
5.2114894747e-655
1.616377240434e-657
4.911590946024e-660
1.461981853778e-662
4.262290489575e-665
1.216929785651e-667
3.402113020084e-670
9.31174743878e-673
2.494884941116e-675
6.54249681437e-678
1.678982164652e-680
4.215928244292e-683
1.03566424935e-685
2.488608330782e-688
5.84841384221e-691
1.343986277804e-693
3.019652597702e-696
6.63214077754e-699
1.423682868587e-701
2.986500900537e-704
6.12107816576e-707
1.225558355751e-709
2.39665012956e-712
4.576805755183e-715
8.53353481632e-718
1.553189077764e-720
2.759100845316e-723
4.782736416262e-726
8.08848900487e-729
1.334306393286e-731
2.146617845997e-734
3.367265120646e-737
5.149135141438e-740
7.67423724051e-743
1.114520791305e-745
1.576883863861e-748
2.173075581379e-751
2.916197698209e-754
3.810025630656e-757
4.845155998719e-760
5.99590837979e-763
7.21882049463e-766
8.453497164e-769
9.62628110326e-772
1.065672575636e-774
1.146624960134e-777
1.19877752878e-780
1.217476567531e-783
1.200799708797e-786
1.149871922514e-789
1.068749901778e-792
9.6388886088e-796
8.43288746378e-799
7.15477450781e-802
5.8851195069e-805
4.69160221365e-808
3.62374747922e-811
2.710985198043e-814
1.963756963879e-817
1.376879028288e-820
9.34123885871e-824
6.13005014177e-827
3.889749024612e-830
2.385729100273e-833
1.413850231244e-836
8.09293041583e-840
4.472622668458e-843
2.385630323064e-846
1.227595166116e-849
6.09173848512e-853
2.91393865867e-856
1.343035880936e-859
5.96174922338e-863
2.547681852519e-866
1.0476209346e-869
4.143316631821e-873
1.575323712865e-876
5.755155686222e-880
2.019262103707e-883
6.80070893376e-887
2.197422881067e-890
6.80828170454e-894
2.021559084859e-897
5.749300283157e-901
1.5652059664e-904
4.076596866687e-908
1.015146878989e-911
2.415421478741e-915
5.487956930832e-919
1.189858864491e-922
2.460099070377e-926
4.847070926663e-930
9.09420064082e-934
1.623633389446e-937
2.756261384152e-941
4.445523569315e-945
6.80685700684e-949
9.88626398691e-953
1.360847400962e-956
1.773767602529e-960
2.187261004386e-964
2.549266400886e-968
2.805573697525e-972
2.912644747957e-976
2.849482648358e-980
2.624191577658e-984
2.272473251227e-988
1.848340637737e-992
1.41037382851e-996
1.008384889128e-1000
6.74698985478e-1005
4.2190737025e-1009
2.462396654511e-1013
1.339432874362e-1017
6.78063819656e-1022
3.189676313492e-1026
1.392074600663e-1030
5.627348853075e-1035
2.103423260701e-1039
7.25697765851e-1044
2.306655478133e-1048
6.74161201132e-1053
1.808079480527e-1057
4.44040578045e-1062
9.96357329743e-1067
2.03791110762e-1071
3.790308624329e-1076
6.393997521558e-1081
9.75690812915e-1086
1.34297201071e-1090
1.662436585657e-1095
1.844952581034e-1100
1.829576663307e-1105
1.615560118867e-1110
1.265599499442e-1115
8.76128545337e-1121
5.33741724689e-1126
2.84882631028e-1131
1.32595165383e-1136
5.354704650934e-1142
1.866203763277e-1147
5.580885020222e-1153
1.423279600285e-1158
3.074973255434e-1164
5.587954200033e-1170
8.47560451529e-1176
1.064045843043e-1181
1.095649852467e-1187
9.16217649224e-1194
6.155030237715e-1200
3.282421977731e-1206
1.371482877067e-1212
4.424936006132e-1219
1.084737296863e-1225
1.984243389239e-1232
2.653954483094e-1239
2.536499620716e-1246
1.687487417842e-1253
7.583025006138e-1261
2.222786858919e-1268
4.080202872054e-1276
4.468951846296e-1284
2.756007134066e-1292
8.916524696407e-1301
1.386126521396e-1309
9.260356256595e-1319
2.297883272496e-1328
1.73839216252e-1338
3.030181693655e-1349
7.97046920126e-1361
1.567977524964e-1373
5.961808302364e-1388
1.314003986155e-1405