0.0793893282200572
0.0783920666211424
0.0764349521907659
0.0735904744291959
0.0699617494035112
0.0656763208459277
0.0608787356094045
0.0557224946634818
0.0503620007279621
0.0449450826192584
0.03960658288
0.0344633633661059
0.0296109306284723
0.025121727405127
0.0210449949675977
0.0174079965078708
0.0142183124845624
0.0114668779469436
0.0091314275668925
0.007180040807596
0.0055745291881603
0.0042734707274332
0.0032347643815086
0.0024176419374017
0.00178413066138566
0.00130000352377558
0.00093528367709529
0.00066438649869487
0.00046598767829585
0.00032270206226813
0.00022064805861282
0.000148959031336821
0.000099288541603605
0.000065342252027158
0.000042456946642247
0.000027237047933504
0.0000172514165146
0.0000107879685596646
6.6604168617733e-6
4.0598176517477e-6
2.4431575445559e-6
1.4515520241862e-6
8.5142458874326e-7
4.9304707514693e-7
2.8187416424159e-7
1.5908997580821e-7
8.8643500117484e-8
4.8759954429167e-8
2.6478152685284e-8
1.4194354659909e-8
7.5117769840262e-9
3.9243177776733e-9
2.0238363139621e-9
1.0303185546967e-9
5.1778285219882e-10
2.5686137109033e-10
1.2578237859523e-10
6.0800264024886e-11
2.9010182559778e-11
1.3663103853055e-11
6.351797750389e-12
2.9146519824019e-12
1.3201210906441e-12
5.9016304465922e-13
2.6040869730181e-13
1.1341177297664e-13
4.8749909884518e-14
2.068217704425e-14
8.660023470636e-15
3.5787864797527e-15
1.4596200385838e-15
5.8752243510558e-16
2.3339034777714e-16
9.149728391188e-17
3.539919240493e-17
1.3515471465277e-17
5.09230584384e-18
1.8933714261099e-18
6.946846915992e-19
2.5151425543647e-19
8.985716818567e-20
3.1677453276347e-20
1.1019128392199e-20
3.782122637724e-21
1.2808762011131e-21
4.2800966695702e-22
1.4111280892959e-22
4.5902588429713e-23
1.4731844141731e-23
4.6646326939139e-24
1.4571667626424e-24
4.4907975347539e-25
1.3653717973215e-25
4.0952677880684e-26
1.2117364466032e-26
3.5368688614984e-27
1.0183685256504e-27
2.8923868207649e-28
8.103324167959e-29
2.2393160320936e-29
6.10383342105e-30
1.6410231079976e-30
4.351519728294e-31
1.1380748110122e-31
2.9355770111931e-32
7.467892105118e-33
1.8735850687364e-33
4.6356262796584e-34
1.1310757233897e-34
2.7215211467968e-35
6.457387780059e-36
1.5108291321275e-36
3.4855813127414e-37
7.929108806775e-38
1.7784865293898e-38
3.9331582937052e-39
8.575991792451e-40
1.8435998355027e-40
3.907288376536e-41
8.163901176292e-42
1.681590665427e-42
3.4145207455812e-43
6.834592427359e-44
1.3485131824243e-44
2.6226698617252e-45
5.027636651278e-46
9.499522443318e-47
1.7690614714697e-47
3.2469289921192e-48
5.87322517735e-49
1.0469829410557e-49
1.8392745885533e-50
3.1840676251527e-51
5.431643951425e-52
9.130151167082e-53
1.5121904193142e-53
2.4677480741351e-54
3.96775437765e-55
6.285241274238e-56
9.808796978722e-57
1.5080278318877e-57
2.2839457694659e-58
3.407436997619e-59
5.007466907413e-60
7.24834621636e-61
1.0334096894793e-61
1.4511117054543e-62
2.0068070532859e-63
2.733180868566e-64
3.665813843981e-65
4.841643419247e-66
6.296749341573e-67
8.063467538368e-68
1.0166922199394e-68
1.2621167630744e-69
1.5425237619464e-70
1.8559495207435e-71
2.1982741738323e-72
2.5630562720321e-73
2.94153449175e-74
3.322828683453e-75
3.694354633287e-76
4.042443930715e-77
4.353134833382e-78
4.613075466859e-79
4.810460906351e-80
4.935914171384e-81
4.98322045701e-82
4.949835024844e-83
4.837107236653e-84
4.650193562018e-85
4.39766691433e-86
4.090863477531e-87
3.743036457007e-88
3.368405003124e-89
2.98119356414e-90
2.594751702542e-91
2.2208284453422e-92
1.8690515733433e-93
1.5466348483908e-94
1.2583091708708e-95
1.0064506643064e-96
7.913622508737e-98
6.116566236373e-99
4.646875119055e-100
3.469815459572e-101
2.546329148305e-102
1.8363516658526e-103
1.3013685251363e-104
9.061862810765e-106
6.199784946913e-107
4.167221184717e-108
2.751665837954e-109
1.7848103200112e-110
1.1371121336901e-111
7.115354836632e-113
4.372588882415e-114
2.638735641604e-115
1.5636306498584e-116
9.097435325732e-118
5.196552180224e-119
2.913987368496e-120
1.6039845070368e-121
8.665954508311e-123
4.595147837477e-124
2.391178755688e-125
1.2210014925653e-126
6.117494074757e-128
3.007081709118e-129
1.4500793934696e-130
6.859196567961e-132
3.182358651416e-133
1.4480325986925e-134
6.46129050469e-136
2.827025365593e-137
1.2127376550868e-138
5.100201733322e-140
2.102554150713e-141
8.495750675677e-143
3.364386042758e-144
1.3056101019707e-145
4.964531414223e-147
1.849493923112e-148
6.749779134628e-150
2.412901849199e-151
8.448000278962e-153
2.896558889443e-154
9.724656362253e-156
3.196525368269e-157
1.0285888418686e-158
3.23975537193e-160
9.987012377172e-162
3.012709885036e-163
8.892460866951e-165
2.567871391138e-166
7.253608346214e-168
2.00404033801e-169
5.414663088201e-171
1.430504506988e-172
3.694869361889e-174
9.329090656758e-176
2.302222194478e-177
5.552124445017e-179
1.308309511887e-180
3.011864563568e-182
6.772784099894e-184
1.487435055609e-185
3.189912778834e-187
6.679124071943e-189
1.365176654315e-190
2.723418477188e-192
5.301788796538e-194
1.0070199458912e-195
1.865886172842e-197
3.371989089636e-199
5.942405715604e-201
1.021017963149e-202
1.710085528616e-204
2.791467892063e-206
4.440105826023e-208
6.880403450732e-210
1.0385008761284e-211
1.526451843178e-213
2.184499280134e-215
3.043132629612e-217
4.125683864192e-219
5.442284853735e-221
6.983597822802e-223
8.715460340181e-225
1.0575800222178e-226
1.24751173603e-228
1.430142253349e-230
1.592977660507e-232
1.723560486865e-234
1.810998755018e-236
1.847441562976e-238
1.829228975488e-240
1.757485506622e-242
1.638026193467e-244
1.480580213492e-246
1.297475249122e-248
1.1020306031801e-250
9.069520548628e-253
7.229977889947e-255
5.58103248305e-257
4.170393821046e-259
3.015653561923e-261
2.109509307989e-263
1.42701174802e-265
9.331831082539e-268
5.897161709841e-270
3.599946817652e-272
2.12208281518e-274
1.207464141748e-276
6.629187928061e-279
3.510306126105e-281
1.792042791573e-283
8.816297487631e-286
4.178012888498e-288
1.906362482315e-290
8.371339638636e-293
3.536183214799e-295
1.436204109773e-297
5.605637796384e-300
2.101558874159e-302
7.563800819748e-305
2.612094243865e-307
8.650670003609e-310
2.745858293732e-312
8.348769085625e-315
2.430099676738e-317
6.767324082599e-320
1.801886054942e-322
4.584302796483e-325
1.1136908504162e-327
2.581679912415e-330
5.706612504585e-333
1.2019182226129e-335
2.410262383674e-338
4.598418262229e-341
8.339851470235e-344
1.436657907468e-346
2.348665387026e-349
3.640630535963e-352
5.345908357071e-355
7.429229366236e-358
9.761504057017e-361
1.211430441652e-363
1.418505248222e-366
1.565449693856e-369
1.62641020045e-372
1.588883651352e-375
1.45778486858e-378
1.254530864062e-381
1.0113018024252e-384
7.625934546076e-388
5.371487165108e-391
3.528864168896e-394
2.1589162936e-397
1.227972492993e-400
6.482656101944e-404
3.170693648249e-407
1.434107077148e-410
5.98666555384e-414
2.301828661827e-417
8.134097071071e-421
2.635784367881e-424
7.813377130328e-428
2.113511935173e-431
5.203029284225e-435
1.1624579924361e-438
2.350072331349e-442
4.285538848164e-446
7.025936733795e-450
1.0319093904331e-453
1.352641117421e-457
1.576101776653e-461
1.62549159924e-465
1.477036734309e-469
1.1767027016769e-473
8.175489898368e-478
4.925577382747e-482
2.557543781811e-486
1.1368824823863e-490
4.29525336165e-495
1.3684053451941e-499
3.644563794174e-504
8.038377714387e-509
1.452955692111e-513
2.127572023875e-518
2.491674351532e-523
2.300628141646e-528
1.647980907008e-533
8.992811020613e-539
3.661550598539e-544
1.0862209309726e-549
2.283906658766e-555
3.295618407959e-561
3.141361123716e-567
1.889483033852e-573
6.78261016261e-580
1.3558891873845e-586
1.3825128329577e-593
6.41093398347e-601
1.1577512021768e-608
6.536184107741e-617
8.27969191004e-626
1.3588200735792e-635
1.0042913869269e-646
2.1785928490164e-660