0.0646421096571501
0.0641031239477418
0.0630385934913091
0.0614748432764745
0.0594500006553602
0.0570124509856143
0.0542189178705749
0.051132274229508
0.0478192018393876
0.044347820314272
0.0407854018472645
0.037196276187449
0.0336400125488272
0.030169943128873
0.0268320685455282
0.0236643607133901
0.0206964552670122
0.0179497051185815
0.0154375502443883
0.0131661470273448
0.0111351936911385
0.0093388863801226
0.0077669427543018
0.0064056358094503
0.0052387890707634
0.0042486943611856
0.0034169240644632
0.0027250203477534
0.0021550534981035
0.0016900498670053
0.0013142966064114
0.00101353529782042
0.00077505975806407
0.0005877349066165
0.00044195383760965
0.00032954943890926
0.00024367533690367
0.00017866890155983
0.00012990677126243
0.000093661055680168
0.000066962202357541
0.000047472574643058
0.000033373146035217
0.000023264392692742
0.000016081456302662
0.000011022927802274
7.4921300220335e-6
5.0495095586295e-6
3.3746396886734e-6
2.2363443710413e-6
1.4695410603775e-6
9.575362637425e-7
6.1866828988859e-7
3.963585548578e-7
2.5179376684905e-7
1.586085704543e-7
9.906763941278e-8
6.1356275672535e-8
3.7679633745954e-8
2.2944221733982e-8
1.3853432910304e-8
8.293871648257e-9
4.9234715119889e-9
2.8979982641733e-9
1.6913586730779e-9
9.787741985505e-10
5.61612528698e-10
3.1951907203186e-10
1.8024396217902e-10
1.0081538086657e-10
5.5910471648571e-11
3.0743827907873e-11
1.6761745915203e-11
9.060979950768e-12
4.8565038423326e-12
2.5808512436172e-12
1.3598495711419e-12
7.104039766691e-13
3.6796325394437e-13
1.8896700164098e-13
9.621611606585e-14
4.857220781786e-14
2.4311057771795e-14
1.206406422102e-14
5.935467839526e-15
2.8952463950206e-15
1.4001773816333e-15
6.713441494934e-16
3.19131460299e-16
1.5040209937784e-16
7.027415349874e-17
3.2553099134172e-17
1.495001296219e-17
6.806765598556e-18
3.0724687576423e-18
1.3749250856432e-18
6.099761739397e-19
2.682787951236e-19
1.1697600804619e-19
5.056401154784e-20
2.1667948510681e-20
9.204980140872e-21
3.8766260844337e-21
1.6184830131724e-21
6.698579215655e-22
2.748366736684e-22
1.1178439638782e-22
4.507121389915e-23
1.8014653317794e-23
7.137697415221e-24
2.803450432751e-24
1.0915083836293e-24
4.212671586095e-25
1.6116892922885e-25
6.112164721133e-26
2.2977119398133e-26
8.562087674276e-27
3.1625983634577e-27
1.1579382082168e-27
4.202428707827e-28
1.5117694836742e-28
5.390606525131e-29
1.9052548832799e-29
6.674649223164e-30
2.3177159464696e-30
7.977096033858e-31
2.7213142646965e-31
9.201491382277e-32
3.0837541266415e-32
1.0243292385661e-32
3.372360370182e-33
1.1004218551462e-33
3.55886459437e-34
1.1407406507385e-34
3.623945858589e-35
1.1410164592197e-35
3.560521427162e-36
1.1011406816231e-36
3.375013457091e-37
1.0251977781284e-37
3.086278853181e-38
9.207758173898e-39
2.7224487889821e-39
7.977161901818e-40
2.3164115882169e-40
6.665878763973e-41
1.9009431872792e-41
5.372130532531e-42
1.5044760436343e-42
4.175234449086e-43
1.1482299176559e-43
3.129138179264e-44
8.450141237422e-45
2.2612154758543e-45
5.995895523236e-46
1.575417343281e-46
4.10168152076e-47
1.0581524666809e-47
2.704891000884e-48
6.851121430094e-49
1.7194084763157e-49
4.275599807064e-50
1.0534420846018e-50
2.571668057516e-51
6.220205688276e-52
1.4906479477991e-52
3.539327941801e-53
8.326006206444e-54
1.9405178832918e-54
4.480828321494e-55
1.0250696955405e-55
2.323258706206e-56
5.216574941e-57
1.1604103455125e-57
2.557234276551e-58
5.582859523058e-59
1.2074372520632e-59
2.586952838728e-60
5.490638605016e-61
1.1544148496921e-61
2.404362195969e-62
4.96056351266e-63
1.0137933179747e-63
2.0523395853699e-64
4.11551756926e-65
8.174649557517e-66
1.6083376523441e-66
3.134314872721e-67
6.050053071805e-68
1.1566999584426e-68
2.190387681952e-69
4.108220047688e-70
7.631545614244e-71
1.404077289737e-71
2.558484462076e-72
4.617227928732e-73
8.252395929005e-74
1.4607382738288e-74
2.560658818128e-75
4.445404382459e-76
7.642656072227e-77
1.3011999281056e-77
2.193832907074e-78
3.662823058938e-79
6.055837739597e-80
9.914512919357e-81
1.6073124440445e-81
2.580202875e-82
4.101331011547e-83
6.455144177141e-84
1.0059813059591e-84
1.5522774029976e-85
2.371574576986e-86
3.587441005198e-87
5.372862503371e-88
7.96694921162e-89
1.169596498358e-89
1.699926030242e-90
2.446054597703e-91
3.484468709265e-92
4.913979846046e-93
6.860386284906e-94
9.481436050552e-95
1.2971849815863e-95
1.756805859881e-96
2.355219889453e-97
3.125479644792e-98
4.105547166704e-99
5.338093025702e-100
6.869947977669e-101
8.75113548925e-102
1.1033425799356e-102
1.3768374014688e-103
1.700483654786e-104
2.078600151786e-105
2.51460178172e-106
3.010636130615e-107
3.567213057789e-108
4.182851338808e-109
4.853770191922e-110
5.573655426823e-111
6.33352953542e-112
7.121751886755e-113
7.924169132162e-114
8.724427111269e-115
9.504444445645e-116
1.0245035410284e-116
1.0926656653327e-117
1.1530240139182e-118
1.2038064616104e-119
1.2434611149348e-120
1.2707345751462e-121
1.2847374428136e-122
1.2849923102557e-123
1.2714606424235e-124
1.2445464456699e-125
1.2050763319715e-126
1.1542573430209e-127
1.0936155366368e-128
1.0249197021633e-129
9.500955372972e-131
8.7113610584e-132
7.900143764199e-133
7.086031422656e-134
6.286067160268e-135
5.515075930595e-136
4.785299153521e-137
4.10620185597e-138
3.484444054801e-139
2.923997487131e-140
2.426380993118e-141
1.990983235847e-142
1.615439983592e-143
1.296034550593e-144
1.028093631091e-145
8.063559710142e-147
6.252973679926e-148
4.794016874938e-149
3.633733580854e-150
2.722917423964e-151
2.017116198317e-152
1.477166692585e-153
1.0693434613167e-154
7.652105018502e-156
5.412617992897e-157
3.784279740171e-158
2.615140495188e-159
1.786196276266e-160
1.205790903893e-161
8.044696983284e-163
5.304302910223e-164
3.456319188069e-165
2.225625585693e-166
1.416213808937e-167
8.904911292533e-169
5.532735360229e-170
3.396605235387e-171
2.060299476766e-172
1.234755095647e-173
7.311078845662e-175
4.276781984444e-176
2.471567453754e-177
1.411016554792e-178
7.957570169063e-180
4.433042303542e-181
2.439385698885e-182
1.325868031107e-183
7.117791170657e-185
3.77397526483e-186
1.976265664352e-187
1.022039142235e-188
5.219741221915e-190
2.632526920832e-191
1.311058554941e-192
6.447326121798e-194
3.130604317241e-195
1.500894849324e-196
7.104414601195e-198
3.32004913772e-199
1.531725650481e-200
6.976211440183e-202
3.136477759411e-203
1.391971367214e-204
6.097689705001e-206
2.636504484063e-207
1.125125472779e-208
4.738747285673e-210
1.969686061425e-211
8.079451722367e-213
3.270382482203e-214
1.306252590259e-215
5.148109023794e-217
2.001889344133e-218
7.680398936656e-220
2.907088769605e-221
1.085532528576e-222
3.998678220737e-224
1.452974435015e-225
5.207700748037e-227
1.841022200115e-228
6.419115761831e-230
2.207356989738e-231
7.485639818848e-233
2.50335153598e-234
8.2552205226e-236
2.684272391962e-237
8.605824276839e-239
2.720213784903e-240
8.476854605525e-242
2.6041367851e-243
7.886171220588e-245
2.354061013228e-246
6.926181044189e-248
2.008490762712e-249
5.740116756432e-251
1.616669566711e-252
4.486895486932e-254
1.227069166774e-255
3.306469449552e-257
8.77821232362e-259
2.295975176161e-260
5.915902466008e-262
1.50155216273e-263
3.754032715264e-265
9.24413364837e-267
2.241903651253e-268
5.354537648825e-270
1.259368282754e-271
2.91662372748e-273
6.650828730307e-275
1.493170310969e-276
3.300284271932e-278
7.180780516247e-280
1.53794146462e-281
3.242089733936e-283
6.726609423447e-285
1.373478578786e-286
2.759753323019e-288
5.456437439137e-290
1.061466089058e-291
2.031553308065e-293
3.825095065817e-295
7.08458702415e-297
1.290657903037e-298
2.31258480913e-300
4.075110000629e-302
7.061565255038e-304
1.203225462977e-305
2.015772245877e-307
3.320075153134e-309
5.375632179106e-311
8.55557284207e-313
1.33834740527e-314
2.057551459782e-316
3.108536926133e-318
4.614724507589e-320
6.731012967862e-322
9.64539402549e-324
1.35776288954e-325
1.877376304742e-327
2.549533305292e-329
3.400243508387e-331
4.453042281342e-333
5.726088466852e-335
7.228865695701e-337
8.95878290417e-339
1.08980790421e-340
1.301151132411e-342
1.524532103764e-344
1.752790651143e-346
1.977248130935e-348
2.188176509038e-350
2.375447101517e-352
2.529305934431e-354
2.641197398231e-356
2.704541905485e-358
2.715370641276e-360
2.672733052407e-362
2.578819451875e-364
2.43877815607e-366
2.26024784145e-368
2.052664199365e-370
1.82642883469e-372
1.592042909187e-374
1.359306327072e-376
1.136666504282e-378
9.30772905241e-381
7.462602666029e-383
5.857508833741e-385
4.500397834034e-387
3.384095296397e-389
2.490149914614e-391
1.792818127989e-393
1.262729941654e-395
8.69927273724e-398
5.861211515012e-400
3.861504855006e-402
2.487266239249e-404
1.566084483886e-406
9.637513277e-409
5.795624965559e-411
3.405246327587e-413
1.954502053832e-415
1.09569147762e-417
5.998311704266e-420
3.206130589062e-422
1.672886292529e-424
8.51932181244e-427
4.233660927674e-429
2.052661389839e-431
9.7078966142e-434
4.477695708995e-436
2.013813372503e-438
8.82940079114e-441
3.773125803242e-443
1.571225589648e-445
6.374565826801e-448
2.519088922243e-450
9.69441456456e-453
3.632349140141e-455
1.324776102816e-457
4.702031330079e-460
1.623731119779e-462
5.454109472693e-465
1.7815926274e-467
5.657955311479e-470
1.746493198416e-472
5.238636201058e-475
1.526508063627e-477
4.32009092597e-480
1.187082133082e-482
3.166223966466e-485
8.19505766446e-488
2.057718834077e-490
5.0108952167e-493
1.183065952094e-495
2.707281290261e-498
6.002778772501e-501
1.2892192342e-503
2.681110904945e-506
5.397236816776e-509
1.051353936034e-511
1.981053195984e-514
3.609597395312e-517
6.357395126029e-520
1.081923110211e-522
1.778466691231e-525
2.822662480087e-528
4.323784037702e-531
6.389765431229e-534
9.10629538388e-537
1.250979811643e-539
1.655854472792e-542
2.110884264184e-545
2.590475937654e-548
3.058900230374e-551
3.473877226566e-554
3.792404998668e-557
3.977850381961e-560
4.006753109717e-563
3.873631994613e-566
3.592453150894e-569
3.194258576558e-572
2.721498543831e-575
2.220503750437e-578
1.733962595752e-581
1.29510527678e-584
9.24639582827e-588
6.306075680591e-591
4.105578705926e-594
2.549875446903e-597
1.509680746923e-600
8.51443733715e-604
4.570936123965e-607
2.333976753204e-610
1.132618347859e-613
5.21926218846e-617
2.28194203545e-620
9.45779363681e-624
3.712549376722e-627
1.378943207987e-630
4.841649045713e-634
1.605387563994e-637
5.021785471226e-641
1.480350259598e-644
4.10789052682e-648
1.071825307097e-651
2.626421772544e-655
6.036784261841e-659
1.299848643702e-662
2.618483127391e-666
4.928083533297e-670
8.65277205687e-674
1.415252235008e-677
2.152978121616e-681
3.041375794574e-685
3.982839076178e-689
4.826621513741e-693
5.402853685444e-697
5.575684109734e-701
5.294135648077e-705
4.615297495791e-709
3.685987164128e-713
2.69061785694e-717
1.790763944813e-721
1.083933182928e-725
5.950806615857e-730
2.954790361649e-734
1.322986543673e-738
5.324624949719e-743
1.919883059703e-747
6.179788001715e-752
1.769099616459e-756
4.486165179161e-761
1.003447845778e-765
1.970790647104e-770
3.382260617424e-775
5.045924830009e-780
6.507644338789e-785
7.212014232199e-790
6.823974123413e-795
5.474431154038e-800
3.695572392743e-805
2.082101034254e-810
9.703196560762e-816
3.704012879945e-821
1.145807073116e-826
2.838525375204e-832
5.558126809748e-838
8.47800195402e-844
9.911013737748e-850
8.718756608154e-856
5.653432354528e-862
2.639055961511e-868
8.631838674029e-875
1.917134623138e-881
2.787111136394e-888
2.539428999033e-895
1.376434578999e-902
4.165014731804e-910
6.502045803657e-918
4.737257764368e-926
1.413153808587e-934
1.445745250784e-943
3.946031208784e-953
1.966227764033e-963
9.537003924011e-975
1.3410783026822e-987
2.376953413169e-1003