0.0617312577569004
0.0612617594450731
0.0603334452795379
0.0589672762088315
0.0571937050641131
0.0550515485227975
0.0525865759707559
0.0498498868396314
0.046896156593329
0.043781835066021
0.040563379285462
0.037295596598683
0.034030163530972
0.030814372289335
0.027690141270778
0.0246933095228987
0.0218532189675195
0.0191925733567919
0.0167275502164259
0.0144681320379926
0.0124186160496707
0.0105782581048448
0.0089420054312198
0.0075012748385786
0.0062447370096763
0.005159073130714
0.0042296767613748
0.0034412809265121
0.0027784974205136
0.0022262618294425
0.0017701834802625
0.001396804217426
0.0010937734880847
0.00084994968522685
0.00065543912604276
0.00050158455891241
0.00038091485914709
0.00028706676868271
0.00021468833480668
0.00015933227036319
0.00011734593288559
0.000085763115543591
0.000062201442542704
0.000044767921732515
0.000031974158923131
0.000022661892394216
0.000015938856991241
0.000011124518456247
7.7049066646226e-6
5.2955942993406e-6
3.6117877461085e-6
2.4444937561082e-6
1.6417757223702e-6
1.094197902102e-6
7.2365909362661e-7
4.7492736414077e-7
3.092959910958e-7
1.9988223711832e-7
1.2818162964174e-7
8.156951795447e-8
5.1508552481582e-8
3.2275942937703e-8
2.0068987287336e-8
1.2382765887861e-8
7.581485191961e-9
4.6061074317702e-9
2.7768708134231e-9
1.6611842529998e-9
9.860957975853e-10
5.80842274404e-10
3.394952848618e-10
1.9689935286549e-10
1.1331526372389e-10
6.470899752999e-11
3.6666680209049e-11
2.0616155341764e-11
1.1501948497851e-11
6.367387447749e-12
3.4976447391413e-12
1.9063958990783e-12
1.031031360482e-12
5.532869329487e-13
2.9460971632675e-13
1.5565395729385e-13
8.159959958082e-14
4.2445234727447e-14
2.1906912366095e-14
1.1218711193173e-14
5.700494815832e-15
2.8740090695752e-15
1.4376987188482e-15
7.13591990856e-16
3.5142488669471e-16
1.717171366637e-16
8.325137812147e-17
4.0046444299146e-17
1.9113018198332e-17
9.050767109469e-18
4.252362809992e-18
1.9822663763617e-18
9.168081255319e-19
4.207048904818e-19
1.9153901207808e-19
8.65197760649e-20
3.877482562699e-20
1.7240842406389e-20
7.60569819914e-21
3.3288134987158e-21
1.4454643260168e-21
6.227167891204e-22
2.6615631612405e-22
1.1286094469706e-22
4.747980886384e-23
1.9816651381302e-23
8.205503387359e-24
3.3707880343401e-24
1.3737461573779e-24
5.554281975796e-25
2.2278875823267e-25
8.865434845611e-26
3.499820035925e-26
1.3706536938162e-26
5.3252936006e-27
2.0525349817008e-27
7.848129394619e-28
2.9769235039632e-28
1.1201919822924e-28
4.181555024026e-29
1.5484636838412e-29
5.688258714766e-30
2.0728601193338e-30
7.493249522638e-31
2.6870584657463e-31
9.55845970121e-32
3.372870870511e-32
1.1806186003048e-32
4.099347250601e-33
1.4119262933574e-33
4.823903335315e-34
1.6348255518563e-34
5.495756185266e-35
1.8325830319852e-35
6.061455831005e-36
1.9886767599862e-36
6.471758233607e-37
2.089046176257e-37
6.688646926886e-38
2.1241723985568e-38
6.691126844351e-39
2.0905641678134e-39
6.478570332558e-40
1.9913287325007e-40
6.07087780613e-41
1.8356986413869e-41
5.505404470267e-42
1.6376141541053e-42
4.831310750563e-43
1.4136630237241e-43
4.102521201539e-44
1.1807996665326e-44
3.370687383937e-45
9.542759525785e-46
2.679409483789e-46
7.461224924644e-47
2.0605511630273e-47
5.64358625256e-48
1.5329276652885e-48
4.129325276819e-49
1.1031222399828e-49
2.922479311159e-50
7.678185931741e-51
2.0005124689037e-51
5.168867661446e-52
1.3243936767153e-52
3.365133596766e-53
8.479046344463e-54
2.118590998094e-54
5.249265607924e-55
1.2897250966172e-55
3.142235735568e-56
7.591353001336e-57
1.8185874487074e-57
4.319957827396e-58
1.0175384830845e-58
2.376533100972e-59
5.503693217685e-60
1.2637975163792e-60
2.877459881475e-61
6.495986201572e-62
1.4540537135196e-62
3.227088046355e-63
7.101198010107e-64
1.5493098226055e-64
3.351398995164e-65
7.187709825887e-66
1.5283639053587e-66
3.222033901823e-67
6.734351184794e-68
1.3954649285545e-68
2.866782578189e-69
5.838729686238e-70
1.1789213852913e-70
2.359876255942e-71
4.683025601379e-72
9.212801652465e-73
1.7967172269746e-73
3.473645228497e-74
6.657386440238e-75
1.2648221767186e-75
2.382085566281e-76
4.447154007542e-77
8.229976852526e-78
1.5097372039556e-78
2.745269775966e-79
4.94816549867e-80
8.840431655567e-81
1.5655512919845e-81
2.748021815508e-82
4.781085670837e-83
8.244811645512e-84
1.4092146917361e-84
2.387317071195e-85
4.008425607081e-86
6.670564052785e-87
1.1001970546467e-87
1.798422490315e-88
2.913536055972e-89
4.677895848005e-90
7.443482808654e-91
1.1737923897199e-91
1.834381964004e-92
2.840962601215e-93
4.360259735141e-94
6.631688131326e-95
9.995268510108e-96
1.4928534451286e-96
2.2094586514e-97
3.240366896364e-98
4.709075611837e-99
6.781157433341e-100
9.675917301605e-101
1.3680250491714e-101
1.916473898517e-102
2.660186308652e-103
3.658598614749e-104
4.985448976393e-105
6.73090975534e-106
9.003603795177e-107
1.1932328020969e-107
1.566726635176e-108
2.0380436868e-109
2.626509069147e-110
3.353376806418e-111
4.241472690163e-112
5.314649654518e-113
6.597037929356e-114
8.112082722688e-115
9.881376153257e-116
1.1923307188842e-116
1.425157260103e-117
1.687361213163e-118
1.978905048273e-119
2.298824538771e-120
2.64510527493e-121
3.014592456973e-122
3.402945139829e-123
3.804644711955e-124
4.213064975611e-125
4.620607821546e-126
5.018904329978e-127
5.399076458841e-128
5.752049663603e-129
6.068902251473e-130
6.341233445116e-131
6.561529425855e-132
6.723505375759e-133
6.822401954138e-134
6.855216787914e-135
6.820855321066e-136
6.720190485648e-137
6.55602671413e-138
6.33297029655e-139
6.057214433475e-140
5.73625299534e-141
5.37854148669e-142
4.993126666915e-143
4.589267488544e-144
4.176069445115e-145
3.762152207846e-146
3.355366857285e-147
2.962574476608e-148
2.589492823955e-149
2.240612710081e-150
1.919181004542e-151
1.627243230748e-152
1.365735733421e-153
1.134615538073e-154
9.33015280189e-156
7.594108670814e-157
6.117906735365e-158
4.878168375645e-159
3.849713687306e-160
3.006820692749e-161
2.324254876767e-162
1.778061103583e-163
1.346126372106e-164
1.008534211823e-165
7.477397004643e-167
5.485983745321e-168
3.982832607012e-169
2.861225971004e-170
2.033873102728e-171
1.430527058565e-172
9.95537640807e-174
6.854841967327e-175
4.669861986186e-176
3.14750245252e-177
2.098804807133e-178
1.384555548935e-179
9.03585826965e-181
5.833609677624e-182
3.725653014819e-183
2.35370797641e-184
1.470875296438e-185
9.09201407431e-187
5.558954127336e-188
3.361727494389e-189
2.010740056427e-190
1.189490139421e-191
6.959285319845e-193
4.026749421962e-194
2.304188056043e-195
1.303892164797e-196
7.296470840586e-198
4.037553842763e-199
2.209250068797e-200
1.195306196402e-201
6.394517349728e-203
3.382338966744e-204
1.76886053735e-205
9.1458357511e-207
4.675118968737e-208
2.362584839031e-209
1.180303060989e-210
5.829037009781e-212
2.845659405801e-213
1.373211404759e-214
6.550066277525e-216
3.088112475728e-217
1.439013406371e-218
6.62744229025e-220
3.016625518492e-221
1.356987975229e-222
6.032459938052e-224
2.650094191792e-225
1.150432203157e-226
4.934894981011e-228
2.091684326635e-229
8.75991225548e-231
3.624704993827e-232
1.481830897663e-233
5.984961094046e-235
2.388054420566e-236
9.41305651266e-238
3.665252383041e-239
1.409765718781e-240
5.356027188476e-242
2.009898581979e-243
7.449441027697e-245
2.726929302301e-246
9.85841385271e-248
3.519697655784e-249
1.240940142739e-250
4.320413630689e-252
1.485287543957e-253
5.041827752436e-255
1.689814753769e-256
5.591714980307e-258
1.826782456466e-259
5.89176459544e-261
1.875864175338e-262
5.895699893783e-264
1.829058836224e-265
5.60090859429e-267
1.692808343922e-268
5.049581733037e-270
1.486554921004e-271
4.318807942718e-273
1.238179065527e-274
3.502827234204e-276
9.77796644047e-278
2.69309456777e-279
7.318235428989e-281
1.961964452408e-282
5.189003302974e-284
1.35382546575e-285
3.484215315672e-287
8.84480597815e-289
2.214572406234e-290
5.468732991645e-292
1.331850904935e-293
3.198697172425e-295
7.575575203485e-297
1.769127726911e-298
4.073612713904e-300
9.24810835355e-302
2.069922655362e-303
4.567289440546e-305
9.93438730899e-307
2.129984566977e-308
4.501311531539e-310
9.37568711504e-312
1.9246088454e-313
3.893416294171e-315
7.7614272335e-317
1.524571663561e-318
2.950682299747e-320
5.626495646402e-322
1.056979935743e-323
1.956053498217e-325
3.565756341926e-327
6.402520465734e-329
1.132269466859e-330
1.972054695598e-332
3.382431267661e-334
5.712813999719e-336
9.50062484586e-338
1.555624654509e-339
2.507709860129e-341
3.979591638728e-343
6.216659500988e-345
9.55875343778e-347
1.446568355501e-348
2.154456601696e-350
3.157656187841e-352
4.55393771662e-354
6.462059817723e-356
9.02158033304e-358
1.239046964331e-359
1.673985819289e-361
2.224536885051e-363
2.907474093528e-365
3.737185695181e-367
4.723782055269e-369
5.871035836552e-371
7.174344888198e-373
8.61896103242e-375
1.017875838248e-376
1.181581133619e-378
1.348100684398e-380
1.511582578526e-382
1.665529999369e-384
1.803199875268e-386
1.918074275067e-388
2.004361001295e-390
2.057471235051e-392
2.074420207234e-394
2.054102672357e-396
1.997408105391e-398
1.90715934714e-400
1.787880107476e-402
1.645417907729e-404
1.486466345836e-406
1.318041323548e-408
1.146968596589e-410
9.79434652464e-413
8.20640833835e-415
6.745842110577e-417
5.439708940099e-419
4.302511222215e-421
3.337528564489e-423
2.53883055675e-425
1.89363657933e-427
1.384718544898e-429
9.92602603044e-432
6.974044278651e-434
4.802142261584e-436
3.240195987354e-438
2.142089595029e-440
1.387322628693e-442
8.80102813456e-445
5.468236243944e-447
3.327055605938e-449
1.982037942539e-451
1.155958716203e-453
6.599174626306e-456
3.687155539616e-458
2.015972231706e-460
1.078461580875e-462
5.643996282704e-465
2.889113333129e-467
1.446342659232e-469
7.080085738006e-472
3.388421859512e-474
1.585177746021e-476
7.24784391915e-479
3.23830559795e-481
1.413616534503e-483
6.028034311282e-486
2.51058252312e-488
1.021059773019e-490
4.054410322992e-493
1.571537878295e-495
5.945140496551e-498
2.194611799971e-500
7.90366454575e-503
2.776451062139e-505
9.5116624925e-508
3.177170054375e-510
1.034554554195e-512
3.283258248674e-515
1.015321742831e-517
3.058835014055e-520
8.97567826864e-523
2.564725321004e-525
7.134747807583e-528
1.931882411122e-530
5.090323636961e-533
1.304876147832e-535
3.253472017712e-538
7.88808425961e-541
1.859231788622e-543
4.259139941162e-546
9.48033005774e-549
2.04985370852e-551
4.304301308118e-554
8.77491967755e-557
1.73629030006e-559
3.333618536884e-562
6.208648837376e-565
1.121338409385e-567
1.963373534272e-570
3.331665567629e-573
5.477406887974e-576
8.72175463687e-579
1.344637586121e-581
2.006473678964e-584
2.896942063995e-587
4.045502132641e-590
5.462309194518e-593
7.128414831807e-596
8.98795081452e-599
1.094495832011e-601
1.286720630122e-604
1.459816972644e-607
1.597643699176e-610
1.685963658554e-613
1.714819770254e-616
1.680357587204e-619
1.585639433772e-622
1.44021931442e-625
1.258553061688e-628
1.057609843315e-631
8.54235812011e-635
6.628426403699e-638
4.938557125256e-641
3.53116229135e-644
2.421744741593e-647
1.592176566738e-650
1.002903318867e-653
6.048924605365e-657
3.491307090714e-660
1.927175146339e-663
1.016723236335e-666
5.12330614798e-670
2.464186222411e-673
1.130508493482e-676
4.943608619648e-680
2.059056233701e-683
8.16245555071e-687
3.077278880308e-690
1.102455494341e-693
3.750141523101e-697
1.210207319262e-700
3.70185164432e-704
1.072345827016e-707
2.939031208383e-711
7.613960328963e-715
1.862618110416e-718
4.298322422319e-722
9.34708058772e-726
1.913280462076e-729
3.682255246947e-733
6.655350815876e-737
1.128288997571e-740
1.791896568433e-744
2.662433708383e-748
3.695950503946e-752
4.786742144842e-756
5.775386745288e-760
6.481626299263e-764
6.755478078046e-768
6.52793176251e-772
5.838347003634e-776
4.824069363779e-780
3.675582584047e-784
2.577331652363e-788
1.659773153937e-792
9.79539482943e-797
5.285731839451e-801
2.601746427061e-805
1.165242044341e-809
4.736063099193e-814
1.742078350334e-818
5.78230124429e-823
1.726555807378e-827
4.62270157435e-832
1.105994507555e-836
2.355969036666e-841
4.451091865033e-846
7.427784511509e-851
1.090053697386e-855
1.400251784632e-860
1.566639460983e-865
1.518514267199e-870
1.267853121901e-875
9.06244792238e-881
5.508924793542e-886
2.827606789936e-891
1.21598491365e-896
4.344383591749e-902
1.277681451956e-907
3.062248745315e-913
5.915392217565e-919
9.098371726571e-925
1.099328780821e-930
1.027935764133e-936
7.31479867164e-943
3.887375005138e-949
1.51033547395e-955
4.187061850218e-962
8.054835754774e-969
1.0410901181303e-975
8.705400950576e-983
4.503226652894e-990
1.365760826884e-997
2.274668135101e-1005
1.918026031427e-1013
7.384842669245e-1022
1.1344817366816e-1030
5.793442545563e-1040
7.591917670927e-1050
1.726704765387e-1060
3.564475790148e-1072
1.915406484031e-1085
1.0553363352228e-1101