0.1302285161331367
0.1258523644241579
0.117535807420063
0.106078903553119
0.0925193517201093
0.0779783115376769
0.0635102681492253
0.0499841543420172
0.03801252006965622
0.02793268760427491
0.01983236797093155
0.0136048711105517
0.00901680565015703
0.0057733511450994
0.00357105832570013
0.002133705496692238
0.001231440813722617
0.000686444166127551
0.000369554635707561
0.0001921326017439645
0.0000964578762026967
0.0000467575569516344
0.0000218828891928486
9.8867932935722e-6
4.31182704358489e-6
1.81500295843178e-6
7.37320624178507e-7
2.89034187015798e-7
1.093211977995211e-7
3.98903818907719e-8
1.404056825691078e-8
4.76645579223202e-9
1.56041529776625e-9
4.9255589302854e-10
1.49891159096007e-10
4.39676928031484e-11
1.242962189007921e-11
3.38591107084118e-12
8.88608983426853e-13
2.24638800934565e-13
5.4691063164612e-14
1.28209797530161e-14
2.89342424000057e-15
6.28490702306652e-16
1.31367562047638e-16
2.64170000342664e-17
5.10958003073654e-18
9.5036449774732e-19
1.69938583129394e-19
2.92065688440915e-20
4.82327667687731e-21
7.65172734707915e-22
1.16576551430063e-22
1.70518726789537e-23
2.39393730374032e-24
3.22477708446454e-25
4.16672573496173e-26
5.16245120677678e-27
6.1310620046735e-28
6.9772166582375e-29
7.605688205722e-30
7.9385743879993e-31
7.9309778977474e-32
7.5808543670685e-33
6.9300756097117e-34
6.0562170218113e-35
5.0572863486595e-36
4.03356337048854e-37
3.0712226600297e-38
2.23138069174083e-39
1.54617121138156e-40
1.02126172860756e-41
6.4265547260931e-43
3.8506931557137e-44
2.19567687790419e-45
1.19071280481874e-46
6.1374160042168e-48
3.00486565591664e-49
1.39648485745349e-50
6.1562887621065e-52
2.57253854578054e-53
1.01822003173144e-54
3.8143663492924e-56
1.3513107324479e-57
4.5235283110498e-59
1.42958931520958e-60
4.261519028e-62
1.19709266665729e-63
3.1657397749097e-65
7.8734040022824e-67
1.83961239333674e-68
4.03350709007e-70
8.2894684819688e-72
1.594885925771e-73
2.8690556366523e-75
4.8192122823065e-77
7.5480455788125e-79
1.10072384717545e-80
1.49224464186099e-82
1.8776643570488e-84
2.1891438964521e-86
2.3606529121511e-88
2.3500249491862e-90
2.1554155984731e-92
1.8175841906762e-94
1.40603716814278e-96
9.954378771206e-99
6.4336962704081e-101
3.7860116707561e-103
2.0227868638474e-105
9.7826312024138e-108
4.2687443866796e-110
1.6748930327015e-112
5.8872420245175e-115
1.846504463836e-117
5.1457109068859e-120
1.2682117446453e-122
2.7505447082008e-125
5.2211883718119e-128
8.6233711469667e-131
1.2312250300116e-133
1.5089512723482e-136
1.5750890122943e-139
1.3883039988442e-142
1.0234272700473e-145
6.2428393686634e-149
3.1135151579418e-152
1.2525039966989e-155
4.0019643782214e-159
9.978384671862e-163
1.9022452232105e-166
2.7072400210721e-170
2.7963653447998e-174
2.026766129177e-178
9.892846592564e-183
3.0906509654059e-187
5.794154053101e-192
5.993269722242e-197
3.0538471345931e-202
6.531054833563e-208
4.606551884132e-214
7.197964033499e-221
1.162353638297e-228
2.7351638266892e-238