0.0797980412717015
0.0787853341846147
0.076798297112315
0.0739112716228324
0.0702299498418758
0.0658849582997663
0.0610241820641914
0.0558044565094843
0.0503832734107732
0.0449111034021845
0.0395248373396384
0.0343427098209225
0.029460907578308
0.0249519029566563
0.0208644056737607
0.0172247081018718
0.0140391188428122
0.0112971393040517
0.0089750361417194
0.0070394926211226
0.0054510753841284
0.0041673200068442
0.0031453096585927
0.0023436881732218
0.00172410608562571
0.00125214221452783
0.00089777298420256
0.0006354775330942
0.00044407074143828
0.00030635135844583
0.0002086413864115
0.000140278566562333
0.000093108537384076
0.000061008737088149
0.000039463521296966
0.000025199836893153
0.000015885264538632
9.8851356399788e-6
6.0723781612805e-6
3.682302137914e-6
2.2042497701209e-6
1.3025044138336e-6
7.5975009242481e-7
4.3745312343124e-7
2.4863223193527e-7
1.3949040223378e-7
7.7248127354826e-8
4.2226391762421e-8
2.2783891656485e-8
1.2134313289194e-8
6.3788325559706e-9
3.309795331703e-9
1.6950797996155e-9
8.5684696072555e-10
4.2749929465903e-10
2.1051420029281e-10
1.0231421126353e-10
4.9078774184098e-11
2.3235345916484e-11
1.0856670747634e-11
5.0064579685277e-12
2.2784791056659e-12
1.0233735138612e-12
4.5361970402148e-13
1.9843218972219e-13
8.56620700492e-14
3.6493445690903e-14
1.5342091621237e-14
6.3648926694487e-15
2.6057198036996e-15
1.0526588615861e-15
4.1962753126263e-16
1.6506296676254e-16
6.4067461574267e-17
2.4536935303035e-17
9.272368109372e-18
3.4573317622465e-18
1.2719319375357e-18
4.6169096424311e-19
1.6534676629912e-19
5.8423676885983e-20
2.0366800752907e-20
7.004695652254e-21
2.3767303228424e-21
7.955843938537e-22
2.6272398402101e-22
8.558774507749e-23
2.7505085440634e-23
8.719568396095e-24
2.7267696553152e-24
8.411320028209e-25
2.5593680239559e-25
7.681476490462e-26
2.2739998300924e-26
6.639878697506e-27
1.9122468872913e-27
5.431650885405e-28
1.5216460183723e-28
4.2041578457343e-29
1.1455592088284e-29
3.0783544954414e-30
8.15777185038e-31
2.1318931996515e-31
5.494007952181e-32
1.3961494640894e-32
3.4985012148204e-33
8.644267048796e-34
2.1060018544571e-34
5.058968764263e-35
1.1981908970389e-35
2.7979422370292e-36
6.441514224799e-37
1.462046966433e-37
3.2714951353834e-38
7.21655870155e-39
1.5692787241922e-39
3.3639000580704e-40
7.107976265579e-41
1.4804556532267e-41
3.0393301674578e-42
6.150065337915e-43
1.2265552220222e-43
2.4109377286104e-44
4.670487375596e-45
8.91664278452e-46
1.6776020513792e-46
3.1103568693196e-47
5.682641819982e-48
1.0230433786359e-48
1.8147894567363e-49
3.1719871641761e-50
5.462531108572e-51
9.268253754707e-52
1.5492709155187e-52
2.5513265795846e-53
4.139020229025e-54
6.614625047385e-55
1.04129138355e-55
1.6146620970383e-56
2.4661308904358e-57
3.709866207623e-58
5.496552340772e-59
8.020373890499e-60
1.1525317587245e-60
1.6309735724487e-61
2.2727839605933e-62
3.1186586837981e-63
4.213636037036e-64
5.60539817741e-65
7.341702004707e-66
9.466908943706e-67
1.2017687237405e-67
1.5018089611018e-68
1.8474350759362e-69
2.236988407776e-70
2.6661061837136e-71
3.127441267517e-72
3.610584300368e-73
4.102237096763e-74
4.58666518118e-75
5.046428639732e-76
5.463357062342e-77
5.81970062766e-78
6.099360416234e-79
6.289081790407e-80
6.379489070311e-81
6.365849807566e-82
6.248482337962e-83
6.032758077659e-84
5.728695154956e-85
5.350186039317e-86
4.913942195666e-87
4.438267731497e-88
3.941787707501e-89
3.442253967102e-90
2.95553337282e-91
2.494853850776e-92
2.0703477611889e-93
1.6888954492373e-94
1.35423950644e-95
1.0673161117275e-96
8.267358875707e-98
6.293432174582e-99
4.707885554047e-100
3.460604530702e-101
2.499398823795e-102
1.7735607036562e-103
1.2363814011773e-104
8.466879557946e-106
5.695436482518e-107
3.762973369441e-108
2.44176098184e-109
1.5560013702179e-110
9.736842350854e-112
5.982651692898e-113
3.609128559806e-114
2.137515242845e-115
1.2427364800355e-116
7.092120213607e-118
3.97250201143e-119
2.183767798092e-120
1.1780558797e-121
6.235980300126e-123
3.238804900071e-124
1.6503168494735e-125
8.249224642735e-127
4.044663542819e-128
1.945068149098e-129
9.173382877328e-131
4.242531307174e-132
1.923886359812e-133
8.553620983244e-135
3.728152121345e-136
1.592819210385e-137
6.669974426373e-139
2.737295188277e-140
1.1008121095599e-141
4.337630240713e-143
1.6745288132764e-144
6.332654785324e-146
2.345760833289e-147
8.510151822486e-149
3.023408028399e-150
1.0517477172719e-151
3.582040543883e-153
1.1942671880917e-154
3.897371405476e-156
1.2447662244946e-157
3.890407683498e-159
1.1897029492182e-160
3.559278865872e-162
1.0416183910517e-163
2.981402601571e-165
8.34524903691e-167
2.284047222545e-168
6.111635449024e-170
1.598582011427e-171
4.086721865813e-173
1.0209735490012e-174
2.492233363017e-176
5.943362867623e-178
1.384454144809e-179
3.149633876998e-181
6.996937770844e-183
1.517583279262e-184
3.213088012869e-186
6.639663647268e-188
1.338904172584e-189
2.634257462999e-191
5.055875065462e-193
9.464259119973e-195
1.727629213218e-196
3.074738439271e-198
5.334309812801e-200
9.019406996643e-202
1.486015132564e-203
2.385219138137e-205
3.72911619292e-207
5.677633014164e-209
8.416316733658e-211
1.2144456910371e-212
1.705460329851e-214
2.330328358687e-216
3.097471237483e-218
4.004174166627e-220
5.033071696821e-222
6.149853688744e-224
7.30302854267e-226
8.426374466796e-228
9.444282070945e-230
1.0279602390257e-231
1.0862989812216e-233
1.1142235909597e-235
1.1089887311492e-237
1.0707625984246e-239
1.0026457373829e-241
9.102580186914e-244
8.009695131818e-246
6.829218430959e-248
5.640217396058e-250
4.510803423829e-252
3.492252213716e-254
2.616425086534e-256
1.896340028368e-258
1.329169189839e-260
9.006333841942e-263
5.897441488638e-265
3.730504595392e-267
2.27874991342e-269
1.343642945555e-271
7.644660992804e-274
4.195122557534e-276
2.219544358471e-278
1.1317019451592e-280
5.558544891713e-283
2.628803099469e-285
1.196534094899e-287
5.239131796192e-290
2.205731812066e-292
8.924660624336e-295
3.468623664552e-297
1.294267730266e-299
4.634057889817e-302
1.591225711345e-304
5.237103630952e-307
1.651158690386e-309
4.983871585053e-312
1.43932866278e-314
3.974616400921e-317
1.0487973171895e-319
2.642771586081e-322
6.354791122169e-325
1.457166838094e-327
3.183954534731e-330
6.624411343558e-333
1.311334381816e-335
2.46784168616e-338
4.411633219064e-341
7.484940702793e-344
1.2042045650444e-346
1.83543089809e-349
2.647834203631e-352
3.611878425247e-355
4.653978716014e-358
5.65858551105e-361
6.484999809771e-364
6.99744006378e-367
7.100440107892e-370
6.76734113122e-373
6.050432837777e-376
5.067771538982e-379
3.971119159044e-382
2.907048406156e-385
1.985119823332e-388
1.262524557148e-391
7.466295657156e-395
4.098684540527e-398
2.084901270441e-401
9.808884531912e-405
4.259901091711e-408
1.704261648544e-411
6.267530356487e-415
2.113969763763e-418
6.523948710257e-422
1.837568859236e-425
4.711401292386e-429
1.0965220706811e-432
2.309738669277e-436
4.389629493156e-440
7.501897448979e-444
1.1488443123716e-447
1.570609127332e-451
1.909212036063e-455
2.054769424373e-459
1.948983894563e-463
1.621283317831e-467
1.1765889760213e-471
7.406928109504e-476
4.020068023789e-480
1.868630650574e-484
7.385368071285e-489
2.462419512864e-493
6.866837989548e-498
1.586559617581e-502
3.005688392222e-507
4.615533668403e-512
5.671982564472e-517
5.498894473625e-522
4.138737505815e-527
2.374784888492e-532
1.0175642025842e-537
3.179586367109e-543
7.048754093403e-549
1.0735521709969e-554
1.0813846969062e-560
6.882868047443e-567
2.618507097817e-573
5.557450846426e-580
6.028424974789e-587
2.981202650571e-594
5.758316569066e-602
3.489844693838e-610
4.768374104244e-619
8.497056030582e-629
6.888948022897e-640
1.6717825105236e-653