0.0831953289701859
0.0820480433265038
0.0798006963234832
0.0765445131146813
0.0724085793793389
0.0675513597438785
0.0621506508232013
0.05639285415738
0.0504624642029783
0.0445325816601754
0.0387570996290573
0.0332649950361534
0.0281569205047837
0.0235040621444238
0.019349031978522
0.0157084178823891
0.0125765280240007
0.0099298410956555
0.0077317008032049
0.0059368606068567
0.0044955774343703
0.0033570557776058
0.00247214295770816
0.00179526241953217
0.00128563858005961
0.00090791165967085
0.00063226486898276
0.0004341923515764
0.00029402869896847
0.00019634433020377
0.000129289908152824
0.000083950814820698
0.000053752109676525
0.000033936932235108
0.000021127696565187
0.0000129697060226338
7.8505902158899e-6
4.6855905764955e-6
2.7574760543008e-6
1.6000735604783e-6
9.1547019946466e-7
5.1643977807567e-7
2.872508954237e-7
1.5753034278468e-7
8.5177115185872e-8
4.5407976472554e-8
2.3866370720834e-8
1.2367445226934e-8
6.3184015701211e-9
3.1824542649321e-9
1.5802973261509e-9
7.7362583028591e-10
3.7336391410703e-10
1.7763825839357e-10
8.3317626078546e-11
3.8523591934805e-11
1.7558981417748e-11
7.8894647043585e-12
3.4943331127278e-12
1.5256058726885e-12
6.5655978045859e-13
2.7851752345805e-13
1.164580218142e-13
4.7997331349699e-14
1.9497888910922e-14
7.8067951486997e-15
3.080806301121e-15
1.1982681108841e-15
4.5933870068905e-16
1.7353727841412e-16
6.4613663437337e-17
2.3709301789004e-17
8.573670832042e-18
3.0553372783171e-18
1.0729669382628e-18
3.7131176350091e-19
1.2662121167786e-19
4.254804924651e-20
1.4087961474988e-20
4.5962293610003e-21
1.4775079421708e-21
4.6797423616749e-22
1.4603847268186e-22
4.4900885042282e-23
1.3601089435081e-23
4.0589377635928e-24
1.1933272102359e-24
3.4562371350982e-25
9.861263556175e-26
2.7716263278074e-26
7.673574672209e-27
2.0927115910378e-27
5.6215637912878e-28
1.4874018894988e-28
3.8762347254584e-29
9.949226232309e-30
2.5150857861728e-30
6.261626050205e-31
1.5352484226624e-31
3.7069231820475e-32
8.814098493766e-33
2.0637514650443e-33
4.7581449689902e-34
1.0801998734129e-34
2.4145819294901e-35
5.314178428005e-36
1.1515199426959e-36
2.4565890726353e-37
5.159452894977e-38
1.0667656488417e-38
2.1712636543819e-39
4.3502877996072e-40
8.579634742454e-41
1.6655139180623e-41
3.1822876934753e-42
5.984462353481e-43
1.1076127769888e-43
2.0174847007433e-44
3.6163806813145e-45
6.379130877129e-46
1.1072712102933e-46
1.8911806966886e-47
3.1781889900645e-48
5.255027431644e-49
8.548688279251e-50
1.3681496171465e-50
2.1540583213606e-51
3.3361913064046e-52
5.082690504955e-53
7.616666717565e-54
1.1226486875234e-54
1.6274558515666e-55
2.3202751703178e-56
3.253216226149e-57
4.485464964692e-58
6.081360662894e-59
8.107186464126e-60
1.0626560802712e-60
1.3694469920949e-61
1.7350184509525e-62
2.16095381897e-63
2.6457281455285e-64
3.1840420904875e-65
3.766356441841e-66
4.378727610248e-67
5.003027133027e-68
5.617594566666e-69
6.198325475389e-70
6.720139891351e-71
7.158719553665e-72
7.492353754608e-73
7.703702796304e-74
7.781281848265e-75
7.720489629635e-76
7.524054343584e-77
7.201837411899e-78
6.770013707954e-79
6.249723040914e-80
5.665349719283e-81
5.042625735528e-82
4.406763319792e-83
3.780804232097e-84
3.184330957537e-85
2.632627337943e-86
2.1363133179803e-87
1.7014203705397e-88
1.3298287499532e-89
1.019959774925e-90
7.676070677139e-92
5.667980633897e-93
4.105968521052e-94
2.917861248133e-95
2.0339431751895e-96
1.3905961957931e-97
9.324244764146e-99
6.13110192251e-100
3.953092217896e-101
2.4990194993046e-102
1.5488053000656e-103
9.409750659385e-105
5.603670135885e-106
3.270684313887e-107
1.8708293600051e-108
1.0486159616304e-109
5.758934314454e-111
3.09861175483e-112
1.6332284724529e-113
8.432108121672e-115
4.263721956594e-116
2.1113412354322e-117
1.0237584388628e-118
4.860243536797e-120
2.258870225219e-121
1.0276559721946e-122
4.575907106134e-124
1.9940159333921e-125
8.502570539621e-127
3.547231094283e-128
1.4477479452722e-129
5.779715443647e-131
2.256705718277e-132
8.616729533319e-134
3.217008897519e-135
1.174212352525e-136
4.189546426842e-138
1.4610121034179e-139
4.979050980143e-141
1.6579973027088e-142
5.393902505862e-144
1.7141187755188e-145
5.320258808197e-147
1.6125494913419e-148
4.772161390691e-150
1.3787044897817e-151
3.887875397713e-153
1.0699623306055e-154
2.873216642394e-156
7.527304932454e-158
1.923570768316e-159
4.79401454423e-161
1.1650290064541e-162
2.760213650497e-164
6.37438396111e-166
1.4346398434546e-167
3.146116917842e-169
6.721261809526e-171
1.398575535704e-172
2.833960760214e-174
5.590962450178e-176
1.0736792944841e-177
2.006626743564e-179
3.648964819624e-181
6.454893943533e-183
1.1105251346167e-184
1.857758103101e-186
3.021142237055e-188
4.774987226792e-190
7.333108038408e-192
1.0939878972302e-193
1.585028728664e-195
2.229725466322e-197
3.044685912402e-199
4.034552422314e-201
5.186716815589e-203
6.467167869725e-205
7.818757832844e-207
9.163016081819e-209
1.0406113656801e-210
1.1448741358669e-212
1.2198678883695e-214
1.2583968857886e-216
1.2564151322991e-218
1.2137163010176e-220
1.1340294655765e-222
1.0244858242913e-224
8.945610033914e-227
7.547111887506e-229
6.149775062074e-231
4.83818355311e-233
3.673527504539e-235
2.690861029952e-237
1.900777534171e-239
1.2942676659646e-241
8.491531141436e-244
5.365728731686e-246
3.264067755392e-248
1.910642235181e-250
1.0756877693479e-252
5.821988199318e-255
3.027754934711e-257
1.512219341442e-259
7.249832013443e-262
3.334482438172e-264
1.470544238818e-266
6.214870496198e-269
2.515582822813e-271
9.746275778459e-274
3.612149952102e-276
1.2798098882727e-278
4.332067365761e-281
1.399986638156e-283
4.316497746766e-286
1.2688455732617e-288
3.553338650386e-291
9.472962091489e-294
2.402240658578e-296
5.789989075111e-299
1.325277485734e-301
2.878252080272e-304
5.925923063531e-307
1.1555456907656e-309
2.132096003836e-312
3.718643951611e-315
6.124556632674e-318
9.515123239055e-321
1.392912921644e-323
1.91913274666e-326
2.485649441224e-329
3.022667438031e-332
3.446645384791e-335
3.680236515492e-338
3.674688602656e-341
3.426083815989e-344
2.978156633304e-347
2.409791508032e-350
1.812061568669e-353
1.2640782806405e-356
8.165694149993e-360
4.875319589082e-363
2.684949373642e-366
1.361071301415e-369
6.336938470935e-373
2.703484182146e-376
1.054269729021e-379
3.748372114007e-383
1.2117503284184e-386
3.551494924904e-390
9.408292993959e-394
2.245460378189e-397
4.811719880141e-401
9.223698027861e-405
1.575519783842e-408
2.388061133416e-412
3.197653394768e-416
3.764461196049e-420
3.876370564276e-424
3.472093216229e-428
2.68906196606e-432
1.789111282062e-436
1.015411366993e-440
4.878448830362e-445
1.96749045428e-449
6.599884837421e-454
1.822839458509e-458
4.09898150681e-463
7.411439531856e-468
1.0626166061883e-472
1.1893184226683e-477
1.0208886366292e-482
6.586613755786e-488
3.121058882898e-493
1.057460290996e-498
2.482803930163e-504
3.892595109026e-510
3.898092228618e-516
2.361946306381e-522
8.096846923003e-529
1.4419631881595e-535
1.193559335979e-542
3.950195882816e-550
4.223760027973e-558
1.0577397444422e-566
3.642133787051e-576
6.190846363042e-587
3.684549967006e-600