0.0733596524815153
0.0725723986639766
0.0710231363987763
0.0687610124522181
0.0658564868160971
0.0623976904046421
0.0584859910990951
0.0542310788172381
0.0497459006432707
0.0451417689820036
0.0405239315679258
0.0359878368544186
0.0316162585268806
0.0274773662414648
0.0236237537994106
0.0200923675918837
0.0169052225596083
0.0140707534717459
0.0115856273753006
0.0094368380324806
0.0076039129117221
0.0060610845889355
0.0047793074297289
0.0037280332651373
0.0028766928948389
0.0021958607598051
0.00165810595586667
0.00123855271895985
0.00091518722015829
0.00066895525232925
0.00048369794522964
0.00034597107893464
0.00024478905561296
0.00017132828064185
0.000118617599091751
0.000081236333170802
0.000055033944841158
0.000036879761824087
0.000024446721584496
0.000016029724828351
0.0000103968610047788
6.670323377543e-6
4.2330920493013e-6
2.6572495456205e-6
1.6499407589585e-6
1.01335883358753e-6
6.1562254807844e-7
3.6992998146258e-7
2.1987488953463e-7
1.2926474929919e-7
7.5167511443976e-8
4.3233757941677e-8
2.4595499739468e-8
1.3839653134267e-8
7.702445410929e-9
4.2399705557491e-9
2.3084724623989e-9
1.2431141178975e-9
6.6209220939473e-10
3.4877376492933e-10
1.8171199917655e-10
9.363418167576e-11
4.7719154081714e-11
2.4052209809441e-11
1.1989954206789e-11
5.9112136884718e-12
2.8822299409688e-12
1.3898553292278e-12
6.6282012043234e-13
3.1261004683604e-13
1.4581000446847e-13
6.725812810581e-14
3.0681115290908e-14
1.3840832423567e-14
6.1746692873653e-15
2.7240888803398e-15
1.188448906994e-15
5.1272790285008e-16
2.1874394589168e-16
9.228331240818e-17
3.8498488052482e-17
1.5881546677833e-17
6.478369684262e-18
2.6131093786854e-18
1.0422296663403e-18
4.1103446216955e-19
1.6028648892748e-19
6.180367696029e-20
2.356270807449e-20
8.882276420526e-21
3.3105960357443e-21
1.2200158736565e-21
4.4452546496457e-22
1.601378884728e-22
5.703641019919e-23
2.0084691894241e-23
6.992416128035e-24
2.4067588832961e-24
8.189835458226e-25
2.75517392637e-25
9.163217887934e-26
3.0127700268858e-26
9.792569749115e-27
3.1465436441486e-27
9.994724701317e-28
3.1383503151831e-28
9.741345561123e-29
2.9889371786834e-29
9.065425937778e-30
2.7178559394919e-30
8.054239998193e-31
2.3592591930452e-31
6.830817186596e-32
1.95482761243e-32
5.529372652363e-33
1.5458507550167e-33
4.271458607111e-34
1.1665257399704e-34
3.1485775649444e-35
8.399023384255e-36
2.2142660375168e-36
5.76912072075e-37
1.4854580512644e-37
3.779846162119e-38
9.504795263846e-39
2.3618818585311e-39
5.799787739744e-40
1.4073309115305e-40
3.3744432924128e-41
7.995052347779e-42
1.8717384284719e-42
4.329771470927e-43
9.896280015745e-44
2.2348957771435e-44
4.986684527982e-45
1.0993266544247e-45
2.3943778902772e-46
5.152291556163e-47
1.0953189489032e-47
2.3004019987223e-48
4.772877285798e-49
9.782740388522e-50
1.980773172764e-50
3.961804540953e-51
7.827542808871e-52
1.5276430258524e-52
2.9449108299105e-53
5.607457109241e-54
1.0546125007482e-54
1.9590363927532e-55
3.594215473767e-56
6.512788936537e-57
1.1655216581002e-57
2.0599334548735e-58
3.595460055237e-59
6.197449572043e-60
1.0549150731679e-60
1.7731951996931e-61
2.943192187446e-62
4.82383092716e-63
7.806657906889e-64
1.2474580493038e-64
1.9681693896588e-65
3.06593249521e-66
4.715351163558e-67
7.159858697792e-68
1.0733004527222e-68
1.5883711496713e-69
2.3205114776454e-70
3.346598490143e-71
4.764294887823e-72
6.695077882329e-73
9.286697833134e-74
1.2714586780614e-74
1.7181650247997e-75
2.2915824235722e-76
3.016478480139e-77
3.918728138531e-78
5.024074450563e-79
6.356510259017e-80
7.936312758687e-81
9.777809400513e-82
1.1887004202647e-82
1.4259242540414e-83
1.6877132873589e-84
1.9708968049399e-85
2.270788975179e-86
2.581201212585e-87
2.894566242708e-88
3.202180960469e-89
3.494564241274e-90
3.761913762195e-91
3.994634012931e-92
4.183897574461e-93
4.322194902759e-94
4.403825457079e-95
4.425285721877e-96
4.385517491229e-97
4.285992008234e-98
4.130620832464e-99
3.925500835264e-100
3.678516480589e-101
3.398835617421e-102
3.096343847394e-103
2.781066199218e-104
2.462623124494e-105
2.149761237899e-106
1.849988881275e-107
1.569334027319e-108
1.3122289421929e-109
1.0815139848708e-110
8.785432069486e-112
7.033678437871e-113
5.549706568314e-114
4.315242156717e-115
3.306490319523e-116
2.496521695983e-117
1.857326638084e-118
1.3614594336444e-119
9.832478155081e-121
6.995863064278e-122
4.903628469356e-123
3.385863509267e-124
2.302896441274e-125
1.5428000314623e-126
1.0180100963537e-127
6.615740203291e-129
4.234139380043e-130
2.66863015523e-131
1.656243084752e-132
1.012156966758e-133
6.09025033018e-135
3.607954174721e-136
2.104264396696e-137
1.2081686925971e-138
6.828370695079e-140
3.79876843162e-141
2.080072403441e-142
1.1209787280159e-143
5.945284775859e-145
3.102966606459e-146
1.593614081348e-147
8.053098008815e-149
4.003947854078e-150
1.958533260598e-151
9.424575099328e-153
4.46120049971e-154
2.07716667025e-155
9.512414159574e-157
4.284298977998e-158
1.897613937316e-159
8.265024043297e-161
3.53962522256e-162
1.490444129402e-163
6.17003123757e-165
2.510960417281e-166
1.0044779837663e-167
3.949624832513e-169
1.526344433308e-170
5.796909687615e-172
2.163482550937e-173
7.933928886091e-175
2.858682972585e-176
1.0119307107638e-177
3.518896642899e-179
1.20197825681e-180
4.032589677737e-182
1.328713260926e-183
4.299325587746e-185
1.366006511399e-186
4.261373685956e-188
1.305122981329e-189
3.923903028589e-191
1.158002873567e-192
3.354166030142e-194
9.534578460618e-196
2.659612651441e-197
7.279350228873e-199
1.954703940216e-200
5.149199942188e-202
1.330529719708e-203
3.372023017015e-205
8.380927310271e-207
2.042598749144e-208
4.881088909754e-210
1.143524915352e-211
2.626163361012e-213
5.911481198815e-215
1.304127208312e-216
2.819308364247e-218
5.971911955307e-220
1.23931270568e-221
2.51937529493e-223
5.016447999103e-225
9.782222029166e-227
1.867935888387e-228
3.492322759029e-230
6.392027645673e-232
1.145190831645e-233
2.008048859389e-235
3.445635070009e-237
5.785000426499e-239
9.502026949861e-241
1.526674992825e-242
2.399010755924e-244
3.686463332064e-246
5.538799514511e-248
8.135500414005e-250
1.168018395355e-251
1.63887085982e-253
2.246990435321e-255
3.009884822345e-257
3.938404457274e-259
5.033163410539e-261
6.281152965462e-263
7.653172414151e-265
9.102744939958e-267
1.056709781251e-268
1.197054778106e-270
1.323026188172e-272
1.426391789541e-274
1.499835726519e-276
1.537801034867e-278
1.537177045598e-280
1.497714944662e-282
1.42209536728e-284
1.315630079326e-286
1.185643284911e-288
1.040632867213e-290
8.89345864147e-293
7.399088671008e-295
5.991328996269e-297
4.720703542471e-299
3.618497855674e-301
2.697649264491e-303
1.955572151117e-305
1.378120053304e-307
9.438799038044e-310
6.281342268374e-312
4.060519748538e-314
2.549115233969e-316
1.553670610481e-318
9.191168380026e-321
5.275978862012e-323
2.937864312403e-325
1.586463435735e-327
8.305556415633e-330
4.214205793092e-332
2.071745208615e-334
9.864906162911e-337
4.548257846045e-339
2.029780971953e-341
8.765135351247e-344
3.661201167924e-346
1.478736975051e-348
5.773033733933e-351
2.177724856466e-353
7.934580356973e-356
2.79125488354e-358
9.476724708051e-361
3.104022905539e-363
9.804375945504e-366
2.985104883433e-368
8.757005328503e-371
2.474088331629e-373
6.728849131018e-376
1.760880545458e-378
4.431746640702e-381
1.072168391986e-383
2.492159082578e-386
5.562745085162e-389
1.1917172848e-391
2.449017660394e-394
4.825060274864e-397
9.10870523032e-400
1.646636293311e-402
2.848805139037e-405
4.713909896071e-408
7.455469090875e-411
1.126308726034e-413
1.624179013261e-416
2.234090301444e-419
2.929174096458e-422
3.658010635068e-425
4.347781917011e-428
4.914403335433e-431
5.278377216453e-434
5.382592778542e-437
5.20675354096e-440
4.773503998734e-443
4.143807347548e-446
3.402806366357e-449
2.640701161588e-452
1.934636187728e-455
1.336641865425e-458
8.699360411283e-462
5.327447115237e-465
3.066160265912e-468
1.65645254429e-471
8.389098257399e-475
3.977638693943e-478
1.763223795865e-481
7.296845707213e-485
2.814853858762e-488
1.0106226430108e-491
3.371511383031e-495
1.0433287245788e-498
2.989534831576e-502
7.917011088817e-506
1.933949737305e-509
4.34876286937e-513
8.982340835301e-517
1.700342476259e-520
2.942902435856e-524
4.645402291499e-528
6.670155104717e-532
8.687761701894e-536
1.023447196081e-539
1.087078934284e-543
1.0376893562714e-547
8.870943824923e-552
6.766423487382e-556
4.586933593765e-560
2.751903376146e-564
1.454588632248e-568
6.741475853384e-573
2.725444804036e-577
9.558267594456e-582
2.890582174748e-586
7.489491734324e-591
1.65098619633e-595
3.072977731939e-600
4.789661162904e-605
6.195095399148e-610
6.583763612468e-615
5.686294282685e-620
3.943233394444e-625
2.166181054957e-630
9.285808766618e-636
3.054084886243e-641
7.560841290162e-647
1.378552982047e-652
1.805418052874e-658
1.649877179571e-664
1.0170120813743e-670
4.062391269766e-677
1.0021317249258e-683
1.4397849387706e-690
1.1202023754797e-697
4.303192067964e-705
7.234012313735e-713
4.520375706342e-721
8.331664541969e-730
3.194430975582e-739
1.4286225068228e-749
2.447344558141e-761
9.017620701093e-776