0.0710712994540312
0.0703553130279723
0.0689448992278941
0.0668820982024352
0.0642273504658847
0.0610565570349253
0.0574574798369488
0.0535257202338533
0.0493605318381882
0.0450607213051041
0.0407208687977292
0.0364280614807863
0.0322592831902389
0.0282795466352728
0.02454079656352
0.0210815582997951
0.0179272600987294
0.0150911227556193
0.0125754874415121
0.0103734429494763
0.0084706154435117
0.0068469954514572
0.0054786957131042
0.0043395568188856
0.0034025426633311
0.002640892230443
0.0020290162658651
0.0015431457005544
0.00116175259285382
0.00086577370548523
0.00063867191866438
0.00046637209537681
0.00033710653368116
0.00024120159942929
0.00017083233382028
0.000119766476131365
0.000083113995071521
0.000057093289854981
0.000038820961796533
0.000026128595425847
0.00001740734678615
0.000011479262481322
7.4930456118407e-6
4.8413201112329e-6
3.0961946545359e-6
1.9599712452454e-6
1.2280782321495e-6
7.6164941526347e-7
4.6755719588829e-7
2.8409441028414e-7
1.7085852501537e-7
1.0170780880709e-7
5.9925716515943e-8
3.4947090729577e-8
2.0171824765235e-8
1.1524263409345e-8
6.5164701440515e-9
3.6470376836132e-9
2.0201983531936e-9
1.1075694273412e-9
6.0099146354819e-10
3.2276260180274e-10
1.7155871480488e-10
9.025143042088e-11
4.6989859551309e-11
2.4213630022544e-11
1.2348615472592e-11
6.232698197631e-12
3.1133661425059e-12
1.5391371491737e-12
7.530332712447e-13
3.646173910664e-13
1.7472037709784e-13
8.285700762911e-14
3.8885790121781e-14
1.8060303479728e-14
8.300953392601e-15
3.7756875850755e-15
1.6995171385785e-15
7.570292960957e-16
3.3369802220541e-16
1.4556082196008e-16
6.283206656229e-17
2.6838619247538e-17
1.1344279598943e-17
4.744904696042e-18
1.963847321308e-18
8.042913207215e-19
3.2594190659093e-19
1.3070248530355e-19
5.186088508685e-20
2.0361229086659e-20
7.909909934115e-21
3.0404509845932e-21
1.1563752126438e-21
4.3516019382089e-22
1.6202589610171e-22
5.968975398566e-23
2.1756567399143e-23
7.846053756244e-24
2.7994809875425e-24
9.88243735927e-25
3.4514837016465e-25
1.1926077734209e-25
4.0769396117098e-26
1.378829212845e-26
4.613397613375e-27
1.5270740829007e-27
5.00060636529e-28
1.619955355449e-28
5.191533293609e-29
1.6458672580291e-29
5.161724393501e-30
1.6013633229414e-30
4.914441298382e-31
1.491906892831e-31
4.480088592571e-32
1.3307692281953e-32
3.91006566116e-33
1.1363819405846e-33
3.2667606871593e-34
9.288738289073e-35
2.6123788445175e-35
7.266899635673e-36
1.9993517963e-36
5.440636768096e-37
1.4642797142472e-37
3.897673230842e-38
1.0260938180373e-38
2.6715426124273e-39
6.878972673537e-40
1.7517191904549e-40
4.411413062253e-41
1.0986418293143e-41
2.7057798906978e-42
6.589908962287e-43
1.5871193700855e-43
3.779858408269e-44
8.901633170904e-45
2.0729291561799e-45
4.773227533756e-46
1.0867882952812e-46
2.4466680748997e-47
5.446211660272e-48
1.1986581000939e-48
2.608371175503e-49
5.611882230939e-50
1.1937256927916e-50
2.5104353229636e-51
5.219556689143e-52
1.0728766333717e-52
2.1801629594831e-53
4.379680809474e-54
8.697642308128e-55
1.7074868412841e-55
3.313607008562e-56
6.356578766772e-57
1.2053566305712e-57
2.2592703036131e-58
4.185738086312e-59
7.665098808719e-60
1.3873813584278e-60
2.4819714812729e-61
4.388447499581e-62
7.668818770264e-63
1.324462464223e-63
2.2606561873627e-64
3.813318121622e-65
6.356749410844e-66
1.0471778802561e-66
1.7047033877397e-67
2.742267182858e-68
4.359059213282e-69
6.84679320984e-70
1.0626307364314e-70
1.6295490278024e-71
2.469058937566e-72
3.696267698042e-73
5.46703901603e-74
7.988890719662e-75
1.1533337087969e-75
1.6449254743569e-76
2.31765416331e-77
3.225897165731e-78
4.435474571448e-79
6.024284160061e-80
8.082292492326e-81
1.0710636986145e-81
1.4019593035134e-82
1.8125187747681e-83
2.314430437385e-84
2.918822286295e-85
3.63546819097e-86
4.47187203387e-87
5.432274833698e-88
6.516649302714e-89
7.719763399984e-90
9.030406547929e-91
1.0430876594091e-91
1.1896820094675e-92
1.3397501736605e-93
1.4896550644213e-94
1.6353193411231e-95
1.7723939015034e-96
1.8964633747733e-97
2.003276030737e-98
2.088981986705e-99
2.150361438636e-100
2.185024242945e-101
2.191563709253e-102
2.169650870231e-103
2.120060463522e-104
2.044625868084e-105
1.946126609708e-106
1.82811805663e-107
1.6947178794282e-108
1.5503672029251e-109
1.3995857991733e-110
1.2467400811918e-111
1.0958402334677e-112
9.503789510558e-114
8.132194980236e-115
6.865357463258e-116
5.71802103295e-117
4.698272660275e-118
3.808228874299e-119
3.044966567824e-120
2.401589680391e-121
1.868331059871e-122
1.4336045643958e-123
1.0849432479092e-124
8.097821071467e-126
5.960655975931e-127
4.326788732015e-128
3.097161923089e-129
2.186096668127e-130
1.521466827841e-131
1.0440553771945e-132
7.063704885524e-134
4.711610329235e-135
3.098229786314e-136
2.008374743272e-137
1.283340670563e-138
8.083217116554e-140
5.018228038835e-141
3.070569740086e-142
1.851690092737e-143
1.1004657193166e-144
6.444978863943e-146
3.719468576803e-147
2.115105951543e-148
1.1850928521469e-149
6.54212124774e-151
3.558012373231e-152
1.906318328008e-153
1.0061406483571e-154
5.230861401107e-156
2.678641935756e-157
1.351009716358e-158
6.710885046362e-160
3.282868882284e-161
1.581445775253e-162
7.50164395248e-164
3.503757398853e-165
1.611242194365e-166
7.294748704214e-168
3.251290353243e-169
1.426494134781e-170
6.160637340402e-172
2.618755876311e-173
1.0955951296479e-174
4.51089329607e-176
1.827695134384e-177
7.286932255622e-179
2.858618431702e-180
1.103337812097e-181
4.189591742445e-183
1.565004141667e-184
5.750547638125e-186
2.078365090363e-187
7.387917279633e-189
2.582724179958e-190
8.878871076286e-192
3.001433394965e-193
9.976036965752e-195
3.259961870252e-196
1.0472695606396e-197
3.307210886125e-199
1.0265693561258e-200
3.131863611415e-202
9.390100520856e-204
2.766653618456e-205
8.009775482273e-207
2.278401817944e-208
6.367188178272e-210
1.747973952023e-211
4.713615811947e-213
1.248437888518e-214
3.247389122984e-216
8.29501103535e-218
2.080534715136e-219
5.123514152049e-221
1.238668200531e-222
2.939643664024e-224
6.847705759115e-226
1.56553830715e-227
3.512428324747e-229
7.732729238113e-231
1.670304014641e-232
3.539573069778e-234
7.357894087399e-236
1.500228909972e-237
2.999965909128e-239
5.882781518338e-241
1.131120604643e-242
2.132290829345e-244
3.940453192536e-246
7.137700499022e-248
1.267162765762e-249
2.204536241548e-251
3.758036131761e-253
6.276404354149e-255
1.026866015476e-256
1.645566518249e-258
2.58262305494e-260
3.969125811521e-262
5.972559811062e-264
8.798338679659e-266
1.268695095812e-267
1.790487555887e-269
2.472765818558e-271
3.341424073915e-273
4.417286008359e-275
5.712052902022e-277
7.22400810116e-279
8.93406465111e-281
1.080287620784e-282
1.276975970678e-284
1.475406244858e-286
1.66593317999e-288
1.838023407506e-290
1.98116812978e-292
2.085915352047e-294
2.144885695078e-296
2.153622859954e-298
2.111144134648e-300
2.02009750191e-302
1.886493097755e-304
1.71904600084e-306
1.52823027613e-308
1.325187756606e-310
1.120650684723e-312
9.240231361266e-315
7.427270383893e-317
5.818647070932e-319
4.441935671842e-321
3.303615570701e-323
2.393214735175e-325
1.688321144983e-327
1.159616300193e-329
7.752867139638e-332
5.044293065001e-334
3.193210689382e-336
1.96626314471e-338
1.177438167072e-340
6.855050225018e-343
3.879277842258e-345
2.133282834251e-347
1.139700612626e-349
5.913753594866e-352
2.979537442452e-354
1.457231105567e-356
6.916404855886e-359
3.184789760741e-361
1.422338675453e-363
6.159111890553e-366
2.585200801063e-368
1.051470641226e-370
4.142757056484e-373
1.580633210882e-375
5.838199924771e-378
2.086829083636e-380
7.216149602093e-383
2.413138879292e-385
7.801197880757e-388
2.437154358667e-390
7.355031497143e-393
2.14337958207e-395
6.029151068732e-398
1.636369177666e-400
4.283471748352e-403
1.080978954245e-405
2.628803634045e-408
6.157819798186e-411
1.388760637536e-413
3.014104110622e-416
6.292356936782e-419
1.262935964576e-421
2.435821377183e-424
4.512147985402e-427
8.023556136546e-430
1.368869295232e-432
2.239382169653e-435
3.510902230545e-438
5.272055119127e-441
7.577941201035e-444
1.041992784345e-446
1.36976135192e-449
1.720316877386e-452
2.062831424853e-455
2.359992386587e-458
2.574186004695e-461
2.675058364518e-464
2.646442278553e-467
2.490514379098e-470
2.227738155881e-473
1.892463749768e-476
1.525483665708e-479
1.165789549062e-482
8.438565321942e-486
5.780199108164e-489
3.742988591834e-492
2.289057830465e-495
1.320696718981e-498
7.181029353519e-502
3.675526785939e-505
1.768869085466e-508
7.994473100401e-512
3.388884486275e-515
1.345643140801e-518
4.998275911181e-522
1.734262860955e-525
5.612753724089e-529
1.691759764514e-532
4.741436737345e-536
1.233577903577e-539
2.974084396369e-543
6.632552110785e-547
1.365598106646e-550
2.590689048562e-554
4.519095730816e-558
7.232373841245e-562
1.059509205288e-565
1.417337728465e-569
1.726957967481e-573
1.911461868987e-577
1.916445538656e-581
1.735307637192e-585
1.41459686459e-589
1.0346909344009e-593
6.766547875429e-598
3.941507484217e-602
2.036810756583e-606
9.297599115158e-611
3.731937041566e-615
1.310728276858e-619
4.007031336559e-624
1.0602541507356e-628
2.413400178532e-633
4.694866169706e-638
7.749898257102e-643
1.077170565807e-647
1.250038081556e-652
1.200063042645e-657
9.434693131259e-663
6.006853944552e-668
3.059128651864e-673
1.229180361625e-678
3.837382844094e-684
9.148805531707e-690
1.633539163054e-695
2.136380580236e-701
1.994945483989e-707
1.2913766031551e-713
5.597951503636e-720
1.559869615784e-726
2.660192797889e-733
2.615338059554e-740
1.3762046814877e-747
3.527155589444e-755
3.892883837235e-763
1.5662743412366e-771
1.814168011711e-780
4.235125560023e-790
1.1038056041564e-800
1.0300504982703e-812
1.8162811367821e-827