0.1232280791029447
0.1195167670738844
0.1124257761757255
0.1025695223065751
0.0907574682518328
0.0778848469231191
0.0648222079423744
0.0523223621667372
0.0409576178705786
0.0310925065211695
0.0228896454467442
0.0163407500021681
0.01131202874985974
0.00759327820462942
0.00494221702997799
0.00311889012225521
0.00190829204879645
0.001131971553333732
0.000650953766017103
0.000362881996621857
0.000196090549035618
0.000102706466763142
0.0000521388351647927
0.0000256518310997975
0.0000122303419777182
5.65054359086972e-6
2.52953101005766e-6
1.09711763835543e-6
4.60992173472031e-7
1.87639081793036e-7
7.3978090054202e-8
2.82482860985439e-8
1.04459459046667e-8
3.74046856633963e-9
1.29682404196014e-9
4.35276748702825e-10
1.41426279900517e-10
4.44758368407738e-11
1.35361408606717e-11
3.98646445196133e-12
1.13591793716673e-12
3.13122244543019e-13
8.3488903220358e-14
2.15292790707879e-14
5.368490151479e-15
1.2942876208514e-15
3.01645847480884e-16
6.7948779851332e-17
1.47914725483523e-17
3.1110863742344e-18
6.3213063927985e-19
1.24055670503098e-19
2.35103950187234e-20
4.3018260642175e-21
7.5981694980982e-22
1.295207522841e-22
2.13035708621137e-23
3.38028907276982e-24
5.1730493927555e-25
7.6336258875679e-26
1.08593486613117e-26
1.48887943680906e-27
1.96693150261921e-28
2.50311503622255e-29
3.0677424328928e-30
3.6198015124467e-31
4.1110824657248e-32
4.4926996801053e-33
4.7229011620673e-34
4.7744931309295e-35
4.6400789483098e-36
4.3337295534933e-37
3.8885798751711e-38
3.350912688133e-39
2.7721941741211e-40
2.20096703461945e-41
1.67636606805679e-42
1.22439256280496e-43
8.5722508835256e-45
5.7505835000662e-46
3.6947639233625e-47
2.2726276933932e-48
1.33764157416604e-49
7.5303966760733e-51
4.0527780606167e-52
2.0841458340377e-53
1.02357594095561e-54
4.7984138780884e-56
2.1459633782673e-57
9.1505488323641e-59
3.7180660483697e-60
1.43869357846341e-61
5.298192400002e-63
1.8557212702347e-64
6.1777554994879e-66
1.953342821366e-67
5.8619460510632e-69
1.6683800533672e-70
4.4998709994908e-72
1.14922837698615e-73
2.7768324522647e-75
6.3423728181464e-77
1.3681048783674e-78
2.7844766860522e-80
5.3419370550227e-82
9.6503214580648e-84
1.6398755356202e-85
2.6183316649719e-87
3.9235644330631e-89
5.5113096995014e-91
7.2476752450311e-93
8.9112667289806e-95
1.023003689929e-96
1.0949234271566e-98
1.0909388717215e-100
1.0102665949763e-102
8.6808929926346e-105
6.9091109471899e-107
5.0840007884598e-109
3.4519761506763e-111
2.1583163369538e-113
1.2399481956627e-115
6.5303214581313e-118
3.1452157191422e-120
1.3817489920342e-122
5.5217744823025e-125
2.0013841290746e-127
6.558919767179e-130
1.9370473782499e-132
5.1369952482425e-135
1.2186598872976e-137
2.5756112068212e-140
4.8282022390172e-143
7.989656144832e-146
1.1610940854403e-148
1.473569503059e-151
1.6232608877556e-154
1.5417914069113e-157
1.2534528038431e-160
8.652480394321e-164
5.026431373417e-167
2.4331773296025e-170
9.707142097966e-174
3.152342533467e-177
8.217176996719e-181
1.6921761764707e-184
2.7031845096704e-188
3.279780549394e-192
2.9487765822296e-196
1.9081347580778e-200
8.581973881187e-205
2.5712006444686e-209
4.868586108015e-214
5.450337546732e-219
3.3071404839208e-224
9.672551169558e-230
1.1552309742027e-235
4.389263908111e-242
3.5125802766751e-249
2.6854899752192e-257
2.5688875612663e-267