0.0526388890349193
0.0523476245766132
0.0517699207688573
0.0509152948775059
0.0497976955400388
0.0484351241305533
0.0468491526340687
0.0450643560655573
0.043107680280145
0.041007767850476
0.03879426547542
0.036497136129584
0.034145997919988
0.031769509490228
0.029394818950924
0.027047089897252
0.024749114297829
0.022521018108693
0.020380061579907
0.018340532561859
0.0164137278386397
0.014608014738986
0.0129289630857063
0.0113795359884614
0.0099603270704328
0.0086698314210306
0.0075047378293515
0.0064602305988861
0.0055302903796305
0.0047079848774044
0.0039857419083136
0.003355598959785
0.0028094251086722
0.0023391127548862
0.0019367380945962
0.0015946905355748
0.001305772320498
0.0010632704591364
0.00086100367816401
0.00069334748978318
0.0005552406782072
0.00044217653288939
0.00035018204932811
0.00027578810353016
0.00021599331523816
0.00016822397600168
0.00013029205593829
0.00010035293842851
0.00007686418157215
0.000058546281296076
0.000044346121845635
0.000033403549766154
0.000025021299138497
0.000018638328124446
0.000013806497350847
0.00001017042562046
7.450293441084e-6
5.4273251437488e-6
3.9316611515438e-6
2.8323287517368e-6
2.0290284266612e-6
1.4454698488762e-6
1.024014047402e-6
7.214035777851e-7
5.0538889019435e-7
3.5208508193034e-7
2.439178579474e-7
1.680401684987e-7
1.1512128976451e-7
7.842791945887e-8
5.313219100972e-8
3.5794492243417e-8
2.3979802144004e-8
1.5975164675035e-8
1.0583148585221e-8
6.971940628975e-9
4.5673167365367e-9
2.9753404274238e-9
1.9274347745427e-9
1.2416226154956e-9
7.953638194142e-10
5.066496282658e-10
3.2093322847366e-10
2.0215573796283e-10
1.2662552394688e-10
7.887140699534e-11
4.885178299361e-11
3.0088676689646e-11
1.8428370089719e-11
1.1223576107932e-11
6.797283670234e-12
4.093536331242e-12
2.4514346423127e-12
1.4598212976817e-12
8.644424023647e-13
5.090127874753e-13
2.9804157942512e-13
1.735320952607e-13
1.0047009357622e-13
5.784250428228e-14
3.3113865999217e-14
1.8850567613038e-14
1.0670627024857e-14
6.006280654934e-15
3.3617907510677e-15
1.8710453022514e-15
1.0354894568427e-15
5.698413895534e-16
3.1182318170847e-16
1.6967117459558e-16
9.180200062327e-17
4.939008579723e-17
2.6422268782485e-17
1.4055368926491e-17
7.43456100261e-18
3.910285395317e-18
2.0450349335944e-18
1.0634847052857e-18
5.499194656768e-19
2.827504735385e-19
1.445583095072e-19
7.348814960611e-20
3.714711977355e-20
1.8670915142214e-20
9.331204842506e-21
4.63703662665e-21
2.2912529168905e-21
1.1257300142172e-21
5.499499535122e-22
2.6713992195651e-22
1.2902685249097e-22
6.196494500321e-23
2.958936575564e-23
1.4049077959667e-23
6.63256500243e-24
3.11340538858e-24
1.4531459168592e-24
6.743744315638e-25
3.111789388069e-25
1.4276949656649e-25
6.512919180156e-26
2.954131775783e-26
1.332284056461e-26
5.974140842582e-27
2.663572991592e-27
1.1807640380755e-27
5.204390119558e-28
2.2807811411499e-28
9.938097425233e-29
4.305539401079e-29
1.8546218528702e-29
7.943016425794e-30
3.382334993906e-30
1.4320151924472e-30
6.028055600476e-31
2.522924478335e-31
1.0498503060585e-31
4.343555518224e-32
1.7867219625824e-32
7.307366649553e-33
2.971364013596e-33
1.2012698072702e-33
4.828516288487e-34
1.9296296435205e-34
7.666903945576e-35
3.028660179359e-35
1.1894993125224e-35
4.644720805997e-36
1.8031648831154e-36
6.959696571617e-37
2.670685985988e-37
1.0189001264419e-37
3.864695412601e-38
1.457378588243e-38
5.463884821578e-39
2.036579165949e-39
7.546928378107e-40
2.780397459849e-40
1.0183798613252e-40
3.708322693563e-41
1.342482257508e-41
4.831716258102e-42
1.7288392941131e-42
6.149880185143e-43
2.174883481719e-43
7.64647227193e-44
2.672640142889e-44
9.286938193506e-45
3.208158118362e-45
1.1017639269705e-45
3.761571574878e-46
1.2767225241216e-46
4.30792885517e-47
1.4450528408867e-47
4.818817949711e-48
1.5974867610784e-48
5.264684308642e-49
1.7248211543676e-49
5.617600042606e-50
1.818824939512e-50
5.854133811371e-51
1.873114640158e-51
5.95791549063e-52
1.883869758644e-52
5.921506949419e-53
1.850276836409e-53
5.74728239283e-54
1.774630589705e-54
5.447173727021e-55
1.66207474473e-55
5.041318643484e-56
1.5200232228899e-56
4.555824292715e-57
1.3573522209596e-57
4.019991811892e-58
1.183485541783e-58
3.463411305198e-59
1.0075036910753e-59
2.913324152463e-60
8.373917444046e-61
2.392568310942e-61
6.795069692294e-62
1.918295301261e-62
5.383033206955e-63
1.5015049257729e-63
4.1630594899e-64
1.1473149733744e-64
3.142931523039e-65
8.557903826965e-66
2.316210951264e-66
6.231104510266e-67
1.666196254014e-67
4.428528374482e-68
1.1699379361201e-68
3.072092386782e-69
8.018104425299e-70
2.080046532151e-70
5.363350835727e-71
1.3745453452303e-71
3.501382270014e-72
8.864932808317e-73
2.230820826933e-73
5.579626160618e-74
1.3870576671941e-74
3.427131426949e-75
8.416114564607e-76
2.054163239485e-76
4.983087211707e-77
1.2014342741674e-77
2.87897107331e-78
6.856588542409e-79
1.622968590782e-79
3.818045535682e-80
8.926860849274e-81
2.074344084321e-81
4.790544567914e-82
1.0995340946392e-82
2.508129196624e-83
5.685990644319e-84
1.281076442946e-84
2.868495927946e-85
6.383242234941e-86
1.41167233331e-86
3.102626888059e-87
6.776818265979e-88
1.471025903178e-88
3.173295646899e-89
6.802898861045e-90
1.449333296982e-90
3.068533035938e-91
6.456231614208e-92
1.349928107181e-92
2.804935486662e-93
5.791796035525e-94
1.1884453602316e-94
2.423361344414e-95
4.910520560636e-96
9.88791406439e-97
1.978549870017e-97
3.934158475975e-98
7.77349956264e-99
1.52629513584e-99
2.977933498725e-100
5.773555020041e-101
1.112296965296e-101
2.129337988093e-102
4.050532491387e-103
7.65632841403e-104
1.438027317236e-104
2.683793424753e-105
4.976953720452e-106
9.170813841596e-107
1.679109752593e-107
3.054740898617e-108
5.521930131207e-109
9.918038622301e-110
1.770011777376e-110
3.138622526699e-111
5.529828612856e-112
9.680348094167e-113
1.683736193317e-113
2.909765072081e-114
4.996197881694e-115
8.523464664044e-116
1.444722767995e-116
2.432997481788e-117
4.070844829897e-118
6.76721733888e-119
1.117674422083e-119
1.833990235989e-120
2.989868841937e-121
4.842588229329e-122
7.792379450783e-123
1.245737765986e-123
1.978536119905e-124
3.121899790096e-125
4.893824034208e-126
7.621297794953e-127
1.179118527508e-127
1.812302488689e-128
2.7672304388e-129
4.19757136803e-130
6.325366075091e-131
9.469013317433e-132
1.408159765199e-132
2.080290158013e-133
3.052933166553e-134
4.450703688741e-135
6.445470908969e-136
9.272391858295e-137
1.325063232303e-137
1.880986430766e-138
2.652378306026e-139
3.715202679096e-140
5.169199228478e-141
7.14420985979e-142
9.80780331166e-143
1.337433891582e-143
1.811558380893e-144
2.437295356586e-145
3.25713806261e-146
4.323472481478e-147
5.700252329793e-148
7.464773231806e-149
9.7094940728e-150
1.254383387935e-150
1.609585110415e-151
2.051368985837e-152
2.596665575052e-153
3.264576424537e-154
4.07635888687e-155
5.055322743895e-156
6.226620422286e-157
7.616913688212e-158
9.25390214496e-159
1.116570280065e-159
1.338007551363e-160
1.59234962498e-161
1.882008866541e-162
2.209043428398e-163
2.57502920443e-164
2.980926868856e-165
3.42694916423e-166
3.912434492356e-167
4.435733537682e-168
4.994116034366e-169
5.583704802815e-170
6.199443772403e-171
6.835105840584e-172
7.48334509063e-173
8.13579612979e-174
8.78322118211e-175
9.41570317486e-176
1.002288052492e-176
1.059421681534e-177
1.111929621913e-178
1.158813354578e-179
1.199148631126e-180
1.232115539504e-181
1.257026074036e-182
1.273347922131e-183
1.280723323483e-184
1.27898207129e-185
1.268147997479e-186
1.248438598959e-187
1.220257800099e-188
1.184182186584e-189
1.140941365956e-190
1.091393390252e-191
1.036496399092e-192
9.77277794318e-194
9.14802332179e-195
8.50140513923e-196
7.84338574138e-197
7.18391216804e-198
6.532180449351e-199
5.896443866389e-200
5.283869562245e-201
4.700445214149e-202
4.150934934862e-203
3.63888130701e-204
3.166648579371e-205
2.73550064443e-206
2.345706507781e-207
1.996665550275e-208
1.687044938213e-209
1.414921993438e-210
1.177925113119e-211
9.7336783705e-213
7.9837180483e-214
6.499755373551e-215
5.252271384553e-216
4.21260079307e-217
3.353521536533e-218
2.6496844612e-219
2.077897259673e-220
1.617280657064e-221
1.249317010659e-222
9.57812172034e-224
7.28790924939e-225
5.503448464865e-226
4.124493306035e-227
3.067640267135e-228
2.26428312554e-229
1.658608237593e-230
1.205696435417e-231
8.69776077028e-233
6.226535691444e-234
4.423328924614e-235
3.118242410611e-236
2.181335769879e-237
1.514193113786e-238
1.042990057973e-239
7.12874780734e-241
4.834755374844e-242
3.253553014806e-243
2.172487684342e-244
1.439350956775e-245
9.46193316596e-247
6.171499097935e-248
3.993860285777e-249
2.564367253058e-250
1.633602720946e-251
1.032488506981e-252
6.47426096377e-254
4.027680213129e-255
2.485839817975e-256
1.522082572271e-257
9.24578308284e-259
5.571640197419e-260
3.33080898115e-261
1.975318266134e-262
1.162086540186e-263
6.78183489411e-265
3.926056793264e-266
2.254549636691e-267
1.284251492663e-268
7.25638919688e-270
4.066908348477e-271
2.26086488343e-272
1.246649234089e-273
6.81814732641e-275
3.698570359007e-276
1.989938712722e-277
1.061883087737e-278
5.620018261347e-280
2.949956148697e-281
1.535687867614e-282
7.92852887463e-284
4.059543511002e-285
2.06133861542e-286
1.038010160277e-287
5.183540907646e-289
2.566945248547e-290
1.260562185707e-291
6.138495457673e-293
2.964162111506e-294
1.419307910322e-295
6.73873249998e-297
3.172480420624e-298
1.480917941297e-299
6.85435310559e-301
3.145556310792e-302
1.431251634844e-303
6.45675116468e-305
2.887909361251e-306
1.280608578971e-307
5.629948598792e-309
2.453801416198e-310
1.060261743952e-311
4.541686488695e-313
1.928604731026e-314
8.11863288428e-316
3.387877597383e-317
1.401422644444e-318
5.746436210779e-320
2.335648391473e-321
9.40994480962e-323
3.757757006249e-324
1.487385453566e-325
5.83529405245e-327
2.269015414954e-328
8.74457446937e-330
3.340084409158e-331
1.264400528429e-332
4.743634733823e-334
1.763713262701e-335
6.49868752244e-337
2.372984881297e-338
8.58670568735e-340
3.079009745834e-341
1.094054505849e-342
3.852128214895e-344
1.343961403497e-345
4.646088683148e-347
1.591450428873e-348
5.401245051519e-350
1.816268093165e-351
6.05119892232e-353
1.997415168545e-354
6.53206750565e-356
2.116305185665e-357
6.79267878104e-359
2.159875815921e-360
6.80348002237e-362
2.122939964601e-363
6.56202905548e-365
2.009194241717e-366
6.09366356907e-368
1.830615593434e-369
5.447124110149e-371
1.60538068938e-372
4.686176050442e-374
1.354808913303e-375
3.879228619048e-377
1.100042645064e-378
3.089294721272e-380
8.5917893326e-382
2.366306850205e-383
6.45372263746e-385
1.7429698746e-386
4.661205920632e-388
1.234309069537e-389
3.236347083812e-391
8.40194902767e-393
2.15966768928e-394
5.496216524788e-396
1.384837276023e-397
3.454455297977e-399
8.53088637962e-401
2.08559621743e-402
5.047489841889e-404
1.20925362849e-405
2.867764950678e-407
6.73195665736e-409
1.564220538338e-410
3.597499897288e-412
8.1891129112e-414
1.844986653191e-415
4.113929498505e-417
9.07850966188e-419
1.982682318831e-420
4.285082912551e-422
9.1647245415e-424
1.939635683174e-425
4.062074184305e-427
8.41760897619e-429
1.725953265881e-430
3.501505226802e-432
7.02832704124e-434
1.395746191126e-435
2.74223086459e-437
5.330038105763e-439
1.024875014696e-440
1.949446133323e-442
3.668061905089e-444
6.82703909135e-446
1.256850321721e-447
2.288627859793e-449
4.121849656276e-451
7.34208223844e-453
1.293424679133e-454
2.253421303687e-456
3.882464008333e-458
6.61485895398e-460
1.114463997244e-461
1.856640754173e-463
3.05837017867e-465
4.981227611103e-467
8.02140775301e-469
1.277074546555e-470
2.010096023062e-472
3.127775553515e-474
4.811226133259e-476
7.31577650992e-478
1.099594316143e-479
1.633633873177e-481
2.398887129877e-483
3.481611081422e-485
4.993998768489e-487
7.07940200694e-489
9.91760437533e-491
1.372969832401e-492
1.878196479321e-494
2.538800158013e-496
3.390821936235e-498
4.474574867669e-500
5.83378075477e-502
7.51416980237e-504
9.56148558342e-506
1.201887852282e-507
1.49237268522e-509
1.830399227076e-511
2.217429341702e-513
2.653195624947e-515
3.135336699796e-517
3.659099975224e-519
4.21715064161e-521
4.799523290752e-523
5.393745689e-525
5.98515288353e-527
6.55739457873e-529
7.0931208095e-531
7.57481214229e-533
7.9857031101e-535
8.31073360021e-537
8.53745451852e-539
8.65681277294e-541
8.66374716393e-543
8.55754087837e-545
8.34189668224e-547
8.02472544613e-549
7.61766455271e-551
7.13536703103e-553
6.59462212935e-555
6.01338124818e-557
5.4097683739e-559
4.801151099515e-561
4.203337771339e-563
3.629949935402e-565
3.091999365075e-567
2.597678075869e-569
2.152350303033e-571
1.758719427065e-573
1.417131618938e-575
1.12597212069e-577
8.82109424021e-580
6.81346397693e-582
5.188444709388e-584
3.894959447433e-586
2.882290412467e-588
2.102392749637e-590
1.511483040019e-592
1.070971094325e-594
7.47840041653e-597
5.145971162308e-599
3.489189355287e-601
2.331046248082e-603
1.534322710714e-605
9.9492885317e-608
6.35545347926e-610
3.998984145524e-612
2.478395123784e-614
1.512787502983e-616
9.09369335125e-619
5.38301799767e-621
3.137634389448e-623
1.800683214191e-625
1.017414522959e-627
5.65914740638e-630
3.098582129742e-632
1.669936943583e-634
8.8578425339e-637
4.623938678382e-639
2.375294382725e-641
1.20062877555e-643
5.97104399483e-646
2.921500152738e-648
1.40617439786e-650
6.65753113141e-653
3.100206942649e-655
1.419822081482e-657
6.39447390758e-660
2.831814697799e-662
1.233033852435e-664
5.27832257915e-667
2.221200567835e-669
9.18777294082e-672
3.735275300106e-674
1.492394541207e-676
5.85938019483e-679
2.260396023863e-681
8.56721310098e-684
3.189874803379e-686
1.166656729187e-688
4.19086589659e-691
1.478464754783e-693
5.121763395994e-696
1.742142276917e-698
5.81777603953e-701
1.90718485414e-703
6.13682254011e-706
1.938033688103e-708
6.00616790412e-711
1.826429091846e-713
5.44913497645e-716
1.59485535139e-718
4.578602816946e-721
1.289172073807e-723
3.559612397874e-726
9.63730107316e-729
2.558087235368e-731
6.65622671043e-734
1.697612685095e-736
4.243176266713e-739
1.039271372765e-741
2.493991775343e-744
5.86315268497e-747
1.350139762029e-749
3.044934834992e-752
6.72463385049e-755
1.454083821115e-757
3.078069093381e-760
6.37782384892e-763
1.293326437557e-765
2.566378041662e-768
4.982466710481e-771
9.46265528694e-774
1.757757958204e-776
3.19311241552e-779
5.67164567641e-782
9.84857483725e-785
1.671613043127e-787
2.772833458581e-790
4.494320509782e-793
7.11675439789e-796
1.100783609775e-798
1.662827478958e-801
2.452673628517e-804
3.531836151636e-807
4.964199555041e-810
6.80932807218e-813
9.11345001233e-816
1.189873515402e-818
1.51520984328e-821
1.881533694432e-824
2.277877155611e-827
2.688054806799e-830
3.091323502816e-833
3.463832050355e-836
3.780778518129e-839
4.019038294258e-842
4.159895505869e-845
4.191440619147e-848
4.110213864253e-851
3.921783466424e-854
3.640131147037e-857
3.285935456233e-860
2.884045596172e-863
2.460576942011e-866
2.0401036051e-869
1.643367439197e-872
1.285786975291e-875
9.76872502882e-879
7.20479721834e-882
5.157021677087e-885
3.581339774604e-888
2.412321659176e-891
1.575576166878e-894
9.97532433428e-898
6.12018456418e-901
3.637606762696e-904
2.093832478783e-907
1.166813833729e-910
6.29289323458e-914
3.283531147941e-917
1.657004797024e-920
8.08434908523e-924
3.811963206308e-927
1.736501421777e-930
7.63943979104e-934
3.244453128855e-937
1.329674325998e-940
5.256532701713e-944
2.003671553905e-947
7.36114989697e-951
2.605383464569e-954
8.88004722617e-958
2.913285457862e-961
9.19553625735e-965
2.79122536929e-968
8.14384390301e-972
2.282804339811e-975
6.14462873216e-979
1.587406367675e-982
3.933856665297e-986
9.34660211277e-990
2.127918022359e-993
4.639563055118e-997
9.68209347878e-1001
1.932742511179e-1004
3.688307735154e-1008
6.72446447733e-1012
1.170543286075e-1015
1.944154825614e-1019
3.078891994563e-1023
4.645975384336e-1027
6.67526399201e-1031
9.12537311155e-1035
1.186030778623e-1038
1.464426253819e-1042
1.716400062045e-1046
1.908059951676e-1050
2.010112290936e-1054
2.005047248803e-1058
1.891970812565e-1062
1.687279999881e-1066
1.420782012759e-1070
1.128513254022e-1074
8.44660591316e-1079
5.951096608644e-1083
3.942561964406e-1087
2.453230397452e-1091
1.432092672562e-1095
7.83346486328e-1100
4.010006744849e-1104
1.918596378504e-1108
8.5681638064e-1113
3.566597913097e-1117
1.381836161332e-1121
4.975590129163e-1126
1.662426368472e-1130
5.145732385808e-1135
1.473084219149e-1139
3.893336858983e-1144
9.48280391759e-1149
2.124439020706e-1153
4.368985754389e-1158
8.23082753862e-1163
1.417390552182e-1167
2.226033118129e-1172
3.180796897891e-1177
4.124950008502e-1182
4.842198125271e-1187
5.131127604333e-1192
4.894102771436e-1197
4.188906201662e-1202
3.207016830658e-1207
2.188786881286e-1212
1.326943547611e-1217
7.11873426376e-1223
3.365975003186e-1228
1.396774474325e-1233
5.063863240427e-1239
1.596186015996e-1244
4.352080051859e-1250
1.02078601589e-1255
2.047579080617e-1261
3.490372608854e-1267
5.022016599073e-1273
6.054520915708e-1279
6.067922423829e-1285
5.012271388687e-1291
3.380770923161e-1297
1.84319149985e-1303
8.03287557757e-1310
2.764501894658e-1316
7.41250597063e-1323
1.52562173062e-1329
2.370648158469e-1336
2.730114732585e-1343
2.282138577457e-1350
1.352426898773e-1357
5.531346963724e-1365
1.51389163259e-1372
2.675340137213e-1380
2.927579131398e-1388
1.887820732468e-1396
6.75932268666e-1405
1.249798126829e-1413
1.090543830244e-1422
4.004891543748e-1432
5.329727013296e-1442
2.098977046742e-1452
1.835342646824e-1463
2.307943134882e-1475
2.030833595772e-1488
3.118023981628e-1503
2.281468360505e-1521