0.0834296908490694
0.0822727070092703
0.0800066291038069
0.0767239496557435
0.0725555041514191
0.0676618285872064
0.0622229291133531
0.0564273697694122
0.0504615931600596
0.0445003004931406
0.0386985492387366
0.033186005337396
0.0280635434153282
0.0234021535042536
0.0192439123084407
0.0156046293813038
0.0124776927103478
0.0098386140738098
0.0076498043580982
0.0058651797241103
0.0044342954065441
0.0033058093641853
0.00243017941828181
0.00176158482436922
0.00125913033723328
0.00088743553366208
0.0006167354448255
0.00042262366960745
0.00028556058205765
0.000190251824440282
0.000124980426449161
0.00008095321842503
0.000051701292576561
0.000032556667115218
0.000020213694563942
0.000012374125585672
7.468650042826e-6
4.4445116992606e-6
2.6076890481124e-6
1.5084561226184e-6
8.602999250057e-7
4.8372939098988e-7
2.6815468338905e-7
1.4655256329515e-7
7.8962564053098e-8
4.19433768722e-8
2.1964143555026e-8
1.13388276444543e-8
5.7705760396569e-9
2.895084976211e-9
1.4318201152868e-9
6.9806252856401e-10
3.3548453459357e-10
1.5893386534388e-10
7.4219745632704e-11
3.4164472864277e-11
1.5501554992292e-11
6.9328846615722e-12
3.0562128813637e-12
1.3279347948055e-12
5.6870347541741e-13
2.4005088614857e-13
9.986681854664e-14
4.0947897744839e-14
1.6547270854983e-14
6.5901794329413e-15
2.5866387495746e-15
1.0005376204677e-15
3.8140066499412e-16
1.4327518292581e-16
5.3038712018924e-17
1.9348096868932e-17
6.9550055602753e-18
2.4635487211768e-18
8.598439070949e-19
2.957079851581e-19
1.0020317437187e-19
3.345528713462e-20
1.1005317950795e-20
3.5668472374955e-21
1.1389374519201e-21
3.5829263976235e-22
1.1104207722219e-22
3.3902974733379e-23
1.0197113679344e-23
3.0213042214776e-24
8.818155164858e-25
2.5352177238746e-25
7.179513596978e-26
2.0026489354076e-26
5.502148335315e-27
1.488897765881e-27
3.9681660335861e-28
1.0415838567203e-28
2.692557457574e-29
6.854704711362e-30
1.7185099855575e-30
4.2426892138652e-31
1.0314361502078e-31
2.469115281233e-32
5.820013580272e-33
1.3507524444677e-33
3.0866115582879e-34
6.944288565781e-35
1.5381476002797e-35
3.3541110222571e-36
7.200298640141e-37
1.5216035458053e-37
3.1652972153983e-38
6.481466778993e-39
1.3063559856968e-39
2.591568006832e-40
5.060106745156e-41
9.723792564111e-42
1.8389644770604e-42
3.4225919009319e-43
6.268494658363e-44
1.1297432803157e-44
2.0034863981029e-45
3.4959456323963e-46
6.001998054944e-47
1.0138202403649e-47
1.6847705263942e-48
2.7543286260462e-49
4.429617287627e-50
7.007644990213e-51
1.0904685314886e-51
1.6690478702584e-52
2.5125703977527e-53
3.7199780609338e-54
5.41643875423e-55
7.755627728645e-56
1.0920129460514e-56
1.5119035894552e-57
2.0581800199611e-58
2.7547534676648e-59
3.6249257017279e-60
4.68931098115e-61
5.963328966871e-62
7.454426680974e-63
9.159274904069e-64
1.1061260088177e-64
1.3128640229725e-65
1.531373615719e-66
1.7553476536697e-67
1.9771501585291e-68
2.1881863487097e-69
2.3794158717633e-70
2.5419716741469e-71
2.66782847295e-72
2.750452301903e-73
2.7853588274473e-74
2.7705145024116e-75
2.706530874098e-76
2.5966264360407e-77
2.4463587653366e-78
2.2631579144681e-79
2.0557156880789e-80
1.8333009067406e-81
1.6050759111135e-82
1.3794841132424e-83
1.1637638977589e-84
9.636235722157e-86
7.830890777888e-87
6.245145174108e-88
4.887282815956e-89
3.752765576644e-90
2.827218836061e-91
2.0895652925511e-92
1.5149734091188e-93
1.0773830233437e-94
7.51474587423e-96
5.140436537161e-97
3.448174123146e-98
2.2680011561681e-99
1.4625917445742e-100
9.246748306044e-102
5.730608909401e-103
3.481107917898e-104
2.0725153957948e-105
1.209204035948e-106
6.913219226265e-108
3.872547409688e-109
2.1252251895667e-110
1.1425111450729e-111
6.016141495172e-113
3.10264370402e-114
1.5669513678998e-115
7.748928752695e-117
3.751823846592e-118
1.7783170717331e-119
8.250733783994e-121
3.746644218897e-122
1.6649759328542e-123
7.239981176487e-125
3.080196605054e-126
1.2819695410265e-127
5.218926284478e-129
2.077944209157e-130
8.090587996052e-132
3.080087911021e-133
1.1463715728188e-134
4.17069571053e-136
1.483040469852e-137
5.153455668373e-139
1.7497814291097e-140
5.804254602724e-142
1.8807157393013e-143
5.951816570287e-145
1.839332104138e-146
5.54994235346e-148
1.6348084181061e-149
4.700310627793e-151
1.3188567438422e-152
3.610845776834e-154
9.644687745272e-156
2.512822098874e-157
6.384910343207e-159
1.5819443448715e-160
3.821144376787e-162
8.996688657955e-164
2.064327894663e-165
4.615297823404e-167
1.005223626514e-168
2.13246980937e-170
4.405286316757e-172
8.860304550575e-174
1.734670584642e-175
3.305127077019e-177
6.127302423957e-179
1.1050093352854e-180
1.938124747345e-182
3.305357836097e-184
5.479944324104e-186
8.82983730891e-188
1.382433135722e-189
2.102540529848e-191
3.105598043969e-193
4.453858213633e-195
6.200193167893e-197
8.376003734541e-199
1.0977768564762e-200
1.395459290577e-202
1.719982342802e-204
2.054990267741e-206
2.379288516182e-208
2.668737549667e-210
2.899032518808e-212
3.048968312915e-214
3.103605301403e-216
3.056693324894e-218
2.911816047382e-220
2.681972194533e-222
2.387652217705e-224
2.053804091235e-226
1.706314875868e-228
1.368701934635e-230
1.0595991107735e-232
7.913830570344e-235
5.699932225788e-237
3.957413737715e-239
2.647455401194e-241
1.705820377714e-243
1.0581144801829e-245
6.315810161474e-248
3.625932832234e-250
2.001228347984e-252
1.0613195611538e-254
5.405663907597e-257
2.64289584712e-259
1.239674932518e-261
5.575638056119e-264
2.403232950989e-266
9.921111604125e-269
3.920390956974e-271
1.481961406244e-273
5.355609940607e-276
1.849112800382e-278
6.095504557396e-281
1.917115055333e-283
5.748706533007e-286
1.642317099066e-288
4.466631473901e-291
1.1555803596723e-293
2.841624384118e-296
6.636171295554e-299
1.470545918106e-301
3.089317482208e-304
6.147079704955e-307
1.1573980603407e-309
2.060035177183e-312
3.462575279287e-315
5.490283173005e-318
8.203176342046e-321
1.1536223014826e-323
1.52518552676e-326
1.89331039294e-329
2.203951793284e-332
2.402600556685e-335
2.449367956528e-338
2.331779218142e-341
2.069771025159e-344
1.710291113018e-347
1.3134421795747e-350
9.358198889028e-354
6.174841695625e-357
3.766046570204e-360
2.11887548523e-363
1.0974261046853e-366
5.220821699915e-370
2.276091342846e-373
9.071253834428e-377
3.296499980828e-380
1.0893446805116e-383
3.264030421615e-387
8.840887514268e-391
2.157674674688e-394
4.728598023946e-398
9.271440079818e-402
1.620083497979e-405
2.512434452442e-409
3.44257964779e-413
4.147913911601e-417
4.372211819684e-421
4.009543992115e-425
3.17991238166e-429
2.166956430167e-433
1.2599293610019e-437
6.20262820876e-442
2.563899847988e-446
8.817197468981e-451
2.497280001334e-455
5.760318345773e-460
1.0687131043902e-464
1.5727868786654e-469
1.807525678474e-474
1.5937834706832e-479
1.0567310066218e-484
5.148249905324e-490
1.794326474876e-495
4.336183523816e-501
7.001782497253e-507
7.226632174862e-513
4.516689140959e-519
1.5985866228344e-525
2.942485532964e-532
2.520581326905e-539
8.646622248123e-547
9.601542653249e-555
2.503414853294e-563
9.006309820478e-573
1.608167371258e-583
1.015968353882e-596