0.0782969545157452
0.0773402044101274
0.0754616201692215
0.0727289194868415
0.0692385717211791
0.0651101496165927
0.0604795435398771
0.0554915740205229
0.0502925593931433
0.0450233629591026
0.0398133651557978
0.0347756925021
0.0300039013844334
0.025570176786865
0.0215249784364777
0.0178979612840632
0.0146999215704616
0.0119254773431273
0.0095561823912829
0.0075637908995397
0.0059134300239711
0.0045664912329357
0.0034831107575746
0.0026241679042237
0.0019527818836654
0.00143532966080674
0.00104203743935804
0.00074721671922415
0.00052922359888398
0.00037021914230952
0.00025580155854403
0.00017457002106829
0.000117667285458933
0.000078335521954079
0.000051508149111281
0.000033450646533419
0.000021455643513849
0.0000135920208173797
8.5041104030664e-6
5.2550027629293e-6
3.2071033017943e-6
1.93306093317e-6
1.15071374224073e-6
6.7651073764425e-7
3.9279334164526e-7
2.2523292168376e-7
1.2754815064392e-7
7.133244781156e-8
3.9397329808161e-8
2.1488648018037e-8
1.1574703994116e-8
6.1569404716072e-9
3.2342229016139e-9
1.6777237571622e-9
8.5943287543961e-10
4.3475027899197e-10
2.1716982390911e-10
1.0712380820863e-10
5.2178856758658e-11
2.5096905290932e-11
1.1919492642993e-11
5.5898761906772e-12
2.5884999943165e-12
1.1835601996469e-12
5.3434689350775e-13
2.3819981999669e-13
1.0484292446132e-13
4.5562824413428e-14
1.9550151223067e-14
8.282312927603e-15
3.4642493200794e-15
1.4305943203231e-15
5.8326707715713e-16
2.3477708105477e-16
9.329852126394e-17
3.6603119752747e-17
1.4176828231221e-17
5.4206445853651e-18
2.0460998021523e-18
7.624296169466e-19
2.8045468661597e-19
1.0183767408524e-19
3.6503103450768e-20
1.29157392305e-20
4.5109645432989e-21
1.555151208841e-21
5.2920163978453e-22
1.7774904121109e-22
5.892816863174e-23
1.928235912403e-23
6.227457549915e-24
1.9850273616109e-24
6.24480590706e-25
1.938918771098e-25
5.941278220308e-26
1.7966812444622e-26
5.361967707833e-27
1.5791755013562e-27
4.5896604190188e-28
1.3163320342439e-28
3.7254243900774e-29
1.0404039861472e-29
2.867045814312e-30
7.795858109709e-31
2.0916068617013e-31
5.536981506116e-32
1.4462150883498e-32
3.7269133211569e-33
9.475713995926e-34
2.3768970505457e-34
5.882121242007e-35
1.4360580905792e-35
3.4587057004589e-36
8.217652473736e-37
1.9260313395437e-37
4.45296278435e-38
1.0155317366091e-38
2.2844680815667e-39
5.068881612551e-40
1.1093352615775e-40
2.394556652838e-41
5.097848345149e-42
1.0703749181399e-42
2.2164591203249e-43
4.526325065341e-44
9.11551561947e-45
1.8103116367898e-45
3.5452675576111e-46
6.846286510287e-47
1.3036414381663e-47
2.4476243851887e-48
4.531074974282e-49
8.270157120438e-50
1.4882240455869e-50
2.6402847221749e-51
4.617923927668e-52
7.962360952259e-53
1.353385010221e-53
2.2676208591235e-54
3.745192092109e-55
6.097013298535e-56
9.783273984879e-57
1.5472474638248e-57
2.4117268033328e-58
3.704872806794e-59
5.608920268093e-60
8.368155137542e-61
1.2302920115057e-61
1.7823707631009e-62
2.5443825341995e-63
3.578855980684e-64
4.95982381643e-65
6.772219708397e-66
9.110053725279e-67
1.2073080270623e-67
1.576174957825e-68
2.0270369570139e-69
2.5678599263934e-70
3.20416378383e-71
3.937974292161e-72
4.766797405027e-73
5.682727004706e-74
6.671808628578e-75
7.713779753358e-76
8.782288531026e-77
9.845656779289e-78
1.0868201488868e-78
1.1812067009491e-79
1.2639454876372e-80
1.3315079052776e-81
1.3808630574411e-82
1.4097015211224e-83
1.4166135908251e-84
1.4012029428159e-85
1.3641230196851e-86
1.3070315992002e-87
1.2324678847505e-88
1.1436648080516e-89
1.0443159127519e-90
9.383203034393e-92
8.295302245562e-93
7.215238828912e-94
6.17421606141e-95
5.197571505782e-96
4.304089370761e-97
3.505892218219e-98
2.808835572405e-99
2.2132895737769e-100
1.7151720660897e-101
1.3070967443215e-102
9.795149507411e-104
7.217554759271e-105
5.228978224995e-106
3.724457376202e-107
2.607954237213e-108
1.7951415818712e-109
1.2145904733495e-110
8.077253871961e-112
5.279225354752e-113
3.390929843814e-114
2.140319913323e-115
1.3274513849948e-116
8.089226029631e-118
4.842969089307e-119
2.848395992979e-120
1.6456600524476e-121
9.338942679521e-123
5.205223943592e-124
2.849253730563e-125
1.5315749750912e-126
8.083990819924e-128
4.18946248439e-129
2.131571044856e-130
1.0646673342131e-131
5.219919173552e-133
2.511955805583e-134
1.1863715369758e-135
5.498593197996e-137
2.500723859223e-138
1.1158961223137e-139
4.885238396757e-141
2.098027899067e-142
8.838106959942e-144
3.651641886315e-145
1.4796394710235e-146
5.879220221246e-148
2.290531890907e-149
8.749069291648e-151
3.276059359202e-152
1.2024331314796e-153
4.325572670582e-155
1.524942238614e-156
5.267969084582e-158
1.783057525081e-159
5.912503272217e-161
1.920490797356e-162
6.109955538284e-164
1.90369915391e-165
5.808202636821e-167
1.735067424063e-168
5.074220298048e-170
1.452603473011e-171
4.070008076619e-173
1.1159859313665e-174
2.994204219189e-176
7.859709846573e-178
2.018256180333e-179
5.069115106082e-181
1.2451297287761e-182
2.990633705119e-184
7.022902872369e-186
1.612176570521e-187
3.61732692971e-189
7.931911113187e-191
1.699485731979e-192
3.557463517562e-194
7.274099023242e-196
1.452664309059e-197
2.832885316304e-199
5.393859308773e-201
1.0025480263361e-202
1.818748182483e-204
3.219789006427e-206
5.561527634971e-208
9.371211554901e-210
1.540118514648e-211
2.46825347864e-213
3.856751666159e-215
5.874454911478e-217
8.720546299932e-219
1.26143474464e-220
1.77764122034e-222
2.440019843467e-224
3.261539425842e-226
4.244635582508e-228
5.377166616104e-230
6.629289253922e-232
7.952142646693e-234
9.279115739771e-236
1.053013460892e-237
1.1618870612067e-239
1.246213277294e-241
1.299011794945e-243
1.315581655617e-245
1.294184306494e-247
1.236333070116e-249
1.1466241114846e-251
1.0321332422089e-253
9.014882849913e-256
7.63786731041e-258
6.275486434284e-260
4.998721300412e-262
3.859019849072e-264
2.886484548852e-266
2.091223011822e-268
1.467007011179e-270
9.961473813102e-273
6.545311490371e-275
4.160110905104e-277
2.55679922718e-279
1.518977476527e-281
8.71989759622e-284
4.835211843793e-286
2.588801093996e-288
1.33780258368e-290
6.669951276552e-293
3.207107769505e-295
1.486563294011e-297
6.639669815076e-300
2.85635688738e-302
1.183004230363e-304
4.714851076648e-307
1.807392297673e-309
6.660844013555e-312
2.358753865854e-314
8.022153278313e-317
2.618947473305e-319
8.202694081021e-322
2.463429560716e-324
7.089752408512e-327
1.954230359892e-329
5.156007148893e-332
1.301296193057e-334
3.139697018126e-337
7.237093417496e-340
1.592622822554e-342
3.343741086244e-345
6.692874990043e-348
1.276241717562e-350
2.316663923035e-353
4.000020434521e-356
6.564152275687e-359
1.0229372721027e-361
1.512508587929e-364
2.120005990545e-367
2.814267189917e-370
3.534819283541e-373
4.196746446616e-376
4.704965332211e-379
4.975498751804e-382
4.95763476488e-385
4.649147615705e-388
4.098427036204e-391
3.392112290308e-394
2.632541425661e-397
1.913165585926e-400
1.300166086267e-403
8.250597080395e-407
4.881538981232e-410
2.688617962933e-413
1.376221150957e-416
6.535634714066e-420
2.874398404026e-423
1.1685528070876e-426
4.382634065794e-430
1.513243624754e-433
4.799826236626e-437
1.395381853349e-440
3.709089969871e-444
8.991832489772e-448
1.982781709643e-451
3.965713851305e-455
7.172832609657e-459
1.1695237826229e-462
1.71324319864e-466
2.246839043016e-470
2.627965571913e-474
2.730265060616e-478
2.508708632954e-482
2.029302536648e-486
1.43793642389e-490
8.877947578625e-495
4.748644902913e-499
2.186830226549e-503
8.61248680827e-508
2.879639203366e-512
8.109366779646e-517
1.906758824968e-521
3.707807407222e-526
5.900406914801e-531
7.595118494588e-536
7.806472021503e-541
6.314845564014e-546
3.955496807247e-551
1.883600795748e-556
6.677862787158e-562
1.720738898942e-567
3.134304252151e-573
3.906480293804e-579
3.20573676395e-585
1.653924055733e-591
5.071312478179e-598
8.618299742959e-605
7.428905496289e-612
2.893180010702e-619
4.353155562791e-627
2.027327088617e-635
2.091186527274e-644
2.744773434134e-654
1.5780475220145e-665
2.5246524617275e-679