0.077435968996354
0.0765103672028506
0.0746922097075577
0.0720456309123378
0.0686620996407754
0.0646551754009643
0.0601541936570054
0.0552973687543216
0.0502248246144935
0.0450720367662945
0.039964100472245
0.0350111388054306
0.0303050445022816
0.0259176242072166
0.021900096444195
0.0182837960626605
0.0150818653979719
0.0122916695074134
0.0098976594044275
0.0078744198665226
0.0061896715218967
0.0048070436887734
0.0036884878083814
0.0027962548914826
0.00209440907024531
0.00154988958868961
0.00113316350799183
0.0008185306757291
0.0005841519266858
0.00041187267013825
0.00028690901913145
0.00019745455922445
0.000134254690556931
0.000090183819215169
0.000059849712666937
0.000039239834238634
0.000025416818252294
0.000016264522742809
0.0000102821681492863
6.4216754299305e-6
3.9621346081095e-6
2.4150392756391e-6
1.4542198140728e-6
8.6505458694525e-7
5.0834808391024e-7
2.9510708350728e-7
1.6923699425433e-7
9.587482328858e-8
5.3654202918397e-8
2.9661221124069e-8
1.6197818943096e-8
8.7378046334593e-9
4.6561005853081e-9
2.4508260226896e-9
1.2742906735323e-9
6.5446453787937e-10
3.3201747469785e-10
1.6637516567503e-10
8.2350120193648e-11
4.0260902445696e-11
1.9442028310335e-11
9.273285123533e-12
4.3687251314229e-12
2.0328245421814e-12
9.342520245666e-13
4.2407434464316e-13
1.9012029629036e-13
8.418178624285e-14
3.6813364583314e-14
1.589955852407e-14
6.7818965907646e-15
2.856919992588e-15
1.1885569330724e-15
4.8832727709709e-16
1.9813675798904e-16
7.93918812218e-17
3.1415060936185e-17
1.2275641573616e-17
4.7368385331411e-18
1.8049474570621e-18
6.791497779061e-19
2.5233930063644e-19
9.257970189803e-20
3.3539094290434e-20
1.1997329064476e-20
4.237487373683e-21
1.477800080027e-21
5.0886091107927e-22
1.7300204837154e-22
5.807171560681e-23
1.9245612150829e-23
6.297160512192e-24
2.034210786573e-24
6.487500219684e-25
2.0425892525594e-25
6.348904533026e-26
1.9481500907678e-26
5.901243658659e-27
1.7646303445452e-27
5.208881005776e-28
1.5177734410957e-28
4.3654849077333e-29
1.2394019043956e-29
3.4732571240208e-30
9.607218899894e-31
2.6229207146638e-31
7.067893540122e-32
1.8797613295359e-32
4.934165302841e-33
1.2782424263104e-33
3.2680708763655e-34
8.245907238621e-35
2.0532606031362e-35
5.045429499192e-36
1.2234615100184e-36
2.9275890741345e-37
6.912688250757e-38
1.6106091188089e-38
3.7027877314215e-39
8.399471878229e-40
1.8799596863731e-40
4.151521020373e-41
9.045169673851e-42
1.9443097527816e-42
4.123270270105e-43
8.626487074042e-44
1.7804510956754e-44
3.6250830220645e-45
7.280907155499e-46
1.4425148964702e-46
2.8190962509752e-47
5.434275415577e-48
1.0332436462052e-48
1.9376719970878e-49
3.583943204527e-50
6.537806666874e-51
1.1761961081734e-51
2.0868467991557e-52
3.651328119595e-53
6.300090130595e-54
1.0719246371876e-54
1.7984118452275e-55
2.9751380774462e-56
4.852925940991e-57
7.804841638581e-58
1.2375808573006e-58
1.9347155316541e-59
2.9818069380175e-60
4.530492738818e-61
6.785773252206e-62
1.0019026621371e-62
1.4581698557594e-63
2.0918523871513e-64
2.957862899389e-65
4.122234544604e-66
5.662111147961e-67
7.664755523623e-68
1.0225285629672e-68
1.3442889234961e-69
1.7415359073865e-70
2.2231936835271e-71
2.796465282296e-72
3.46585858821e-73
4.232172148316e-74
5.09153210003e-75
6.034589176757e-76
7.045992372612e-77
8.104249865945e-78
9.182066034417e-79
1.0247205762692e-79
1.1263886225755e-80
1.219463701472e-81
1.3002509116107e-82
1.365346035787e-83
1.4118707927682e-84
1.4376824347556e-85
1.4415365862686e-86
1.4231861743205e-87
1.3834055523442e-88
1.3239367006322e-89
1.247362664172e-90
1.1569210404771e-91
1.0562763223043e-92
9.492734613109e-94
8.396957600936e-95
7.31048166763e-96
6.263826889653e-97
5.281767215555e-98
4.382685151514e-99
3.578477241374e-100
2.874937402503e-101
2.272508698524e-102
1.7672757837654e-103
1.3520694217768e-104
1.0175681898341e-105
7.533062722029e-107
5.485251230593e-108
3.928360816808e-109
2.766870469969e-110
1.91646667206e-111
1.3053312623193e-112
8.742163690178e-114
5.756615359499e-115
3.726804241826e-116
2.371907203618e-117
1.4839553844904e-118
9.125905312092e-120
5.516105879502e-121
3.276875412631e-122
1.913051949417e-123
1.0974923549125e-124
6.186601802615e-126
3.426465448256e-127
1.864452349468e-128
9.966295280323e-130
5.233113012644e-131
2.698959221808e-132
1.3671239378776e-133
6.800798020445e-135
3.322132195669e-136
1.5934672859418e-137
7.504163751025e-139
3.469425698144e-140
1.5746055126153e-141
7.014667572823e-143
3.067081656656e-144
1.3160965853867e-145
5.541854448897e-147
2.289747666802e-148
9.2820731919e-150
3.691359662548e-151
1.4400260620985e-152
5.510043222227e-154
2.067748904843e-155
7.609491407999e-157
2.74590056724e-158
9.714960344779e-160
3.36960815243e-161
1.1456563860003e-162
3.817858307229e-164
1.246892077038e-165
3.990562204641e-167
1.2513745573652e-168
3.844498924888e-170
1.1570225603038e-171
3.410698519307e-173
9.846758732408e-175
2.78381273291e-176
7.706036043636e-178
2.08839732527e-179
5.540287266093e-181
1.438578918689e-182
3.655625734436e-184
9.089917187705e-186
2.211418732745e-187
5.263040608998e-189
1.225174852582e-190
2.789299031061e-192
6.209645903108e-194
1.351610384324e-195
2.875983107214e-197
5.981463925661e-199
1.215766590153e-200
2.414619298793e-202
4.685284990052e-204
8.880640788148e-206
1.644010195195e-207
2.971983987075e-209
5.245644762269e-211
9.038352275803e-213
1.520001270366e-214
2.494525978785e-216
3.994342880114e-218
6.239336895152e-220
9.505797223349e-222
1.412262920626e-223
2.045681292045e-225
2.888503419079e-227
3.974989033215e-229
5.330172644342e-231
6.963082551483e-233
8.859879459021e-235
1.0978160076315e-236
1.324386109629e-238
1.555210361769e-240
1.777286979899e-242
1.976161935463e-244
2.137395513036e-246
2.248244948088e-248
2.299300794133e-250
2.285790782832e-252
2.208303516894e-254
2.072782097969e-256
1.889774559884e-258
1.673071437443e-260
1.437975639949e-262
1.199508227394e-264
9.708436806766e-267
7.621966271687e-269
5.802713282591e-271
4.282661157787e-273
3.063263036368e-275
2.122802268289e-277
1.424798124066e-279
9.259266831973e-282
5.824213064675e-284
3.544786652027e-286
2.086828383854e-288
1.187887835029e-290
6.53583473272e-293
3.474601058393e-295
1.784122938663e-297
8.844931397836e-300
4.231984310419e-302
1.953437492449e-304
8.695262919779e-307
3.730879145624e-309
1.542403439753e-311
6.141176712701e-314
2.353833260132e-316
8.680985342954e-319
3.079109839879e-321
1.0498625743659e-323
3.439328069779e-326
1.0819960281581e-328
3.267079699003e-331
9.463258463001e-334
2.628010376104e-336
6.993114950419e-339
1.782035498558e-341
4.346120648378e-344
1.0138111837688e-346
2.260500170773e-349
4.81457887207e-352
9.788676483194e-355
1.898446143387e-357
3.509689340997e-360
6.180347951134e-363
1.0358542891324e-365
1.651136400616e-368
2.500988772429e-371
3.596825764872e-374
4.907136383558e-377
6.345230114574e-380
7.769144825678e-383
8.998863689421e-386
9.850493883453e-389
1.0179722744249e-391
9.921033159201e-395
9.108336035886e-398
7.868327364332e-401
6.388044369176e-404
4.868063463874e-407
3.477656210963e-410
2.32581871317e-413
1.454174786676e-416
8.487430688303e-420
4.617374956716e-423
2.337680052397e-426
1.0995812185261e-429
4.79701098791e-433
1.937445594276e-436
7.230711334538e-440
2.488645535217e-443
7.882629088991e-447
2.292742835502e-450
6.109663458881e-454
1.488010643345e-457
3.30380410052e-461
6.669201592268e-465
1.220536251307e-468
2.019014611488e-472
3.009244245609e-476
4.027519740398e-480
4.823046666143e-484
5.148133484369e-488
4.878135259504e-492
4.085489533157e-496
3.010220192184e-500
1.941544161289e-504
1.0903339088235e-508
5.300571515406e-513
2.216781807661e-517
7.921742433644e-522
2.401169010491e-526
6.124198066757e-531
1.3028531797475e-535
2.289740313824e-540
3.289436507591e-545
3.817785697697e-550
3.533443276512e-555
2.570150527505e-560
1.445397963653e-565
6.169490705379e-571
1.957010209113e-576
4.503135318409e-582
7.308889423843e-588
8.097927776995e-594
5.891766796725e-600
2.687038904906e-606
7.258707675151e-613
1.0825980059888e-619
8.153249859387e-627
2.759546408494e-634
3.585359016446e-642
1.4303282419542e-650
1.2506994664348e-659
1.3715888305031e-669
6.443078835947e-681
8.068554201475e-695