0.0655932145649575
0.06503012457338
0.0639184006103237
0.0622863381175184
0.0601748754660658
0.0576358881793089
0.0547300730434539
0.051524542453781
0.0480902617535686
0.044499465366061
0.0408231813995422
0.037128980072177
0.0334790403281187
0.0299286034118213
0.026524854175045
0.0233062427629699
0.0203022331235407
0.0175334422130218
0.0150121160654105
0.0127428767602811
0.0107236679405731
0.0089468255978619
0.0074002046670618
0.0060682995887806
0.0049333072868466
0.003976092819164
0.0031770302112258
0.0025167027435591
0.0019764575108686
0.0015388179033383
0.00118776450791913
0.00090889972317352
0.00068951422826186
0.00051857457310265
0.00038665087011047
0.00028580221201033
0.00020943535861478
0.00015214974341253
0.00010957921653077
0.000078238375124833
0.000055378986927433
0.000038859982753303
0.000027032825611568
0.000018642765013663
0.000012745533627848
8.6383993643839e-6
5.8040988915147e-6
3.8659949503185e-6
2.552768129243e-6
1.671027849884e-6
1.0843683520979e-6
6.9757253335463e-7
4.448563947418e-7
2.8123329615065e-7
1.7624976443473e-7
1.0949737515384e-7
6.7435819994136e-8
4.117065095935e-8
2.4916861456057e-8
1.4948780988447e-8
8.890442027294e-9
5.2413640782809e-9
3.0631406197927e-9
1.7745546473679e-9
1.0190836456061e-9
5.8013148934576e-10
3.2736881958963e-10
1.8312200395864e-10
1.015392963542e-10
5.5810534725512e-11
3.0407773584349e-11
1.6422430202496e-11
8.791693016767e-12
4.6653882271406e-12
2.4540370186104e-12
1.2795295165394e-12
6.612918747479e-13
3.3877200281004e-13
1.7202478381754e-13
8.65847522542e-14
4.3197277682083e-14
2.1361588272145e-14
1.0470574542801e-14
5.087036725864e-15
2.4497071176279e-15
1.1692729351659e-15
5.531813775682e-16
2.5939796966784e-16
1.2056198043256e-16
5.553877983061e-17
2.5358397308e-17
1.1475829585356e-17
5.147311840366e-18
2.2882750095713e-18
1.0082413780828e-18
4.4029784237556e-19
1.905686619932e-19
8.174786352519e-20
3.4755089762525e-20
1.4644499656724e-20
6.115638295441e-21
2.5311457237098e-21
1.0382395087836e-21
4.220655479202e-22
1.7004390721801e-22
6.789501729339e-23
2.6866258356721e-23
1.0535755677002e-23
4.09458739091e-24
1.5770201485756e-24
6.019267453794e-25
2.2768056611765e-25
8.534553268495e-26
3.1703315495903e-26
1.1670625771437e-26
4.257411724059e-27
1.5390603429366e-27
5.513413103927e-28
1.9572066209232e-28
6.884943846887e-29
2.3999821070239e-29
8.290022961515e-30
2.8375257198009e-30
9.624017435831e-31
3.2344590412259e-31
1.0771388048154e-31
3.55436899335e-32
1.1621714399663e-32
3.765223125225e-33
1.2087041510848e-33
3.844625069809e-34
1.2116816303296e-34
3.783723841083e-35
1.1706916034844e-35
3.588834959562e-36
1.0900541884242e-36
3.280363515711e-37
9.78071866942e-38
2.8892828155587e-38
8.456202575601e-39
2.4520100168584e-39
7.044109518606e-40
2.0048522625722e-40
5.653097062467e-41
1.5791872717323e-41
4.370380441585e-42
1.1982253888763e-42
3.254517871095e-43
8.757070281149e-44
2.3342650058439e-44
6.163901747807e-45
1.6123915366759e-45
4.178203154771e-46
1.0725258716843e-46
2.727219414553e-47
6.869439648907e-48
1.7139820949238e-48
4.236134544577e-49
1.0370660583448e-49
2.514843564415e-50
6.040571511256e-51
1.4371502043071e-51
3.386709106628e-52
7.90496068663e-53
1.8275196296708e-53
4.184651433795e-54
9.490427279496e-55
2.1317475364401e-55
4.742458508932e-56
1.0449205407722e-56
2.280179778332e-57
4.927823005182e-58
1.0547155272394e-58
2.2356499110585e-59
4.693041678804e-60
9.756208457274e-61
2.0085267178084e-61
4.094848344537e-62
8.267142625629e-63
1.6528145132926e-63
3.272182454905e-64
6.414889589547e-65
1.2452961932658e-65
2.393764388236e-66
4.556263383536e-67
8.587134719278e-68
1.6024816631705e-68
2.96098661788e-69
5.417159146169e-70
9.812770744984e-71
1.7599069081376e-71
3.125062770582e-72
5.494039308865e-73
9.562724688888e-74
1.6478636051218e-74
2.811275306795e-75
4.748109528714e-76
7.939003301749e-77
1.3141100842631e-77
2.153329909351e-78
3.492970705197e-79
5.608894677237e-80
8.915587381716e-81
1.4028307328729e-81
2.18491957353e-82
3.368470016631e-83
5.140307196364e-84
7.764199142799e-85
1.160773387265e-85
1.7176446446231e-86
2.515626418919e-87
3.646512511442e-88
5.231421573284e-89
7.427862039772e-90
1.0437623287802e-90
1.4515252657217e-91
1.997672154055e-92
2.72077006306e-93
3.667066418023e-94
4.89098414489e-95
6.455285251743e-96
8.430773344537e-97
1.0895400481881e-97
1.3932650217542e-98
1.762908982151e-99
2.207102291694e-100
2.73402302037e-101
3.350885976368e-102
4.063361653213e-103
4.874949716964e-104
5.786341355812e-105
6.794813515576e-106
7.89370459184e-107
9.072024382342e-108
1.0314250007679e-108
1.1600353376156e-109
1.2906094347907e-110
1.4203597362802e-111
1.546220887954e-112
1.664961007613e-113
1.773313592465e-114
1.868123031743e-115
1.946494977494e-116
2.005941754817e-117
2.044512724396e-118
2.060900127785e-119
2.054512438767e-120
2.025509503484e-121
1.97479658022e-122
1.903977519973e-123
1.815270456735e-124
1.711392194498e-125
1.595419714186e-126
1.470638672066e-127
1.3403893059431e-128
1.207919791713e-129
1.0762558845298e-130
9.480938038067e-132
8.257210067628e-133
7.109669972626e-134
6.051838881544e-135
5.092542971696e-136
4.23622475677e-137
3.483434461525e-138
2.831443878924e-139
2.274925266512e-140
1.806642665102e-141
1.418111313912e-142
1.1001912401955e-143
8.435922906564e-145
6.39278685727e-146
4.787707182838e-147
3.543488975594e-148
2.59171378244e-149
1.873189087014e-150
1.337829875658e-151
9.441278174629e-153
6.583504704736e-154
4.535922833474e-155
3.087748288185e-156
2.076688198721e-157
1.379873249727e-158
9.057968066524e-160
5.873961949448e-161
3.76292151639e-162
2.381209909019e-163
1.48844694668e-164
9.190025755462e-166
5.604439490915e-167
3.37570110777e-168
2.008150474877e-169
1.179812411173e-170
6.845386055778e-172
3.922246635615e-173
2.219255808293e-174
1.239934492091e-175
6.840569745177e-177
3.726242065546e-178
2.004093838051e-179
1.064182298196e-180
5.578887854328e-182
2.887322738688e-183
1.475167872797e-184
7.439917651887e-186
3.703883951535e-187
1.820082181004e-188
8.827763024786e-190
4.225886849812e-191
1.996521119578e-192
9.308933796185e-194
4.283284590375e-195
1.944848003065e-196
8.713783283475e-198
3.852304658877e-199
1.680380070519e-200
7.231818191285e-202
3.070580057434e-203
1.286192505822e-204
5.314759673094e-206
2.166370234215e-207
8.710281860302e-209
3.454308364376e-210
1.351132837088e-211
5.212205371637e-213
1.982940958904e-214
7.439451161482e-216
2.752280555781e-217
1.004021060796e-218
3.611342380703e-220
1.280699998513e-221
4.477710510805e-223
1.543374081054e-224
5.244082012293e-226
1.756414811667e-227
5.79855890014e-229
1.886792769509e-230
6.050830943426e-232
1.912351893711e-233
5.956040126307e-235
1.827928555128e-236
5.527734085998e-238
1.647007800967e-239
4.834802698755e-241
1.398202813947e-242
3.983303163715e-244
1.117819044551e-245
3.089779601698e-247
8.41170373501e-249
2.255346275115e-250
5.955076210495e-252
1.548381537014e-253
3.964209954959e-255
9.99296681063e-257
2.48006004572e-258
6.059410925791e-260
1.45736810478e-261
3.450234570645e-263
8.039666322822e-265
1.843769663995e-266
4.161246140461e-268
9.24180415453e-270
2.019644350468e-271
4.3425580393e-273
9.18621087906e-275
1.911676156148e-276
3.913326502623e-278
7.879488594808e-280
1.560400639361e-281
3.038966516278e-283
5.820128696137e-285
1.096026128368e-286
2.029341956407e-288
3.694022319586e-290
6.610240712036e-292
1.162710540756e-293
2.010134798424e-295
3.415389278123e-297
5.702672953768e-299
9.35623797002e-301
1.508236474218e-302
2.388599740371e-304
3.716062230828e-306
5.678683153693e-308
8.52307416127e-310
1.256282385828e-311
1.818354417802e-313
2.584207775574e-315
3.605709897798e-317
4.938839200377e-319
6.640266077718e-321
8.76249426999e-323
1.134765931186e-324
1.442032779553e-326
1.797991825586e-328
2.199362725396e-330
2.639093592843e-332
3.106083316035e-334
3.58527721836e-336
4.058205371807e-338
4.503981385218e-340
4.900714599696e-342
5.227220045995e-344
5.464850543507e-346
5.599236443844e-348
5.621710634436e-350
5.530224222446e-352
5.329619702027e-354
5.031214297999e-356
4.651742082908e-358
4.211792393941e-360
3.733948189655e-362
3.240860030037e-364
2.753485032101e-366
2.289678782803e-368
1.86326164995e-370
1.483603075361e-372
1.15569284647e-374
8.80609226133e-377
6.562577842408e-379
4.782439426161e-381
3.407537174738e-383
2.373444923392e-385
1.615829065817e-387
1.075025034456e-389
6.98838388487e-392
4.438098493118e-394
2.752992178472e-396
1.667729314565e-398
9.86466140792e-401
5.696355834794e-403
3.210638193499e-405
1.765975607164e-407
9.47753829886e-410
4.96182007879e-412
2.533592855957e-414
1.261529237546e-416
6.124002966684e-419
2.897760373965e-421
1.336252321976e-423
6.003738713906e-426
2.627660183815e-428
1.120046117681e-430
4.648634683648e-433
1.878190152117e-435
7.385474484795e-438
2.825792263609e-440
1.051771738275e-442
3.807297049553e-445
1.340042769107e-447
4.584772982084e-450
1.524413905671e-452
4.924479953889e-455
1.545164142272e-457
4.707906230012e-460
1.392514784081e-462
3.997313520218e-465
1.113289619871e-467
3.00740801858e-470
7.877546109923e-473
2.000191204696e-475
4.921515962079e-478
1.173100475955e-480
2.707944189121e-483
6.051579165422e-486
1.308806812873e-488
2.738485140798e-491
5.54140934375e-494
1.084048618969e-496
2.049444886135e-499
3.742996624746e-502
6.601330221097e-505
1.123832756011e-507
1.846101705904e-510
2.924925284711e-513
4.467828779071e-516
6.576789817615e-519
9.32557871897e-522
1.27316923163e-524
1.672801422107e-527
2.114195113416e-530
2.569079871812e-533
3.000034256474e-536
3.364880535988e-539
3.623106026378e-542
3.74306766678e-545
3.708265116876e-548
3.520993826851e-551
3.202281708392e-554
2.788015557623e-557
2.322238317142e-560
1.84936028925e-563
1.407210271131e-566
1.022423512386e-569
7.088272227725e-573
4.685785713065e-576
2.951499396041e-579
1.770099210108e-582
1.009982320616e-585
5.478322568994e-589
2.822570783849e-592
1.38019387745e-595
6.399651209536e-599
2.811280656586e-602
1.168911824042e-605
4.595931106909e-609
1.70706475574e-612
5.983661065669e-616
1.977264524838e-619
6.152723346238e-623
1.800867405812e-626
4.952183443543e-630
1.277857035169e-633
3.090212071151e-637
6.99428897298e-641
1.47963509781e-644
2.921489706291e-648
5.375894578463e-652
9.20503207429e-656
1.464305021466e-659
2.160445081536e-663
2.951226053931e-667
3.725784911219e-671
4.338721759511e-675
4.651242463983e-679
4.580711587157e-683
4.135268335364e-687
3.414164785147e-691
2.571748156855e-695
1.762929266579e-699
1.096844958706e-703
6.17644429002e-708
3.138530999882e-712
1.434656012289e-716
5.87980018376e-721
2.153005224772e-725
7.017403650854e-730
2.027851855476e-734
5.173600466542e-739
1.160094360293e-743
2.275363424096e-748
3.883572004823e-753
5.736389385164e-758
7.289470143974e-763
7.918200735406e-768
7.301800249805e-773
5.673561028928e-778
3.684443671194e-783
1.982114833843e-788
8.748148433591e-794
3.134097502871e-799
9.00793109096e-805
2.050299081826e-810
3.642681316337e-816
4.970855397959e-822
5.11648485538e-828
3.891652327036e-834
2.136826674423e-840
8.245647469389e-847
2.167713304361e-853
3.743735936617e-860
4.068524990618e-867
2.642193893328e-874
9.628280435568e-882
1.820706869736e-889
1.617772184324e-897
5.932768493463e-906
7.534273810549e-915
2.583633137645e-924
1.642992386115e-934
1.0393858283329e-945
1.971065713687e-958
5.023274653466e-974