0.0503966850542468
0.0501410452296617
0.0496336485804279
0.0488821629887523
0.0478978484483422
0.0466952764126604
0.0452919710365897
0.0437079846513012
0.041965421833002
0.040087927824145
0.038100157795216
0.036027243485355
0.033894273153959
0.031725799567529
0.029545389018103
0.027375222225024
0.025235755528435
0.023145448166673
0.021120558766749
0.01917501158711
0.01732033064256
0.0155656377028147
0.0139177083587569
0.0123810789413115
0.0109581960814616
0.0096496001185634
0.008454133379975
0.0073691645332867
0.0063908207048517
0.0055142198072354
0.004733696460679
0.0040430159654068
0.0034355719203716
0.0029045642327194
0.0024431553710339
0.0020446037433782
0.001702373997054
0.0014102248195117
0.0011622754570906
0.0009530526569789
0.0007775200820813
0.00063109245844622
0.00050963680508911
0.00040946308392686
0.00032730651216086
0.00026030362015402
0.00020596393327678
0.00016213892347073
0.00012698963044641
0.00009895410613337
0.00007671559932148
0.000059172177932321
0.00004540828922669
0.000034668586556922
0.000026334206269643
0.000019901559844102
0.000014963612972372
0.000011193552905722
8.330695348672e-6
6.16844955933e-6
4.5441421346323e-6
3.3304933459948e-6
2.4285421823236e-6
1.7618250795667e-6
1.2716266232253e-6
9.131365976739e-7
6.523652512445e-7
4.6368648518391e-7
3.2789606983831e-7
2.3068839204371e-7
1.6147029025688e-7
1.1244404323184e-7
7.790347105438e-8
5.369740137428e-8
3.6823529015664e-8
2.5123074657409e-8
1.705277156216e-8
1.1515731154018e-8
7.736810609038e-9
5.171372977469e-9
3.4389252897906e-9
2.2751609926248e-9
1.4975232100129e-9
9.806330942968e-10
6.388672051617e-10
4.140809167314e-10
2.6701146402867e-10
1.7129479401958e-10
1.0932701023362e-10
6.941915318553e-11
4.385298485946e-11
2.7560461319987e-11
1.7232200750146e-11
1.071917604518e-11
6.63357903188e-12
4.084131358113e-12
2.5015905306787e-12
1.5243928629974e-12
9.241472490696e-13
5.573762362756e-13
3.3443994302179e-13
1.9964096413907e-13
1.1856114992618e-13
7.004800459179e-14
4.117268061537e-14
2.4075865589797e-14
1.4005978146393e-14
8.105934980873e-15
4.667134189372e-15
2.6733407443453e-15
1.5234021194987e-15
8.636352224657e-16
4.870808194451e-16
2.7329137928108e-16
1.5254725080686e-16
8.471019965468e-17
4.679712852914e-17
2.5719006748576e-17
1.4061769211513e-17
7.648492047256e-18
4.138672302397e-18
2.2278959809561e-18
1.1930996058899e-18
6.356319007065e-19
3.368845704273e-19
1.7762425239014e-19
9.316834085664e-20
4.861593676087e-20
2.523668976877e-20
1.3032531480083e-20
6.695254066017e-21
3.421735558482e-21
1.7396670404511e-21
8.798838417695e-22
4.42714004376e-22
2.215945520591e-22
1.1033974652291e-22
5.465641545738e-23
2.693306262371e-23
1.3202766134793e-23
6.438398769276e-24
3.123372013635e-24
1.5073066068605e-24
7.236201856622e-25
3.455811583458e-25
1.6417947961144e-25
7.759187493226e-26
3.647886192313e-26
1.7060552091155e-26
7.937262515981e-27
3.673443462781e-27
1.6912196321599e-27
7.745505639868e-28
3.528756724932e-28
1.5992446513873e-28
7.209885944821e-29
3.233413376342e-29
1.4424888243258e-29
6.401490558093e-30
2.825961333032e-30
1.2409857548009e-30
5.421030701865e-31
2.3556482133e-31
1.0182431555679e-31
4.37828527623e-32
1.8726951638603e-32
7.967821190625e-33
3.372255713356e-33
1.4197399849156e-33
5.945706698081e-34
2.476871374545e-34
1.0263788047334e-34
4.230727777161e-35
1.7347009027444e-35
7.075142081147e-36
2.87042154468e-36
1.1583906920781e-36
4.650099024574e-37
1.8568037373034e-37
7.375056414384e-38
2.913795823128e-38
1.1451072991236e-38
4.476364175335e-39
1.7405866950746e-39
6.732180904394e-40
2.590028893537e-40
9.911536603238e-41
3.772799679988e-41
1.4284719017908e-41
5.379769513418e-42
2.015294198288e-42
7.509220484979e-43
2.783118290335e-43
1.0260007211056e-43
3.762197877253e-44
1.3721839594355e-44
4.978041806293e-45
1.796300503431e-45
6.44721926199e-46
2.301641204919e-46
8.172845198214e-47
2.886543527236e-47
1.0140301136071e-47
3.543155441008e-48
1.2313878672381e-48
4.256606838645e-49
1.4635073054643e-49
5.00481023879e-50
1.702316739746e-50
5.759062855152e-51
1.937852041141e-51
6.485528972111e-52
2.158861706246e-52
7.147554929721e-53
2.353650975393e-53
7.708628490993e-54
2.5110841705e-54
8.135666217892e-55
2.621629176584e-55
8.402224272412e-56
2.678309237844e-56
8.491202068068e-57
2.677430442749e-57
8.39665542268e-58
2.618979622061e-58
8.124452309583e-59
2.50663315033e-59
7.691670845835e-60
2.347374257211e-60
7.124825270066e-61
2.150774228252e-61
6.457176202733e-62
1.928040416286e-62
5.725504728872e-63
1.690962699326e-63
4.966784675299e-64
1.450895496344e-64
4.215167724836e-65
1.2178952557985e-65
3.499611081369e-66
1.0000985543004e-66
2.842348893203e-67
8.033816925232e-68
2.258264539305e-68
6.312979949756e-69
1.755088734514e-69
4.852518222124e-70
1.3342494862367e-70
3.648438441843e-71
9.921456643458e-72
2.683123175139e-72
7.216071829377e-73
1.929987299173e-73
5.133336247613e-74
1.357797220617e-74
3.571563145003e-75
9.342610212521e-76
2.430316648276e-76
6.286956792075e-77
1.617332479418e-77
4.137496007467e-78
1.0525761689344e-78
2.662841727371e-79
6.699019628761e-80
1.675905064871e-80
4.169250839802e-81
1.0314193073979e-81
2.537343540459e-82
6.207092589042e-83
1.509941966038e-83
3.652527566612e-84
8.785896610802e-85
2.101532587271e-85
4.998523394252e-86
1.182227303167e-86
2.780430108767e-87
6.502386774368e-88
1.512103431916e-88
3.496521000271e-89
8.039606102275e-90
1.838126628589e-90
4.178843765608e-91
9.446586633977e-92
2.123389990166e-92
4.745901205024e-93
1.0547260719757e-93
2.330723243925e-94
5.121176422858e-95
1.118857373381e-95
2.430544776512e-96
5.249940330644e-97
1.12752161798e-97
2.40775931442e-98
5.112306167202e-99
1.079279982736e-99
2.26549317128e-100
4.72825220768e-101
9.811730593347e-102
2.024396383935e-102
4.152869551376e-103
8.470355844576e-104
1.717724349789e-104
3.463391192896e-105
6.942944329131e-106
1.383813822008e-106
2.742213527844e-107
5.402717548777e-108
1.058299041429e-108
2.061044795547e-109
3.990681624118e-110
7.682190551471e-111
1.470276866653e-111
2.79760842404e-112
5.292320932563e-113
9.953470584225e-114
1.861099906296e-114
3.459626989748e-115
6.393680760066e-116
1.1747145088e-116
2.145710125842e-117
3.896410544802e-118
7.034138370236e-119
1.262429769291e-119
2.252429687289e-120
3.995218311947e-121
7.044863699588e-122
1.23493761396e-122
2.152064641738e-123
3.728215340486e-124
6.420658201473e-125
1.099229785862e-125
1.870791020634e-126
3.165099611963e-127
5.323193567548e-128
8.899740538854e-129
1.479108630769e-129
2.443643523796e-130
4.013174928727e-131
6.551612126924e-132
1.063201285471e-132
1.715091919449e-133
2.750180854108e-134
4.383635080905e-135
6.945510090134e-136
1.093875328156e-136
1.712469073492e-137
2.66480948137e-138
4.121880400404e-139
6.337349568272e-140
9.68501384541e-141
1.471195438187e-141
2.221341126342e-142
3.333743012651e-143
4.972996448262e-144
7.373446470124e-145
1.086641870816e-145
1.591706594422e-146
2.317380851034e-147
3.353410800235e-148
4.823121073552e-149
6.894753283916e-150
9.79615265501e-151
1.383361478584e-151
1.941584026635e-152
2.708408235204e-153
3.75497036609e-154
5.174047021158e-155
7.085698992037e-156
9.64407290553e-157
1.304549915937e-157
1.753800971562e-158
2.343237149643e-159
3.111468747929e-160
4.106055527409e-161
5.38506894952e-162
7.01878078052e-163
9.09144503505e-164
1.170312491552e-164
1.497149905172e-165
1.903356245004e-166
2.404711788226e-167
3.019193402307e-168
3.76704288152e-169
4.670772189655e-170
5.755089027806e-171
7.04672587573e-172
8.57415627486e-173
1.036718381315e-173
1.24563921876e-174
1.487244896124e-175
1.76452612276e-176
2.080298829142e-177
2.437092450785e-178
2.837027432138e-179
3.281685092087e-180
3.771973928342e-181
4.307997312852e-182
4.888928279815e-183
5.512897664225e-184
6.176902147341e-185
6.87673874836e-186
7.60697192452e-187
8.36093867878e-188
9.1307959211e-189
9.90761281009e-190
1.068150896478e-190
1.144183736022e-191
1.217740850639e-192
1.287675027765e-193
1.352839564459e-194
1.412118869516e-195
1.464459785142e-196
1.508902420249e-197
1.544609247507e-198
1.570891240294e-199
1.58722991527e-200
1.593294298691e-201
1.588952042956e-202
1.57427417331e-203
1.549533229209e-204
1.515194864323e-205
1.471903266023e-206
1.420461032332e-207
1.3618043855e-208
1.296974793361e-209
1.227088201997e-210
1.153303150128e-211
1.076789035126e-212
9.98695735359e-214
9.20125670258e-215
8.42109208107e-216
7.65584124552e-217
6.9137958627e-218
6.202048985196e-219
5.526430263377e-220
4.891486892148e-221
4.300506484052e-222
3.755576619072e-223
3.257674790274e-224
2.806781857495e-225
2.402011924624e-226
2.041751732575e-227
1.723803153827e-228
1.44552311712e-229
1.203956207995e-230
9.95956207425e-232
8.18293876518e-233
6.67749308587e-234
5.411881006633e-235
4.356214077451e-236
3.482506109642e-237
2.764978443748e-238
2.180239844404e-239
1.707359208342e-240
1.327850131494e-241
1.025586162629e-242
7.86664504368e-244
5.992342408867e-245
4.533030957942e-246
3.405344497673e-247
2.540440401362e-248
1.882035530476e-249
1.384562968805e-250
1.01148373797e-251
7.33772760066e-253
5.2858631786e-254
3.781090225672e-255
2.685715898538e-256
1.894262210296e-257
1.32663723256e-258
9.22553092894e-260
6.37019419887e-261
4.367481561284e-262
2.973182421794e-263
2.009643575578e-264
1.348709572141e-265
8.98699798944e-267
5.945693433927e-268
3.905502118245e-269
2.547021118073e-270
1.64916571298e-271
1.060148941585e-272
6.76604735225e-274
4.287098301803e-275
2.696787845351e-276
1.684145840824e-277
1.04413535736e-278
6.42647297913e-280
3.926647417926e-281
2.381765479598e-282
1.434162813707e-283
8.57264350504e-285
5.086773036907e-286
2.996233556225e-287
1.751898978958e-288
1.016803202957e-289
5.858056139315e-291
3.35006496005e-292
1.901648610232e-293
1.071467228955e-294
5.99229660695e-296
3.326347937289e-297
1.832720155075e-298
1.002242604304e-299
5.439911950257e-301
2.930537193904e-302
1.566870060634e-303
8.31463313379e-305
4.378965479444e-306
2.288822928056e-307
1.187295997245e-308
6.11231608124e-310
3.122816192471e-311
1.583341699591e-312
7.96680603761e-314
3.978038018398e-315
1.971162356633e-316
9.69255563112e-318
4.729445963378e-319
2.289981006292e-320
1.100263464237e-321
5.245636828563e-323
2.481589515203e-324
1.16489106793e-325
5.425724510316e-327
2.507497970455e-328
1.149812979524e-329
5.231315216084e-331
2.361483427046e-332
1.057651211123e-333
4.699771958266e-335
2.07195823641e-336
9.06250416586e-338
3.932525310955e-339
1.692949314065e-340
7.23033641086e-342
3.063431199839e-343
1.287614192144e-344
5.368886895026e-346
2.220733635946e-347
9.11203125927e-349
3.708798207436e-350
1.497418513889e-351
5.99705261682e-353
2.382373347213e-354
9.38753737003e-356
3.669069863641e-357
1.422378691493e-358
5.46917617285e-360
2.085779671309e-361
7.8894579992e-363
2.959718878829e-364
1.101211160484e-365
4.063496029994e-367
1.487066436001e-368
5.397024083726e-370
1.942512871012e-371
6.93347707878e-373
2.454188477441e-374
8.61442637894e-376
2.9984607157e-377
1.03494147181e-378
3.542178768605e-380
1.202137660179e-381
4.045374258084e-383
1.349819423085e-384
4.465773983078e-386
1.464918597547e-387
4.764501526718e-389
1.53638536015e-390
4.911939379705e-392
1.556923845398e-393
4.892542530849e-395
1.524214183402e-396
4.707526424716e-398
1.441338841326e-399
4.37478881562e-401
1.316305952513e-402
3.92605484564e-404
1.160771149715e-405
3.401876013424e-407
9.88240936365e-409
2.845577885002e-410
8.12142299562e-412
2.297409873863e-413
6.44139836481e-415
1.789978126143e-416
4.929827092145e-418
1.345620201169e-419
3.640076809861e-421
9.75856965527e-423
2.592624522082e-424
6.82591902058e-426
1.780905342086e-427
4.604355266441e-429
1.17960097746e-430
2.994537056427e-432
7.53255701864e-434
1.877427461775e-435
4.636408318415e-437
1.134456017105e-438
2.750241080262e-440
6.60572598732e-442
1.571905880143e-443
3.705767386301e-445
8.65495420422e-447
2.002514635006e-448
4.58986763354e-450
1.04214302132e-451
2.343938873799e-453
5.22211046365e-455
1.15243275089e-456
2.519090514349e-458
5.45405358805e-460
1.169583431733e-461
2.484092991335e-463
5.22538035997e-465
1.088603912513e-466
2.246012795118e-468
4.589160710581e-470
9.28584196251e-472
1.860649138912e-473
3.691908923199e-475
7.25385387501e-477
1.411256368568e-478
2.718630532796e-480
5.18548547046e-482
9.79289999542e-484
1.83106393931e-485
3.389639673382e-487
6.21224891493e-489
1.127137305699e-490
2.024532454459e-492
3.599811840614e-494
6.33620332013e-496
1.103976099057e-497
1.903962660163e-499
3.250215878524e-501
5.49171203876e-503
9.18399680882e-505
1.520094775597e-506
2.490067068812e-508
4.036818513021e-510
6.47651648754e-512
1.028262428807e-513
1.61552161724e-515
2.511619616104e-517
3.863786470984e-519
5.88134014625e-521
8.85786534244e-523
1.3199485716e-524
1.946012233144e-526
2.838442454409e-528
4.095866945882e-530
5.84693065104e-532
8.25679364521e-534
1.153403387805e-535
1.593757074997e-537
2.178305732476e-539
2.944800848281e-541
3.937475613707e-543
5.20701737219e-545
6.81010190332e-547
8.80837392362e-549
1.126676968232e-550
1.425110385323e-552
1.782488588914e-554
2.204539084632e-556
2.695908451852e-558
3.25965881517e-560
3.896745704176e-562
4.605513060253e-564
5.3812478028e-566
6.21584019504e-568
7.09759619546e-570
8.01124325528e-572
8.93816126406e-574
9.85685575725e-576
1.07436719223e-577
1.157372684398e-579
1.23220158142e-581
1.296462872854e-583
1.347999698875e-585
1.385008206628e-587
1.406141552098e-589
1.410590755254e-591
1.398135683619e-593
1.369161718342e-595
1.324640428549e-597
1.266075559775e-599
1.195418514981e-601
1.114959966647e-603
1.027206029407e-605
9.34748370722e-608
8.40137671346e-610
7.45769005611e-612
6.53786131706e-614
5.66009578144e-616
4.838910438089e-618
4.084942627375e-620
3.405003633409e-622
2.802340636341e-624
2.277059070434e-626
1.826651981534e-628
1.446583132466e-630
1.130875475746e-632
8.72664928171e-635
6.64689705071e-637
4.99696404715e-639
3.70754377633e-641
2.714787782347e-643
1.961695335673e-645
1.3987807252e-647
9.84161214907e-650
6.83214832371e-652
4.679489219804e-654
3.162024367607e-656
2.107816598059e-658
1.386041708893e-660
8.99022265763e-663
5.75161533491e-665
3.62918233348e-667
2.258402834908e-669
1.385930833143e-671
8.38692658981e-674
5.00447625853e-676
2.944299940504e-678
1.707835191329e-680
9.76614048608e-683
5.50535625023e-685
3.059182773873e-687
1.675539925464e-689
9.04492654392e-692
4.812020742451e-694
2.522859808145e-696
1.30338477011e-698
6.63493225295e-701
3.327781559521e-703
1.644362040935e-705
8.00449499697e-708
3.838252500922e-710
1.812863876372e-712
8.43329956991e-715
3.86365956895e-717
1.743159656697e-719
7.74426375945e-722
3.387623240324e-724
1.45897911613e-726
6.1859829571e-729
2.581905594264e-731
1.060742496345e-733
4.289267866001e-736
1.70696737822e-738
6.68499400089e-741
2.576173425067e-743
9.7681336486e-746
3.64396570605e-748
1.337292904209e-750
4.82760086984e-753
1.714159847266e-755
5.98616390911e-758
2.055819515801e-760
6.94259463887e-763
2.305260459535e-765
7.52558135119e-768
2.415138399438e-770
7.61878141087e-773
2.362270794351e-775
7.19835429779e-778
2.155531397254e-780
6.34235920401e-783
1.833495849052e-785
5.20712996212e-788
1.452655287915e-790
3.980413183456e-793
1.0711503377e-795
2.830636584832e-798
7.34485807269e-801
1.871121362897e-803
4.679428978424e-806
1.148705374452e-808
2.767587114796e-811
6.54368196954e-814
1.518175911367e-816
3.455820894629e-819
7.71718924181e-822
1.690420775196e-824
3.631671506045e-827
7.65141985715e-830
1.580695662406e-832
3.201633290313e-835
6.3570799496e-838
1.237232982497e-840
2.359920079342e-843
4.411016006079e-846
8.07826900126e-849
1.449367058376e-851
2.547183060997e-854
4.384339206807e-857
7.39009607319e-860
1.219654699546e-862
1.970619049983e-865
3.116626064344e-868
4.824134059291e-871
7.30705244686e-874
1.082898913748e-876
1.569965803055e-879
2.22629067995e-882
3.087413659132e-885
4.186585512479e-888
5.55018214561e-891
7.19226301979e-894
9.10883529496e-897
1.127264847563e-899
1.362952446815e-902
1.609725324658e-905
1.856789965504e-908
2.091395538768e-911
2.299816943198e-914
2.468619602322e-917
2.586055228774e-920
2.643393422367e-923
2.635983001105e-926
2.563865906082e-929
2.431832731827e-932
2.248900388907e-935
2.027290201282e-938
1.781067770539e-941
1.524656409228e-944
1.271444040855e-947
1.032669721271e-950
8.16710631126e-954
6.28810241692e-957
4.712117058426e-960
3.436025437213e-963
2.43746040657e-966
1.68172502609e-969
1.128241706641e-972
7.35818583758e-976
4.663914797189e-979
2.872298714478e-982
1.718278873544e-985
9.98220837315e-989
5.63002535925e-992
3.081942140862e-995
1.636991800977e-998
8.43435071495e-1002
4.21417789627e-1005
2.041271123151e-1008
9.58259789026e-1012
4.358391221354e-1015
1.919961820205e-1018
8.18922549809e-1022
3.380917954153e-1025
1.35058809184e-1028
5.21866876678e-1032
1.949818464172e-1035
7.04161561849e-1039
2.457180579555e-1042
8.28186550702e-1046
2.695144246148e-1049
8.46509005985e-1053
2.565112107582e-1056
7.49604459929e-1060
2.11169467212e-1063
5.7322020674e-1067
1.49870978204e-1070
3.772501771291e-1074
9.13825274836e-1078
2.129218613905e-1081
4.769773712059e-1085
1.02680535446e-1088
2.123141190846e-1092
4.214563701933e-1096
8.02761995614e-1100
1.466403641714e-1103
2.567552876359e-1107
4.306706590278e-1111
6.91649657924e-1115
1.062896273144e-1118
1.562075179873e-1122
2.194093946459e-1126
2.94360700386e-1130
3.769621557029e-1134
4.604936362231e-1138
5.36246498002e-1142
5.94866240978e-1146
6.28172625384e-1150
6.30994756824e-1154
6.024664371e-1158
5.46341685362e-1162
4.701912277829e-1166
3.837140099595e-1170
2.96686285041e-1174
2.171534475579e-1178
1.50323454246e-1182
9.83279279534e-1187
6.07161217654e-1191
3.535753405506e-1195
1.939862179714e-1199
1.001651392894e-1203
4.8623924975e-1208
2.216594696983e-1212
9.47816221292e-1217
3.797038278994e-1221
1.423351194291e-1225
4.986198937231e-1230
1.630202949668e-1234
4.967424280666e-1239
1.408701709348e-1243
3.712463922863e-1248
9.07806478413e-1253
2.056451074789e-1257
4.308400771413e-1262
8.33365753034e-1267
1.485577190674e-1271
2.436015564622e-1276
3.667249296361e-1281
5.058123831181e-1286
6.37823753065e-1291
7.33678091731e-1296
7.68051813904e-1301
7.29951592124e-1306
6.28207755051e-1311
4.882590971093e-1316
3.417498629582e-1321
2.147766585445e-1326
1.208170241193e-1331
6.063168295897e-1337
2.705143671687e-1342
1.069062904314e-1347
3.727763985897e-1353
1.142180748543e-1358
3.061693741747e-1364
7.14674927643e-1370
1.44551862816e-1375
2.52006736541e-1381
3.765487722536e-1387
4.793189367169e-1393
5.164210552576e-1399
4.676579667423e-1405
3.532891429879e-1411
2.20840317527e-1417
1.132258090841e-1423
4.715978582946e-1430
1.579145689796e-1436
4.20276281376e-1443
8.77934045967e-1450
1.419703058056e-1456
1.750219751209e-1463
1.617151453411e-1470
1.098756973557e-1477
5.373351952559e-1485
1.846107952875e-1492
4.334539399365e-1500
6.737921583924e-1508
6.684057511327e-1516
4.053173046478e-1524
1.427762319478e-1532
2.74823597374e-1541
2.682831143322e-1550
1.210667883622e-1559
2.244905642863e-1569
1.466431871659e-1579
2.73964460715e-1590
1.089160330134e-1601
5.893184123464e-1614
2.067523134321e-1627
1.1257357945883e-1642
2.334487360128e-1661