0.0755325699334791
0.0746734211268748
0.0729843185710101
0.0705220057724894
0.0673676109490199
0.0636222120810977
0.0594014686406148
0.054829716902135
0.0500339472479931
0.0451380656139529
0.0402577910568488
0.0354964646450113
0.0309419510735778
0.0266647141803685
0.0227170511354392
0.019133386250729
0.0159314605109476
0.013114210668768
0.01067211283727
0.008585768181163
0.0068285288387211
0.0053689956657564
0.0041732603925676
0.0032068081629284
0.0024360377764271
0.0018293929713871
0.00135812668637046
0.00099674053841849
0.00072315389217794
0.00051866177148355
0.00036773987531371
0.00025774971038216
0.00017858893892319
0.000122322881380882
0.000082823850964016
0.000055436453116781
0.000036679669250405
0.000023990700819877
0.000015511204686994
9.9135829493595e-6
6.263191128151e-6
3.9114510685273e-6
2.4146522713839e-6
1.4734755228312e-6
8.8879169487605e-7
5.2993525811094e-7
3.1232616547721e-7
1.8195061982208e-7
1.0477439075632e-7
5.9636195629009e-8
3.3551703429988e-8
1.8658025328062e-8
1.0255569301271e-8
5.5717717754131e-9
2.9920076536264e-9
1.5880502103039e-9
8.3309426910649e-10
4.3196505794147e-10
2.2137253271221e-10
1.1212837099867e-10
5.6133212498325e-11
2.7773637088858e-11
1.3581567056806e-11
6.563976122786e-12
3.1353045239943e-12
1.4800747760251e-12
6.9051682672037e-13
3.1838087174403e-13
1.450765089982e-13
6.5331090929375e-14
2.9074388420521e-14
1.2786869440532e-14
5.5574537958299e-15
2.3869340545791e-15
1.0131010701476e-15
4.2492052033791e-16
1.7611644697917e-16
7.213134468421e-17
2.9192721570551e-17
1.1674708476159e-17
4.613524005033e-18
1.801478566773e-18
6.950710506539e-19
2.6498861588663e-19
9.981991402033e-20
3.7152931306106e-20
1.3663085018216e-20
4.9645288524833e-21
1.7822744966619e-21
6.321673301112e-22
2.2153580872987e-22
7.670147137405e-23
2.6236426513825e-23
8.866253857366e-24
2.9600790490079e-24
9.763088140136e-25
3.1811552194494e-25
1.0239745533687e-25
3.2560640131361e-26
1.0227956950086e-26
3.1737277031416e-27
9.728094540982e-28
2.945477371396e-28
8.809387867938e-29
2.6024965112356e-29
7.59418401104e-30
2.1888231265994e-30
6.231186826136e-31
1.7520774030842e-31
4.865752088184e-32
1.3346042457246e-32
3.6153672782484e-33
9.672554833575e-34
2.5557018791269e-34
6.668845465887e-35
1.718516619939e-35
4.37331226121e-36
1.099035824834e-36
2.7273988731643e-37
6.6836182978e-38
1.6173030965799e-38
3.8643682518764e-39
9.117238261656e-40
2.1239099886534e-40
4.885253398417e-41
1.1094464315298e-41
2.487618564791e-42
5.506926648279e-43
1.2035733735748e-43
2.5969479069029e-44
5.531854958257e-45
1.1632808688661e-45
2.4148707818225e-46
4.948662695339e-47
1.0010493034168e-47
1.9988749825854e-48
3.939735945023e-49
7.664583462846e-50
1.471765026017e-50
2.7893644843411e-51
5.217676934938e-52
9.632574260631e-53
1.7550472400311e-53
3.1557630734015e-54
5.599855761704e-55
9.806042375526e-56
1.6945041295989e-56
2.8894206251677e-57
4.861668787257e-58
8.071485714339e-59
1.3222148248659e-59
2.1370651191216e-60
3.407903651446e-61
5.361633910226e-62
8.322113532508e-63
1.2743329973039e-63
1.9250014846549e-64
2.868560004348e-65
4.216647226133e-66
6.114016869835e-67
8.744348345053e-68
1.2335449551873e-68
1.7163044483394e-69
2.3552143013643e-70
3.187484366984e-71
4.254336532635e-72
5.599718665133e-73
7.268343466171e-74
9.303013440197e-75
1.1741261551938e-75
1.4611424046505e-76
1.7928360622624e-77
2.1689137009347e-78
2.586907200241e-79
3.04186093513e-80
3.526148917069e-81
4.029465159762e-82
4.539020108112e-83
5.039959521765e-84
5.516000936299e-85
5.950258873537e-86
6.326206219428e-87
6.628698890503e-88
6.844977212347e-89
6.965552834888e-90
6.984895889669e-91
6.901853391262e-92
6.719755002398e-93
6.446193258865e-94
6.092498278026e-95
5.672957595212e-96
5.203856145432e-97
4.702426530845e-98
4.185803974807e-99
3.670073745681e-100
3.169482849784e-101
2.695865159091e-102
2.258303273203e-103
1.8630248565257e-104
1.5135090553598e-105
1.2107621566048e-106
9.537120941995e-108
7.396688316271e-109
5.648011897251e-110
4.245888224676e-111
3.142189168199e-112
2.289089578566e-113
1.6414797865133e-114
1.1585796604196e-115
8.048388047466e-117
5.502490626032e-118
3.702129194286e-119
2.451093328439e-120
1.596827516665e-121
1.0235748595349e-122
6.455321965336e-124
4.005215056362e-125
2.444646280706e-126
1.4677793608389e-127
8.668262534856e-129
5.035023612816e-130
2.876341514596e-131
1.6159199244118e-132
8.927097744795e-134
4.849333803437e-135
2.590031918111e-136
1.3600314383325e-137
7.020737813039e-139
3.56266793145e-140
1.777031574878e-141
8.711846140832e-143
4.197475325942e-144
1.987450235223e-145
9.247011100193e-147
4.227366860908e-148
1.898750771596e-149
8.378399239858e-151
3.631736819116e-152
1.546296049518e-153
6.466364292932e-155
2.655710709798e-156
1.0710698902467e-157
4.241643940512e-159
1.649272397042e-160
6.295848947431e-162
2.359290348554e-163
8.678299186677e-165
3.133101228538e-166
1.110096526429e-167
3.859694842821e-169
1.3167701390345e-170
4.407477074935e-172
1.447274839169e-173
4.661761149365e-175
1.472799759156e-176
4.563395491645e-178
1.386560019889e-179
4.130952799428e-181
1.206638011837e-182
3.45519504983e-184
9.698171865328e-186
2.667971677481e-187
7.192803721627e-189
1.900167146423e-190
4.918268736978e-192
1.247122481696e-193
3.097641782392e-195
7.535752175961e-197
1.795323432095e-198
4.188186911264e-200
9.565826179528e-202
2.138833635144e-203
4.680948069257e-205
1.0026199013444e-206
2.10148859906e-208
4.309706108995e-210
8.646472708619e-212
1.696840041403e-213
3.256810086636e-215
6.112679489401e-217
1.1217487110471e-218
2.012428354869e-220
3.528915874232e-222
6.047729098626e-224
1.0127600873152e-225
1.656975421009e-227
2.648205757169e-229
4.133742067364e-231
6.30114825813e-233
9.377956623698e-235
1.362496121805e-236
1.932083912144e-238
2.673647976542e-240
3.609878661166e-242
4.754582885366e-244
6.107783732598e-246
7.651117883576e-248
9.344441648339e-250
1.112461050817e-251
1.290724563129e-253
1.459192005839e-255
1.607062169885e-257
1.723867839472e-259
1.800671019498e-261
1.831176913114e-263
1.812576963561e-265
1.745966007389e-267
1.636249204847e-269
1.491546405302e-271
1.322193991206e-273
1.139515320041e-275
9.545644079364e-278
7.770372505788e-280
6.144963748999e-282
4.719814020745e-284
3.520006707676e-286
2.54834266858e-288
1.79039240915e-290
1.220373076692e-292
8.068010058415e-295
5.171809785486e-297
3.213595404972e-299
1.934995338627e-301
1.128686823998e-303
6.375784808094e-306
3.48673867276e-308
1.845383063114e-310
9.44904075013e-313
4.679208487862e-315
2.240199099186e-317
1.0365087871536e-319
4.633087775189e-322
1.999928938493e-324
8.333675898e-327
3.350921213066e-329
1.299633445994e-331
4.859883503652e-334
1.751435125932e-336
6.080451820958e-339
2.032623550488e-341
6.539705952182e-344
2.024116470693e-346
6.023923186976e-349
1.722960202822e-351
4.73372048012e-354
1.248634576463e-356
3.160394503722e-359
7.671529840715e-362
1.784894028095e-364
3.978148038258e-367
8.48845636044e-370
1.732964554628e-372
3.382907288524e-375
6.310275177926e-378
1.124020771044e-380
1.910599341856e-383
3.096895574727e-386
4.783305777537e-389
7.034731739511e-392
9.843456984491e-395
1.309424977423e-397
1.654578491569e-400
1.984253027199e-403
2.256453873495e-406
2.430969298231e-409
2.478828010882e-412
2.390029565735e-415
2.176763179144e-418
1.870748672643e-421
1.515461155433e-424
1.155874163416e-427
8.29097418719e-431
5.586030204583e-434
3.530666055666e-437
2.090724943957e-440
1.158330145854e-443
5.995798337991e-447
2.895336912859e-450
1.302325396546e-453
5.447660627725e-457
2.115639249101e-460
7.614689501838e-464
2.535389338602e-467
7.794430145103e-471
2.207987513488e-474
5.751270008632e-478
1.374428482448e-481
3.006482672296e-485
6.004919651771e-489
1.092305528108e-492
1.804613443761e-496
2.70007131293e-500
3.64747851131e-504
4.434387120164e-508
4.83514211748e-512
4.711269051603e-516
4.086354373942e-520
3.142016865231e-524
2.132248365831e-528
1.271075663968e-532
6.622285709582e-537
2.999030075389e-541
1.1736541647389e-545
3.943948395537e-550
1.1302388067762e-554
2.741672700072e-559
5.58386556094e-564
9.463804399809e-569
1.321810549811e-573
1.50513390968e-578
1.380752606673e-583
1.0070391115163e-588
5.753690892219e-594
2.532802389422e-599
8.430450290744e-605
2.076833233952e-610
3.694760828152e-616
4.613716985589e-622
3.911503432732e-628
2.164523568339e-634
7.457528589433e-641
1.5102574104695e-647
1.673820912414e-654
9.272157591811e-662
2.280548411662e-669
2.121881261409e-677
5.952065543913e-686
3.573445576759e-695
2.603261707511e-705
7.720299338994e-717
5.534978235793e-731