0.049710627805942
0.049465277407785
0.0489782028675349
0.0482565675326275
0.0473108965763583
0.0461548216241741
0.0448047539301855
0.0432794970513723
0.041599811785512
0.039787947417803
0.037867154019171
0.035861190644346
0.033793843806821
0.031688469604814
0.029567571404907
0.027452423144599
0.025362746191725
0.023316445405012
0.021329407684888
0.019415363991704
0.017585813634864
0.0158500076823384
0.0142149866703369
0.0126856664530871
0.0112649650491178
0.0099539627201348
0.0087520872511171
0.0076573164597885
0.0066663903119431
0.0057750256089044
0.0049781269917202
0.00426998891823
0.0036444842593925
0.0030952361790826
0.0026157709614185
0.0021996503930331
0.0018405831640952
0.0015325154992081
0.0012697018537231
0.0010467570063444
0.0008586912457836
0.00070093059396234
0.00056932414156923
0.00046014060754752
0.0003700561881197
0.0002961356498764
0.00023580846174025
0.00018684156781749
0.00014731019131999
0.00011556784102939
0.00009021647622488
0.00007007758147197
0.000054164714930894
0.000041657926702135
0.000031880299281842
0.000024276741102466
0.00001839506588028
0.000013869313700153
0.000010405212449585
7.767638004056e-6
5.7699059253194e-6
4.2647138117134e-6
3.1365493934787e-6
2.295382753004e-6
1.6714696798503e-6
1.2111054355847e-6
8.731826852036e-7
6.264229113085e-7
4.4716638367923e-7
3.176210598304e-7
2.2448518825397e-7
1.5787158594774e-7
1.10473407509e-7
7.692165804385e-8
5.32937449289e-8
3.6740085010779e-8
2.5202288890279e-8
1.7201856265906e-8
1.1682767337324e-8
7.894975812728e-9
5.308723614719e-9
3.5519204455553e-9
2.3646654682567e-9
1.5664232095016e-9
1.0324784145821e-9
6.771499781333e-10
4.418962463179e-10
2.8693719320289e-10
1.8538901493476e-10
1.1918216992111e-10
7.623742813724e-11
4.852374975805e-11
3.0730466004068e-11
1.9364759698862e-11
1.2141790831262e-11
7.574963408274e-12
4.702241956116e-12
2.9043939479208e-12
1.7849730515087e-12
1.091522921667e-12
6.641383712553e-13
4.020760975386e-13
2.422040267331e-13
1.451701498787e-13
8.657561627871e-14
5.137307839551e-14
3.0331699691514e-14
1.7818801220791e-14
1.0415502121905e-14
6.05761046103e-15
3.505429827156e-15
2.0183636457073e-15
1.156312302083e-15
6.591251091678e-16
3.7383238831e-16
2.1096078233902e-16
1.1845179068057e-16
6.617531193405e-17
3.678444296007e-17
2.0344430678814e-17
1.1195394808391e-17
6.129783569596e-18
3.339350883791e-18
1.8100454667454e-18
9.761729045458e-19
5.238092516147e-19
2.796585111363e-19
1.4855616575595e-19
7.851640090029e-20
4.128919723478e-20
2.1603202343159e-20
1.1246172643093e-20
5.824994923952e-21
3.00185573111e-21
1.5391707549796e-21
7.852099008187e-22
3.985528859052e-22
2.0127350987722e-22
1.0113162606866e-22
5.055758261759e-23
2.514686067354e-23
1.2444533916889e-23
6.12731339499e-24
3.001631382181e-24
1.4629841705878e-24
7.094406972811e-25
3.422834964359e-25
1.6430409739927e-25
7.846980578196e-26
3.728616192324e-26
1.7627181196969e-26
8.291007316328e-27
3.879896332097e-27
1.8064272851328e-27
8.36772744403e-28
3.856384946666e-28
1.7682276225714e-28
8.066404966192e-29
3.661044821352e-29
1.6531503432374e-29
7.426788229277e-30
3.319481156526e-30
1.4761107474854e-30
6.530498395296e-31
2.874428023153e-31
1.2587322101034e-31
5.483920028622e-32
2.37697052878e-32
1.0250155382812e-32
4.397543181591e-33
1.8769894266331e-33
7.970482649959e-34
3.367266745017e-34
1.4152707994202e-34
5.91792841233e-35
2.46188073602e-35
1.0188973980319e-35
4.1952614273e-36
1.7185086531865e-36
7.003377153213e-37
2.839392147309e-37
1.1452604803662e-37
4.595610021504e-38
1.8345983932907e-38
7.286127114665e-39
2.878785535067e-39
1.1315601531443e-39
4.424871584613e-40
1.7213822008241e-40
6.662028219504e-41
2.56499815447e-41
9.824670047778e-42
3.743674756045e-42
1.4191436339733e-42
5.351821003976e-43
2.007810224466e-43
7.493564737929e-44
2.78226084485e-44
1.0276604751138e-44
3.776093473307e-45
1.3803077600622e-45
5.019356743069e-46
1.815757980161e-46
6.534380795597e-47
2.339302081778e-47
8.331100368158e-48
2.951558618685e-48
1.0402368491787e-48
3.647065905343e-49
1.2719918211163e-49
4.413195057217e-50
1.5231714260813e-50
5.229619050313e-51
1.786140748845e-51
6.068542471786e-52
2.051043808751e-52
6.895821719196e-53
2.306303069888e-53
7.672991237954e-54
2.539391738762e-54
8.360073045068e-55
2.737817520899e-55
8.918907536166e-56
2.89021555309e-56
9.316630685599e-57
2.987419824626e-57
9.528861601528e-58
3.023373518169e-58
9.542172218081e-59
2.995752870985e-59
9.355491879245e-60
2.906215327774e-60
8.980242777682e-61
2.760235201683e-61
8.43918322347e-62
2.566549456602e-62
7.764121607839e-63
2.336291655241e-63
6.992820538168e-64
2.081933509877e-64
6.165510184743e-65
1.816173818763e-65
5.321457001905e-66
1.550911368478e-66
4.495988476806e-67
1.2964139389438e-67
3.718270519424e-68
1.0607561352233e-68
3.009995731326e-69
8.495529222567e-70
2.384996204469e-70
6.659721972204e-71
1.849669376354e-71
5.109755918825e-72
1.404018008929e-72
3.83716168786e-73
1.0430637083524e-73
2.820157041537e-74
7.583957184075e-75
2.028509124144e-75
5.396534464708e-76
1.427934267612e-76
3.757985627613e-77
9.836803813024e-78
2.560962686461e-78
6.631338222647e-79
1.707835857433e-79
4.374580584009e-80
1.1144751139734e-80
2.82388039033e-81
7.116435002058e-82
1.783681196563e-82
4.446402976479e-83
1.1023906434296e-83
2.718288785648e-84
6.666337554474e-85
1.625956367556e-85
3.944196932916e-86
9.515566347736e-87
2.283154283513e-87
5.44827044118e-88
1.293013430633e-88
3.05187393963e-89
7.163866864902e-90
1.672414631234e-90
3.882881297692e-91
8.965533368274e-92
2.05877155281e-92
4.701628779982e-93
1.0678119924829e-93
2.411824229483e-94
5.417501341849e-95
1.210188490259e-95
2.688473247527e-96
5.939572873145e-97
1.304967154018e-97
2.851260393603e-98
6.19534040101e-99
1.338697658281e-99
2.876649233343e-100
6.147186893937e-101
1.306318406802e-101
2.760595685295e-102
5.801438484918e-103
1.212399352426e-103
2.519595341479e-104
5.207016624222e-105
1.070084708963e-105
2.186836574472e-106
4.444075373198e-107
8.980724019783e-108
1.804695986864e-108
3.606263302565e-109
7.165877682722e-110
1.415917070341e-110
2.782022214263e-111
5.435451042001e-112
1.055992082847e-112
2.040016427437e-113
3.918794007556e-114
7.485396386769e-115
1.421734778552e-115
2.685106994802e-116
5.042450309441e-117
9.415783597336e-118
1.748251450253e-118
3.227614660772e-119
5.924989314109e-120
1.081482056585e-120
1.962793696296e-121
3.54202240657e-122
6.355459862019e-123
1.133859870674e-123
2.011343332253e-124
3.547522313724e-125
6.221195251235e-126
1.084750744038e-126
1.88057716332e-127
3.241567520063e-128
5.555451040146e-129
9.46632758528e-130
1.603759674915e-130
2.701408091204e-131
4.524096193923e-132
7.532892348546e-133
1.247031848507e-133
2.052469581035e-134
3.358588895317e-135
5.46405954524e-136
8.83791800341e-137
1.421209103896e-137
2.272149745394e-138
3.611472829516e-139
5.706865676518e-140
8.96549553952e-141
1.400269847415e-141
2.174239562737e-142
3.356283872206e-143
5.150661603198e-144
7.85810416854e-145
1.191846588135e-145
1.797082907884e-146
2.693756933449e-147
4.014103590419e-148
5.946425146151e-149
8.75705071387e-150
1.282010573839e-150
1.865754409763e-151
2.699254002996e-152
3.882010512573e-153
5.549969430311e-154
7.88755949388e-155
1.114320467838e-155
1.564912957579e-156
2.184641040855e-157
3.03163563165e-158
4.181942990361e-159
5.734302086193e-160
7.81594570473e-161
1.058956554643e-161
1.426157596547e-162
1.909179554402e-163
2.540463771301e-164
3.360185836171e-165
4.417684716502e-166
5.77303678858e-167
7.49875495077e-168
9.68158040431e-169
1.242431989447e-169
1.584766446918e-170
2.00919075943e-171
2.531846147014e-172
3.171105159233e-173
3.94764522293e-174
4.884461103325e-175
6.006800115197e-176
7.3420035783e-177
8.9192384958e-178
1.076910491991e-178
1.292310710233e-179
1.541298041211e-180
1.826987118019e-181
2.152337306158e-182
2.520043105916e-183
2.932413279438e-184
3.391241559575e-185
3.897672706337e-186
4.45206854218e-187
5.053879359827e-188
5.701526692525e-189
6.392303804571e-190
7.12230034276e-191
7.88635734109e-192
8.67805816111e-193
9.48975996737e-194
1.031266899506e-194
1.113696120146e-195
1.195194796848e-196
1.274628442698e-197
1.3508215811e-198
1.42258551438e-199
1.488748363407e-200
1.548186354752e-201
1.599855213062e-202
1.642820449493e-203
1.676285329125e-204
1.699615354387e-205
1.71235821743e-206
1.7142583474e-207
1.705265400651e-208
1.685536301342e-209
1.65543072253e-210
1.615500187827e-211
1.566471254609e-212
1.509223495612e-213
1.444763212458e-214
1.374193980436e-215
1.298685230601e-216
1.21944011853e-217
1.137663908634e-218
1.054534022423e-219
9.71172765854e-221
8.88623574935e-222
8.07831412408e-223
7.29627724885e-224
6.54720142834e-225
5.836868879841e-226
5.169756553119e-227
4.549065686952e-228
3.976786771114e-229
3.453793654108e-230
2.979960011991e-231
2.554291255241e-232
2.175065161126e-233
1.839975024414e-234
1.546269854309e-235
1.290887040216e-236
1.070573892986e-237
8.81995476329e-239
7.21827117789e-240
5.86830883556e-241
4.739160819424e-242
3.801845045664e-243
3.029616117156e-244
2.398152191091e-245
1.885634558558e-246
1.47273852858e-247
1.142554064991e-248
8.80453656856e-250
6.73923331022e-251
5.123707473279e-252
3.869221400262e-253
2.902176413675e-254
2.16212370967e-255
1.599886904396e-256
1.175832685762e-257
8.58311120155e-259
6.22275007103e-260
4.480781912198e-261
3.204457243273e-262
2.276039304402e-263
1.605554261399e-264
1.124826399385e-265
7.826302002e-267
5.407961311858e-268
3.711177107385e-269
2.529217346657e-270
1.71179676666e-271
1.150548733275e-272
7.67962063043e-274
5.09039619745e-275
3.350700356962e-276
2.190215642121e-277
1.421675586487e-278
9.16371390591e-280
5.86536363498e-281
3.727912915595e-282
2.352767096524e-283
1.474447867122e-284
9.17512786868e-286
5.66920210807e-287
3.478193421365e-288
2.118860339806e-289
1.281629692004e-290
7.69713670694e-292
4.589834335985e-293
2.717444760033e-294
1.597405031095e-295
9.32297800245e-297
5.40224418795e-298
3.107909231644e-299
1.775135882568e-300
1.006603901212e-301
5.66687830755e-303
3.167247105696e-304
1.757386468817e-305
9.68042297205e-307
5.293678256694e-308
2.873765336053e-309
1.548709575692e-310
8.28529407285e-312
4.400068576576e-313
2.319630540152e-314
1.213892695363e-315
6.30576972669e-317
3.251520056162e-318
1.664253386686e-319
8.45534386997e-321
4.263988382547e-322
2.134360293277e-323
1.06042625714e-324
5.22935636436e-326
2.559558177991e-327
1.243439661535e-328
5.99544303129e-330
2.869119112844e-331
1.362700626186e-332
6.42348515424e-334
3.005060131121e-335
1.39521625819e-336
6.4287942062e-338
2.939752935145e-339
1.334071485224e-340
6.00797258794e-342
2.685041071442e-343
1.190807652683e-344
5.240750712413e-346
2.288758982439e-347
9.91869952432e-349
4.265313145883e-350
1.820044430041e-351
7.70621764518e-353
3.237591545315e-354
1.349638963287e-355
5.58240244336e-357
2.291003985002e-358
9.3287802091e-360
3.768871234814e-361
1.510700008634e-362
6.00784457655e-364
2.370421978927e-365
9.27880645784e-367
3.603387412915e-368
1.388273600958e-369
5.306122566768e-371
2.011918532747e-372
7.56775672977e-374
2.823841454356e-375
1.045255607819e-376
3.83801252641e-378
1.397927174802e-379
5.050676310425e-381
1.810063719623e-382
6.43442875564e-384
2.268769417755e-385
7.93464193768e-387
2.752410819865e-388
9.46979162592e-390
3.23147710289e-391
1.093672879742e-392
3.671061530509e-394
1.222097517787e-395
4.034800895767e-397
1.321090071699e-398
4.289718578072e-400
1.381348181717e-401
4.411104948996e-403
1.396861448149e-404
4.386445868236e-406
1.365895462995e-407
4.217538846193e-409
1.291306412479e-410
3.920303667994e-412
1.180108241332e-413
3.522307027113e-415
1.042382843805e-416
3.058534459376e-418
8.89768291643e-420
2.566310441997e-421
7.33840066303e-423
2.080390213417e-424
5.8469647635e-426
1.629106695424e-427
4.499797705525e-429
1.232116684381e-430
3.344390628412e-432
8.99869094428e-434
2.400101828306e-435
6.34539627572e-437
1.662866111143e-438
4.319325289257e-440
1.112052332637e-441
2.837760586012e-443
7.17724819861e-445
1.799128884685e-446
4.469706845778e-448
1.100521550001e-449
2.685412733585e-451
6.49391637982e-453
1.556236540154e-454
3.695794744471e-456
8.69747895925e-458
2.028253173241e-459
4.686882203575e-461
1.073170704832e-462
2.434816354653e-464
5.47350995618e-466
1.219151057631e-467
2.690484972834e-469
5.88267068568e-471
1.274320951175e-472
2.734845310053e-474
5.81467753268e-476
1.22474768661e-477
2.555552899496e-479
5.28237752741e-481
1.081606530944e-482
2.1937815786e-484
4.407481874819e-486
8.77100830612e-488
1.728856894372e-489
3.375263876951e-491
6.52655689549e-493
1.249904153854e-494
2.370685148799e-496
4.45311543398e-498
8.28390629341e-500
1.526074439501e-501
2.784028406853e-503
5.0294097176e-505
8.99691687468e-507
1.593644990077e-508
2.795106767547e-510
4.854023208904e-512
8.34621406656e-514
1.420852276607e-515
2.394790355585e-517
3.99606533604e-519
6.60132967711e-521
1.079570961291e-522
1.747748648994e-524
2.800926774072e-526
4.443308156304e-528
6.97717828656e-530
1.084447750318e-531
1.668320525066e-533
2.540264466883e-535
3.828189163882e-537
5.70964625541e-539
8.42776883555e-541
1.231089917647e-542
1.779617752338e-544
2.54571292838e-546
3.603493304156e-548
5.04725620173e-550
6.99503618923e-552
9.59208694783e-554
1.301398226473e-555
1.746894221871e-557
2.319890705431e-559
3.047881496636e-561
3.961350532637e-563
5.0931681345e-565
6.47764409112e-567
8.14920337861e-569
1.014067344621e-570
1.248120317197e-572
1.519387165714e-574
1.829308762075e-576
2.17819236859e-578
2.564956966884e-580
2.986911975121e-582
3.439592465323e-584
3.916673673389e-586
4.409984978089e-588
4.90963847006e-590
5.40427986696e-592
5.88146028768e-594
6.32811700267e-596
6.73114069859e-598
7.07799715033e-600
7.35736362236e-602
7.55973583549e-604
7.67796067902e-606
7.70765336988e-608
7.64746534812e-610
7.49918024941e-612
7.2676287861e-614
6.96042794921e-616
6.58756411656e-618
6.16085194734e-620
5.69331011138e-622
5.19850006625e-624
4.689874857346e-626
4.180181390519e-628
3.680952404628e-630
3.202114427158e-632
2.751726538188e-634
2.335853078458e-636
1.958562705025e-638
1.622037385256e-640
1.32676866852e-642
1.071815167047e-644
8.55094546353e-647
6.73685112901e-649
5.2411572713e-651
4.0262759203e-653
3.05396790381e-655
2.287116594082e-657
1.691037220445e-659
1.234346215433e-661
8.89441768598e-664
6.32662818559e-666
4.442001733002e-668
3.078321090483e-670
2.105498115012e-672
1.421275604523e-674
9.46805578443e-677
6.22413100707e-679
4.037459625805e-681
2.584194136816e-683
1.631944068643e-685
1.016773190945e-687
6.24966674908e-690
3.789471457855e-692
2.266544505946e-694
1.337175120711e-696
7.78081539442e-699
4.465281574199e-701
2.527163800426e-703
1.410432752809e-705
7.76209993728e-708
4.211987590204e-710
2.253454775182e-712
1.188603950805e-714
6.18051183064e-717
3.167982641819e-719
1.600604696834e-721
7.97076340205e-724
3.912024889567e-726
1.892170237133e-728
9.01875268454e-731
4.235755701278e-733
1.960124607345e-735
8.93664920986e-738
4.013965184789e-740
1.776027388481e-742
7.74055117021e-745
3.322836530863e-747
1.404847913331e-749
5.849260346e-752
2.398234468752e-754
9.68208276235e-757
3.84857083345e-759
1.506088411515e-761
5.8021391871e-764
2.200283134118e-766
8.21272826706e-769
3.017033577742e-771
1.090740970954e-773
3.88040023177e-776
1.358341831109e-778
4.67824706806e-781
1.585120346535e-783
5.28335054533e-786
1.732157615528e-788
5.58545395285e-791
1.77126897146e-793
5.52366069312e-796
1.693740827249e-798
5.10628466805e-801
1.513426638415e-803
4.409361955222e-806
1.262721116575e-808
3.553982507667e-811
9.83009349908e-814
2.67172915694e-816
7.13472189349e-819
1.871838772034e-821
4.82417479646e-824
1.221228056026e-826
3.036302755321e-829
7.41349226832e-832
1.777396994638e-834
4.183923313784e-837
9.66883055572e-840
2.193349666202e-842
4.88357263015e-845
1.067123963652e-847
2.288181871185e-850
4.81409948714e-853
9.93660976791e-856
2.011913214971e-858
3.995550661008e-861
7.78194835391e-864
1.486249134219e-866
2.783127186234e-869
5.10926686388e-872
9.19418956194e-875
1.621594236544e-877
2.802777540428e-880
4.746744582544e-883
7.87600996195e-886
1.280151636877e-888
2.037990616126e-891
3.177375965669e-894
4.85065016652e-897
7.24994431323e-900
1.060743489994e-902
1.519021221514e-905
2.128780985421e-908
2.919085621626e-911
3.916025716303e-914
5.13878340547e-917
6.59513154403e-920
8.2768736834e-923
1.015592027334e-925
1.21818069862e-928
1.428143988042e-931
1.636166411668e-934
1.831489515009e-937
2.002756292244e-940
2.139058182767e-943
2.231058278336e-946
2.272034448397e-949
2.258682957556e-952
2.191550568665e-955
2.075017896684e-958
1.916828909942e-961
1.727236303688e-964
1.517894239506e-967
1.300665826577e-970
1.086516083233e-973
8.84633045716e-977
7.01868350059e-980
5.42526721251e-983
4.084750770711e-986
2.994976383978e-989
2.13799921102e-992
1.485625238564e-995
1.004611715906e-998
6.60955809126e-1002
4.229880321825e-1005
2.632447391725e-1008
1.592795342606e-1011
9.36741477331e-1015
5.35337870873e-1018
2.972156210783e-1021
1.602639173811e-1024
8.39079873452e-1028
4.264372692678e-1031
2.103148919237e-1034
1.006292959606e-1037
4.669739252784e-1041
2.101099123248e-1044
9.16338011773e-1048
3.872462305198e-1051
1.585278598944e-1054
6.28453099477e-1058
2.411839159957e-1061
8.95753651515e-1065
3.218454513991e-1068
1.118344441623e-1071
3.756826260937e-1075
1.219631959598e-1078
3.825078264069e-1082
1.158494939105e-1085
3.387079128105e-1089
9.55576782897e-1093
2.600416982036e-1096
6.8231043385e-1100
1.725453802691e-1103
4.203623080984e-1107
9.86179804661e-1111
2.226942515753e-1114
4.838233970462e-1118
1.010856875301e-1121
2.030078582381e-1125
3.916941982163e-1129
7.25735571889e-1133
1.290587676782e-1136
2.201659246115e-1140
3.601110596079e-1144
5.64431574893e-1148
8.4729294079e-1152
1.217464538568e-1155
1.673502317206e-1159
2.199297598243e-1163
2.761615084627e-1167
3.311239939422e-1171
3.788665527921e-1175
4.133922429186e-1179
4.298564535181e-1183
4.256633680089e-1187
4.011244240348e-1191
3.594525705559e-1195
3.060725560026e-1199
2.474507513636e-1203
1.897956585598e-1207
1.379933737639e-1211
9.50244579961e-1216
6.19209295965e-1220
3.814807058716e-1224
2.219917435214e-1228
1.219028046021e-1232
6.31064182279e-1237
3.076613033621e-1241
1.411087228782e-1245
6.08195936667e-1250
2.460668034767e-1254
9.33419752466e-1259
3.315832216981e-1263
1.101687831572e-1267
3.419122040753e-1272
9.89874299792e-1277
2.669641387705e-1281
6.6974396869e-1286
1.560628709834e-1290
3.372501549943e-1295
6.74787434401e-1300
1.248005871621e-1304
2.129825751691e-1309
3.347811476537e-1314
4.837776984505e-1319
6.41418989235e-1324
7.78672082533e-1329
8.63674370509e-1334
8.73275774338e-1339
8.03039166643e-1344
6.69939427976e-1349
5.057380332257e-1354
3.445317596399e-1359
2.112074757188e-1364
1.161621337033e-1369
5.713803129284e-1375
2.505228676205e-1380
9.7567883334e-1386
3.362739725836e-1391
1.021650045237e-1396
2.724754845339e-1402
6.35114619596e-1408
1.287770218876e-1413
2.260041092916e-1419
3.414847707391e-1425
4.417023609129e-1431
4.861190149861e-1437
4.522385259265e-1443
3.53140521526e-1449
2.297137492303e-1455
1.234593482982e-1461
5.433733807225e-1468
1.93961027205e-1474
5.556453757071e-1481
1.262825423854e-1487
2.248308920392e-1494
3.092272116655e-1501
3.23520128371e-1508
2.53084635339e-1515
1.452206964833e-1522
5.98146837292e-1530
1.725784873432e-1537
3.392074273244e-1545
4.398913624131e-1553
3.626768594305e-1561
1.820256159736e-1569
5.2826511415e-1578
8.334377560697e-1587
6.629962320845e-1596
2.421902806233e-1605
3.607450138331e-1615
1.875814571895e-1625
2.759220020804e-1636
8.519685501769e-1648
3.517485528807e-1660
9.18867872411e-1674
3.58776971207e-1689
4.964856849551e-1708