0.1169220965058825
0.1137492403029478
0.1076592648183997
0.0991296277219363
0.0887977475405433
0.0773825723156848
0.0656028221068804
0.0541046405537359
0.0434082927564425
0.0338789330206628
0.025721558297925
0.0189961736112488
0.0136466520156934
0.00953599745562358
0.00648147871156305
0.00428486381638746
0.00275512261250211
0.00172294291658457
0.0010478786525915
0.000619789711056616
0.000356494744042586
0.000199396917944124
0.00010844772176006
0.0000573506358711806
0.0000294883156762589
0.0000147411954792057
7.1641141458912e-6
3.38465445026365e-6
1.55439775172858e-6
6.9387114276662e-7
3.01048254283503e-7
1.26941813643087e-7
5.2018059831387e-8
2.07134722567243e-8
8.0143493680511e-9
3.01277282417998e-9
1.10030281344684e-9
3.9036382882129e-10
1.34524380264614e-10
4.5026466849824e-11
1.46362658621895e-11
4.6200545916469e-12
1.41604119539554e-12
4.2137900448135e-13
1.21728720291442e-13
3.4134218534413e-14
9.2900024869988e-15
2.4537000323529e-15
6.2886333102934e-16
1.5637530935815e-16
3.7722777623592e-17
8.8268891925099e-18
2.00319689245911e-18
4.4085260101838e-19
9.4071320225826e-20
1.94604892811711e-20
3.9022933226007e-21
7.5838713461076e-22
1.42823740792106e-22
2.6060334218428e-23
4.606378265142e-24
7.8861911957054e-25
1.30746247325606e-25
2.0987928625973e-26
3.2614485341774e-27
4.905375160028e-28
7.1395808279494e-29
1.00537453623505e-29
1.36946649273874e-30
1.80407554946286e-31
2.2979834915129e-32
2.8296626900448e-33
3.3676136975104e-34
3.8726784224535e-35
4.3023062260901e-36
4.6162402037848e-37
4.7826259731576e-38
4.783285450067e-39
4.6169594634619e-40
4.29972555939e-41
3.8624446984758e-42
3.3457959446479e-43
2.7940087798298e-44
2.2486369726862e-45
1.7435838266278e-46
1.30215673586881e-47
9.3635807852808e-49
6.4809163524957e-50
4.3161858794462e-51
2.7649198148126e-52
1.7030554197835e-53
1.00827644714954e-54
5.735499880053e-56
3.1335399008725e-57
1.6436073853483e-58
8.2733494045532e-60
3.9948579197425e-61
1.8495615893524e-62
8.2070837934641e-64
3.4886770739203e-65
1.4199648673419e-66
5.5312853209199e-68
2.0610390744639e-69
7.3422850683311e-71
2.4993498597064e-72
8.1251630043295e-74
2.5211397023174e-75
7.4621492928317e-77
2.1055569222778e-78
5.6601894449084e-80
1.4486765031471e-81
3.5277198016418e-83
8.1675999683462e-85
1.7966243534919e-86
3.7519410930692e-88
7.4327967957603e-90
1.3957100289135e-91
2.4821093739925e-93
4.1768773346416e-95
6.6450067679982e-97
9.98491909755e-99
1.4157138106023e-100
1.8921149512919e-102
2.3812336502788e-104
2.8187800753838e-106
3.1349246160007e-108
3.2717517921975e-110
3.2002123246478e-112
2.9299223507562e-114
2.5073804663037e-116
2.0028650425196e-118
1.4910826050898e-120
1.0329760987854e-122
6.648197706648e-125
3.9681981912151e-127
2.1926574453624e-129
1.1194562248218e-131
5.27021971622e-134
2.2830424677697e-136
9.080075216225e-139
3.3076951381192e-141
1.1008586750167e-143
3.3384973289553e-146
9.199306054101e-149
2.2963397467111e-151
5.176074865168e-154
1.049929162699e-156
1.9095108150182e-159
3.101556352284e-162
4.480208604858e-165
5.729307166241e-168
6.454433368208e-171
6.371723449716e-174
5.480134194433e-177
4.080659113351e-180
2.6127057700898e-183
1.4275770978944e-186
6.60168780373e-190
2.5601979733357e-193
8.241962726734e-197
2.1776399657525e-200
4.662220585275e-204
7.972296155411e-208
1.0710926082355e-211
1.1095498291985e-215
8.671290288457e-220
4.984082499837e-224
2.0445021271078e-228
5.773547644619e-233
1.0742664164441e-237
1.2473723977819e-242
8.436794621981e-248
3.038499231596e-253
5.161632949032e-259
3.484252602057e-265
7.219072514006e-272
2.9966234442768e-279
1.0994407041712e-287
4.3414968602251e-298