0.0700742304771242
0.0693879041027531
0.0680353451528119
0.0660557642484111
0.0635056011443983
0.0604558530995353
0.0569887956760216
0.0531943070262222
0.0491660240284466
0.0449975578252232
0.040778978410147
0.0365937454638849
0.0325162194063056
0.0286098370819906
0.0249259853118812
0.0215035571222576
0.0183691335016876
0.0155377007381914
0.0130137913010613
0.0107929252380817
0.0088632284930883
0.0072071129074858
0.0058029178833596
0.0046264334108059
0.0036522460514994
0.0028548714028364
0.0022096568093203
0.0016934553885552
0.00128508605262627
0.000965603859513
0.0007184108499485
0.00052923993845881
0.00038604405021081
0.00027882023371185
0.00019939464119015
0.0001411896975577
0.000098990012426969
0.000068719037248328
0.000047234410427525
0.000032146527052795
0.000021662176642883
0.000014453096166072
9.5479186974675e-6
6.2451627682932e-6
4.0444941034284e-6
2.5933920029331e-6
1.6464696169846e-6
1.034948882181e-6
6.4411244752611e-7
3.9689903310437e-7
2.4214295899663e-7
1.4626316225564e-7
8.747162417135e-8
5.1792431997177e-8
3.0361975064603e-8
1.7622032921928e-8
1.0126092715e-8
5.7608328622807e-9
3.2447681654169e-9
1.8093999822537e-9
9.989309013387e-10
5.4598871946925e-10
2.9544496975214e-10
1.5827471652932e-10
8.394324664465e-11
4.407542071118e-11
2.2910829993412e-11
1.1790058223773e-11
6.0064645642701e-12
3.0293311816206e-12
1.5125036596005e-12
7.475924124944e-13
3.6580445357797e-13
1.7719259883732e-13
8.496722554082e-14
4.0333257877691e-14
1.8952995638019e-14
8.816409514455e-15
4.0597712943554e-15
1.8505628720895e-15
8.350165323328e-16
3.7296810847893e-16
1.6490358902089e-16
7.217165178406e-17
3.1266379912223e-17
1.3407852238531e-17
5.691250199927e-18
2.3912177718825e-18
9.944653520427e-19
4.0936932351282e-19
1.6679845770048e-19
6.726912760422e-20
2.6852360589604e-20
1.0609328189922e-20
4.1488507511912e-21
1.6058241205064e-21
6.151684429833e-22
2.3324462467744e-22
8.752786287475e-23
3.2508250672241e-23
1.194947773254e-23
4.3471807472943e-24
1.5651835158911e-24
5.577208974899e-25
1.9667895363883e-25
6.864096164027e-26
2.370764694978e-26
8.103417817636e-27
2.7410547621233e-27
9.175544489387e-28
3.0395236568326e-28
9.963997245283e-29
3.2322938744855e-29
1.0376047997127e-29
3.2960338390513e-30
1.036059062977e-30
3.2225901509576e-31
9.918541911453e-32
3.0206973406841e-32
9.102854134812e-33
2.7142712721576e-33
8.008081016016e-34
2.3377463714951e-34
6.752337986532e-35
1.9297136172756e-35
5.456415774276e-36
1.5264827123858e-36
4.225129613871e-37
1.1570328829039e-37
3.1347479739872e-38
8.402422224312e-39
2.2281525861877e-39
5.845443417784e-40
1.5171047982455e-40
3.895226426611e-41
9.893778636333e-42
2.4859781585732e-42
6.179186192854e-43
1.5193479896458e-43
3.695458325511e-44
8.891140063854e-45
2.1160095539433e-45
4.981288512991e-46
1.1599051278617e-46
2.6714845615926e-47
6.085902000962e-48
1.3712982185328e-48
3.056089385949e-49
6.736275127939e-50
1.4685392892991e-50
3.16632583818e-51
6.751839937995e-52
1.4238928583246e-52
2.969704190553e-53
6.125221071527e-54
1.2493811597083e-54
2.5201394980833e-55
5.026925050178e-56
9.915625545011e-57
1.9340571471311e-57
3.730280438475e-58
7.114233197965e-59
1.3415921270002e-59
2.5015545042529e-60
4.611982972261e-61
8.40707236627e-62
1.5152080399268e-62
2.699983288852e-63
4.756659570487e-64
8.284876092519e-65
1.4266045308615e-65
2.428540827035e-66
4.08697473755e-67
6.799291313142e-68
1.1182034362592e-68
1.817873718778e-69
2.92134238292e-70
4.640525045761e-71
7.286310184787e-72
1.1308211687293e-72
1.7346653973837e-73
2.630042029765e-74
3.941163303513e-75
5.837009808522e-76
8.543779906685e-77
1.2359263847223e-77
1.7668808525679e-78
2.496221502887e-79
3.485051134542e-80
4.808108398665e-81
6.554916818946e-82
8.830323868722e-83
1.1754148173756e-83
1.5459634892431e-84
2.0090428632572e-85
2.579581869633e-86
3.272409987625e-87
4.101402667014e-88
5.078451746952e-89
6.212297906285e-90
7.507285425373e-91
8.962122293801e-92
1.0568748043685e-92
1.2311424440574e-93
1.4166167279943e-94
1.6100628598252e-95
1.8074516307766e-96
2.00406028257e-97
2.194632769055e-98
2.373594523421e-99
2.535311242777e-100
2.674376034258e-101
2.78590517795e-102
2.865820333548e-103
2.911094673488e-104
2.91994235646e-105
2.891934876877e-106
2.828033771125e-107
2.730536318957e-108
2.602938467312e-109
2.449726377356e-110
2.276113955559e-111
2.087747835098e-112
1.890403125377e-113
1.689692734386e-114
1.4908103727926e-115
1.2983229055178e-116
1.1160221413469e-117
9.468401444945e-119
7.928264009471e-120
6.551802614077e-121
5.343284294953e-122
4.300350853571e-123
3.415315455394e-124
2.676529990767e-125
2.069715387033e-126
1.57917065963e-127
1.1888031832129e-128
8.829490991665e-130
6.469763117948e-131
4.676814114003e-132
3.335052622083e-133
2.345998790876e-134
1.627821816357e-135
1.1140924380553e-136
7.520591115347e-138
5.00702820244e-139
3.287654246915e-140
2.128878205938e-141
1.3594223809331e-142
8.560065411456e-144
5.314944891593e-145
3.253862585311e-146
1.964074470759e-147
1.168838011045e-148
6.857525944663e-150
3.966215068463e-151
2.261306467641e-152
1.2708533307702e-153
7.039835925441e-155
3.843605233596e-156
2.068244865516e-157
1.0968055802997e-158
5.731907995782e-160
2.951805534815e-161
1.497863086093e-162
7.489088547147e-164
3.689220973775e-165
1.790463053842e-166
8.560456667779e-168
4.031855933905e-169
1.870531171606e-170
8.547751215753e-172
3.847163263694e-173
1.70531947592e-174
7.444260741436e-176
3.200089392614e-177
1.354568878414e-178
5.645624377358e-180
2.316690053581e-181
9.359266806877e-183
3.72225597042e-184
1.457247864312e-185
5.615589721073e-187
2.129922094045e-188
7.950781366565e-190
2.920819151495e-191
1.05589074186e-192
3.75597868605e-194
1.314580267889e-195
4.526688839209e-197
1.533462163712e-198
5.1101467438e-200
1.67505936425e-201
5.400473489636e-203
1.712403830537e-204
5.339748471318e-206
1.637354920919e-207
4.936726382261e-209
1.46344320325e-210
4.265002265805e-212
1.221897650389e-213
3.441024328455e-215
9.524512842221e-217
2.590981178239e-218
6.926536320603e-220
1.819540899323e-221
4.696392763498e-223
1.190930624087e-224
2.966812531739e-226
7.260006233394e-228
1.744971400943e-229
4.119123058683e-231
9.548750919968e-233
2.173568948856e-234
4.857854932038e-236
1.065905284903e-237
2.295904439194e-239
4.854089153001e-241
1.007250575946e-242
2.051160612042e-244
4.098737921851e-246
8.03608210971e-248
1.545742427757e-249
2.916638835596e-251
5.398020852031e-253
9.79818950545e-255
1.74408984522e-256
3.044074958898e-258
5.209024249964e-260
8.7382079752e-262
1.436822342889e-263
2.315514548914e-265
3.656823895076e-267
5.658747266488e-269
8.579128397941e-271
1.274144871317e-272
1.853500132908e-274
2.640640149698e-276
3.683939120249e-278
5.032054255577e-280
6.728992412905e-282
8.80781090207e-284
1.128339148415e-285
1.414505694582e-287
1.735009511954e-289
2.081943663117e-291
2.443672202164e-293
2.805173614938e-295
3.148867270432e-297
3.455896908524e-299
3.707763354402e-301
3.888123042169e-303
3.984516760077e-305
3.989778682174e-307
3.902906651209e-309
3.729248533595e-311
3.479963891804e-313
3.170835100328e-315
2.820604164661e-317
2.449080264841e-319
2.075285475497e-321
1.715879939295e-323
1.384041518664e-325
1.088885229617e-327
8.354146225733e-330
6.249191130678e-332
4.556807170236e-334
3.238354978081e-336
2.242464307397e-338
1.512769195773e-340
9.93969397794e-343
6.359633397783e-345
3.961445731102e-347
2.40181752791e-349
1.417070037266e-351
8.134037053283e-354
4.541310088798e-356
2.465534522238e-358
1.301333807784e-360
6.675822608186e-363
3.32772935331e-365
1.611405700355e-367
7.578091561931e-370
3.460150372039e-372
1.533522225533e-374
6.59511817154e-377
2.751487073134e-379
1.113261595584e-381
4.366985121313e-384
1.660306031905e-386
6.116190429011e-389
2.182337510519e-391
7.539970337421e-394
2.521621479573e-396
8.160285191632e-399
2.554438329195e-401
7.732079723736e-404
2.262303268886e-406
6.395849051221e-409
1.74652233169e-411
4.604797960338e-414
1.171751742876e-416
2.876559361442e-419
6.809947707371e-422
1.554041685981e-424
3.416971454859e-427
7.235801330227e-430
1.475029145369e-432
2.893213371464e-435
5.457809567331e-438
9.89694757329e-441
1.724291294288e-443
2.884844086109e-446
4.632404072921e-449
7.135540485443e-452
1.053759123815e-454
1.491080194416e-457
2.020459690744e-460
2.620150315522e-463
3.249817687894e-466
3.852750314359e-469
4.362908918794e-472
4.716077040264e-475
4.862756236547e-478
4.779355755558e-481
4.474252075129e-484
3.986620772238e-487
3.378171453335e-490
2.720187922348e-493
2.07966576192e-496
1.508310678293e-499
1.036820609328e-502
6.748884990649e-506
4.155875724568e-509
2.418619481252e-512
1.328937245154e-515
6.88676315844e-519
3.362210721375e-522
1.544691848494e-525
6.670458960744e-529
2.704189156925e-532
1.027865189894e-535
3.658320924148e-539
1.217531311218e-542
3.783670672982e-546
1.096321980136e-549
2.957224710907e-553
7.414009847081e-557
1.724707468244e-560
3.716290724053e-564
7.4035486635e-568
1.36104833335e-571
2.30429802786e-575
3.585266425923e-579
5.115206935637e-583
6.67662717612e-587
7.953250107282e-591
8.624056321567e-595
8.489534281658e-599
7.565240095002e-603
6.084423332013e-607
4.402400130671e-611
2.856052988204e-615
1.655363870642e-619
8.539204394725e-624
3.904610683994e-628
1.575786429697e-632
5.58690008093e-637
1.731616716027e-641
4.66699472053e-646
1.0875569217648e-650
2.177850719126e-655
3.722918252463e-660
5.393813403999e-665
6.571630412209e-670
6.676026281514e-675
5.602574705377e-680
3.844541982615e-685
2.133041675283e-690
9.450195769617e-696
3.297255486827e-701
8.92094040972e-707
1.839319008238e-712
2.83363019581e-718
3.189565479179e-724
2.556484126006e-730
1.416216562139e-736
5.236508962209e-743
1.2400775250192e-749
1.789952132781e-756
1.482549303148e-763
6.537475408775e-771
1.3954590553937e-778
1.2733853814473e-786
4.198727317137e-795
3.941912650918e-804
7.35283769606e-814
1.5011364922189e-824
1.0642544930629e-836
1.3444635737776e-851