0.0526093576065543
0.0523185825904856
0.0517418441749124
0.0508886331607605
0.0497728597615846
0.0484124764263547
0.0468289975447642
0.045046933982563
0.043093163193687
0.040996257479414
0.038785793752822
0.036491667917663
0.034143435738364
0.031769699966825
0.029397560648363
0.027052142131237
0.024756206548446
0.022529859630109
0.020390350836934
0.01835196616057
0.0164260086693379
0.0146208591094642
0.0129421066871223
0.0113927386012885
0.009973375980488
0.0086825435725095
0.0075169607908281
0.0064718424577709
0.0055411987097664
0.0047181249431543
0.0039950742771028
0.003364106694557
0.0028171107034333
0.0023459949620213
0.0019428487736144
0.0016000716310659
0.0013104730539107
0.0010673447959099
0.00086450810989023
0.00069633915133328
0.00055777580272043
0.00044430923354397
0.00035196340600834
0.00027726552478974
0.00021721014110522
0.00016921928483677
0.00013110063833443
0.00010100540259757
0.00007738715736157
0.000058962693518486
0.000044675507622147
0.000033662398776727
0.000025223399797542
0.000018795106573502
0.000013927339657372
0.000010262976617271
7.52072820186e-6
5.4805911671802e-6
3.9716909460775e-6
2.8622237175677e-6
2.0512157749822e-6
1.4618348382029e-6
1.0360101108698e-6
7.301430182102e-7
5.1171678052685e-7
3.5663886998744e-7
2.4717497135213e-7
1.7035567687541e-7
1.1675742823796e-7
7.957702633056e-8
5.393437417029e-8
3.6351120409961e-8
2.4363722193155e-8
1.6238376594706e-8
1.0762524595219e-8
7.09345338176e-9
4.6491410670904e-9
3.0301113864593e-9
1.963879063672e-9
1.2657285317718e-9
8.112140799759e-10
5.170099005455e-10
3.2766502782998e-10
2.0650403752139e-10
1.294176753273e-10
8.065375476603e-11
4.998283492617e-11
3.0802205897895e-11
1.8875859176822e-11
1.1502571402364e-11
6.970208431194e-12
4.20008926091e-12
2.5167061188801e-12
1.4995709319083e-12
8.885079762883e-13
5.234976486213e-13
3.067089831639e-13
1.786882003766e-13
1.0351949030153e-13
5.963544874369e-14
3.4161915316196e-14
1.9459627137774e-14
1.1022513026684e-14
6.208400753389e-15
3.477211326096e-15
1.9365728763046e-15
1.0724750775718e-15
5.905958039512e-16
3.2340182127563e-16
1.7609324023251e-16
9.534330064545e-17
5.133151721854e-17
2.7480433460029e-17
1.4628767776027e-17
7.743471848102e-18
4.075741449755e-18
2.133140973906e-18
1.1101294281775e-18
5.744707053738e-19
2.9559797371246e-19
1.5124233839267e-19
7.694541428828e-20
3.892499662935e-20
1.9579876733343e-20
9.793228524029e-21
4.870520986679e-21
2.4085605250183e-21
1.1843261979877e-21
5.790495630727e-22
2.815073670862e-22
1.3607940514125e-22
6.540675864056e-23
3.125931157258e-23
1.4854625521895e-23
7.01889062134e-24
3.297605145603e-24
1.5404626546968e-24
7.155252533857e-25
3.30460034807e-25
1.5175115884046e-25
6.92888065238e-26
3.145654553932e-26
1.4199555154793e-26
6.373134527799e-27
2.844100457671e-27
1.2619702950464e-27
5.567555203551e-28
2.442249150791e-28
1.0651830970693e-28
4.619194476581e-29
1.991657793056e-29
8.538242491904e-30
3.639371028649e-30
1.542364597902e-30
6.499042878586e-31
2.722777542299e-31
1.1341593458147e-31
4.697144233528e-32
1.9341509136387e-32
7.918486608397e-33
3.223206292863e-33
1.3044481259187e-33
5.248763670356e-34
2.0997974757588e-34
8.351926536955e-35
3.302808999394e-35
1.2985732497567e-35
5.076148250654e-36
1.9728117123472e-36
7.622880416838e-37
2.928419764479e-37
1.1184766441983e-37
4.247158639805e-38
1.6034174843126e-38
6.018245523683e-39
2.245778494757e-39
8.331750064564e-40
3.073097948308e-40
1.1269015426826e-40
4.108312616681e-41
1.4890437561307e-41
5.365576869046e-42
1.9221570773667e-42
6.845786014375e-43
2.423919786125e-43
8.532418039716e-44
2.985956197946e-44
1.0388446901534e-44
3.593123533525e-45
1.2355105103648e-45
4.223494560005e-46
1.4353144315827e-46
4.849201038995e-47
1.6286949544256e-47
5.438186826239e-48
1.805143303116e-48
5.95676958267e-49
1.954113704243e-49
6.372753479373e-50
2.066050831105e-50
6.65870548996e-51
2.133397822896e-51
6.794936922516e-52
2.151438058882e-52
6.771741696034e-53
2.118840732971e-53
6.590538448418e-54
2.037822673128e-54
6.263730021066e-55
1.913899153246e-55
5.813299110037e-56
1.755262587669e-56
5.268361043217e-57
1.5718864022856e-57
4.662052445731e-58
1.3744903290994e-58
4.028217508404e-59
1.1735158809741e-59
3.398349147421e-60
9.782460652713e-61
2.799158054912e-61
7.961667407667e-62
2.251002755776e-62
6.326179121241e-63
1.767251952682e-63
4.907327449087e-64
1.3545006894853e-64
3.716200000877e-65
1.0134506458763e-65
2.747184408248e-66
7.402061745161e-67
1.98241812925e-67
5.277320352519e-68
1.3963852675423e-68
3.6725575569e-69
9.600668070403e-70
2.494604588974e-70
6.442691141857e-71
1.653850098111e-71
4.21974397669e-72
1.070126372299e-72
2.69737237674e-73
6.757739915048e-74
1.682730677062e-74
4.164646596086e-75
1.0244479949663e-75
2.504653812909e-76
6.086243438208e-77
1.469916059507e-77
3.528378141801e-78
8.417727076771e-79
1.9959489652e-79
4.703667674153e-80
1.1016766708674e-80
2.564482308433e-81
5.932954086027e-82
1.36416114129e-82
3.117320362254e-83
7.079717509304e-84
1.597963279112e-84
3.584525415686e-85
7.991129204373e-86
1.770491574369e-86
3.898399921975e-87
8.530673219457e-88
1.855163440905e-88
4.009410784761e-89
8.611443855715e-90
1.838086570089e-90
3.898953244069e-91
8.219013000479e-92
1.721782803843e-92
3.584442293234e-93
7.415608685487e-94
1.524584299146e-94
3.11481987379e-95
6.323953990077e-96
1.275898531116e-96
2.558071219626e-97
5.096541404182e-98
1.0090258019381e-98
1.985135341532e-99
3.880935593359e-100
7.53943029609e-101
1.455437993974e-101
2.791896120465e-102
5.321725202032e-103
1.0079767988946e-103
1.8971023894e-104
3.547891905557e-105
6.593053134129e-106
1.217409142601e-106
2.233662296632e-107
4.072176648564e-108
7.376680953462e-109
1.32775463592e-109
2.374620495023e-110
4.219755281929e-111
7.450648603154e-112
1.307108796057e-112
2.278438426908e-113
3.946097455792e-114
6.790477263035e-115
1.160998853187e-115
1.972237813591e-116
3.328739085613e-117
5.582004498383e-118
9.300097765325e-119
1.539460988045e-119
2.531807162059e-120
4.136854318654e-121
6.715593274469e-122
1.083103528165e-122
1.735496881826e-123
2.762757877256e-124
4.369419647664e-125
6.865361928307e-126
1.071664032394e-126
1.661904953102e-127
2.560370259618e-128
3.918728435305e-129
5.958405915189e-130
9.000242916917e-131
1.350561266209e-131
2.013292760433e-132
2.981458771939e-133
4.386080046785e-134
6.409834020599e-135
9.305422542811e-136
1.341964657744e-136
1.922464312491e-137
2.735799515944e-138
3.867368458384e-139
5.430610350232e-140
7.574954620665e-141
1.04955741338e-141
1.444520109629e-142
1.974825132783e-143
2.681746841045e-144
3.617323803929e-145
4.846562865897e-146
6.449908154371e-147
8.525949722005e-148
1.119432426747e-148
1.459873349408e-149
1.890997448445e-150
2.432884179286e-151
3.108872412327e-152
3.945768140995e-153
4.973975340436e-154
6.227522164395e-155
7.7439526573e-156
9.56405345642e-157
1.173138596903e-157
1.429159761015e-158
1.729149119263e-159
2.077783968084e-160
2.479594430997e-161
2.93879473988e-162
3.459092668838e-163
4.043481511791e-164
4.694020775512e-165
5.411613505891e-166
6.19578975131e-167
7.044506957073e-168
7.95397894066e-169
8.91854539087e-170
9.93059345731e-171
1.098054187733e-171
1.205689619594e-172
1.314638099633e-173
1.423415175578e-174
1.530408511799e-175
1.633914222267e-176
1.732179549906e-177
1.823450528139e-178
1.906022902369e-179
1.978294304779e-180
2.038815489065e-181
2.086338360746e-182
2.119858594459e-183
2.138650814847e-184
2.14229462538e-185
2.130690184186e-186
2.104062523866e-187
2.062954363082e-188
2.008207726938e-189
1.94093524474e-190
1.86248249271e-191
1.774383164539e-192
1.678309159578e-193
1.576017860165e-194
1.469298918521e-195
1.35992279168e-196
1.249593060986e-197
1.139904269378e-198
1.03230662971e-199
9.28078529106e-201
8.28307307674e-202
7.33878353679e-203
6.454721573466e-204
5.635686229887e-205
4.884576693803e-206
4.202549600583e-207
3.589215009106e-208
3.042858185147e-209
2.560674807066e-210
2.1390082859e-211
1.773579420452e-212
1.459700432142e-213
1.192467391509e-214
9.6692701935e-216
7.78215703012e-217
6.2167022166e-218
4.929110612974e-219
3.879002872066e-220
3.029767203368e-221
2.348716483417e-222
1.80708521526e-223
1.379900798863e-224
1.045761768137e-225
7.8655256247e-227
5.871204928185e-228
4.34936244698e-229
3.197548759647e-230
2.332900822822e-231
1.689107076448e-232
1.213651896752e-233
8.65369063058e-235
6.123123851067e-236
4.299355204403e-237
2.995617329522e-238
2.071171931938e-239
1.420976298632e-240
9.67369524168e-242
6.534717854181e-243
4.380100819169e-244
2.913118285527e-245
1.92239559997e-246
1.258727997627e-247
8.17747682174e-249
5.271070623266e-250
3.371042123456e-251
2.13899154061e-252
1.346564543286e-253
8.41031270597e-255
5.211438042526e-256
3.203738418661e-257
1.953907892139e-258
1.18220335652e-259
7.09601967274e-261
4.225376151765e-262
2.495957980929e-263
1.462594162928e-264
8.50194679852e-266
4.902461377343e-267
2.804170786131e-268
1.591044820203e-269
8.95449698097e-271
4.998893853497e-272
2.768048209937e-273
1.520314481297e-274
8.28221033912e-276
4.475123997261e-277
2.398296073193e-278
1.274771353856e-279
6.7202650181e-281
3.513645132246e-282
1.821962907542e-283
9.36966374293e-285
4.778636313838e-286
2.416974503785e-287
1.212329990081e-288
6.030354552826e-290
2.974613534984e-291
1.455044907922e-292
7.05785588651e-294
3.394783380536e-295
1.619147994195e-296
7.65752604135e-298
3.590956048812e-299
1.669719560702e-300
7.69805373773e-302
3.518960347166e-303
1.594908836282e-304
7.16699974545e-306
3.193087919181e-307
1.410419186666e-308
6.17648245313e-310
2.681523901514e-311
1.15414751322e-312
4.924609933325e-314
2.083074741495e-315
8.734779539e-317
3.630819427291e-318
1.496078688009e-319
6.11072485497e-321
2.474063833098e-322
9.92888014057e-324
3.949590737832e-325
1.557247326767e-326
6.08566327071e-328
2.357187719787e-329
9.0491417974e-331
3.443012337118e-332
1.298310768016e-333
4.851974508699e-335
1.797003621025e-336
6.59569774827e-338
2.399079246562e-339
8.64751136271e-341
3.088808426096e-342
1.093288085914e-343
3.834533469962e-345
1.332647013614e-346
4.589155264225e-348
1.565869905345e-349
5.293880430838e-351
1.773283853106e-352
5.88515852124e-354
1.935102057897e-355
6.3038424816e-357
2.034475661254e-358
6.5048179622e-360
2.060359794635e-361
6.46496172265e-363
2.009525193353e-364
6.18749876119e-366
1.887211023266e-367
5.701628317007e-369
1.706238738948e-370
5.057459797628e-372
1.484793451679e-373
4.317474258804e-375
1.243405124857e-376
3.54653077267e-378
1.001825132373e-379
2.802631995918e-381
7.7645263907e-383
2.130233983732e-384
5.78750949847e-386
1.557029151312e-387
4.147924671286e-389
1.094164099179e-390
2.857852815558e-392
7.39079720829e-394
1.892452110302e-395
4.797652257941e-397
1.204178531773e-398
2.992258758247e-400
7.36107748153e-402
1.79269061818e-403
4.321939367938e-405
1.031451778468e-406
2.436708640301e-408
5.6981002413e-410
1.31891157106e-411
3.021673929719e-413
6.85193077604e-415
1.537796324497e-416
3.415797323318e-418
7.50895739799e-420
1.633609355197e-421
3.517097980327e-423
7.49333190858e-425
1.579814827044e-426
3.295827579427e-428
6.80355866518e-430
1.389656000208e-431
2.808433031371e-433
5.61555128943e-435
1.110908142335e-436
2.174238036472e-438
4.209833043018e-440
8.06374993382e-442
1.527949741795e-443
2.86395548105e-445
5.309991895538e-447
9.7381614915e-449
1.766446994532e-450
3.169200123921e-452
5.6235286656e-454
9.86876985359e-456
1.712760091979e-457
2.939638223702e-459
4.98929731506e-461
8.3736966349e-463
1.389669327044e-464
2.28037399009e-466
3.699856398483e-468
5.93514781056e-470
9.41303480126e-472
1.47591955994e-473
2.287778249965e-475
3.505633937346e-477
5.310111671325e-479
7.95075032182e-481
1.176691813904e-482
1.721274567926e-484
2.488587325379e-486
3.555930799948e-488
5.021501870399e-490
7.00770732134e-492
9.66411794763e-494
1.316964974095e-495
1.773346541261e-497
2.359401675725e-499
3.101561425358e-501
4.028193430735e-503
5.168597521993e-505
6.55161646464e-507
8.20386103282e-509
1.014758668567e-510
1.239830439787e-512
1.49622570101e-514
1.783393963501e-516
2.099388181174e-518
2.440693336529e-520
2.802129880607e-522
3.17685415984e-524
3.556472729339e-526
3.931279438031e-528
4.290613876235e-530
4.623328092801e-532
4.918336634051e-534
5.165214340663e-536
5.35479838117e-538
5.47974692729e-540
5.53500751549e-542
5.51815376754e-544
5.42955940124e-546
5.27239236567e-548
5.052427980976e-550
4.777696328399e-552
4.457993924048e-554
4.104301223222e-556
3.728154473353e-558
3.341022206413e-560
2.953733256614e-562
2.575995282152e-564
2.216031558928e-566
1.880350824446e-568
1.573651799024e-570
1.298852179323e-572
1.057222543261e-574
8.48599439728e-577
6.71649190352e-579
5.241543855078e-581
4.032981401115e-583
3.05926093864e-585
2.287720235473e-587
1.686389608086e-589
1.225332041671e-591
8.77531110014e-594
6.19378078618e-596
4.308292278528e-598
2.953123907407e-600
1.994601969791e-602
1.327392850023e-604
8.70325408724e-607
5.62176667234e-609
3.577195228248e-611
2.242128736673e-613
1.384189716826e-615
8.41621161061e-618
5.0395539026e-620
2.9715983426e-622
1.72535514204e-624
9.8633573209e-627
5.55131729044e-629
3.075807586941e-631
1.677569687885e-633
9.00588469022e-636
4.758415429667e-638
2.474308706729e-640
1.266094124511e-642
6.37475265911e-645
3.15798595676e-647
1.539112802506e-649
7.37917156206e-652
3.480044268734e-654
1.614227100753e-656
7.36392737231e-659
3.303552642564e-661
1.45727426037e-663
6.32048942701e-666
2.695070106918e-668
1.129690599626e-670
4.654561261335e-673
1.884894359829e-675
7.50141312108e-678
2.933629481419e-680
1.127278884171e-682
4.255775911181e-685
1.578353370107e-687
5.74995145289e-690
2.057379383938e-692
7.22953161462e-695
2.494630814477e-697
8.45195119047e-700
2.811356615857e-702
9.17986476627e-705
2.942189037854e-707
9.25487991826e-710
2.856855812094e-712
8.65314474635e-715
2.571448994866e-717
7.49634776814e-720
2.143573299626e-722
6.0116272791e-725
1.653325974595e-727
4.458457589561e-730
1.178736673779e-732
3.054925071075e-735
7.76034167329e-738
1.931976425289e-740
4.713103300709e-743
1.12652014806e-745
2.637787420206e-748
6.04993389262e-751
1.358976256132e-753
2.989255972616e-756
6.43788353108e-759
1.357343728443e-761
2.801175846324e-764
5.65758304116e-767
1.118141776184e-769
2.162084292322e-772
4.089702323874e-775
7.5663544654e-778
1.368955077797e-780
2.421753205276e-783
4.188305833849e-786
7.08016426532e-789
1.169694129623e-791
1.888216725193e-794
2.977881162001e-797
4.58736406614e-800
6.90148546088e-803
1.013835543674e-805
1.453981486536e-808
2.03533697957e-811
2.78047038048e-814
3.706140547047e-817
4.819067707877e-820
6.11161872868e-823
7.55813702557e-826
9.11276927164e-829
1.070960623232e-831
1.226572189558e-834
1.368726557873e-837
1.487819410381e-840
1.575063687707e-843
1.623540894091e-846
1.629096374272e-849
1.590919879353e-852
1.511700224926e-855
1.397317151331e-858
1.256118354397e-861
1.097905285771e-864
9.32799997683e-868
7.70176421187e-871
6.17812402079e-874
4.813626823521e-877
3.64183444523e-880
2.674732907219e-883
1.90647602859e-886
1.318405480619e-889
8.84315178815e-893
5.75144435701e-896
3.625996878682e-899
2.215261413982e-902
1.311092742096e-905
7.51473882368e-909
4.169892614174e-912
2.239350163873e-915
1.163477753833e-918
5.84632444413e-922
2.840163004024e-925
1.333468541196e-928
6.04841857854e-932
2.649461000838e-935
1.120375220836e-938
4.571827536927e-942
1.799546317886e-945
6.82976521504e-949
2.498255820381e-952
8.8038222452e-956
2.987580079503e-959
9.7586159114e-963
3.066756702106e-966
9.26809232576e-970
2.692242121799e-973
7.51343548353e-977
2.013476747052e-980
5.178643526072e-984
1.277671224085e-987
3.022196500275e-991
6.84995626154e-995
1.486857919574e-998
3.088990570827e-1002
6.13863183993e-1006
1.166192606191e-1009
2.116613508412e-1013
3.66781272055e-1017
6.06430912465e-1021
9.56028075114e-1025
1.436063368941e-1028
2.053904999503e-1032
2.794939018733e-1036
3.615946124289e-1040
4.444185293838e-1044
5.1848487736e-1048
5.737155902685e-1052
6.01597522204e-1056
5.97290092861e-1060
5.609754806843e-1064
4.979422602223e-1068
4.173257227812e-1072
3.299161670108e-1076
2.45765887618e-1080
1.723343546499e-1084
1.136270621541e-1088
7.03659752253e-1093
4.087983989452e-1097
2.225348560241e-1101
1.133672314433e-1105
5.397794839915e-1110
2.398847603172e-1114
9.93671467169e-1119
3.830984622264e-1123
1.372634269444e-1127
4.563520584635e-1132
1.405538934538e-1136
4.003610671753e-1141
1.052846481378e-1145
2.551459090497e-1150
5.687148409767e-1155
1.163640327227e-1159
2.181014560265e-1164
3.736545617394e-1169
5.83803235528e-1174
8.29875634863e-1179
1.070596134342e-1183
1.250163351649e-1188
1.317774691814e-1193
1.250236155907e-1198
1.064378900454e-1203
8.10511280824e-1209
5.501847544784e-1214
3.317334645191e-1219
1.769926888146e-1224
8.32266635865e-1230
3.434469365401e-1235
1.238166671826e-1240
3.880839914382e-1246
1.052118635081e-1251
2.453623132906e-1257
4.893256090177e-1263
8.29260580284e-1269
1.186140580557e-1274
1.421517816382e-1280
1.416124886445e-1286
1.162674982356e-1292
7.79423490957e-1299
4.223110358573e-1305
1.828966558671e-1311
6.254477374266e-1318
1.666261611923e-1324
3.407150325161e-1331
5.259416582432e-1338
6.016366553484e-1345
4.994959603751e-1352
2.93961427299e-1359
1.193822760606e-1366
3.243972536769e-1374
5.690759763089e-1382
6.180699771549e-1390
3.955019546591e-1398
1.404952712657e-1406
2.576732739877e-1415
2.229614109171e-1424
8.11712727502e-1434
1.070497685772e-1443
4.176086285453e-1454
3.615145361925e-1465
4.497555664568e-1477
3.911544043284e-1490
5.926927256448e-1505
4.267798969925e-1523