0.0550400055437306
0.0547070847483518
0.0540472709737575
0.0530724383572219
0.0517999520007437
0.0502521536088661
0.0484557094013612
0.0464408468771748
0.04424051091278
0.041889472024726
0.039423420338883
0.036878077912642
0.034288359669654
0.031687609529759
0.02910693361449
0.026574646990114
0.024115844606473
0.021752101230966
0.0195012995713548
0.0173775806975442
0.0153914065267841
0.0135497206826113
0.0118561915631605
0.0103115199824126
0.0089137932423719
0.0076588678683775
0.0065407643678206
0.0055520591017762
0.0046842605228773
0.003928159462726
0.0032741456885481
0.0027124854491963
0.0022335570759464
0.0018280438017752
0.0014870847503251
0.0012023864864725
0.00096629860339448
0.00077185755678165
0.00061280337288517
0.00048357399317388
0.00037928192186626
0.00029567756414731
0.00022910323280522
0.00017644130640355
0.00013505948467669
0.00010275554167274
0.000077703452071751
0.000058402281593911
0.000043628802167105
0.000032394424175994
0.000023906734229617
0.000017535686021154
0.000012784309632749
9.263674723466e-6
6.6717579946943e-6
4.7758173291465e-6
3.3978563787885e-6
2.4027670157794e-6
1.6887566446874e-6
1.179697528284e-6
8.190716054676e-7
5.6522332729231e-7
3.8767222090998e-7
2.642743833625e-7
1.7905671282047e-7
1.2057871793566e-7
8.070391138799e-8
5.3686082495796e-8
3.5495343658817e-8
2.3325067937916e-8
1.5234058583958e-8
9.888918501108e-9
6.380015537386e-9
4.0910399178091e-9
2.6072580029442e-9
1.6514744975736e-9
1.0396724907231e-9
6.505149638677e-10
4.0453240279619e-10
2.5002523198188e-10
1.5358474197602e-10
9.376596141578e-11
5.689504434629e-11
3.4311123231618e-11
2.056486494992e-11
1.2250290090095e-11
7.252631516306e-12
4.2674919876148e-12
2.4956104758673e-12
1.4504640912242e-12
8.378424494209e-13
4.80996622032e-13
2.7443851459045e-13
1.5562183436431e-13
8.770361512319e-14
4.912301369657e-14
2.7344632438719e-14
1.5127869964578e-14
8.317658708916e-15
4.545074804153e-15
2.4682923281233e-15
1.3321917908043e-15
7.145793908229e-16
3.809313840279e-16
2.0181549493994e-16
1.0626070275288e-16
5.560325451885e-17
2.8915853066289e-17
1.4944417140314e-17
7.675877295463e-18
3.918158674433e-18
1.9876496777683e-18
1.0020752922243e-18
5.020678411847e-19
2.4999126460733e-19
1.2370477653881e-19
6.083396567462e-20
2.9730527651728e-20
1.4439585596412e-20
6.969494007354e-21
3.343035183136e-21
1.5935752820518e-21
7.549095346967e-22
3.553911940154e-22
1.6626719367415e-22
7.730246410411e-23
3.571623560569e-23
1.6399185656779e-23
7.482760210461e-24
3.392993164139e-24
1.5289187579481e-24
6.846439052734e-25
3.046650459526e-25
1.3472763426e-25
5.920597209726e-26
2.5855189548148e-26
1.1220233633433e-26
4.8386767894e-27
2.0735782496402e-27
8.830430920269e-28
3.736883499247e-28
1.5714549644989e-28
6.566856936963e-29
2.726935770818e-29
1.1252589917675e-29
4.614118920942e-30
1.8801056318563e-30
7.612570843928e-31
3.062911982728e-31
1.2245885362448e-31
4.865156145258e-32
1.9206697836897e-32
7.534533099442e-33
2.937014479262e-33
1.1376280719926e-33
4.378620832016e-34
1.674617200972e-34
6.364045233324e-35
2.403193759637e-35
9.017381486876e-36
3.362068192926e-36
1.2455618350654e-36
4.585165702161e-37
1.6771580871222e-37
6.095655738921e-38
2.201367535787e-38
7.899299768386e-39
2.816480495081e-39
9.978039227975e-40
3.512385292198e-40
1.2285016422937e-40
4.26937333225e-41
1.4742307420496e-41
5.057988730713e-42
1.7242467950419e-42
5.840207424838e-43
1.9654521577098e-43
6.572038724548e-44
2.183429840858e-44
7.207388047746e-45
2.363818551055e-45
7.702752681908e-46
2.493855934373e-46
8.02210515094e-47
2.563863487361e-47
8.141210172738e-48
2.568434572931e-48
8.05065943332e-49
2.507123526091e-49
7.757097433463e-50
2.384514083623e-50
7.282417079273e-51
2.209653016929e-51
6.661059964483e-52
1.994946121746e-52
5.935883762329e-53
1.7547037444058e-53
5.153285578338e-54
1.5035725570751e-54
4.358350052854e-55
1.2550907147456e-55
3.590716772272e-56
1.0205585645765e-56
2.88166285182e-57
8.083408962257e-58
2.252629462272e-58
6.23629220378e-59
1.715150710015e-59
4.686135984684e-60
1.2719260804935e-60
3.429579278486e-61
9.186485554969e-62
2.444472155368e-62
6.461680760981e-63
1.696790202567e-63
4.426195278868e-64
1.1469652940868e-64
2.952465024736e-65
7.549731463127e-66
1.917732238736e-66
4.838955227802e-67
1.2128856021925e-67
3.019882852812e-68
7.468953757688e-69
1.834958508292e-69
4.478028963354e-70
1.0855231054789e-70
2.61384665522e-71
6.251832283877e-72
1.4853131124742e-72
3.505173189379e-73
8.216351068632e-74
1.913038842122e-74
4.424264874405e-75
1.0163146900779e-75
2.318901180855e-76
5.255335209304e-77
1.1829868451295e-77
2.644952473837e-78
5.873695531366e-79
1.2955605273153e-79
2.838270640116e-80
6.175850950601e-81
1.3347003615928e-81
2.864915188681e-82
6.107701627678e-83
1.2932393801369e-83
2.719644193232e-84
5.680339561325e-85
1.1783179828343e-85
2.427580584636e-86
4.96712021911e-87
1.0093748037254e-87
2.0371073134e-88
4.083061166904e-89
8.127654705608e-90
1.606751881018e-90
3.154520954007e-91
6.150576701442e-92
1.1909481666132e-92
2.290135813767e-93
4.373385011179e-94
8.293903939895e-95
1.562002791042e-95
2.921344719702e-96
5.425736106116e-97
1.0007049043344e-97
1.832827167021e-98
3.333509723356e-99
6.020648181805e-100
1.0797983215136e-100
1.923076074203e-101
3.400957645662e-102
5.972462449704e-103
1.0414767077128e-103
1.803375176471e-104
3.100697847543e-105
5.29378214724e-106
8.974336305526e-107
1.510652780274e-107
2.524930141202e-108
4.190374287932e-109
6.90512143469e-110
1.1297989740785e-110
1.835433515572e-111
2.960601940689e-112
4.741562649989e-113
7.539790686469e-114
1.190390896512e-114
1.865986865072e-115
2.904105507866e-116
4.487424388633e-117
6.884286615281e-118
1.0485613993303e-118
1.585615812175e-119
2.380495046951e-120
3.548116069688e-121
5.250317465356e-122
7.71305598404e-123
1.124906737248e-123
1.628739334071e-124
2.341141042981e-125
3.340722259607e-126
4.732447539122e-127
6.655178599902e-128
9.290902226414e-129
1.287585593499e-129
1.771373418528e-130
2.419110242458e-131
3.279505942822e-132
4.413306472741e-133
5.895468296393e-134
7.817478828743e-135
1.028975198364e-135
1.344399882897e-136
1.743544127493e-137
2.244470319083e-138
2.867918049338e-139
3.637366234692e-140
4.578995300328e-141
5.721523176234e-142
7.095889103465e-143
8.734761341088e-144
1.067184913638e-144
1.294100601531e-145
1.557512066708e-146
1.860480334792e-147
2.205688950123e-148
2.595279762208e-149
3.030679446537e-150
3.51242364592e-151
4.039987039942e-152
4.611628781997e-153
5.224263449833e-154
5.873367811928e-155
6.552933218055e-156
7.255472214985e-157
7.972086053252e-158
8.692597130802e-159
9.40574721835e-160
1.009945869263e-160
1.076115218354e-161
1.137811027483e-162
1.193787346062e-163
1.242865172718e-164
1.283973314844e-165
1.316186995578e-166
1.338762279552e-167
1.351164536625e-168
1.353089428173e-169
1.344475269001e-170
1.325506066486e-171
1.296605037633e-172
1.258418919923e-173
1.21179388759e-174
1.157744326885e-175
1.097416082107e-176
1.032046035449e-177
9.62920013713e-179
8.9133101874e-180
8.18539660968e-181
7.457384507739e-182
6.740212913821e-183
6.04359146648e-184
5.375824561329e-185
4.743704678841e-186
4.152472832428e-187
3.605840805565e-188
3.106067228176e-189
2.654077683632e-190
2.249617975131e-191
1.891429387774e-192
1.577435181099e-193
1.304928517013e-194
1.070753425498e-195
8.71472080712e-197
7.035134522232e-198
5.633001743208e-199
4.473521281449e-200
3.523666725981e-201
2.752766365316e-202
2.132880711649e-203
1.639003582081e-204
1.249115962693e-205
9.44122811943e-207
7.077019937321e-208
5.260921475071e-209
3.878429750618e-210
2.835475802175e-211
2.055725022691e-212
1.477972229325e-213
1.053714053674e-214
7.44950726331e-216
5.222441553169e-217
3.630394651016e-218
2.502425755885e-219
1.710363954456e-220
1.159120684951e-221
7.78886784448e-223
5.189413769804e-224
3.428098034119e-225
2.245286538393e-226
1.458030171389e-227
9.38706868454e-229
5.991764386732e-230
3.791692950862e-231
2.378798770494e-232
1.479519594192e-233
9.12251366354e-235
5.576110553609e-236
3.378807882024e-237
2.029565450314e-238
1.208487559961e-239
7.13301174682e-241
4.173374406297e-242
2.420345602856e-243
1.391345432604e-244
7.92778691294e-246
4.477341376603e-247
2.506290773032e-248
1.390520591565e-249
7.64627265176e-251
4.16715958856e-252
2.250816241772e-253
1.20487226239e-254
6.391966366547e-256
3.360561591086e-257
1.750912654367e-258
9.04031643527e-260
4.625519757287e-261
2.345235061501e-262
1.178290189573e-263
5.866097120809e-265
2.893798855619e-266
1.414491945065e-267
6.85072519459e-269
3.287512171532e-270
1.563089014466e-271
7.36336409394e-273
3.43665318398e-274
1.589104974088e-275
7.27976628883e-277
3.30385298893e-278
1.485432134621e-279
6.616130613913e-281
2.919206039706e-282
1.275924727074e-283
5.52427289519e-285
2.36921804951e-286
1.006479157267e-287
4.235106379736e-289
1.765117087025e-290
7.28655381652e-292
2.979202563942e-293
1.206415073709e-294
4.838401896821e-296
1.921786395196e-297
7.55954637198e-299
2.944850057168e-300
1.136048259285e-301
4.339960294132e-303
1.641796325269e-304
6.150160379893e-306
2.281267736527e-307
8.37871989205e-309
3.047049756533e-310
1.097161775719e-311
3.911467712529e-313
1.380624005804e-314
4.824654667242e-316
1.669170347812e-317
5.716985557791e-319
1.93844662006e-320
6.50652559367e-322
2.161927517923e-323
7.1107902599e-325
2.315087115494e-326
7.46066309169e-328
2.379775267296e-329
7.51329793804e-331
2.347734883249e-332
7.26070538142e-334
2.222323862442e-335
6.73165763723e-337
2.017948592095e-338
5.986303935649e-340
1.757337193816e-341
5.104886663787e-343
1.467366741994e-344
4.173492177138e-346
1.174506991917e-347
3.270342867874e-349
9.00946815562e-351
2.4556112703e-352
6.62157017126e-354
1.76640166314e-355
4.661558723863e-357
1.216948136949e-358
3.142665024965e-360
8.02777174569e-362
2.028376279725e-363
5.069255599478e-365
1.253047344327e-366
3.063400303253e-368
7.40693008368e-370
1.771153062051e-371
4.188343724358e-373
9.79448965389e-375
2.264953910708e-376
5.179163914596e-378
1.171027848864e-379
2.617981064268e-381
5.786844307304e-383
1.264670245863e-384
2.73248050744e-386
5.836668802181e-388
1.232494656756e-389
2.572768680838e-391
5.30879175036e-393
1.082812637474e-394
2.183015956283e-396
4.350003734397e-398
8.56711303492e-400
1.667532847375e-401
3.207687698571e-403
6.09775748985e-405
1.145489395864e-406
2.126361875087e-408
3.900233776012e-410
7.06860140277e-412
1.265749088155e-413
2.239312822661e-415
3.913961133716e-417
6.75825042753e-419
1.152787768415e-420
1.942418775243e-422
3.232926012441e-424
5.314823630642e-426
8.62984077212e-428
1.383942410373e-429
2.191870415127e-431
3.428257974246e-433
5.295096161096e-435
8.07598950075e-437
1.216238661413e-438
1.808516515274e-440
2.655131543165e-442
3.848474262091e-444
5.506923223954e-446
7.77904122865e-448
1.084721577087e-449
1.493014371514e-451
2.028342812241e-453
2.719746018967e-455
3.59917307744e-457
4.700478497161e-459
6.05792276246e-461
7.7041526277e-463
9.66768439127e-465
1.19699747948e-466
1.462223392535e-468
1.762220535778e-470
2.095120128012e-472
2.457172367366e-474
2.842601605123e-476
3.243586499345e-478
3.650390180443e-480
4.051654258009e-482
4.434855693504e-484
4.786908527367e-486
5.094875106204e-488
5.346736057615e-490
5.532157071363e-492
5.643185479378e-494
5.674811903195e-496
5.625342120833e-498
5.49654098772e-500
5.293531903119e-502
5.024459337408e-504
4.699945313466e-506
4.332390507454e-508
3.935184349895e-510
3.521894599013e-512
3.10550485982e-514
2.697759105637e-516
2.308657075102e-518
1.946125789008e-520
1.615872953283e-522
1.321410144536e-524
1.064219383035e-526
8.44027232832e-529
6.59146365214e-531
5.068452525811e-533
3.837114007919e-535
2.859809887253e-537
2.098165598809e-539
1.515232057216e-541
1.077014682684e-543
7.53413022601e-546
5.186557778698e-548
3.513379976467e-550
2.341723727826e-552
1.535589990849e-554
9.90622143479e-557
6.28633616558e-559
3.923803509771e-561
2.408795020371e-563
1.454245850507e-565
8.63342757819e-568
5.039618990816e-570
2.892293557152e-572
1.631841548679e-574
9.0503389494e-577
4.933586897147e-579
2.643207004181e-581
1.391646517377e-583
7.1997016023e-586
3.659702694188e-588
1.827596511196e-590
8.9655099718e-593
4.320025266659e-595
2.04441998765e-597
9.50127518946e-600
4.33587239693e-602
1.942711140175e-604
8.54537020959e-607
3.68975606954e-609
1.563727902638e-611
6.5038950238e-614
2.654520752523e-616
1.063040582927e-618
4.176523405685e-621
1.609648174109e-623
6.08480890176e-626
2.255855049044e-628
8.20108599006e-631
2.923307217519e-633
1.02156680926e-635
3.49940265759e-638
1.174899669899e-640
3.865730165776e-643
1.246320132755e-645
3.936748596635e-648
1.218141272236e-650
3.691906275686e-653
1.095814490652e-655
3.18490358564e-658
9.06289830645e-661
2.524569507632e-663
6.88325638309e-666
1.836635812968e-668
4.79523441254e-671
1.224866100375e-673
3.060502373391e-676
7.47918987269e-679
1.787333340025e-681
4.176150563886e-684
9.53884414471e-687
2.129574096929e-689
4.646163441238e-692
9.90437745084e-695
2.062604676849e-697
4.195511795085e-700
8.33406518153e-703
1.616417434084e-705
3.06052077307e-708
5.655897965257e-711
1.01997664696e-713
1.794642848594e-716
3.080210366413e-719
5.155981133867e-722
8.41556998947e-725
1.339085477118e-727
2.076803669457e-730
3.138725394747e-733
4.621562010736e-736
6.62837600199e-739
9.25789172884e-742
1.258942134408e-744
1.666435816581e-747
2.146640431179e-750
2.690387934133e-753
3.279824510111e-756
3.888300179939e-759
4.481608789722e-762
5.020681321057e-765
5.465545630929e-768
5.78005701005e-771
5.93665679665e-774
5.92030861447e-777
5.730842870284e-780
5.383210041287e-783
4.905546840651e-786
4.335398664414e-789
3.714804455865e-792
3.085144215852e-795
2.48263164942e-798
1.935122544411e-801
1.460573316277e-804
1.067120567758e-807
7.544535533e-811
5.159778957787e-814
3.412376032866e-817
2.181495620092e-820
1.347611543256e-823
8.04129348157e-827
4.633107465737e-830
2.576528882434e-833
1.382423437007e-836
7.15342569382e-840
3.568400130053e-843
1.715280234554e-846
7.94163820899e-850
3.540020083908e-853
1.518534538269e-856
6.26563479642e-860
2.485537634053e-863
9.47499498554e-867
3.469161153173e-870
1.219368656977e-873
4.112287379124e-877
1.329955044782e-880
4.122464524218e-884
1.224048757442e-887
3.479456810533e-891
9.46319448547e-895
2.461011163366e-898
6.11600521126e-902
1.4515174198e-905
3.287690823555e-909
7.10199469411e-913
1.462138734186e-916
2.866853024274e-920
5.349483004997e-924
9.49247554268e-928
1.60055515289e-931
2.562344424154e-935
3.891543583001e-939
5.602150800659e-943
7.63758115556e-947
9.85219117594e-951
1.201382214976e-954
1.383513560189e-958
1.50317111176e-962
1.539256265979e-966
1.483989401778e-970
1.34552655801e-974
1.146049094558e-978
9.15913178923e-983
6.85990519284e-987
4.808927174729e-991
3.151215507022e-995
1.927614863916e-999
1.099170023528e-1003
5.834164131101e-1008
2.8780840504e-1012
1.317513406665e-1016
5.587548080154e-1021
2.191596880233e-1025
7.93598003347e-1030
2.648104765247e-1034
8.12687315012e-1039
2.289217687347e-1043
5.90619356531e-1048
1.392593476064e-1052
2.99385532964e-1057
5.854261391176e-1062
1.038583144807e-1066
1.667153069151e-1071
2.414637494043e-1076
3.146178434587e-1081
3.676316213212e-1086
3.839799577668e-1091
3.572377480499e-1096
2.949566217438e-1101
2.152853093158e-1106
1.383329278883e-1111
7.7907243175e-1117
3.827661247456e-1122
1.632371928931e-1127
6.010521763583e-1133
1.899878721861e-1138
5.12379766249e-1144
1.171226967784e-1149
2.253098213302e-1155
3.619649797666e-1161
4.815908473534e-1167
5.258702739023e-1173
4.666337372923e-1179
3.328711658958e-1185
1.886359872715e-1191
8.38185158424e-1198
2.878280295948e-1204
7.51637659595e-1211
1.466038330816e-1217
2.092904849065e-1224
2.137324222095e-1231
1.521140723354e-1238
7.321902184443e-1246
2.302206340647e-1253
4.540125330683e-1261
5.35155508962e-1269
3.558610214845e-1277
1.244135549669e-1285
2.0952152232e-1294
1.520762724488e-1303
4.113867855306e-1313
3.40680126684e-1323
6.53386480169e-1334
1.903609758345e-1345
4.186239505329e-1358
1.804674006929e-1372
4.633640503255e-1390