0.1325256095606551
0.1279153096852804
0.1191697434686579
0.107158427975533
0.0930031473784509
0.0779062158319706
0.0629854048790144
0.0491461292728195
0.03700893023864574
0.0268952641487354
0.01886163822161996
0.01276431607665021
0.00833505422893436
0.00525155842627168
0.003192353332866722
0.001872184698853784
0.001059183774916414
0.000578024992911337
0.0003042567462617814
0.0001544598388670809
0.0000756195274863895
0.0000356988637604547
0.00001624926239783124
7.13060230384289e-6
3.016367395461848e-6
1.229865195901579e-6
4.83273995832817e-7
1.829940348842675e-7
6.67621775134164e-8
2.34646478266167e-8
7.94373832683297e-9
2.58998880772965e-9
8.1313931203058e-10
2.4578504194531e-10
7.15147906578591e-11
2.00267225053971e-11
5.39657486482754e-12
1.399067253568232e-12
3.4888774659093e-13
8.3670261325515e-14
1.92931502632823e-14
4.27648361403717e-15
9.11011311113659e-16
1.86471381970954e-16
3.66645766078392e-17
6.92337975127766e-18
1.255202457425937e-18
2.18432281654485e-19
3.64759440120664e-20
5.84329849605344e-21
8.97722892226163e-22
1.32228696610637e-22
1.86668176590204e-23
2.52483664749726e-24
3.27089919445425e-25
4.0571339607046e-26
4.81650604059615e-27
5.47069298360666e-28
5.94266693484326e-29
6.17127406112102e-30
6.12410005749575e-31
5.80493183304483e-32
5.25347088100528e-33
4.53722326674242e-34
3.73785006172641e-35
2.93580727729275e-36
2.19728115239922e-37
1.56627042056988e-38
1.06275530852865e-39
6.8602360671558e-41
4.21045415566363e-42
2.45549149086184e-43
1.35985699919321e-44
7.1467537904036e-46
3.561966938395e-47
1.68240238623462e-48
7.5250677571599e-50
3.18493592191247e-51
1.27454996933802e-52
4.8186048452191e-54
1.71957830476496e-55
5.7872395263393e-57
1.83512802143246e-58
5.4775483850135e-60
1.53742015605824e-61
4.0534788238324e-63
1.00280051304948e-64
2.32516287130462e-66
5.0468749432464e-68
1.02417926432464e-69
1.94062603366829e-71
3.4286318321084e-73
5.6400677285619e-75
8.6252603675476e-77
1.22430858096541e-78
1.6103143789252e-80
1.95912947024897e-82
2.20058534434335e-84
2.2776181332475e-86
2.1676428056364e-88
1.89279090921248e-90
1.51290888501722e-92
1.10418888918658e-94
7.3392615148366e-97
4.4302085579445e-99
2.4213792088803e-101
1.19449424650991e-103
5.3003758537982e-106
2.1078625172912e-108
7.4831432259452e-111
2.361530510379e-113
6.5945585176716e-116
1.6214795786578e-118
3.4917052802242e-121
6.5467088435852e-124
1.0619191209681e-126
1.4797841047231e-129
1.757892628406e-132
1.7650962234837e-135
1.4839236510563e-138
1.0335425594804e-141
5.8933499779705e-145
2.7144906796661e-148
9.946753046854e-152
2.8493535924308e-155
6.2531744644898e-159
1.0267987513166e-162
1.2268183682597e-166
1.0315104032417e-170
5.860267390874e-175
2.1391825640035e-179
4.707200117389e-184
5.746123123625e-189
3.4785055390022e-194
8.912885216829e-200
7.6157371621e-206
1.464170635332e-212
2.9804155262192e-220
9.265833582726e-230