0.0988555409595643
0.0969337950366031
0.0932015813594076
0.0878707930776223
0.0812340323862352
0.0736380611483119
0.0654539529645994
0.0570474998168362
0.0487530978723482
0.0408535700187366
0.0335673456236646
0.0270433092648837
0.0213626358801744
0.0165461894945429
0.0125656496372515
0.0093564478400548
0.0068307929562177
0.0048894491327199
0.00343140288453448
0.00236102397344291
0.00159272052692799
0.00105337376279763
0.00068300211865775
0.00043416097583003
0.000270558319194376
0.000165289099717428
0.000098990207837025
0.000058116049714001
0.000033446180985114
0.0000188683529525847
0.0000104339439773156
5.655613763758e-6
3.004810103081e-6
1.5647656629517e-6
7.9866590096451e-7
3.995330689605e-7
1.95884417901817e-7
9.4122630532232e-8
4.4322299279282e-8
2.0453669472473e-8
9.249690216836e-9
4.0989821686887e-9
1.77993131901252e-9
7.5734528090141e-10
3.1574228746092e-10
1.2897454539651e-10
5.1616857019552e-11
2.0238525010816e-11
7.7740789327527e-12
2.9253944612902e-12
1.07836929241038e-12
3.8938564399702e-13
1.37721906705878e-13
4.7710906417237e-14
1.6188413743439e-14
5.3795122342214e-15
1.7507051666831e-15
5.5794798301262e-16
1.7412599256311e-16
5.3210927934504e-17
1.5921466181839e-17
4.6643106377125e-18
1.3377986412946e-18
3.7563764894787e-19
1.03251949001961e-19
2.7781352218033e-20
7.3165975071159e-21
1.8859916922867e-21
4.7579387925363e-22
1.1746797883337e-22
2.8380123178895e-23
6.7092690268571e-24
1.5519357863114e-24
3.512212597146e-25
7.7761866535094e-26
1.6842289673229e-26
3.5682339379139e-27
7.3942102378184e-28
1.4985957897988e-28
2.9702895974678e-29
5.7570680266719e-30
1.0910842371168e-30
2.0217850560987e-31
3.6626568626205e-32
6.4864360295055e-33
1.1228665006626e-33
1.8998745634889e-34
3.1416556673166e-35
5.0768042072451e-36
8.016430271229e-37
1.2367737473374e-37
1.864134484585e-38
2.7447343197479e-39
3.9474536805527e-40
5.5447785643061e-41
7.606025469598e-42
1.0188092911662e-42
1.3324284088425e-43
1.7012345559057e-44
2.1203444781411e-45
2.5794212486096e-46
3.0624044494007e-47
3.5479470339177e-48
4.0106517999807e-49
4.4230721700845e-50
4.7582947164868e-51
4.9927854760692e-52
5.1090920293735e-53
5.0979755836404e-54
4.9596139985381e-55
4.7036599264775e-56
4.3481304865758e-57
3.9173052333206e-58
3.4389737872933e-59
2.9414682484456e-60
2.4509211579509e-61
1.9891117832244e-62
1.5721256221093e-63
1.2098896179014e-64
9.064954395073e-66
6.611141225551e-67
4.6925225366314e-68
3.2410235579786e-69
2.1778562566898e-70
1.4235452224647e-71
9.04962663478e-73
5.594073096365e-74
3.3618848823354e-75
1.9638678918517e-76
1.1148905981233e-77
6.149741834199e-79
3.2953267957687e-80
1.7150136378266e-81
8.667079748306e-83
4.2522702980492e-84
2.0249604756924e-85
9.357559518644e-87
4.1952676224878e-88
1.824342178898e-89
7.693054732083e-91
3.14507727762e-92
1.2462224074121e-93
4.784988503039e-95
1.7798125449437e-96
6.411505710811e-98
2.2362481002537e-99
7.5497610811e-101
2.4664710822666e-102
7.795104027468e-104
2.3825465795211e-105
7.040475276678e-107
2.010796005217e-108
5.548820062292e-110
1.4789641906781e-111
3.806215873167e-113
9.45493840089e-115
2.2662125044551e-116
5.239170156607e-118
1.1678409175219e-119
2.5089931614248e-121
5.193270587961e-123
1.0352251638744e-124
1.986567245548e-126
3.668291175805e-128
6.515219449823e-130
1.1125168730013e-131
1.8255714501693e-133
2.8774160498463e-135
4.354209977673e-137
6.322726175953e-139
8.805763090744e-141
1.1756287955846e-142
1.5037664905882e-144
1.8418618900476e-146
2.1589994521291e-148
2.4205367923155e-150
2.59400984522e-152
2.655591635952e-154
2.595381388145e-156
2.419930645942e-158
2.151140836553e-160
1.8217619248583e-162
1.4687698890118e-164
1.126489500372e-166
8.212446028862e-169
5.686420358235e-171
3.736484970135e-173
2.327926551864e-175
1.3739389239147e-177
7.67456577964e-180
4.053307353859e-182
2.022087248417e-184
9.518608945702e-187
4.22339129203e-189
1.7643136171106e-191
6.931218483203e-194
2.557611597792e-196
8.853206059184e-199
2.871004451363e-201
8.710356181058e-204
2.468775995898e-206
6.52706536528e-209
1.6071687373024e-211
3.679568477878e-214
7.819420812041e-217
1.5396012590707e-219
2.80331739301e-222
4.710844595228e-225
7.29078906673e-228
1.0369012802959e-230
1.3519870699728e-233
1.6121596254658e-236
1.7535183429912e-239
1.7349172765853e-242
1.5568257372592e-245
1.2631101560357e-248
9.23512922367e-252
6.063325177935e-255
3.561281279689e-258
1.8636995763806e-261
8.652463399402e-265
3.547134179189e-268
1.2776541931557e-271
4.021582371194e-275
1.0997249732737e-278
2.59604132113e-282
5.25375333951e-286
9.046252259395e-290
1.3143170580657e-293
1.5965779929823e-297
1.6052534344065e-301
1.3209210363416e-305
8.784869093767e-310
4.655776334935e-314
1.9351833980608e-318
6.195023228044e-323
1.4959326974872e-327
2.659893126376e-332
3.38582970169e-337
2.984330441247e-342
1.7501291500103e-347
6.504673836676e-353
1.442551518327e-358
1.7683707811077e-364
1.0844915164727e-370
2.907669610418e-377
2.816281048019e-384
7.390838580094e-392
3.265693492101e-400
9.740925157754e-410
1.8583268562063e-421