0.0681998408256801
0.0675670389720283
0.0663189899649215
0.0644899943106925
0.0621295325387305
0.0593000422552244
0.0560741773417653
0.0525317170051858
0.0487563076475562
0.044832221952065
0.0408413077416658
0.0368602757843068
0.0329584434292224
0.029196012999775
0.0256229237170786
0.0222782769478343
0.0191902996958772
0.0163767827624638
0.013845909350332
0.0115973776943751
0.0096237173777664
0.0079117024686324
0.0064437741193685
0.005199399139262
0.0041563075138381
0.0032915692145944
0.0025824874553709
0.0020073006567874
0.00154569798912721
0.00117916304989714
0.00089116689543676
0.00066723545441992
0.00049491766751424
0.00036368000323485
0.00026475082522671
0.00019093495126674
0.00013641511665372
0.000096553321337853
0.000067701494810238
0.000047027755152709
0.00003236188289548
0.00002206151912436
0.000014899018614569
9.967792974826e-6
6.6062940091255e-6
4.3374325537913e-6
2.8211221393672e-6
1.8177062189593e-6
1.1602095623909e-6
7.3359842156511e-7
4.5950236905885e-7
2.8511674307988e-7
1.7525137377065e-7
1.0670923066766e-7
6.4363916356594e-8
3.8457484947053e-8
2.2762252161102e-8
1.3345764845197e-8
7.75110297419e-9
4.4593670466043e-9
2.5413849019689e-9
1.4346731811249e-9
8.022663601228e-10
4.4439071024732e-10
2.4383151040298e-10
1.3252285848747e-10
7.134531693887e-11
3.8046211777555e-11
2.0096765539647e-11
1.0514949441454e-11
5.449440724643e-12
2.7974208093615e-12
1.422401351112e-12
7.163781323023e-13
3.5736792944247e-13
1.7657904518918e-13
8.641920880179e-14
4.1891518294178e-14
2.0113318385915e-14
9.564895856674e-15
4.505185623699e-15
2.1017354755772e-15
9.71120886467e-16
4.4442176644659e-16
2.014378157615e-16
9.042888367336e-17
4.0205975568128e-17
1.7704678750345e-17
7.721402811661e-18
3.3351220928524e-18
1.4266953609369e-18
6.044373824459e-19
2.5361122195794e-19
1.0538509342688e-19
4.3369050286973e-20
1.7675310210118e-20
7.134062929294e-21
2.8515821954613e-21
1.1287822831236e-21
4.424926130647e-22
1.7177881053137e-22
6.603847143946e-23
2.5141105623451e-23
9.478240207389e-24
3.5385311246245e-24
1.3081762103541e-24
4.789093245577e-25
1.736121087939e-25
6.23221192262e-26
2.2153158543926e-26
7.797512051271e-27
2.7176847444181e-27
9.379082159771e-28
3.205054487703e-28
1.0844757131768e-28
3.6333652227507e-29
1.2053093264964e-29
3.958982611736e-30
1.2875366940655e-30
4.145928980701e-31
1.3217994105878e-31
4.172399464931e-32
1.3040011347494e-32
4.034938296277e-33
1.2361116356583e-33
3.749171758475e-34
1.1258090901732e-34
3.346885160928e-35
9.8505014548e-36
2.8701996471062e-36
8.279361213019e-37
2.3643250071579e-37
6.684020209842e-38
1.8706094533579e-38
5.182481872005e-39
1.4213341979908e-39
3.85880437745e-40
1.0370550343146e-40
2.7589105283721e-41
7.265314699587e-42
1.8938536775015e-42
4.886610325128e-43
1.2480510591902e-43
3.155108959445e-44
7.894919075621e-45
1.9553576581204e-45
4.793401045209e-46
1.1630386197902e-46
2.7930006193074e-47
6.638471735067e-48
1.5616329670843e-48
3.635776210937e-49
8.37753232931e-50
1.9104219135755e-50
4.311516321174e-51
9.629675133139e-52
2.1284689892877e-52
4.655756697692e-53
1.0077982290963e-53
2.1587895761274e-54
4.576078018173e-55
9.598775384212e-56
1.9923718141372e-56
4.092134365772e-57
8.316623422351e-58
1.6724552159427e-58
3.327858507444e-59
6.551950734525e-60
1.276333770429e-60
2.460017225724e-61
4.691207056885e-62
8.851071882598e-63
1.6522057238309e-63
3.051275851824e-64
5.574936850148e-65
1.0077006245459e-65
1.8019722177573e-66
3.1877295035e-67
5.57857644057e-68
9.65751839088e-69
1.6538629876734e-69
2.801669267076e-70
4.694712566688e-71
7.781571761175e-72
1.2758015361021e-72
2.0689386351605e-73
3.31857728472e-74
5.264864087679e-75
8.261221741761e-76
1.2820772282237e-76
1.9678306054813e-77
2.987140130611e-78
4.484442971675e-79
6.65789616967e-80
9.775334577244e-81
1.4193279552251e-81
2.03788993526e-82
2.89344863408e-83
4.062356859912e-84
5.639721765947e-85
7.741846948349e-86
1.0508208324672e-86
1.4102618658285e-87
1.8713178596962e-88
2.455057674132e-89
3.184429993197e-90
4.083636002879e-91
5.177224553069e-92
6.488897205212e-93
8.040033528503e-94
9.847975570321e-95
1.1924142833945e-95
1.427208260205e-96
1.6885591432785e-97
1.974706793033e-98
2.282627012658e-99
2.607964912339e-100
2.945041123895e-101
3.286942267284e-102
3.625701471445e-103
3.952567722808e-104
4.258354933073e-105
4.5338536479e-106
4.770281133097e-107
4.959740051698e-108
5.095652847665e-109
5.17313881661e-110
5.189303890683e-111
5.143419244179e-112
5.03697341811e-113
4.873592925184e-114
4.658837169483e-115
4.399883847294e-116
4.105129696677e-117
3.783737643106e-118
3.445164468344e-119
3.098702908749e-120
2.753068756347e-121
2.416057626816e-122
2.094288368237e-123
1.793041549e-124
1.5161930322e-125
1.2662351603993e-126
1.0443721832813e-127
8.5067265004e-129
6.842596759946e-130
5.435201475933e-131
4.263157239337e-132
3.301814721212e-133
2.525016334923e-134
1.906558717789e-135
1.421329894804e-136
1.0461220932071e-137
7.601451926252e-139
5.452820432903e-140
3.861356677844e-141
2.699206978144e-142
1.862487257967e-143
1.2685115891914e-144
8.527516528296e-146
5.657968645279e-147
3.705023881385e-148
2.394398900704e-149
1.527071450896e-150
9.610848861688e-152
5.968781480723e-153
3.657741314085e-154
2.21169549222e-155
1.31948421655e-156
7.766599226515e-158
4.510103894977e-159
2.583759569312e-160
1.460186438561e-161
8.140212789059e-163
4.476255051463e-164
2.427871535181e-165
1.2988182889e-166
6.852715532114e-168
3.565728187793e-169
1.829718969848e-170
9.25870771216e-172
4.619821322909e-173
2.272938010485e-174
1.102595424208e-175
5.273383093903e-177
2.486481000484e-178
1.155797038149e-179
5.296101747859e-181
2.392141411966e-182
1.065001973635e-183
4.673303916766e-185
2.021084486646e-186
8.614067808782e-188
3.618026809847e-189
1.497445450593e-190
6.106913765148e-192
2.453915880352e-193
9.714936539248e-195
3.789114477832e-196
1.45588722025e-197
5.510417596604e-199
2.054387271698e-200
7.543886146674e-202
2.728328418256e-203
9.717628781391e-205
3.408468155661e-206
1.177243518474e-207
4.003631219479e-209
1.340586317646e-210
4.419370557572e-212
1.434242647185e-213
4.581975617211e-215
1.440860308424e-216
4.459648816693e-218
1.358499599562e-219
4.072569498152e-221
1.201426924118e-222
3.48751011323e-224
9.96074677966e-226
2.798951241911e-227
7.73738349229e-229
2.104050966454e-230
5.62793864656e-232
1.480609973712e-233
3.830867045653e-235
9.74731664009e-237
2.438769523489e-238
5.999566122128e-240
1.451100989628e-241
3.45039680867e-243
8.064891843625e-245
1.852892476609e-246
4.18396164431e-248
9.284834842191e-250
2.024754845803e-251
4.338551947288e-253
9.133833822105e-255
1.889116555479e-256
3.838156410112e-258
7.659585941377e-260
1.501296881547e-261
2.889788076744e-263
5.462135682842e-265
1.013711772869e-266
1.847055438642e-268
3.303818581743e-270
5.800696147216e-272
9.99604035468e-274
1.690501563165e-275
2.805420767015e-277
4.568039759302e-279
7.297349898872e-281
1.143555592605e-282
1.757757603586e-284
2.649856957158e-286
3.917410955341e-288
5.678582770196e-290
8.07040106842e-292
1.124382663334e-293
1.535486056327e-295
2.055126111588e-297
2.695500270676e-299
3.464138898055e-301
4.36166395386e-303
5.37966600052e-305
6.499038042695e-307
7.689129315935e-309
8.908045669042e-311
1.010431640317e-312
1.121997494253e-314
1.219488334329e-316
1.297190397354e-318
1.350233021853e-320
1.375087581929e-322
1.369952211409e-324
1.334964583188e-326
1.272208294935e-328
1.185508730413e-330
1.080045977499e-332
9.61839389e-335
8.37175531289e-337
7.120555973006e-339
5.917296830232e-341
4.803661793763e-343
3.80879421037e-345
2.949129502921e-347
2.22954101535e-349
1.645414004433e-351
1.18520800574e-353
8.330938150855e-356
5.713367556662e-358
3.822143347972e-360
2.493759632802e-362
1.58653580534e-364
9.84025263496e-367
5.948885972465e-369
3.5046810293e-371
2.011655889526e-373
1.124756546619e-375
6.124472397457e-378
3.247043875666e-380
1.675788691764e-382
8.417100724678e-385
4.113549365069e-387
1.955594147791e-389
9.04156448473e-392
4.064473998038e-394
1.776037379215e-396
7.541814903753e-399
3.1114482146e-401
1.246800560932e-403
4.851339278633e-406
1.83246975515e-408
6.717387552968e-411
2.38906474325e-413
8.241236497535e-416
2.756539662686e-418
8.93740346527e-421
2.808011398174e-423
8.546515860137e-426
2.519077656177e-428
7.188077532928e-431
1.98498019463e-433
5.30300671099e-436
1.370117647599e-438
3.422212733149e-441
8.26056850364e-444
1.926209158826e-446
4.337311725547e-449
9.42737632244e-452
1.977149380812e-454
3.999336361737e-457
7.799259853804e-460
1.465712330105e-462
2.653275831344e-465
4.624429518257e-468
7.756665159291e-471
1.251489179359e-473
1.941347400095e-476
2.893924097613e-479
4.143399746654e-482
5.694882181954e-485
7.509954763499e-488
9.49674710336e-491
1.15093637349e-493
1.336022975219e-496
1.484578224623e-499
1.578163521655e-502
1.603933710804e-505
1.557486565292e-508
1.444027869304e-511
1.277443442356e-514
1.077495126685e-517
8.659244529375e-521
6.625363663486e-524
4.822458091439e-527
3.33664342289e-530
2.192685794727e-533
1.367412542612e-536
8.085346170543e-540
4.528771869618e-543
2.40070506276e-546
1.203244144087e-549
5.696274770274e-553
2.544490543821e-556
1.071317265396e-559
4.24678828872e-563
1.583174016021e-566
5.543754379759e-570
1.821162887308e-573
5.605374796022e-577
1.614326423158e-580
4.344158197871e-584
1.090736520223e-587
2.551411847565e-591
5.551456459018e-595
1.121731889406e-598
2.101290853351e-602
3.642710073127e-606
5.833050474317e-610
8.610999912871e-614
1.169532592943e-617
1.458288723899e-621
1.665609003735e-625
1.738512927343e-629
1.654179053267e-633
1.431049651354e-637
1.122538956106e-641
7.960931000032e-646
5.088761504265e-650
2.922396777488e-654
1.502638565178e-658
6.892497216268e-663
2.809471652746e-667
1.0134669185126e-671
3.221243155554e-676
8.979004143854e-681
2.18394474052e-685
4.610237885254e-690
8.397631805754e-695
1.311687110191e-699
1.745073220877e-704
1.963056872751e-709
1.852418830859e-714
1.453696457867e-719
9.397792716464e-725
4.953175816923e-730
2.104144609551e-735
7.113757993499e-741
1.887279112257e-746
3.867663257653e-752
6.015203429737e-758
6.958998095917e-764
5.853746759668e-770
3.487717238092e-776
1.427899993798e-782
3.876972606616e-789
6.693987053389e-796
6.988618664813e-803
4.149012569079e-810
1.2978772932269e-817
1.941801148911e-825
1.2244339486826e-833
2.742270459166e-842
1.711599546635e-851
2.064134051919e-861
2.621231202629e-872
1.089130439043e-884
7.193446553151e-900