0.1566960806180456
0.1491044994687207
0.1350052278714263
0.1163126229958012
0.0953461867073083
0.074363251819022
0.055177861430971
0.03894844995862291
0.0261514720563255
0.01670086510105125
0.01014306515600382
0.00585776167538942
0.003216365678106171
0.001678817460718207
0.00083286186061158
0.0003926403317119946
0.0001758668777352493
0.0000748253644880041
0.00003023369429101073
0.00001159862472614072
4.223604100812484e-6
1.459495946900498e-6
4.78453765103255e-7
1.487515539440478e-7
4.384569841760834e-8
1.224864705474956e-8
3.241817460542579e-9
8.12575378100092e-10
1.928147242044362e-10
4.32948310010936e-11
9.19517260212923e-12
1.846336323496702e-12
3.503305476508065e-13
6.27827469894914e-14
1.06210100704307e-14
1.695162765612803e-15
2.55106919570755e-16
3.617689318978554e-17
4.83124034198918e-18
6.07171135652046e-19
7.17598285467459e-20
7.96979990212905e-21
8.31135123725233e-22
8.13205240643434e-23
7.45867936965229e-24
6.40719170928155e-25
5.15002230363122e-26
3.869522948912318e-27
2.714954115861769e-28
1.776852346749953e-29
1.083494655422593e-30
6.14845268401904e-32
3.242784672614122e-33
1.58746401206547e-34
7.20297875826714e-36
3.024811287028953e-37
1.173766787493443e-38
4.201879251635959e-40
1.385232874738149e-41
4.197724023271575e-43
1.166978305799519e-44
2.970044413662365e-46
6.90479623881065e-48
1.462854404499466e-49
2.817219331431219e-51
4.9186136364474e-53
7.76281984680942e-55
1.104115160337694e-56
1.41056332882718e-58
1.612913324236689e-60
1.644395540064968e-62
1.488610379542334e-64
1.191209854639931e-66
8.38519198803338e-69
5.16476941162299e-71
2.767472841363162e-73
1.281880762847068e-75
5.09685002756588e-78
1.726166917383205e-80
4.936905780033e-83
1.180994778580591e-85
2.337660010458066e-88
3.782407011467408e-91
4.93397168205939e-94
5.10712724497831e-97
4.118541925514044e-100
2.532781724040737e-103
1.158131098540679e-106
3.82016583268782e-110
8.7619375020362e-114
1.335177737185646e-117
1.276046859473094e-121
7.09582320274183e-126
2.075064380673317e-130
2.766774580169573e-135
1.357291267856846e-140
1.720369980192213e-146
2.866115740509444e-153
1.111332524266433e-161