0.1039177160905599
0.1016866305968821
0.0973670327245312
0.0912290025793521
0.0836422066127281
0.0750391314796722
0.0658745445589683
0.0565864251259951
0.0475629233138809
0.0391185600140501
0.0314811910279147
0.0247895649302926
0.0190999017737
0.0143990025220138
0.0106210348397013
0.0076652805836374
0.0054126414690685
0.00373941068161514
0.00252756318051736
0.00167146625416727
0.00108138727728
0.0006844532492171
0.00042381427401843
0.000256724025158898
0.000152126893746301
0.000088182611291282
0.000050001821177656
0.0000277333636689219
0.0000150459834866128
7.984116813331e-6
4.1438870394113e-6
2.10353436574426e-6
1.04432923957898e-6
5.0705646034983e-7
2.40763516055732e-7
1.11795521156706e-7
5.0762251443267e-8
2.25383922543574e-8
9.784820969556e-9
4.1534835714325e-9
1.7237845977302e-9
6.9943128469397e-10
2.7744620468765e-10
1.07587980332504e-10
4.0782978636083e-11
1.51113325595449e-11
5.4728438027843e-12
1.9372561985262e-12
6.7019538691607e-13
2.2658556097862e-13
7.486087436395e-14
2.4168197190164e-14
7.6238530874063e-15
2.3497370225678e-15
7.0754067934248e-16
2.0813411486911e-16
5.9808988796939e-17
1.678772893459e-17
4.6024600440353e-18
1.23233931150229e-18
3.2224166146995e-19
8.2283430838364e-20
2.0515868478471e-20
4.9943733020714e-21
1.18700269507809e-21
2.7540213541025e-22
6.2372380363001e-23
1.3787657997003e-23
2.9745742953248e-24
6.2626399414934e-25
1.2866183150581e-25
2.5790645528971e-26
5.0437620418432e-27
9.6224508536888e-28
1.7906616213457e-28
3.2500882428546e-29
5.7528993401784e-30
9.9298724510609e-31
1.6711682717458e-31
2.7420142316898e-32
4.3857580102062e-33
6.8374868487989e-34
1.0389045675301e-34
1.5382663142909e-35
2.2192819990611e-36
3.1193624202442e-37
4.2710806803194e-38
5.6960449582837e-39
7.3980404489846e-40
9.356436260663e-41
1.1521163012435e-41
1.3810668351649e-42
1.6114052530589e-43
1.8298036310628e-44
2.0218571370521e-45
2.1735920568706e-46
2.2731138044576e-47
2.3121312669163e-48
2.2870894411842e-49
2.1996972525214e-50
2.056743091219e-51
1.8692238411697e-52
1.6509423800919e-53
1.4168226303678e-54
1.1812287751007e-55
9.565503809011e-57
7.522385827867e-58
5.7437319213695e-59
4.2573425950188e-60
3.0626837715981e-61
2.1379432897149e-62
1.4478716933239e-63
9.510673219411e-65
6.0582207547052e-66
3.7414060547544e-67
2.2396575199102e-68
1.2992247311289e-69
7.301959827032e-71
3.9750385067872e-72
2.095471748467e-73
1.069424647787e-74
5.2824239961808e-76
2.5247312407603e-77
1.1672860709958e-78
5.2191325588665e-80
2.2560772325239e-81
9.425772824795e-83
3.8050207802151e-84
1.4836814830986e-85
5.586388680914e-87
2.0304314092373e-88
7.121452509926e-90
2.4094876624956e-91
7.861505980666e-93
2.4726173297297e-94
7.494098526509e-96
2.1879142943507e-97
6.15067026826e-99
1.6642716261586e-100
4.3327078154297e-102
1.0847935132876e-103
2.6109668918766e-105
6.038530562139e-107
1.3413449945787e-108
2.8604030097904e-110
5.85307284659e-112
1.1486748381407e-113
2.160961727583e-115
3.895002138883e-117
6.722737347457e-119
1.110510266476e-120
1.7546475362692e-122
2.6502898723899e-124
3.824462486111e-126
5.269265379771e-128
6.927121892533e-130
8.683405820834e-132
1.0372031995379e-133
1.1796852751231e-135
1.2766702944858e-137
1.3136283100725e-139
1.2841237510859e-141
1.1915970630768e-143
1.0487575910865e-145
8.747133343237e-148
6.907314379983e-150
5.15939575621e-152
3.641769911572e-154
2.4266763965071e-156
1.5249002836928e-158
9.02667161111e-161
5.027796645874e-163
2.631955786686e-165
1.2932895466627e-167
5.957607685158e-170
2.569362814588e-172
1.0359744812256e-174
3.899492095647e-177
1.3681648983112e-179
4.467299975243e-182
1.3551881208374e-184
3.812744525239e-187
9.930179364779e-190
2.389540097579e-192
5.301781758582e-195
1.0822923781823e-197
2.0281321921473e-200
3.480447605567e-203
5.455812287621e-206
7.791165524413e-209
1.0107100688656e-211
1.1874552721474e-214
1.2594344923195e-217
1.201739987493e-220
1.0278501170067e-223
7.849278723321e-227
5.329466575176e-230
3.202793315729e-233
1.6953176609183e-236
7.862621347211e-240
3.176918009463e-243
1.1114325276345e-246
3.344069250416e-250
8.589889601838e-254
1.8685974677918e-257
3.411936766911e-261
5.178164452958e-265
6.460988747499e-269
6.547497326016e-273
5.31566830869e-277
3.40428143048e-281
1.6897746291131e-285
6.370799338431e-290
1.7822463924289e-294
3.599835038746e-299
5.082836919866e-304
4.826404135652e-309
2.940140934652e-314
1.0838238779618e-319
2.2449333643743e-325
2.3720239330706e-331
1.1219846917306e-337
1.9749548022754e-344
9.791845047946e-352
8.627814271249e-360
5.579642447919e-369
2.711900283892e-380