0.0596487654219473
0.0592251385640982
0.0583868871611674
0.0571516978270665
0.0555453211403038
0.0536006793636326
0.0513567453873574
0.048857246172372
0.046149250832624
0.043281706788948
0.040303987078714
0.037264508103621
0.034209470254421
0.031181764564778
0.028220077544842
0.025358214423216
0.0226246489813149
0.0200422967376898
0.0176284980659906
0.0153951893997077
0.013349234314515
0.0114928821377742
0.0098243198026661
0.0083382827852721
0.0070266928649172
0.0058792937784942
0.004884260200819
0.0040287604679807
0.003299458682442
0.0026829469556468
0.0021661032765712
0.0017363746351234
0.001381988443742
0.00109209792553649
0.00085686897141518
0.00066751706084335
0.00051630327738845
0.00039649834108722
0.00030232304630267
0.00022887265809691
0.00017203179629466
0.0001283852244611
0.00009512884347201
0.00006998412960912
0.000051118299718302
0.000037071658209669
0.000026692895047359
0.000019082560992774
0.000013544538017476
9.545034836347e-6
6.6784523738322e-6
4.6393628096918e-6
3.1998101057927e-6
2.1911524804114e-6
1.4897132012036e-6
1.005572828702e-6
6.7391372682822e-7
4.4840875002827e-7
2.9622515531879e-7
1.9428842840206e-7
1.2651677740807e-7
8.179457894241e-8
5.2501915158668e-8
3.345792392369e-8
2.1168740969896e-8
1.3297261951605e-8
8.292768071779e-9
5.1345908260324e-9
3.1563132401958e-9
1.9262878338601e-9
1.167153481357e-9
7.021005605201e-10
4.1930889266651e-10
2.4861713284398e-10
1.4634876737296e-10
8.552772272502e-11
4.9623037586483e-11
2.8583613742677e-11
1.6345831369631e-11
9.280079682969e-12
5.230580748339e-12
2.9268490013415e-12
1.625929058964e-12
8.967107757301e-13
4.909659100127e-13
2.6686834185498e-13
1.4400850579023e-13
7.714773497283e-14
4.1029925375491e-14
2.1663036482051e-14
1.1354748500937e-14
5.908453222108e-15
3.052155592726e-15
1.5652171455257e-15
7.968490131957e-16
4.0272578337339e-16
2.020566758164e-16
1.0063886899173e-16
4.976058178009e-17
2.4424780802362e-17
1.19014471182e-17
5.756931569947e-18
2.7644126604628e-18
1.3177513854708e-18
6.23564188407e-19
2.9291673213293e-19
1.3659058425893e-19
6.322795425807e-20
2.90541037375e-20
1.3252993973912e-20
6.001044471625e-21
2.6973925883243e-21
1.2035498097705e-21
5.330705331744e-22
2.3437110608631e-22
1.0228697029127e-22
4.431303142903e-23
1.9056166364149e-23
8.134494107055e-24
3.446787353231e-24
1.4497240118069e-24
6.052586773773e-25
2.5083001235129e-25
1.0318074746714e-25
4.213048198674e-26
1.7075390576695e-26
6.869405906373e-27
2.7430887526175e-27
1.0872527146535e-27
4.277488951941e-28
1.6703705345515e-28
6.474407430603e-29
2.4908538487874e-29
9.511635386209e-30
3.605110346485e-30
1.3562383585892e-30
5.064134468667e-31
1.8768251328474e-31
6.903818708531e-32
2.5205744103216e-32
9.13380662694e-33
3.285063711675e-33
1.1726624052139e-33
4.154673838413e-34
1.4609423594162e-34
5.098693488166e-35
1.7660860016223e-35
6.071406807737e-36
2.0715182319787e-36
7.014674235948e-37
2.3574523938633e-37
7.86307410047e-38
2.602873918192e-38
8.551110385657e-39
2.788032175855e-39
9.021446659935e-40
2.8970430627e-40
9.232754338632e-41
2.920131135855e-41
9.165693571729e-42
2.85507389238e-42
8.825829337743e-43
2.707552849819e-43
8.242874208726e-44
2.490334927903e-44
7.4663995583e-45
2.221447599855e-45
6.558873798184e-46
1.9217097034046e-46
5.587384106507e-47
1.6120867755432e-47
4.615559212029e-48
1.3113333936246e-48
3.697018568807e-49
1.0342765319375e-49
2.871210431763e-50
7.909216292801e-51
2.16191540368e-51
5.863777295722e-52
1.5781433752749e-52
4.214463795964e-53
1.1167648082329e-53
2.936305570305e-54
7.660506839748e-55
1.9830198058139e-55
5.093384122293e-56
1.2980521890374e-56
3.282318435531e-57
8.235094131708e-58
2.049991964271e-58
5.063232804856e-59
1.2407725215797e-59
3.016763949994e-60
7.277324119185e-61
1.7417252150339e-61
4.135817566993e-62
9.743459293211e-63
2.277357810725e-63
5.280947634661e-64
1.2149296162174e-64
2.77297012307e-65
6.278995820426e-66
1.4105296540245e-66
3.143528011682e-67
6.950108283232e-68
1.5244070116714e-68
3.316969014046e-69
7.159932911268e-70
1.5332023499476e-70
3.256933407302e-71
6.863300698764e-72
1.4347219981432e-72
2.975150078436e-73
6.12001051747e-74
1.2488014026862e-74
2.527715702725e-75
5.075191156104e-76
1.0107914807481e-76
1.99687721791e-77
3.913067801205e-78
7.605979932537e-79
1.4664265290318e-79
2.80432460613e-80
5.319301106638e-81
1.0007708169628e-81
1.867514023584e-82
3.45650887814e-83
6.34528890415e-84
1.1553148729902e-84
2.086314887957e-85
3.736673364368e-86
6.637605338191e-87
1.1693753087626e-87
2.043185393719e-88
3.540528707637e-89
6.084572181823e-90
1.037023546734e-90
1.752826203282e-91
2.938162140332e-92
4.884209463176e-93
8.051732701117e-94
1.3163029457241e-94
2.133971669694e-95
3.430698548837e-96
5.469307825966e-97
8.646350276536e-98
1.3554348538148e-98
2.106999911295e-99
3.247768567956e-100
4.964036060909e-101
7.523304652303e-102
1.130578629216e-102
1.68463490668e-103
2.488961503918e-104
3.646131671578e-105
5.295935498074e-106
7.626820831752e-107
1.0890033848362e-107
1.541679207743e-108
2.163874823945e-109
3.011187372073e-110
4.154369390692e-111
5.682353369344e-112
7.70550738282e-113
1.0359007691937e-113
1.380616241322e-114
1.824146290031e-115
2.389307956831e-116
3.102446118218e-117
3.993464719111e-118
5.095686881956e-119
6.445500444391e-120
8.081747660232e-121
1.0044823944096e-121
1.237546124089e-122
1.511318716182e-123
1.829447135192e-124
2.19505950453e-125
2.610530726592e-126
3.077235991248e-127
3.595304176842e-128
4.163385564832e-129
4.778450057465e-130
5.435632928292e-131
6.128144806482e-132
6.847260925878e-133
7.582401587305e-134
8.321311340139e-135
9.050338776689e-136
9.754812377336e-137
1.0419500994047e-137
1.1029140852155e-138
1.156900496688e-139
1.202548618161e-140
1.238666213842e-141
1.264280975758e-142
1.27868384286e-143
1.281461508722e-144
1.272516044585e-145
1.252070342637e-146
1.220658971747e-147
1.179104963347e-148
1.128483933657e-149
1.07007772778e-150
1.0053203797523e-151
9.357395748541e-153
8.628969513597e-154
7.883304858031e-155
7.135018877269e-156
6.397514247969e-157
5.682619592545e-158
5.000332623492e-159
4.358669469575e-160
3.763616780356e-161
3.219177344832e-162
2.727495398367e-163
2.289044733097e-164
1.902861220636e-165
1.566801313086e-166
1.277809307378e-167
1.032178358626e-168
8.257930897326e-170
6.543448414219e-171
5.135138398759e-172
3.991155783088e-173
3.072113275916e-174
2.341847918331e-175
1.767884561264e-176
1.32164141651e-177
9.78427391016e-179
7.172811687858e-180
5.206989389554e-181
3.742923043831e-182
2.664112022624e-183
1.877594548713e-184
1.310235005945e-185
9.05284036139e-187
6.192969883478e-188
4.194513604407e-189
2.81269602667e-190
1.867293103055e-191
1.227271257443e-192
7.985402519093e-194
5.143644792476e-195
3.27984023484e-196
2.070291745279e-197
1.293591214034e-198
8.000896209267e-200
4.898302916286e-201
2.968296885069e-202
1.78038088529e-203
1.056942869683e-204
6.210293737183e-206
3.611467936609e-207
2.078524987688e-208
1.183901012092e-209
6.67348819742e-211
3.722685847971e-212
2.055012205855e-213
1.122575095145e-214
6.068030398317e-216
3.245635320838e-217
1.717748253577e-218
8.99529139205e-220
4.660740232866e-221
2.389276577647e-222
1.211818707314e-223
6.080738405107e-225
3.018631346194e-226
1.482471929781e-227
7.202329469133e-229
3.461441193632e-230
1.645605261152e-231
7.738669195511e-233
3.599696406734e-234
1.656194796045e-235
7.53684835361e-237
3.392249040656e-238
1.510052117173e-239
6.647968689115e-241
2.894444812312e-242
1.246255861303e-243
5.306412813817e-245
2.234255672347e-246
9.30226595001e-248
3.829610452716e-249
1.558892693164e-250
6.274213775337e-252
2.496717774951e-253
9.82272786362e-255
3.820609401273e-256
1.469116614881e-257
5.584549163938e-259
2.098520326871e-260
7.79500377478e-262
2.862083629062e-263
1.038713504415e-264
3.725985913983e-266
1.321000521659e-267
4.628767518714e-269
1.602922289945e-270
5.485652304387e-272
1.855225284026e-273
6.200137546497e-275
2.04750926835e-276
6.681189107775e-278
2.154112118818e-279
6.862030930987e-281
2.159682461702e-282
6.715260847852e-284
2.062786955985e-285
6.259605626151e-287
1.876390084474e-288
5.556037311398e-290
1.625006864428e-291
4.694347881734e-293
1.339390496814e-294
3.774267866912e-296
1.050348266988e-297
2.886625193075e-299
7.83402863476e-301
2.099416675235e-302
5.555354063073e-304
1.451460335765e-305
3.744203755283e-307
9.5357536647e-309
2.3975739928e-310
5.951007328863e-312
1.458109930293e-313
3.526558013475e-315
8.41884014388e-317
1.983687508657e-318
4.613102776536e-320
1.058743608942e-321
2.397976946386e-323
5.359623382917e-325
1.18205300512e-326
2.572356638951e-328
5.523252531349e-330
1.170053844845e-331
2.445352960181e-333
5.041727142255e-335
1.025407075834e-336
2.057166123233e-338
4.07075698375e-340
7.94493237175e-342
1.529292933818e-343
2.903037294814e-345
5.434402270742e-347
1.003145043515e-348
1.825844434345e-350
3.276626781783e-352
5.797332061618e-354
1.011211403388e-355
1.738772088032e-357
2.947164435972e-359
4.92380577841e-361
8.10785308566e-363
1.315808083172e-364
2.104427639227e-366
3.316675541946e-368
5.150768442172e-370
7.88158089053e-372
1.188225494506e-373
1.764819419613e-375
2.58219437974e-377
3.72165333821e-379
5.283382003374e-381
7.38733334796e-383
1.017262753698e-384
1.379488918249e-386
1.84209686257e-388
2.422061200678e-390
3.135487473329e-392
3.996141983118e-394
5.013729219381e-396
6.192027355359e-398
7.52704379142e-400
9.00539595869e-402
1.060314820472e-403
1.228533470481e-405
1.400636454161e-407
1.571143621529e-409
1.73389884337e-411
1.88240918772e-413
2.010255811689e-415
2.11154260169e-417
2.181340241985e-419
2.216079934877e-421
2.213853452485e-423
2.174584680386e-425
2.10005142313e-427
1.993753176553e-429
1.860638400423e-431
1.706720909837e-433
1.538626974646e-435
1.363120897331e-437
1.186656538637e-439
1.014995860775e-441
8.52924400288e-444
7.04079667775e-446
5.708940588225e-448
4.546410505632e-450
3.555638481073e-452
2.730601166584e-454
2.058951053729e-456
1.524177887011e-458
1.107596106018e-460
7.90018009219e-463
5.530386320977e-465
3.79917557527e-467
2.560888007027e-469
1.69359839928e-471
1.098751768682e-473
6.99210737621e-476
4.364006012665e-478
2.67103810959e-480
1.603025372221e-482
9.43221451441e-485
5.440597562505e-487
3.075991906627e-489
1.704412450752e-491
9.25464295534e-494
4.923612746227e-496
2.566199287628e-498
1.310151123315e-500
6.551162638988e-503
3.207908617258e-505
1.538055594243e-507
7.21950623829e-510
3.317160573673e-512
1.49171643408e-514
6.564523155953e-517
2.826523913834e-519
1.19060916324e-521
4.905535374108e-524
1.976682080726e-526
7.78846833568e-529
3.000286294147e-531
1.129791484806e-533
4.158027472686e-536
1.495399705793e-538
5.254536657826e-541
1.803615484045e-543
6.04658165501e-546
1.979498588688e-548
6.327052607983e-551
1.974099815868e-553
6.011424070033e-556
1.786257709173e-558
5.178284898088e-561
1.464259588092e-563
4.037889071901e-566
1.085693691901e-568
2.845691899811e-571
7.26951783523e-574
1.809541392064e-576
4.388166487586e-579
1.03646398739e-581
2.383884141586e-584
5.337986557834e-587
1.163405466541e-589
2.467426117756e-592
5.091116017704e-595
1.02172052128e-597
1.993857627858e-600
3.782594280103e-603
6.97441307935e-606
1.249494984285e-608
2.174477313213e-611
3.67494780564e-614
6.029809771266e-617
9.60262862189e-620
1.483837546227e-622
2.224157317807e-625
3.232945127594e-628
4.555678647885e-631
6.221503912011e-634
8.23167430144e-637
1.054852372382e-639
1.308769794162e-642
1.571655539727e-645
1.826103738939e-648
2.052181894754e-651
2.22984026463e-654
2.341752720608e-657
2.376053359954e-660
2.328381971728e-663
2.202756819305e-666
2.011040698208e-669
1.77109150752e-672
1.503996674725e-675
1.230989355601e-678
9.70677257731e-682
7.37081944963e-685
5.387406794853e-688
3.78847910952e-691
2.561913033311e-694
1.665200242556e-697
1.039810535892e-700
6.234553361991e-704
3.587501075634e-707
1.980070829885e-710
1.047687785354e-713
5.311287426256e-717
2.578293707345e-720
1.197762944254e-723
5.321690203852e-727
2.259933664816e-730
9.16703472442e-734
3.549450160228e-737
1.310980339156e-740
4.6156156241e-744
1.547918795447e-747
4.94116554369e-751
1.500173312745e-754
4.328550277556e-758
1.185988167006e-761
3.083132327661e-765
7.59807669758e-769
1.773490501427e-772
3.91714272699e-776
8.17925971844e-780
1.613013079093e-783
3.001249541906e-787
5.263235800028e-791
8.69001697167e-795
1.349334692604e-798
1.968099175491e-802
2.693279054725e-806
3.45368393069e-810
4.144674004965e-814
4.648611147339e-818
4.866057778038e-822
4.747063386325e-826
4.309372980407e-830
3.634674726828e-834
2.843626574448e-838
2.060148691115e-842
1.379670834775e-846
8.52514438596e-851
4.851098932056e-855
2.536970796478e-859
1.21678003406e-863
5.340366036779e-868
2.139868772054e-872
7.809185018573e-877
2.588921661016e-881
7.77610010691e-886
2.110125285759e-890
5.157814112762e-895
1.13206236325e-899
2.22372559249e-904
3.895592296586e-909
6.06361627504e-914
8.35298003814e-919
1.014099452531e-923
1.08021223417e-928
1.004750184105e-933
8.119266913484e-939
5.669155553921e-944
3.400347918703e-949
1.741009662298e-954
7.558031501516e-960
2.761630463162e-965
8.426084052816e-971
2.128357727664e-976
4.408998200834e-982
7.413898675202e-988
1.000606017194e-993
1.070500579729e-999
8.954431843971e-1006
5.767211730965e-1012
2.811485034388e-1018
1.017627767733e-1024
2.675890873824e-1031
4.986537980872e-1038
6.400406468492e-1045
5.474666426658e-1052
3.002419508873e-1059
1.0085187175e-1066
1.96407748865e-1074
2.074142746593e-1082
1.0930381478947e-1090
2.586424596966e-1099
2.394044615927e-1108
7.1920635277e-1118
5.381507357626e-1128
6.723334011932e-1139
7.2259296311e-1151
1.861526662193e-1164
4.198278047672e-1181