0.1359558477930036
0.1309807323265204
0.1215693730035879
0.1087035220647515
0.0936394556164006
0.0777071225428116
0.0621209396130321
0.0478384055408994
0.03548630652705618
0.02535548528758162
0.01744975499148962
0.01156617907107642
0.00738326021823437
0.00453874972503343
0.002686728506302964
0.001531362687331817
0.000840357032623125
0.0004439595321740983
0.0002257753039977521
0.0001105147286371313
0.000052062993254208
0.00002360235201625157
0.00001029551002847124
4.320693055106183e-6
1.74427797711849e-6
6.77291565849606e-7
2.529131514780831e-7
9.08109260701758e-8
3.134786266524053e-8
1.040183748700239e-8
3.317191548114581e-9
1.016511476253301e-9
2.99264311523964e-10
8.46281452906062e-11
2.298290519868201e-11
5.99286812686616e-12
1.500065198407284e-12
3.603574001113956e-13
8.30621521290135e-14
1.836597638936183e-14
3.894544766875584e-15
7.91804340014836e-16
1.543050119405849e-16
2.881517979468762e-17
5.15484381803765e-18
8.83144397588782e-19
1.448552978668097e-19
2.273961256832429e-20
3.415326809401774e-21
4.90604255801849e-22
6.73789308131632e-23
8.8440059316174e-24
1.10901804103e-24
1.328065380374358e-25
1.518140379298786e-26
1.655884212588552e-27
1.72258550510427e-28
1.70830209114537e-29
1.614264332221196e-30
1.452767857219479e-31
1.244534776642162e-32
1.014323675166018e-33
7.86078163663286e-35
5.78930684394528e-36
4.04950354447627e-37
2.68858860498242e-38
1.6932343422928e-39
1.010862408162337e-40
5.71676344861499e-42
3.06041833846166e-43
1.54974643377095e-44
7.41743417652476e-46
3.35282022915949e-47
1.43009968010025e-48
5.75099075511422e-50
2.17843317620131e-51
7.76531500671775e-53
2.60230033061189e-54
8.1901272958721e-56
2.41818879631757e-57
6.6906191998256e-59
1.73263352296126e-60
4.19445189861713e-62
9.4800399453748e-64
1.99766536032678e-65
3.91917915726064e-67
7.1479002520688e-69
1.21001520333245e-70
1.89808011309827e-72
2.75418921429006e-74
3.69004398929947e-76
4.5560294205428e-78
5.173321746722e-80
5.3906288853327e-82
5.1427945304938e-84
4.4811606397813e-86
3.5570406150031e-88
2.56505673445894e-90
1.6754771499806e-92
9.8821161456089e-95
5.2453216270091e-97
2.4965498312951e-99
1.06138433619599e-101
4.0138215626613e-104
1.34412754100019e-106
3.9664531932274e-109
1.02599320004348e-111
2.3129329280453e-114
4.5156692897423e-117
7.5826619908421e-120
1.08682398757054e-122
1.31851105081847e-125
1.341345394765e-128
1.13240964728609e-131
7.8413660468422e-135
4.395072956713e-138
1.9642606962757e-141
6.8803200642122e-145
1.8515804865562e-148
3.7402092734786e-152
5.5173491831878e-156
5.7511427374291e-160
4.0699377604885e-164
1.860813127633e-168
5.162083483759e-173
8.006265278217e-178
6.217151881438e-183
2.068259400894e-188
2.3312830754734e-194
6.045933358009e-201
1.7189016713322e-208
7.985940871039e-218