0.0605729449363576
0.0601293479330659
0.0592518736025523
0.0579596073011702
0.0562803100754974
0.0542494275072225
0.0519088467955233
0.0493054628958244
0.046489622136357
0.043513515157249
0.040429590206071
0.03728905302665
0.034140511311733
0.031028810686889
0.027994096330727
0.025071120560969
0.0222888029640818
0.019670036774542
0.0172317239369154
0.0149850121480606
0.012935700513984
0.0110847763958076
0.0094290444990772
0.0079618100524869
0.0066735806711435
0.0055527557669969
0.0045862776764023
0.0037602245446388
0.0030603309983879
0.0024724283712188
0.0019828014257203
0.0015784629289428
0.0012473509631192
0.00097845644987556
0.00076189006060096
0.000588898559002
0.0004518407917869
0.00034413314860293
0.00026017349822151
0.00019525151496713
0.00014545206416645
0.00010755702506065
0.00007894967881508
0.000057524639608947
0.000041605298274722
0.000029869901551885
0.000021286711101039
0.000015058168475633
0.000010573620478687
7.3699139342164e-6
5.0990277955089e-6
3.5018514789505e-6
2.3872205446594e-6
1.6153659343328e-6
1.08500543396e-6
7.233934388284e-7
4.7873799937494e-7
3.1448571600932e-7
2.0506078928849e-7
1.3272171047506e-7
8.526639692044e-8
5.4373761900597e-8
3.4417180757819e-8
2.1623925759461e-8
1.3485467435032e-8
8.347732808507e-9
5.1290978807234e-9
3.1281110825081e-9
1.8936114981502e-9
1.1377999643043e-9
6.785877777746e-10
4.0170753697729e-10
2.3603504227732e-10
1.3765888677604e-10
7.968782566416e-11
4.5786592715866e-11
2.6112109109626e-11
1.4780920694112e-11
8.304539298104e-12
4.6310846494721e-12
2.5633126824415e-12
1.4082206268853e-12
7.678715927636e-13
4.1557920066991e-13
2.2323629493185e-13
1.1902003875709e-13
6.298224065662e-14
3.3079375707167e-14
1.7243924018389e-14
8.921808459705e-15
4.581482897656e-15
2.3350381758411e-15
1.1811770048724e-15
5.930173314776e-16
2.9549456353661e-16
1.4613679976988e-16
7.172919226298e-17
3.4942725818663e-17
1.6894305181666e-17
8.106713146831e-18
3.8607206157655e-18
1.824774497529e-18
8.55983574846e-19
3.985062902163e-19
1.8412660776119e-19
8.443210647736e-20
3.842434363396e-20
1.7354459409133e-20
7.77892419943e-21
3.4604278909096e-21
1.5277062624056e-21
6.693413581584e-22
2.9103896916942e-22
1.2558802223689e-22
5.378197993078e-23
2.2856762212319e-23
9.640062354301e-24
4.034874339407e-24
1.6759576103816e-24
6.908387307811e-25
2.8259776412415e-25
1.147194099186e-25
4.621457334888e-26
1.8475344777916e-26
7.329517624593e-27
2.8855269124447e-27
1.1272997037066e-27
4.370345748348e-28
1.6813260025707e-28
6.418674611964e-29
2.4316083903615e-29
9.141011850131e-30
3.409924605193e-30
1.2622419957376e-30
4.636446719664e-31
1.689935594028e-31
6.112159444989e-32
2.1935938770202e-32
7.811818925954e-33
2.7604497396597e-33
9.679135541622e-34
3.367593358969e-34
1.1625893330182e-34
3.982482606414e-35
1.3536286253099e-35
4.565206856758e-36
1.5276851516232e-36
5.072439462742e-37
1.671116145665e-37
5.462610689128e-38
1.7717188196342e-38
5.70147646995e-39
1.8204338242816e-39
5.767060214136e-40
1.8126881203529e-40
5.652982782599e-41
1.7491020234047e-41
5.369482556659e-42
1.6354091665496e-42
4.941900264616e-43
1.4816032284451e-43
4.40693914835e-44
1.3004874737729e-44
3.80746598408e-45
1.1059191060952e-45
3.186873804522e-46
9.110814993197e-47
2.58402730928e-47
7.270781745178e-48
2.0295785116816e-48
5.620408967183e-49
1.5440588263301e-49
4.208139717296e-50
1.1377408151769e-50
3.051545661298e-51
8.119255264841e-52
2.143032317005e-52
5.611175254919e-53
1.457430633849e-53
3.75514951011e-54
9.597721742106e-55
2.433363192997e-55
6.119836515757e-56
1.5267327870103e-56
3.778094015892e-57
9.273958953227e-58
2.258064753926e-58
5.453590620736e-59
1.3064706944284e-59
3.10444417516e-60
7.316967045412e-61
1.7105563857972e-61
3.966420014089e-62
9.122438570955e-63
2.080990199224e-63
4.708383537983e-64
1.0566038303291e-64
2.351726910377e-65
5.191486579975e-66
1.1366387818031e-66
2.4681685216e-67
5.315503883112e-68
1.1353428185429e-68
2.405017083497e-69
5.052583244239e-70
1.0527094309207e-70
2.175198039317e-71
4.457381874631e-72
9.058308286545e-73
1.825559526673e-73
3.648563817171e-74
7.231365427873e-75
1.4213021650623e-75
2.770228382193e-76
5.35430426071e-77
1.026228490093e-77
1.95044557716e-78
3.675932438932e-79
6.869739214516e-80
1.273054875665e-80
2.33928536779e-81
4.262295132722e-82
7.700573293663e-83
1.3794843693997e-83
2.450302006862e-84
4.315453492327e-85
7.535847636461e-86
1.3047624083876e-86
2.239851358644e-87
3.812326949812e-88
6.433376410636e-89
1.0763669038129e-89
1.785454920382e-90
2.936291831286e-91
4.787467877903e-92
7.738617391035e-93
1.2401271106337e-93
1.970193100272e-94
3.10302698802e-95
4.844967202381e-96
7.499269884637e-97
1.1507056945897e-97
1.750333974694e-98
2.63926603395e-99
3.944983254198e-100
5.845222296574e-101
8.585090066663e-102
1.249886783847e-102
1.803734004387e-103
2.580145899201e-104
3.658304977374e-105
5.141304150932e-106
7.161735257402e-107
9.88800311654e-108
1.353125374163e-108
1.83527139426e-109
2.467112905922e-110
3.286985904672e-111
4.34030566145e-112
5.680021393143e-113
7.366823937582e-114
9.469012898139e-115
1.2061924718467e-115
1.522682479981e-116
1.904917699481e-117
2.361622421076e-118
2.901384545993e-119
3.532269766945e-120
4.261370395032e-121
5.094301155187e-122
6.034660872984e-123
7.083485524051e-124
8.238724007389e-125
9.494772564026e-126
1.0842106317824e-126
1.226704636007e-127
1.375169767782e-128
1.527408680681e-129
1.680851843151e-130
1.832615764291e-131
1.979582991919e-132
2.118501513772e-133
2.246099631187e-134
2.359210965037e-135
2.454903132756e-136
2.530602924239e-137
2.584210594743e-138
2.61419623474e-139
2.619672070432e-140
2.600435942546e-141
2.556983003937e-142
2.490484726603e-143
2.402736446972e-144
2.296076725659e-145
2.173283583145e-146
2.037454050403e-147
1.891874337944e-148
1.739888222291e-149
1.58477097421e-150
1.429615358646e-151
1.277235017587e-152
1.130089031921e-153
9.902297923761e-155
8.592746405213e-156
7.384002035264e-157
6.283570509354e-158
5.295013251411e-159
4.418393794099e-160
3.650812015132e-161
2.986984783078e-162
2.41983512777e-163
1.941057695586e-164
1.541635201373e-165
1.212288083646e-166
9.438469291975e-168
7.275439124287e-169
5.552251096086e-170
4.194898808657e-171
3.137664988858e-172
2.323349064877e-173
1.703080636187e-174
1.235830147276e-175
8.877181218559e-177
6.312100962024e-178
4.44268057309e-179
3.09512516342e-180
2.134336626401e-181
1.45676236674e-182
9.84113182589e-184
6.579930257696e-185
4.354183459238e-186
2.851612805667e-187
1.848255108823e-188
1.185522624423e-189
7.525291259936e-191
4.727060906398e-192
2.938341694742e-193
1.807362746815e-194
1.100041102768e-195
6.62493466879e-197
3.94777001588e-198
2.327598210929e-199
1.35780809134e-200
7.836662958671e-202
4.474808416609e-203
2.527878729163e-204
1.412747203264e-205
7.81064564794e-207
4.271804866505e-208
2.311136029883e-209
1.236849292822e-210
6.547457450306e-212
3.428313728282e-213
1.775528535927e-214
9.09496714674e-216
4.607740848702e-217
2.308741666129e-218
1.144062818391e-219
5.606584658742e-221
2.717111887267e-222
1.302158420548e-223
6.170974040837e-225
2.891768575936e-226
1.339921892995e-227
6.13885920394e-229
2.780827814723e-230
1.245445260827e-231
5.514740490364e-233
2.414132281199e-234
1.044763842904e-235
4.469734400168e-237
1.89032779201e-238
7.902591412116e-240
3.265607694493e-241
1.333845452655e-242
5.384915049779e-244
2.148665154475e-245
8.47343960763e-247
3.302450336993e-248
1.271987164391e-249
4.841536685554e-251
1.821049899323e-252
6.768345359258e-254
2.485701706782e-255
9.01996806582e-257
3.23395517902e-258
1.145564057259e-259
4.009076892339e-261
1.38609218329e-262
4.734188192908e-264
1.597303360442e-265
5.323538982309e-267
1.752536741165e-268
5.698621968419e-270
1.830167336328e-271
5.805131292732e-273
1.818509150214e-274
5.625781737882e-276
1.718683069676e-277
5.184843798954e-279
1.544485295618e-280
4.542774723613e-282
1.31925539347e-283
3.78257524044e-285
1.070724859267e-286
2.992128432276e-288
8.25419752286e-290
2.247718058507e-291
6.041726398533e-293
1.602921393854e-294
4.197347002373e-296
1.084746712668e-297
2.766634462059e-299
6.963445103528e-301
1.729514606038e-302
4.238679611264e-304
1.02499466235e-305
2.445543827219e-307
5.756653706982e-309
1.336852023903e-310
3.062617151986e-312
6.921107171524e-314
1.542798001359e-315
3.392111450278e-317
7.355893177817e-319
1.573190997123e-320
3.318061919937e-322
6.901135358513e-324
1.415355152401e-325
2.862165259551e-327
5.706682395159e-329
1.121779526915e-330
2.173907063827e-332
4.15296905574e-334
7.82050907703e-336
1.451590305371e-337
2.655581532735e-339
4.788013294009e-341
8.50754978531e-343
1.489635948903e-344
2.570129827084e-346
4.36919828715e-348
7.31800072417e-350
1.207533210798e-351
1.96287804575e-353
3.143015431264e-355
4.957123517494e-357
7.70040857713e-359
1.178064490653e-360
1.774866892857e-362
2.633138986464e-364
3.846472030999e-366
5.532244706868e-368
7.83355816908e-370
1.091953638708e-371
1.498321376639e-373
2.023621434896e-375
2.689952491612e-377
3.518991067232e-379
4.530193468656e-381
5.738611409832e-383
7.152443762321e-385
8.77052037919e-387
1.057998076157e-388
1.255445728791e-390
1.465308640307e-392
1.682064064604e-394
1.898899410084e-396
2.108000597008e-398
2.300974276623e-400
2.469377907786e-402
2.605314639093e-404
2.702036772346e-406
2.754494862353e-408
2.759770983313e-410
2.717344849545e-412
2.629159335997e-414
2.49947512842e-416
2.334529349333e-418
2.142036235411e-420
1.930585745937e-422
1.709005760152e-424
1.485754079037e-426
1.268398173159e-428
1.063225340923e-430
8.75006507137e-433
7.06916571523e-435
5.605960813954e-437
4.363253979625e-439
3.332747494335e-441
2.497917869331e-443
1.836916716263e-445
1.325218434633e-447
9.378268384e-450
6.509458879935e-452
4.431016486639e-454
2.957648999103e-456
1.935630931026e-458
1.24187620494e-460
7.81016781335e-463
4.814093192618e-465
2.90794187562e-467
1.721148490391e-469
9.98058235134e-472
5.669452347388e-474
3.154394418071e-476
1.718785627085e-478
9.170618283e-481
4.79055935433e-483
2.449758128253e-485
1.226160615174e-487
6.006142109905e-490
2.878749932326e-492
1.349918221339e-494
6.192133400852e-497
2.778021845019e-499
1.218781117488e-501
5.22807348448e-504
2.192369382728e-506
8.98609446099e-509
3.599494343718e-511
1.408809406767e-513
5.386777936095e-516
2.011855087535e-518
7.33801604256e-521
2.613348389377e-523
9.08602212887e-526
3.083386641913e-528
1.021124071238e-530
3.299458603156e-533
1.040007505205e-535
3.197234535201e-538
9.58451112131e-541
2.801139064094e-543
7.97955974927e-546
2.215193004614e-548
5.9915595339e-551
1.57859080712e-553
4.050463722082e-556
1.011923925797e-558
2.460932396934e-561
5.82450779611e-564
1.341293298498e-566
3.004613952362e-569
6.545571324981e-572
1.386411108898e-574
2.854379775002e-577
5.710766222149e-580
1.11000639227e-582
2.095503973892e-585
3.841180024208e-588
6.834913208742e-591
1.180239684114e-593
1.977200051242e-596
3.212521844031e-599
5.060879774956e-602
7.72782370142e-605
1.143414755787e-607
1.638804692057e-610
2.274500485063e-613
3.055878027503e-616
3.973103564352e-619
4.997091687679e-622
6.07777793893e-625
7.1458793081e-628
8.11876119895e-631
8.91011982211e-634
9.44212798234e-637
9.6577948407e-640
9.53088470143e-643
9.07103982517e-646
8.32275227752e-649
7.35827702102e-652
6.266044584422e-655
5.137164215134e-658
4.052899698908e-661
3.075500058935e-664
2.243691742891e-667
1.572871252261e-670
1.058974155026e-673
6.844061774754e-677
4.243725987075e-680
2.523179683417e-683
1.437715359763e-686
7.84642161882e-690
4.099094001048e-693
2.048605299291e-696
9.78841647489e-700
4.468610324708e-703
1.947838319884e-706
8.10140200077e-710
3.212864977907e-713
1.214057539251e-716
4.367983902272e-720
1.495163877397e-723
4.865458773791e-727
1.503962511804e-730
4.412337436112e-734
1.22757495491e-737
3.235879428632e-741
8.07433651781e-745
1.905390351677e-748
4.248177727657e-752
8.93980299301e-756
1.77382184808e-759
3.315000516201e-763
5.828640688174e-767
9.6308034525e-771
1.493663713333e-774
2.171715063131e-778
2.956359753658e-782
3.763049026416e-786
4.472519168597e-790
4.956469825831e-794
5.11392186986e-798
4.904834286876e-802
4.365990078534e-806
3.60080347354e-810
2.746712803739e-814
1.934327246508e-818
1.25522016746e-822
7.49058807709e-827
4.102141508809e-831
2.057092887487e-835
9.42431336032e-840
3.935075126335e-844
1.493709544495e-848
5.140849689458e-853
1.599721117951e-857
4.487595982994e-862
1.131337215951e-866
2.554768241967e-871
5.149694221842e-876
9.23169153543e-881
1.466062739862e-885
2.053950814456e-890
2.527387653163e-895
2.718618881274e-900
2.543486038637e-905
2.058591629119e-910
1.433029928258e-915
8.526672630889e-921
4.30752416747e-926
1.8342110094e-931
6.531769546755e-937
1.928692919074e-942
4.678455860742e-948
9.228403759508e-954
1.463794829754e-959
1.844219148715e-965
1.820542015661e-971
1.38694060523e-977
8.017162256525e-984
3.44993455386e-990
1.081589916223e-996
2.410489258971e-1003
3.712657942667e-1010
3.824768739212e-1017
2.536596391925e-1024
1.0350299646729e-1031
2.460971937435e-1039
3.191108333664e-1047
2.07837919279e-1055
6.124367480037e-1064
7.122719940665e-1073
2.717740062582e-1082
2.617813038996e-1092
4.284365672741e-1103
6.179638175808e-1115
2.217481633966e-1128
7.480562628794e-1145