0.0648621738292791
0.0643176732207854
0.0632423426036904
0.061662952895748
0.0596182679722508
0.0571574641569282
0.0543381664886773
0.051224211127121
0.047883254897886
0.044384356249607
0.0407956469357199
0.037182201341134
0.033604191897012
0.030115396217176
0.0267620964179148
0.0235823855500882
0.0206058720323893
0.0178537519868024
0.0153392026006296
0.0130680377752128
0.0110395606051643
0.0092475454696977
0.0076812851579739
0.0063266446794215
0.0051670722579015
0.0041845284544752
0.0033603054291055
0.0026757191757803
0.0021126674559578
0.0016540546155704
0.00128409120547665
0.00098848122511313
0.00075451292350012
0.00057107059194736
0.00042858492222771
0.00031893857986143
0.00023534196168202
0.0001721919602806
0.00012492419936564
0.00008986684011056
0.000064101843759015
0.000045337613807603
0.000031795290014135
0.000022109646383179
0.000015244547188146
0.000010422209831228
7.0650696087227e-6
4.7487925343172e-6
3.1648913789635e-6
2.0914235724311e-6
1.3703498346672e-6
8.902783829867e-7
5.7348724133329e-7
3.6628897932303e-7
2.3196618489484e-7
1.4565479689717e-7
9.068233808108e-8
5.5977941469314e-8
3.4261462708512e-8
2.0791607821437e-8
1.2510130946174e-8
7.463209319759e-9
4.4144614305583e-9
2.5889072492203e-9
1.5053594443635e-9
8.67854965844e-10
4.9606153489305e-10
2.8112768738231e-10
1.5796087643647e-10
8.799772571408e-11
4.860349302647e-11
2.6615567485052e-11
1.4450213274871e-11
7.778235659756e-12
4.1510145545442e-12
2.19630025e-12
1.1521032685212e-12
5.991716645076e-13
3.0893646557395e-13
1.5792212794182e-13
8.00332653845e-14
4.021143949833e-14
2.0029864319118e-14
9.891301426119e-15
4.8425444621187e-15
2.3503699536629e-15
1.1309383052063e-15
5.394849042834e-16
2.5512614248022e-16
1.1960889209423e-16
5.559072501256e-17
2.5613508356323e-17
1.1699333598823e-17
5.297560658969e-18
2.377994859625e-18
1.0581894204927e-18
4.667999370955e-19
2.041316472423e-19
8.849104939195e-20
3.8027261300686e-20
1.619924088966e-20
6.840618491765e-21
2.8634810730339e-21
1.1881974621335e-21
4.887371644235e-22
1.9927444191169e-22
8.054050522738e-23
3.2267149054839e-23
1.2814075895701e-23
5.04418910721e-24
1.9682020808865e-24
7.612356624009e-25
2.9183441034523e-25
1.108966919255e-25
4.176977708974e-26
1.5594229342562e-26
5.770594468492e-27
2.1165509295842e-27
7.694582107732e-28
2.7725927494699e-28
9.902125035012e-29
3.505165429915e-29
1.2297671935038e-29
4.276298369323e-30
1.4738056494085e-30
5.034263323329e-31
1.7043212943884e-31
5.718513422524e-32
1.9016352421069e-32
6.267291826249e-33
2.047092363194e-33
6.626679042648e-34
2.1259425904171e-34
6.759278017566e-35
2.1297975102512e-35
6.650611167392e-36
2.0580978010296e-36
6.31171824425e-37
1.9182368919515e-37
5.77731136219e-38
1.7243047675624e-38
5.099913224208e-39
1.494747345242e-39
4.34134946741e-40
1.2494800352042e-40
3.563503100323e-41
1.0070795895769e-41
2.820231956261e-42
7.825926320906e-43
2.1518502225839e-43
5.862854435521e-44
1.5827865796534e-44
4.233963696788e-45
1.1222218753377e-45
2.947219114351e-46
7.669083020924e-47
1.9772744509587e-47
5.051008651852e-48
1.2784154509723e-48
3.205853753089e-49
7.965044619945e-50
1.9606519312036e-50
4.78162484891e-51
1.1553354317983e-51
2.765623906879e-52
6.558815007208e-53
1.5409893191356e-53
3.586828154402e-54
8.270901910358e-55
1.8893879817703e-55
4.275727103426e-56
9.585480533262e-57
2.1287632477227e-57
4.683222999551e-58
1.0206120761816e-58
2.2032780195174e-59
4.711562235503e-60
9.980259720048e-61
2.0940846688747e-61
4.352274397252e-62
8.959876899894e-63
1.8270297462942e-63
3.690124367368e-64
7.382137971108e-65
1.4627260370701e-65
2.870630973667e-66
5.579805897533e-67
1.0741920334685e-67
2.048139731847e-68
3.867637082929e-69
7.233257615162e-70
1.3397315632965e-70
2.45748449793e-71
4.464228091897e-72
8.031153994352e-73
1.4307997738771e-73
2.524308294196e-74
4.410235529125e-75
7.630099693612e-76
1.3071962919266e-76
2.217617497028e-77
3.725295476389e-78
6.196636538734e-79
1.0206232049166e-79
1.6644923964925e-80
2.687806159067e-81
4.29740769533e-82
6.802997730998e-83
1.0662814804542e-83
1.6546789172373e-84
2.542250982613e-85
3.867037413499e-86
5.823525205192e-87
8.682274170117e-88
1.2814841442538e-88
1.872480807551e-89
2.708557375181e-90
3.878531278854e-91
5.497904029894e-92
7.714709002003e-93
1.0715843390136e-93
1.4733617537247e-94
2.005212474761e-95
2.701289033135e-96
3.60191101185e-97
4.753765076893e-98
6.209787598596e-99
8.028630679261e-100
1.0273614467046e-100
1.3011080705186e-101
1.630808646102e-102
2.022941400867e-103
2.483392279865e-104
3.017033067572e-105
3.627258055538e-106
4.315502036917e-107
5.080769134748e-108
5.919207460258e-109
6.823768009992e-110
7.783986766592e-111
8.785926059026e-112
9.812304536967e-113
1.0842834667195e-113
1.1854772945062e-114
1.2823671949851e-115
1.3724306268699e-116
1.45317277631e-117
1.522239137023e-118
1.57752822617e-119
1.617297008858e-120
1.64025171178e-121
1.64561745952e-122
1.633181524935e-123
1.603306840131e-124
1.556914601374e-125
1.495437114683e-126
1.420744247165e-127
1.3350487601177e-128
1.2407972252961e-129
1.140554042059e-130
1.0368862240596e-131
9.322561257763e-133
8.289282140634e-134
7.288944948402e-135
6.338214516262e-136
5.450195254468e-137
4.634344402331e-138
3.896582019077e-139
3.239564790301e-140
2.663083656641e-141
2.164542414577e-142
1.739475447511e-143
1.382066933465e-144
1.0856403502202e-145
8.430948880769e-147
6.472735545503e-148
4.912555182108e-149
3.685719896432e-150
2.733502957322e-151
2.003946047574e-152
1.452140263934e-153
1.0400970752677e-154
7.363232862164e-156
5.152037574487e-157
3.562802055853e-158
2.434965414032e-159
1.644630943397e-160
1.0977531308289e-161
7.240813621817e-163
4.719568355207e-164
3.039730403692e-165
1.934511227469e-166
1.216455547032e-167
7.557798486464e-169
4.639312187802e-170
2.813559685972e-171
1.685729171028e-172
9.977767182028e-174
5.834148115423e-175
3.369803280038e-176
1.922644621116e-177
1.083540320103e-178
6.031520505227e-180
3.316104094469e-181
1.800664968505e-182
9.65661124082e-184
5.114311352817e-185
2.674875232454e-186
1.381519638009e-187
7.045808440461e-189
3.548197230789e-190
1.764292505979e-191
8.661676319727e-193
4.198404583117e-194
2.009092320497e-195
9.49141366554e-197
4.426487908328e-198
2.03782479109e-199
9.260516698156e-201
4.153802923965e-202
1.838993307508e-203
8.035615206881e-205
3.465323572096e-206
1.474806049094e-207
6.194026869394e-209
2.567076061721e-210
1.049813378627e-211
4.236168586668e-213
1.686560786338e-214
6.624880778881e-216
2.567325438749e-217
9.81498991402e-219
3.701552889036e-220
1.377025936704e-221
5.052927087583e-223
1.82879564132e-224
6.528100595543e-226
2.2981907935e-227
7.978858466718e-229
2.731671814121e-230
9.22203537694e-232
3.069818863387e-233
1.007542557475e-234
3.260284371177e-236
1.040077066942e-237
3.270919106409e-239
1.014015011873e-240
3.098596865151e-242
9.33270317519e-244
2.77042781851e-245
8.105098787543e-247
2.336773924353e-248
6.63890668565e-250
1.858541325712e-251
5.126461718498e-253
1.393178725404e-254
3.730036472439e-256
9.83806501339e-258
2.556051628271e-259
6.541322407375e-261
1.648807214073e-262
4.093122040472e-264
1.000672133434e-265
2.409088324992e-267
5.710953845773e-269
1.333001033009e-270
3.063294958189e-272
6.930329936064e-274
1.543461209138e-275
3.383637771599e-277
7.301088946126e-279
1.550515103838e-280
3.240541341579e-282
6.664700009744e-284
1.348754911114e-285
2.685606809025e-287
5.261092988601e-289
1.013912596218e-290
1.922128912981e-292
3.584165360458e-294
6.573290031644e-296
1.185583336983e-297
2.102813814424e-299
3.667359654904e-301
6.288603674396e-303
1.060148406781e-304
1.756928452656e-306
2.862063607043e-308
4.582523136684e-310
7.210944812481e-312
1.115072964818e-313
1.69433405202e-315
2.529530917582e-317
3.710105261553e-319
5.34561110866e-321
7.565410400182e-323
1.051599177013e-324
1.435518192584e-326
1.924267603494e-328
2.532664134387e-330
3.272665526243e-332
4.151389787142e-334
5.169025783376e-336
6.316871473468e-338
7.575788224952e-340
8.91537789352e-342
1.029416057954e-343
1.166094839709e-345
1.295747693179e-347
1.412218530776e-349
1.509485246666e-351
1.582163302626e-353
1.625992383909e-355
1.638245914799e-357
1.618009243132e-359
1.566287382149e-361
1.485925237203e-363
1.381348654126e-365
1.258159023686e-367
1.122633302141e-369
9.81191927793e-372
8.39897693965e-374
7.040396177248e-376
5.778394454865e-378
4.642980940401e-380
3.65178872488e-382
2.811071798203e-384
2.117548766929e-386
1.560726551767e-388
1.125350821128e-390
7.936912897715e-393
5.474591917102e-395
3.692506297418e-397
2.434960855954e-399
1.569621110744e-401
9.88916436744e-404
6.088565891268e-406
3.66259342385e-408
2.152321826843e-410
1.235366641448e-412
6.924347917077e-415
3.789476626765e-417
2.024504220193e-419
1.055644642453e-421
5.371500718843e-424
2.666676068115e-426
1.291392275478e-428
6.09922401442e-431
2.808880336304e-433
1.261091138928e-435
5.518552075637e-438
2.353307007626e-440
9.77720201873e-443
3.956756672887e-445
1.559399602096e-447
5.983726193004e-450
2.235030267523e-452
8.1244119631e-455
2.87339231119e-457
9.8852613297e-460
3.307238473463e-462
1.075768777575e-464
3.401248556136e-467
1.044988978724e-469
3.119067278884e-472
9.04192903445e-475
2.545084281303e-477
6.953878327916e-480
1.843794967459e-482
4.742781791283e-485
1.183206438839e-487
2.861963535256e-490
6.709815253343e-493
1.52427710219e-495
3.354172591846e-498
7.147157617658e-501
1.474223041689e-503
2.942573230693e-506
5.681654912974e-509
1.060844973905e-511
1.914701927821e-514
3.339349363519e-517
5.625610785317e-520
9.15075027045e-523
1.436650758566e-525
2.176093642688e-528
3.178748659982e-531
4.476135703549e-534
6.073382796686e-537
7.936808269752e-540
9.98508622222e-543
1.208778042989e-545
1.407418688102e-548
1.575325016321e-551
1.694220567768e-554
1.749846691991e-557
1.734730437103e-560
1.649801661227e-563
1.504384692876e-566
1.314518985695e-569
1.100024574591e-572
8.81059878973e-576
6.750078453451e-579
4.943539781825e-582
3.458683655293e-585
2.310133230348e-588
1.472034697705e-591
8.94224743216e-595
5.17495615096e-598
2.850836636388e-601
1.493853890867e-604
7.439919589167e-608
3.518812677282e-611
1.579152526354e-614
6.718503339392e-618
2.707383255407e-621
1.032407223362e-624
3.721845094364e-628
1.267182727034e-631
4.070490791939e-635
1.232304957397e-638
3.512161094503e-642
9.41280739434e-646
2.369397871144e-649
5.594964735328e-653
1.237780306128e-656
2.562133169862e-660
4.955350199913e-664
8.94211799715e-668
1.503327423696e-671
2.350937261127e-675
3.414300117451e-679
4.597317565813e-683
5.729102641792e-687
6.595553547272e-691
7.001089515646e-695
6.838462175156e-699
6.133626431509e-703
5.040642816226e-707
3.786699820272e-711
2.594109774412e-715
1.616442667474e-719
9.13714282426e-724
4.672071946529e-728
2.15457030746e-732
8.932922625756e-737
3.318627414327e-741
1.10082799723e-745
3.248229295053e-750
8.491961764732e-755
1.958662532919e-759
3.96766546502e-764
7.024790817799e-769
1.081447761159e-773
1.439589520199e-778
1.647170546207e-783
1.609567964966e-788
1.333920704858e-793
9.305243157335e-799
5.419337077947e-804
2.611614148713e-809
1.031280598356e-814
3.301384975469e-820
8.467178297099e-826
1.717230336154e-831
2.714276420254e-837
3.289730740213e-843
3.002041317114e-849
2.020465334971e-855
9.795892441227e-862
3.330114789277e-868
7.693119694872e-875
1.1643028855499e-881
1.1053966053941e-888
6.24979222025e-896
1.975022485947e-903
3.224358216705e-911
2.460625644837e-919
7.702747360614e-928
8.288345799592e-937
2.386054731306e-946
1.2586023288287e-956
6.495382058404e-968
9.794366361595e-981
1.8896195508212e-996