0.0601716390324469
0.0597367888564497
0.0588764912813409
0.0576092138964048
0.0559618301359249
0.0539686721404128
0.0516703420504493
0.0491123391694107
0.046343567706979
0.043414793186083
0.040377115000289
0.037280518265474
0.034172560488419
0.031097238347031
0.028094067851877
0.025197398214298
0.022435966756605
0.0198326899696436
0.0174046750336048
0.0151634272871097
0.0131152225894059
0.0112616094120558
0.0096000037808293
0.0081243406708324
0.0068257478212457
0.0056932117805664
0.0047142108767704
0.0038752952831239
0.0031626000022119
0.0025622820555018
0.0020608781527555
0.0016455834149753
0.0013044552082519
0.00102654876205263
0.0008019930081753
0.00062201605201679
0.00047892997951346
0.00036608443703388
0.00027779773252636
0.00020927322679158
0.00015650763520332
0.00011619664683833
0.000085642073783738
0.000062663631042133
0.000045517459169149
0.000032822661483096
0.000023496444010296
0.000016697915965431
0.000011780219639877
8.250393747834e-6
5.7362134287786e-6
3.9591724306562e-6
2.7127586227792e-6
1.8452050092984e-6
1.2459595160525e-6
8.35195512298e-7
5.5577159907209e-7
3.6713650520442e-7
2.4075806203287e-7
1.5673109493583e-7
1.0128602981524e-7
6.4977493555024e-8
4.138036762837e-8
2.6160296183895e-8
1.6417491960082e-8
1.0227882141275e-8
6.32525808204e-9
3.883142123412e-9
2.3664627478166e-9
1.4316150026146e-9
8.59729454235e-10
5.1251332719103e-10
3.0328790453175e-10
1.7816005901752e-10
1.0388902656389e-10
6.013562115259e-11
3.4553769037682e-11
1.9708757160906e-11
1.1158913399884e-11
6.271653884757e-12
3.4989553250226e-12
1.937713052253e-12
1.0652066763118e-12
5.812597082039e-13
3.1484517504785e-13
1.6928282086968e-13
9.034752835182e-14
4.786363858673e-14
2.5169794777559e-14
1.3138223115886e-14
6.807302210956e-15
3.501009569693e-15
1.7872686599396e-15
9.056555383528e-16
4.555240279842e-16
2.2742223307758e-16
1.1270061033013e-16
5.543571434371e-17
2.7065830272743e-17
1.3116551236319e-17
6.309323872087e-18
3.012375270341e-18
1.4275674382862e-18
6.714964137948e-19
3.1350786710615e-19
1.4528106960005e-19
6.682263410073e-20
3.0506350072039e-20
1.3823152600663e-20
6.216876331751e-21
2.7751322607664e-21
1.2295310896e-21
5.40676797615e-22
2.3598062083011e-22
1.0222410404691e-22
4.395078249552e-23
1.8754874994234e-23
7.943171092711e-24
3.338902513126e-24
1.3929692075795e-24
5.76773243111e-25
2.3702400986e-25
9.667207474013e-26
3.913172511807e-26
1.5720775969474e-26
6.268068669853e-27
2.4803103555132e-27
9.740663297604e-28
3.796461062707e-28
1.4685033791206e-28
5.637339350947e-29
2.1477031859713e-29
8.120313603713e-30
3.046964419146e-30
1.1346334036201e-30
4.193096794508e-31
1.5378106659271e-31
5.597021862231e-32
2.0215978413761e-32
7.246254884593e-33
2.5775728922879e-33
9.098802146342e-34
3.187357579026e-34
1.1080210704013e-34
3.822374668933e-35
1.3085303848658e-35
4.445258144643e-36
1.4985459035392e-36
5.013029435716e-37
1.6641207077057e-37
5.481771957645e-38
1.7918673473321e-38
5.812147861059e-39
1.8707273477843e-39
5.974815364146e-40
1.8935454046669e-40
5.954718856052e-41
1.8581387660249e-41
5.753384336657e-42
1.7676406562674e-42
5.388735882554e-43
1.6300430688654e-43
4.892461829014e-44
1.457031340154e-44
4.305467277812e-45
1.262346241205e-45
3.672318245846e-46
1.0599919030985e-46
3.035721845342e-47
8.626116950352e-48
2.431976467321e-48
6.802847758833e-49
1.8880181495376e-49
5.198789739664e-50
1.4202854484663e-50
3.849664772356e-51
1.0352390571031e-51
2.76201089595e-52
7.310947192234e-53
1.9199146289726e-53
5.002034288967e-54
1.2928981833146e-54
3.315364718045e-55
8.434202187623e-56
2.128623107799e-56
5.329567119842e-57
1.3237921529676e-57
3.261960126614e-58
7.973788682176e-59
1.9336338751185e-59
4.651611262145e-60
1.1100649509491e-60
2.627878703494e-61
6.171209609599e-62
1.4376044862388e-62
3.322069648078e-63
7.615076388493e-64
1.7315379241742e-64
3.905511594576e-65
8.737918161073e-66
1.939179631053e-66
4.268782373471e-67
9.3209836126e-68
2.018770967426e-68
4.336863196997e-69
9.24109686078e-70
1.9531076406e-70
4.094297467597e-71
8.51292550619e-72
1.755578035256e-72
3.590863671149e-73
7.284684478352e-74
1.465720527601e-74
2.924931532915e-75
5.788950439639e-76
1.1363156868271e-76
2.212119762e-77
4.270946375911e-78
8.177881366898e-79
1.552937653192e-79
2.92454999681e-80
5.461993174037e-81
1.0116389732003e-81
1.858135744075e-82
3.384558046003e-83
6.113561175986e-84
1.0950889933081e-84
1.945192008144e-85
3.426324339839e-86
5.984699996433e-87
1.0365712722815e-87
1.780302245239e-88
3.031942630956e-89
5.120068069674e-90
8.573394663474e-91
1.4234656742346e-91
2.343435592485e-92
3.825300767097e-93
6.191264563608e-94
9.935482812745e-95
1.580844023544e-95
2.493871395379e-96
3.900664439428e-97
6.048909871657e-98
9.300023885173e-99
1.417600463267e-99
2.142302660238e-100
3.209662240479e-101
4.767422621058e-102
7.020176570228e-103
1.0248178731653e-103
1.483111455461e-104
2.127764019616e-105
3.026145426862e-106
4.266451780889e-107
5.962777572627e-108
8.260932349793e-109
1.1344938265772e-109
1.544406810064e-110
2.084018747321e-111
2.787505147456e-112
3.695707879417e-113
4.856699246184e-114
6.326158573112e-115
8.167475779598e-116
1.0451488328171e-116
1.325575501294e-117
1.666327415761e-118
2.07605667066e-119
2.563506780408e-120
3.13718045215e-121
3.804938226677e-122
4.573535681035e-123
5.448113022954e-124
6.431657351613e-125
7.524464101259e-126
8.72362962105e-127
1.0022610825874e-127
1.1410889742508e-128
1.287378002231e-129
1.439240870556e-130
1.594389954446e-131
1.750177414784e-132
1.903657454439e-133
2.051669622921e-134
2.190940539442e-135
2.318199908291e-136
2.430305377171e-137
2.524369768068e-138
2.597883602969e-139
2.648825734512e-140
2.67575531453e-141
2.67787928348e-142
2.655090983366e-143
2.607977282371e-144
2.53779361053e-145
2.446408378065e-146
2.336220210161e-147
2.210053122229e-148
2.071036042877e-149
1.92247387193e-150
1.76771749023e-151
1.610039820552e-152
1.452524227632e-153
1.29797033475e-154
1.148820848713e-155
1.0071113647072e-156
8.744435081761e-158
7.519802905487e-159
6.40461313181e-160
5.402345210453e-161
4.513006213008e-162
3.733660437668e-163
3.059004019796e-164
2.481947626167e-165
1.994175799322e-166
1.586658260873e-167
1.250095748703e-168
9.75290103063e-170
7.534348077348e-171
5.763276643781e-172
4.365115189533e-173
3.273519029506e-174
2.430621559431e-175
1.786872077034e-176
1.300569232727e-177
9.37189840679e-179
6.685992207569e-180
4.722135022132e-181
3.301681280434e-182
2.285314649596e-183
1.565888352996e-184
1.062109438736e-185
7.131175132681e-187
4.739427623406e-188
3.117835310733e-189
2.030169861842e-190
1.308437189324e-191
8.346491804029e-193
5.26956618135e-194
3.292719132871e-195
2.03625655026e-196
1.24622728274e-197
7.548103667868e-199
4.524213634665e-200
2.683500746149e-201
1.575079002943e-202
9.14815515105e-204
5.257553797555e-205
2.989794460322e-206
1.68226587958e-207
9.36551879685e-209
5.158709323732e-210
2.811320205174e-211
1.515749880314e-212
8.085010444772e-214
4.266356974946e-215
2.227127163972e-216
1.150089446426e-217
5.874953941397e-219
2.968594836859e-220
1.483741605046e-221
7.335229063913e-223
3.586775702864e-224
1.734669987316e-225
8.29733240951e-227
3.925146434959e-228
1.836350825109e-229
8.49619408067e-231
3.887305125985e-232
1.758792579207e-233
7.868802558239e-235
3.481102703482e-236
1.522738099089e-237
6.585969183077e-239
2.816346455383e-240
1.190721118199e-241
4.977109549806e-243
2.056709568126e-244
8.40200049837e-246
3.393060681727e-247
1.354518195726e-248
5.344995408977e-250
2.084797930163e-251
8.0374720105e-253
3.062657762345e-254
1.153414592406e-255
4.293038183426e-257
1.579139983053e-258
5.74033421806e-260
2.062046092989e-261
7.319611600107e-263
2.567378414101e-264
8.89789920738e-266
3.046942479276e-267
1.03086904118e-268
3.445786432691e-270
1.137894090839e-271
3.712161119587e-273
1.19631625143e-274
3.808394842565e-276
1.19755960581e-277
3.719578992933e-279
1.141074583879e-280
3.457322105157e-282
1.034553680738e-283
3.057280227474e-285
8.92211855224e-287
2.571180641118e-288
7.316615244147e-290
2.055804814496e-291
5.703328823174e-293
1.56217788156e-294
4.224434649706e-296
1.127776579736e-297
2.972172833339e-299
7.73217251426e-301
1.985570396025e-302
5.032745086949e-304
1.259041067169e-305
3.108632749476e-307
7.57482409847e-309
1.821495743211e-310
4.322300053618e-312
1.012071698055e-313
2.338274748855e-315
5.330227740237e-317
1.198780936384e-318
2.659839270284e-320
5.821969416271e-322
1.257073444408e-323
2.677346760863e-325
5.624431720765e-327
1.165357902951e-328
2.381348887043e-330
4.798946452868e-332
9.5368263628e-334
1.868842197843e-335
3.611001163179e-337
6.879297373256e-339
1.292102521401e-340
2.392550064516e-342
4.367277121885e-344
7.85815080602e-346
1.393682484626e-347
2.43621113591e-349
4.197078277078e-351
7.1257974982e-353
1.19219439865e-354
1.96544334767e-356
3.192612568272e-358
5.109474630565e-360
8.05605522269e-362
1.25128521628e-363
1.914472464521e-365
2.885172683213e-367
4.282476806299e-369
6.260212675776e-371
9.01205941565e-373
1.277525603218e-374
1.783180004027e-376
2.45058539289e-378
3.315601488926e-380
4.416121947596e-382
5.789940667813e-384
7.47186865046e-386
9.49016561421e-388
1.18624620475e-389
1.459146972602e-391
1.766089509519e-393
2.103205921046e-395
2.464176776284e-397
2.840194553534e-399
3.220143937254e-401
3.591020207346e-403
3.938581071297e-405
4.248197569265e-407
4.50584021951e-409
4.699112061531e-411
4.818225188011e-413
4.856815135399e-415
4.812499663468e-417
4.68711419647e-419
4.48659234943e-421
4.220501420984e-423
3.901283331366e-425
3.543285096257e-427
3.161684598279e-429
2.771424257253e-431
2.38625685886e-433
2.017986433367e-435
1.675956812899e-437
1.366806566485e-439
1.094476720527e-441
8.60431455557e-444
6.640347249473e-446
5.030185277952e-448
3.739807021498e-450
2.728595622092e-452
1.953467073127e-454
1.37214969814e-456
9.45532162702e-459
6.391176795208e-461
4.237061122362e-463
2.754717098765e-465
1.75616775271e-467
1.097689149306e-469
6.726111995035e-472
4.039861111494e-474
2.37811001059e-476
1.371846224365e-478
7.75409257096e-481
4.29389976297e-483
2.329221194063e-485
1.237511446053e-487
6.438850186657e-490
3.28041012899e-492
1.636243677954e-494
7.98925464498e-497
3.818040674716e-499
1.785613713312e-501
8.17114490231e-504
3.658150641299e-506
1.601981232572e-508
6.861251721399e-511
2.873633063744e-513
1.176717562108e-515
4.710380909491e-518
1.842941487524e-520
7.04638834099e-523
2.632375247185e-525
9.60684506223e-528
3.424443159778e-530
1.192061270686e-532
4.051619872868e-535
1.344315294694e-537
4.353469474608e-540
1.375783476882e-542
4.241914330136e-545
1.275811678954e-547
3.742298433983e-550
1.070361088708e-552
2.984514605629e-555
8.11107817882e-558
2.148094712357e-560
5.542493096443e-563
1.392961616489e-565
3.409252224741e-568
8.12394910054e-571
1.884359311717e-573
4.253508939415e-576
9.34146408024e-579
1.995545073356e-581
4.145532089016e-584
8.37263948928e-587
1.643603741799e-589
3.135246486091e-592
5.809934475197e-595
1.045631732107e-597
1.827153580346e-600
3.099122041079e-603
5.100888864173e-606
8.14461294395e-609
1.261199662797e-611
1.893454758847e-614
2.755180184581e-617
3.884478299684e-620
5.304737601347e-623
7.01458045634e-626
8.97844765528e-629
1.1120255156e-631
1.332267084333e-634
1.543394068051e-637
1.728279602843e-640
1.870002249058e-643
1.954326064534e-646
1.972018259776e-649
1.920491536087e-652
1.804372300852e-655
1.634831461327e-658
1.427807402932e-661
1.201513360044e-664
9.73773822867e-668
7.59734415963e-671
5.703464931788e-674
4.117970950849e-677
2.858147256921e-680
1.906017534832e-683
1.220643881054e-686
7.50315939592e-690
4.424457943953e-693
2.501487555154e-696
1.355234739769e-699
7.031658331886e-703
3.491970640551e-706
1.658779490615e-709
7.53252361142e-713
3.267737919183e-716
1.353387586109e-719
5.347745974911e-723
2.014605241108e-726
7.230495424134e-730
2.470496759632e-733
8.02986858374e-737
2.480849532557e-740
7.279639667891e-744
2.027102482131e-747
5.352116545346e-751
1.338675730534e-754
3.169048277607e-758
7.093764698967e-762
1.50001819734e-765
2.993307746938e-769
5.631055201948e-773
9.97573108957e-777
1.662389843076e-780
2.602877583487e-784
3.824624840937e-788
5.267453497605e-792
6.790971416242e-796
8.18472132964e-800
9.20907337355e-804
9.65925776911e-808
9.43057714114e-812
8.55705060567e-816
7.204403230905e-820
5.61858876965e-824
4.051797124228e-828
2.69688182516e-832
1.653625033199e-836
9.32185641158e-841
4.821110668024e-845
2.28253353488e-849
9.86989782453e-854
3.888520150927e-858
1.392291608067e-862
4.518470044148e-867
1.325403465644e-871
3.503600983057e-876
8.32021121161e-881
1.769187097496e-885
3.35672826418e-890
5.661800704972e-895
8.45636279523e-900
1.113757793163e-904
1.287793913355e-909
1.301045369492e-914
1.142694105658e-919
8.67770168247e-925
5.664880701557e-930
3.159163841882e-935
1.494932083489e-940
5.959027942546e-946
1.985210430138e-951
5.480122437828e-957
1.24184223531e-962
2.28662077006e-968
3.382971002573e-974
3.971967949484e-980
3.650640357803e-986
2.586865657355e-992
1.389396230099e-998
5.548975659839e-1005
1.612608262137e-1011
3.327044380492e-1018
4.73692625957e-1025
4.503874159286e-1032
2.751961950653e-1039
1.0325495290967e-1046
2.252619142724e-1054
2.673492017064e-1062
1.589271319775e-1070
4.260440855293e-1079
4.49041952481e-1088
1.545524908405e-1097
1.3351096611755e-1107
1.944934743269e-1118
2.471131432725e-1130
7.686774476582e-1144
2.179858064569e-1160