0.0512477844797471
0.0509789857608029
0.0504456097967992
0.0496559892509922
0.0486223514328458
0.0473605033593534
0.045889429754858
0.0442308182708689
0.042408528503981
0.040448022944385
0.038375778748799
0.036218699191376
0.034003542836836
0.031756386972487
0.029502139732538
0.02726411277723
0.025063663494966
0.022919912629858
0.020849540150325
0.018866659207707
0.0169827653114683
0.0152067554717535
0.0135450101069044
0.0120015290314788
0.0105781118496984
0.0092745725742233
0.0080889782414384
0.007017901653549
0.0060566790816721
0.0051996647403182
0.0044404750152889
0.0037722167174397
0.0031876949716606
0.002679597669095
0.002240654656312
0.0018637709646109
0.0015421343646616
0.0012692983469459
0.0010392422686879
0.00084641087456065
0.00068573570088862
0.00055264102694496
0.00044303706219442
0.00035330297734398
0.00028026222311869
0.00022115235655554
0.00017359133151225
0.00013554192686524
0.00010527569851332
0.00008133756270358
0.000062511858137275
0.000047790499628251
0.000036343630943013
0.000027493010734001
0.000020688223195786
0.000015485692795841
0.000011530397686695
8.540116056564e-6
6.292000232147e-6
4.6112512308194e-6
3.3616582009334e-6
2.43776957431e-6
1.7584729195383e-6
1.2617759639235e-6
9.005999977718e-7
6.394172450283e-7
4.5158451336029e-7
3.1724559376409e-7
2.2169382081752e-7
1.5410352318126e-7
1.0655457232077e-7
7.328780286635e-8
5.014076347072e-8
3.4123168042674e-8
2.3099705095111e-8
1.5554703384679e-8
1.0418729271643e-8
6.941686552474e-9
4.60057348975e-9
3.0328795668261e-9
1.9888135197165e-9
1.2972633457449e-9
8.416991505347e-10
5.432250073693e-10
3.4873553542341e-10
2.2269254980669e-10
1.4145153152613e-10
8.937201311576e-11
5.616771803124e-11
3.5112584482884e-11
2.1833784082119e-11
1.3504696664444e-11
8.30863479066e-12
5.084671703723e-12
3.0951661587818e-12
1.8740976093392e-12
1.1287220523973e-12
6.761884520194e-13
4.029338828395e-13
2.3882758387029e-13
1.4080536031309e-13
8.257284375862e-14
4.816571168252e-14
2.7946069681771e-14
1.6128160323241e-14
9.25826441749e-15
5.286330246621e-15
3.0023288914399e-15
1.696058386964e-15
9.530181644792e-16
5.326460181172e-16
2.9610967084687e-16
1.6373524174222e-16
9.005475844908e-17
4.926577794104e-17
2.6807570002492e-17
1.4509158172918e-17
7.810860396736e-18
4.182410482876e-18
2.2275361886105e-18
1.1800283121622e-18
6.217686693157e-19
3.258615994409e-19
1.6986529880165e-19
8.80729337807e-20
4.541985533205e-20
2.3297734097979e-20
1.1886265752106e-20
6.031705851574e-21
3.044366848024e-21
1.5283226994403e-21
7.631212082449e-22
3.789932603843e-22
1.8720958064555e-22
9.197766550458e-23
4.49462563681e-23
2.1845429660518e-23
1.056045592044e-23
5.077604096234e-24
2.4282207470172e-24
1.1549673895216e-24
5.463897741147e-25
2.570903272989e-25
1.2031458781849e-25
5.600144700601e-26
2.592553027361e-26
1.1937200964914e-26
5.46666968169e-27
2.489932852417e-27
1.1279657430845e-27
5.082140258857e-28
2.2773974354656e-28
1.0150125831251e-28
4.499284033977e-29
1.983598353853e-29
8.697638717608e-30
3.793020838753e-30
1.6451453322771e-30
7.096715826321e-31
3.044693542318e-31
1.2991571731083e-31
5.513287609779e-32
2.326962278805e-32
9.76779797518e-33
4.077852443872e-33
1.6931394623756e-33
6.991642445611e-34
2.871374240255e-34
1.1727983637974e-34
4.764076287488e-35
1.9246630203924e-35
7.733038322976e-36
3.090038617808e-36
1.2279897636344e-36
4.85334857012e-37
1.9076685194683e-37
7.457234859287e-38
2.899111951758e-38
1.120890476589e-38
4.309939383757e-39
1.6481156718858e-39
6.267747698343e-40
2.370507593803e-40
8.916120990313e-41
3.335139731891e-41
1.2406643615914e-41
4.589818128083e-42
1.6886367629866e-42
6.178389511881e-43
2.248077560462e-43
8.134726008034e-44
2.927311001366e-44
1.047581332754e-44
3.728191691025e-45
1.3194682746567e-45
4.643960693019e-46
1.6254200145097e-46
5.657554791558e-47
1.958288328753e-47
6.74074346045e-48
2.307389147842e-48
7.854424212177e-49
2.65880747925e-49
8.950288226013e-50
2.996148215089e-50
9.973882602078e-51
3.301706245465e-51
1.0868869060147e-51
3.557955773558e-52
1.1582051858497e-52
3.749192462267e-53
1.2068567555346e-53
3.863117859888e-54
1.2296539378877e-54
3.892145160674e-55
1.2250527389923e-55
3.834234048535e-56
1.1933256262137e-56
3.693127111072e-57
1.1365352320979e-57
3.477949877729e-58
1.0583124432889e-58
3.202233853014e-59
9.634720628418e-60
2.882507990817e-60
8.575226268396e-61
2.536662477477e-61
7.461397094104e-62
2.182309431208e-62
6.346722906933e-63
1.835346610964e-63
5.277403554894e-64
1.508879186259e-64
4.289620471735e-65
1.2125838711851e-65
3.408250366747e-66
9.525246780854e-67
2.646941082016e-67
7.313644460032e-68
2.00929255153e-68
5.488712524915e-69
1.490781468992e-69
4.0259824424e-70
1.0810414536315e-70
2.886181106394e-71
7.661498867667e-72
2.022138952561e-72
5.306565018137e-73
1.384584182384e-73
3.591920812522e-74
9.264751455542e-75
2.375956766894e-75
6.058137636242e-76
1.535796482384e-76
3.870973612561e-77
9.70056057028e-78
2.416916183464e-78
5.987045144455e-79
1.474509921006e-79
3.610481426804e-80
8.789472230444e-81
2.127349054611e-81
5.11906895492e-82
1.2246654291579e-82
2.91283688443e-83
6.887871939098e-84
1.619280580129e-84
3.784645774694e-85
8.794119976875e-86
2.031521737063e-86
4.665631227864e-87
1.0652636100484e-87
2.418017326668e-88
5.45651353346e-89
1.224115625348e-89
2.730102028043e-90
6.053163268204e-91
1.334230317881e-91
2.923626900487e-92
6.368741625787e-93
1.379188560974e-93
2.969133906153e-94
6.354330795869e-95
1.351890499965e-95
2.85918743224e-96
6.011334440791e-97
1.256388749224e-97
2.610356285953e-98
5.391329115761e-99
1.106903859725e-99
2.259121781031e-100
4.583346992038e-101
9.24350850259e-102
1.853103223322e-102
3.692909557949e-103
7.315460133938e-104
1.440509580342e-104
2.819614783823e-105
5.486054505396e-106
1.061022862948e-106
2.03977005949e-107
3.897867562174e-108
7.403888635138e-109
1.397903310059e-109
2.623471540623e-110
4.893899530757e-111
9.074249070323e-112
1.672402354691e-112
3.063675296006e-113
5.578456320902e-114
1.0096064413519e-114
1.816161164355e-115
3.247268971108e-116
5.770868035556e-117
1.019343152935e-117
1.789589543658e-118
3.12275254606e-119
5.415894137515e-120
9.335735768112e-121
1.599447693475e-121
2.723528616925e-122
4.609263586232e-123
7.752934656823e-124
1.29608338654e-124
2.153422539674e-125
3.555922536983e-126
5.835784919793e-127
9.51847601918e-128
1.542957322946e-128
2.485741364978e-129
3.979886279191e-130
6.332792179161e-131
1.001444296974e-131
1.573846856632e-132
2.458098974417e-133
3.81535169164e-134
5.88525363783e-135
9.02169738379e-136
1.374361057404e-136
2.080654537114e-137
3.130276409382e-138
4.680001363391e-139
6.953233986114e-140
1.026602363482e-140
1.506222700675e-141
2.196061905437e-142
3.181744933552e-143
4.580875137472e-144
6.553763406355e-145
9.31728032877e-146
1.316256517654e-146
1.847743706238e-147
2.577446106147e-148
3.57257161174e-149
4.920537995105e-150
6.73412735988e-151
9.15764761329e-152
1.237420072342e-152
1.661413581017e-153
2.216473051785e-154
2.938109424669e-155
3.869821958035e-156
5.064402210382e-157
6.585310312482e-158
8.50808452123e-159
1.092173091994e-159
1.393002475946e-160
1.765263896939e-161
2.222599970194e-162
2.780375453843e-163
3.455672755086e-164
4.267222830328e-165
5.23525807367e-166
6.381274433917e-167
7.72769155503e-168
9.29740231902e-169
1.111320685688e-169
1.319713089351e-170
1.556963413822e-171
1.824872116519e-172
2.124897459262e-173
2.458053801199e-174
2.824808359921e-175
3.22498061446e-176
3.657649081488e-177
4.121070574399e-178
4.61261720144e-179
5.12873622924e-180
5.664937500403e-181
6.215812334023e-182
6.775086762763e-183
7.33571059866e-184
7.88998222542e-185
8.42970726255e-186
8.94638743023e-187
9.43143417084e-188
9.87639996779e-189
1.027321895696e-189
1.061444745342e-190
1.08934945e-191
1.110483254231e-192
1.124417887294e-193
1.130863955569e-194
1.129680909258e-195
1.120882105226e-196
1.104634712689e-197
1.081254449562e-198
1.051195380045e-199
1.015035233947e-200
9.73456911473e-202
9.27227001922e-203
8.77172261758e-204
8.24155061068e-205
7.6904881541e-206
7.12714374067e-207
6.559782409624e-208
5.996133689618e-209
5.443231023238e-210
4.907286573918e-211
4.393603402782e-212
3.906525140512e-213
3.449421571472e-214
3.024707079818e-215
2.633887742111e-216
2.277632024686e-217
1.955859567865e-218
1.667842400625e-219
1.412313095817e-220
1.187574799863e-221
9.9160869364e-223
8.2217520033e-224
6.76906088675e-225
5.533854681418e-226
4.492184859163e-227
3.620872740214e-228
2.897943295715e-229
2.302940244874e-230
1.817133261029e-231
1.423630691975e-232
1.107412627206e-233
8.55299557508e-235
6.55871452449e-236
4.993510246563e-237
3.774634499037e-238
2.832830480359e-239
2.110755571571e-240
1.561427792608e-241
1.146746360747e-242
8.36121159739e-244
6.052325599397e-245
4.349320379542e-246
3.102854102384e-247
2.197540644623e-248
1.545051006014e-249
1.078384856483e-250
7.47178690415e-252
5.139129555189e-253
3.508840877119e-254
2.37816179646e-255
1.599990149677e-256
1.0685280978e-257
7.08340091903e-259
4.661003420645e-260
3.044340284692e-261
1.973683752474e-262
1.270067871149e-263
8.11214397952e-265
5.142781358115e-266
3.235999648543e-267
2.020975914073e-268
1.252709349889e-269
7.70673136418e-271
4.705600181807e-272
2.851536118271e-273
1.714967510589e-274
1.023623316085e-275
6.06353304439e-277
3.564565958026e-278
2.079585967098e-279
1.20401077566e-280
6.91768950885e-282
3.944235550993e-283
2.231667887797e-284
1.253011485273e-285
6.98124847289e-287
3.859734668116e-288
2.117492296224e-289
1.152709697794e-290
6.22652056199e-292
3.337274231943e-293
1.774814361766e-294
9.36530855781e-296
4.903349777758e-297
2.547174866158e-298
1.312844193657e-299
6.71350872131e-301
3.406130122096e-302
1.71451602484e-303
8.56216887256e-305
4.24210300936e-306
2.085100665335e-307
1.016750552119e-308
4.918543530223e-310
2.360404503765e-311
1.123717706848e-312
5.306912298517e-314
2.486185197697e-315
1.155380051363e-316
5.326095860365e-318
2.435446987766e-319
1.104655331173e-320
4.969882212544e-322
2.217835495069e-323
9.81678303279e-325
4.30981214034e-326
1.876676375673e-327
8.10503518102e-329
3.471741819605e-330
1.474889290461e-331
6.21417314893e-333
2.596639162983e-334
1.076060116073e-335
4.422322951353e-337
1.802376964482e-338
7.28474366079e-340
2.919769495235e-341
1.160487947622e-342
4.573856749456e-344
1.787583654711e-345
6.92762022735e-347
2.66211976448e-348
1.014352310616e-349
3.832301031465e-351
1.435594435691e-352
5.332084482088e-354
1.963573133563e-355
7.16924783808e-357
2.595184026316e-358
9.31370174468e-360
3.313809913337e-361
1.168894744309e-362
4.087494308587e-364
1.416981568732e-365
4.869538654659e-367
1.658896336982e-368
5.6020847877e-370
1.875297768715e-371
6.22260169422e-373
2.046661395222e-374
6.67241713408e-376
2.15612774338e-377
6.90574837872e-379
2.192213133403e-380
6.89733477042e-382
2.150785133388e-383
6.64692171079e-385
2.0358345822e-386
6.17949958204e-388
1.858846267882e-389
5.54119428999e-391
1.636904529157e-392
4.791744582106e-394
1.389967086983e-395
3.995269367908e-397
1.137911249414e-398
3.211304692527e-400
8.97956693682e-402
2.487825524324e-403
6.82912282888e-405
1.857291924202e-406
5.004438497252e-408
1.335918960045e-409
3.533003008366e-411
9.25628108989e-413
2.402409989228e-414
6.17682275286e-416
1.573185260134e-417
3.968994845469e-419
9.91873503686e-421
2.455252775677e-422
6.01990043327e-424
1.461923062479e-425
3.5163387008e-427
8.3767710698e-429
1.976382820999e-430
4.61809232035e-432
1.068660682505e-433
2.449013728192e-435
5.55782906045e-437
1.249021920522e-438
2.779547488983e-440
6.12499126276e-442
1.336448659461e-443
2.887370601084e-445
6.17652433291e-447
1.30817247942e-448
2.743170815484e-450
5.69502150916e-452
1.170523553355e-453
2.38174207497e-455
4.797627330047e-457
9.56671505526e-459
1.888386843638e-460
3.689759450176e-462
7.13626836851e-464
1.366146607756e-465
2.588590461139e-467
4.854629458641e-469
9.01077683791e-471
1.655268301043e-472
3.009269580018e-474
5.41410586626e-476
9.63943694076e-478
1.698330028366e-479
2.96090269207e-481
5.107916997457e-483
8.71900854246e-485
1.472582967443e-486
2.46075037956e-488
4.06832915262e-490
6.65442983045e-492
1.076805504883e-493
1.723775215621e-495
2.729770489604e-497
4.276208319838e-499
6.62618810741e-501
1.015607061664e-502
1.539676399608e-504
2.308658066024e-506
3.423739495436e-508
5.021542547962e-510
7.28371926538e-512
1.044799679374e-513
1.482042595416e-515
2.078835312775e-517
2.88333449674e-519
3.954296112895e-521
5.36199141315e-523
7.18868128503e-525
9.52844052542e-527
1.248610761294e-528
1.617513825439e-530
2.0714168868e-532
2.622215464728e-534
3.281203904241e-536
4.058303699638e-538
4.961176806583e-540
5.99426473388e-542
7.15781161883e-544
8.44694511978e-546
9.85090050651e-548
1.135247847893e-549
1.292782399095e-551
1.454660036888e-553
1.617260995561e-555
1.776488029329e-557
1.927919572283e-559
2.067001171222e-561
2.189264765795e-563
2.290561820949e-565
2.367293805423e-567
2.4166224429e-569
2.436642779225e-571
2.426504457559e-573
2.386470508741e-575
2.317908078524e-577
2.223211296778e-579
2.105662319005e-581
1.969241796909e-583
1.818404092666e-585
1.65783501964e-587
1.492210550134e-589
1.325973783858e-591
1.163144740331e-593
1.007173621662e-595
8.60843599579e-598
7.26224460679e-600
6.04674109338e-602
4.968813922093e-604
4.029412442347e-606
3.224518770019e-608
2.546235965092e-610
1.983896835381e-612
1.525113443871e-614
1.156707511781e-616
8.65483510575e-619
6.38826828258e-621
4.651271033827e-623
3.340404931909e-625
2.3661383775e-627
1.652985591651e-629
1.138832925054e-631
7.73725395864e-634
5.18350125665e-636
3.424068660633e-638
2.230066183818e-640
1.431930525635e-642
9.06416222493e-645
5.65597234884e-647
3.478827266622e-649
2.108998443108e-651
1.260111611329e-653
7.41997440502e-656
4.305538135884e-658
2.461811688584e-660
1.386931474303e-662
7.69835798162e-665
4.209727339649e-667
2.267734170789e-669
1.203322040046e-671
6.2891518579e-674
3.237362962598e-676
1.641149373863e-678
8.1927596681e-681
4.027220046128e-683
1.949130286146e-685
9.28760490959e-688
4.356729489633e-690
2.011767369806e-692
9.14368331356e-695
4.090312020245e-697
1.800730743727e-699
7.80122967508e-702
3.325552325862e-704
1.394810019241e-706
5.75546758967e-709
2.336274070212e-711
9.32840796941e-714
3.663484699497e-716
1.41496753242e-718
5.37434482729e-721
2.007210126645e-723
7.37070921258e-726
2.660941199484e-728
9.4434531819e-731
3.294241868477e-733
1.129453402615e-735
3.805642265114e-738
1.260063888688e-740
4.099395341833e-743
1.310288294699e-745
4.114247665259e-748
1.26895640428e-750
3.844070552549e-753
1.143614181381e-755
3.340918461988e-758
9.58306585154e-761
2.698664293986e-763
7.46022685312e-766
2.024260520283e-768
5.39068332819e-771
1.408755216585e-773
3.612369919739e-776
9.08790784845e-779
2.242849157071e-781
5.42937050706e-784
1.2890219796e-786
3.001097549349e-789
6.85102734267e-792
1.53332164345e-794
3.364017893407e-797
7.23395134377e-800
1.524506216757e-802
3.148201305057e-805
6.36968676082e-808
1.262518632505e-810
2.451109652545e-813
4.660507468215e-816
8.6773817101e-819
1.581859508615e-821
2.822985762694e-824
4.931148130101e-827
8.42989452366e-830
1.410152987986e-832
2.307887811188e-835
3.694885464698e-838
5.78572269334e-841
8.85964178963e-844
1.326499901944e-846
1.941602824697e-849
2.777821096187e-852
3.883885411461e-855
5.30607402096e-858
7.08190964966e-861
9.23255623793e-864
1.17546916275e-866
1.461302963434e-869
1.773494759631e-872
2.100873235867e-875
2.428670123958e-878
2.739385494346e-881
3.014183081982e-884
3.234689249048e-887
3.384973169735e-890
3.453420977488e-893
3.434202806131e-896
3.328078359638e-899
3.142388917897e-902
2.890222053756e-905
2.588880078408e-908
2.257902027279e-911
1.916955672911e-914
1.583917642592e-917
1.273399614216e-920
9.95874786448e-924
7.57438204312e-927
5.60124859043e-930
4.026322176818e-933
2.812594919121e-936
1.908832582148e-939
1.258274711559e-942
8.0540256145e-946
5.004506679285e-949
3.017858830126e-952
1.765640877924e-955
1.001949377524e-958
5.51316426075e-962
2.940608583373e-965
1.519922901526e-968
7.61058985624e-972
3.690534381437e-975
1.732580583512e-978
7.87203813275e-982
3.460381342381e-985
1.471141022585e-988
6.04680215925e-992
2.402053991793e-995
9.21863411161e-999
3.416765499809e-1002
1.222540187747e-1005
4.221255142254e-1009
1.405976527883e-1012
4.515401461022e-1016
1.397708174092e-1019
4.168257574929e-1023
1.197078159905e-1026
3.309239506854e-1030
8.80187339174e-1034
2.251449854898e-1037
5.53584712224e-1041
1.307766408761e-1044
2.966779348736e-1048
6.45994610569e-1052
1.349383644119e-1055
2.702550070615e-1059
5.186889830838e-1063
9.5343835527e-1067
1.677574523361e-1070
2.823707026782e-1074
4.544065055141e-1078
6.98696009785e-1082
1.025830273865e-1085
1.437221525649e-1089
1.920183492658e-1093
2.444750674134e-1097
2.964101562127e-1101
3.419822724825e-1105
3.751825430731e-1109
3.910906876069e-1113
3.870489353417e-1117
3.63375442077e-1121
3.233582147068e-1125
2.725067924703e-1129
2.172956447724e-1133
1.637978829309e-1137
1.166111482266e-1141
7.83293299424e-1146
4.959361986787e-1150
2.956613904305e-1154
1.657930627902e-1158
8.73496184831e-1163
4.318990747258e-1167
2.001781701516e-1171
8.68626237473e-1176
3.524363350888e-1180
1.335333551054e-1184
4.718121539214e-1189
1.552407207304e-1193
4.749665000764e-1198
1.349212067769e-1202
3.552798283628e-1207
8.65804344277e-1212
1.949326655798e-1216
4.047540231721e-1221
7.73629221633e-1226
1.358527821712e-1230
2.18735990669e-1235
3.222336691692e-1240
4.333729138847e-1245
5.308716449194e-1250
5.908856477526e-1255
5.960763854795e-1260
5.435367969151e-1265
4.467557651788e-1270
3.300262460715e-1275
2.184335502037e-1280
1.291116712197e-1285
6.79189868802e-1291
3.168223261601e-1296
1.30546906134e-1301
4.732286866095e-1307
1.502615854402e-1312
4.160040018846e-1318
9.99287218274e-1324
2.071834707834e-1329
3.686926719503e-1335
5.597825758508e-1341
7.20494523986e-1347
7.80726564821e-1353
7.0695326366e-1359
5.306538062445e-1365
3.273207368524e-1371
1.643467879746e-1377
6.647931497443e-1384
2.142100427752e-1390
5.430381694028e-1397
1.068355072159e-1403
1.606632429696e-1410
1.815995768618e-1417
1.514006783498e-1424
9.11494290646e-1432
3.868837516231e-1439
1.126525399025e-1446
2.180747888282e-1454
2.706316866377e-1462
2.063337414735e-1470
9.1893116792e-1479
2.250268112853e-1487
2.814345839487e-1496
1.640208441214e-1505
3.96463103552e-1515
3.41322689293e-1525
8.516315880165e-1536
4.596902752861e-1547
3.450126768751e-1559
1.729414616231e-1572
1.40799134978e-1587
4.762867048009e-1606