0.0926427799229015
0.0910600304399629
0.0879751450205047
0.0835425502801412
0.0779776831244273
0.0715396623126122
0.0645113718759896
0.0571790782160777
0.04981359942074
0.0426546905204412
0.0358997754557612
0.0296975400261161
0.0241462972223894
0.0192965298817173
0.0151566617077949
0.0117009303789748
0.0088782287541578
0.0066209107685053
0.0048527816218039
0.0034957573597253
0.00247494191122591
0.00172209609688755
0.00117764287788384
0.00079145945411933
0.00052275393420566
0.00033932357527747
0.000216457737912871
0.000135696481700222
0.000083597683921474
0.000050610851576294
0.000030109954573777
0.0000176029998310877
0.0000101126791417302
5.7087538216762e-6
3.1666807829314e-6
1.72602560668687e-6
9.2440439924292e-7
4.8645221902876e-7
2.5152035291719e-7
1.27776776944366e-7
6.3777488340375e-8
3.1275924992081e-8
1.50685167479734e-8
7.1324461724172e-9
3.3166829549581e-9
1.5151527332362e-9
6.7996278271563e-10
2.9976377869449e-10
1.29815691253929e-10
5.5222710471646e-11
2.3074852748002e-11
9.4706278202878e-12
3.8179027270267e-12
1.511696376035e-12
5.8787500082544e-13
2.2452924737202e-13
8.4219928876828e-14
3.1023948174467e-14
1.12229089996288e-14
3.9868108813798e-15
1.3907305299319e-15
4.7636796120666e-16
1.6021716510513e-16
5.2908678923414e-17
1.7154588101937e-17
5.460758720676e-18
1.706587252102e-18
5.2358838509156e-19
1.5769588779942e-19
4.6623205207764e-20
1.3530613423276e-20
3.8543249216364e-21
1.0776461414299e-21
2.9572105942362e-22
7.96429627518e-23
2.1050002568283e-23
5.4597989628879e-24
1.3896348914513e-24
3.4705937141558e-25
8.504816227495e-26
2.0448568025145e-26
4.8236525833688e-27
1.1163034380398e-27
2.5343069306043e-28
5.6439618245677e-29
1.2329164289646e-29
2.6417051320602e-30
5.5515234499369e-31
1.1441758042883e-31
2.3126040078857e-32
4.5836610500225e-33
8.908421818499e-34
1.6976182187115e-34
3.171785017712e-35
5.8098505892109e-36
1.0432689552529e-36
1.8364108295634e-37
3.168526376829e-38
5.3583359792503e-39
8.880929579496e-40
1.4424907533528e-40
2.2959559050484e-41
3.5807929690629e-42
5.4717823208579e-43
8.191823699512e-44
1.2014405960154e-44
1.7260808519629e-45
2.4289790243542e-46
3.3477754210514e-47
4.5188129240103e-48
5.973005430848e-49
7.730834829454e-50
9.796899907936e-51
1.2154665210457e-51
1.4762232645868e-52
1.7550029556672e-53
2.0421227693705e-54
2.3255454097736e-55
2.5915937845138e-56
2.8259707095314e-57
3.0149896661904e-58
3.1468757051607e-59
3.2129679508406e-60
3.2086547343612e-61
3.1339019289475e-62
2.9932909644612e-63
2.7955556403513e-64
2.5526825756556e-65
2.2787043235212e-66
1.9883547019027e-67
1.6957658922633e-68
1.4133661689887e-69
1.1510919633288e-70
9.159690676943e-72
7.120575596578e-73
5.407046044378e-74
4.0101624521646e-75
2.9044648995135e-76
2.0540781299638e-77
1.4182665971603e-78
9.559415234423e-80
6.288958903697e-81
4.037760745447e-82
2.5296251438165e-83
1.5461934092713e-84
9.21935906428e-86
5.361705912913e-87
3.0409237985457e-88
1.6816752957643e-89
9.066619382769e-91
4.764821196789e-92
2.4404837122891e-93
1.2180415897155e-94
5.922877148438e-96
2.8055234117737e-97
1.2942865015953e-98
5.814410326759e-100
2.5430892267758e-101
1.0827261909349e-102
4.486376860736e-104
1.8088823281429e-105
7.095420378366e-107
2.7071564867821e-108
1.0044503961382e-109
3.623550363907e-111
1.2706905217574e-112
4.330640734512e-114
1.434091093625e-115
4.613355970061e-117
1.4413661191854e-118
4.372685301435e-120
1.2877634419765e-121
3.680723334712e-123
1.0207809120061e-124
2.746154766017e-126
7.164717744669e-128
1.8123450804083e-129
4.44359124137e-131
1.0557470068552e-132
2.4299464894986e-134
5.416522150694e-136
1.1689728033344e-137
2.441847984218e-139
4.935492562628e-141
9.649489643542e-143
1.8243213136914e-144
3.334106155484e-146
5.888345029174e-148
1.004601926648e-149
1.6551194425863e-151
2.632347543643e-153
4.039948728409e-155
5.980857832569e-157
8.537649241052e-159
1.1747037199903e-160
1.5572460580545e-162
1.988127103866e-164
2.443450486264e-166
2.889648870619e-168
3.286800636494e-170
3.594080725468e-172
3.776439076569e-174
3.811059517281e-176
3.691986848616e-178
3.431644087699e-180
3.058737616031e-182
2.613026165258e-184
2.138275579981e-186
1.67514229802e-188
1.2555967077491e-190
8.998987959147e-193
6.163235526573e-195
4.031007424518e-197
2.516040013331e-199
1.4976861118571e-201
8.49598991677e-204
4.589630069952e-206
2.359293459428e-208
1.1531502830904e-210
5.354723676283e-213
2.360319920159e-215
9.867566763782e-218
3.908985571316e-220
1.4659805892576e-222
5.199758028419e-225
1.742584574796e-227
5.511998390824e-230
1.643842354674e-232
4.617003960118e-235
1.2198408274214e-237
3.028045202425e-240
7.053255906185e-243
1.5396214362755e-245
3.145139379539e-248
6.004077403004e-251
1.0695090116272e-253
1.774910654831e-256
2.739765283407e-259
3.926925746437e-262
5.216948824665e-265
6.41193384526e-268
7.276344572405e-271
7.608317514594e-274
7.314209714404e-277
6.449872137724e-280
5.204589345148e-283
3.833196252031e-286
2.569794043011e-289
1.5636953604934e-292
8.609953115827e-296
4.27602301583e-299
1.908866814387e-302
7.631583832443e-306
2.721798776991e-309
8.623414077819e-313
2.416196900102e-316
5.958232131612e-320
1.2863959182632e-323
2.418039818104e-327
3.93315398114e-331
5.499674134849e-335
6.563336155951e-339
6.632635998005e-343
5.626935425308e-347
3.969650089042e-351
2.3044064429e-355
1.0879677742658e-359
4.123371229422e-364
1.2362261313965e-368
2.883705891677e-373
5.135862175891e-378
6.834061093373e-383
6.626120616335e-388
4.545943615452e-393
2.131646062031e-398
6.553637696909e-404
1.2558775558268e-409
1.40878048919e-415
8.542252796004e-422
2.523438170253e-428
3.155643867526e-435
1.3692439836358e-442
1.5271762082638e-450
2.665291115782e-459
2.8037408785837e-469
1.516434305917e-481