0.0638891631287677
0.0633687653571248
0.0623406482528512
0.0608296554206721
0.0588717980889908
0.0565128292071734
0.0538064679770731
0.050812370919978
0.0475939562234648
0.044216191573062
0.040743452018817
0.037237544280602
0.033755978355864
0.030350547808874
0.0270662583452559
0.023940621911833
0.0210033122123322
0.0182761585702645
0.0157734395573071
0.0135024264189474
0.0114641193583918
0.0096541171053644
0.0080635615028976
0.0066801034552859
0.0054888437010586
0.00447321064507
0.0036157470551156
0.0028987870318079
0.0023050136552119
0.0018178956151639
0.0014220076296862
0.00110324439481455
0.00084894117965587
0.00064791608786405
0.00049044963926057
0.00036821692190815
0.00027418638517492
0.00020249764360555
0.00014832867201909
0.000107760690813
0.000077647021462857
0.000055490346662541
0.000039331207577215
0.000027649246895287
0.000019277666752153
0.000013330599909213
9.142561416829e-6
6.2188190926571e-6
4.1953544360593e-6
2.8070420340888e-6
1.8627196766205e-6
1.2259229998896e-6
8.001929865422e-7
5.1801325375801e-7
3.3258318466538e-7
2.1177352449578e-7
1.3373763934699e-7
8.37615833473e-8
5.2028815609739e-8
3.2051577652627e-8
1.9582126041147e-8
1.1865164207622e-8
7.130001848249e-9
4.2491883383203e-9
2.5114307854217e-9
1.4720879565371e-9
8.557403538438e-10
4.933377386432e-10
2.8205842724166e-10
1.5992801640697e-10
8.992884997068e-11
5.0148830429251e-11
2.773371794017e-11
1.5210346422596e-11
8.2727904725e-12
4.4621586688893e-12
2.3868008714211e-12
1.2660873318943e-12
6.660173029428e-13
3.4743997347009e-13
1.7973990118919e-13
9.220992175293e-14
4.6911272734676e-14
2.366688640664e-14
1.1840425197019e-14
5.874266133139e-15
2.8900006770774e-15
1.4099318073757e-15
6.821060673361e-16
3.2723302998265e-16
1.5567236354359e-16
7.343663853963e-17
3.4352522770172e-17
1.5934803907012e-17
7.329505702157e-18
3.3430289268415e-18
1.5119611949192e-18
6.780688116838e-19
3.0153451392086e-19
1.3296211609464e-19
5.81358332487e-20
2.5204751181873e-20
1.0835298101189e-20
4.618666754786e-21
1.9521224471321e-21
8.181057871825e-22
3.3995477567456e-22
1.4006813975217e-22
5.72217767324e-23
2.3178444145402e-23
9.309049897432e-24
3.706992543933e-24
1.4636271422541e-24
5.729657545767e-25
2.223890479438e-25
8.558184896546e-26
3.2653554499352e-26
1.2352553659009e-26
4.63294826488e-27
1.7227785847515e-27
6.351402812793e-28
2.3215330064705e-28
8.412825575099e-29
3.0225082502382e-29
1.0765852706498e-29
3.801731219708e-30
1.3309541602278e-30
4.61944865853e-31
1.5894949818546e-31
5.422090068036e-32
1.8336202269082e-32
6.147289505176e-33
2.0430831217614e-33
6.731517022703e-34
2.1986738924227e-34
7.119115388123e-35
2.2850985535839e-35
7.270994983873e-36
2.2934487667956e-36
7.171116484234e-37
2.2227123439379e-37
6.829276171587e-38
2.0799704508682e-38
6.279525678464e-39
1.8792293133315e-39
5.574578285231e-40
1.6391532846249e-40
4.777474719029e-41
1.3802076867593e-41
3.952333655189e-42
1.1218162780478e-42
3.156055854434e-43
8.800720349467e-44
2.4324174725841e-44
6.66346435465e-45
1.8092550616598e-45
4.868923056749e-46
1.2986587079091e-46
3.433062641707e-47
8.994738294639e-48
2.3356670752249e-48
6.010967850672e-49
1.5331489493725e-49
3.875485822791e-50
9.708791061014e-51
2.410441853173e-51
5.930836200518e-52
1.4461661426683e-52
3.494609265016e-53
8.368591662036e-54
1.9859785549943e-54
4.670466057031e-55
1.0884397605357e-55
2.513634171396e-56
5.752388154537e-57
1.3044806276843e-57
2.931333851245e-58
6.527185408179e-59
1.4401721480531e-59
3.148657284239e-60
6.821087090021e-61
1.4641772767566e-61
3.114154835761e-62
6.562778923541e-63
1.3703480922165e-63
2.835071727976e-64
5.811411923683e-65
1.1802611522874e-65
2.374913250514e-66
4.734617185543e-67
9.351552638613e-68
1.8299470110436e-68
3.547671543374e-69
6.813849031873e-70
1.296521997065e-70
2.443990830735e-71
4.563998874394e-72
8.44328958563e-73
1.5473619710287e-73
2.809183195822e-74
5.05207622955e-75
9.000261988735e-76
1.5882889553115e-76
2.776429325628e-77
4.807508466275e-78
8.245620739681e-79
1.4008447299212e-79
2.357292244254e-80
3.929045139939e-81
6.486405646141e-82
1.060615493262e-82
1.7176783085481e-83
2.755172993541e-84
4.376956327118e-85
6.886600997085e-86
1.073099545618e-86
1.6560385543341e-87
2.530982395678e-88
3.830794940236e-89
5.741991976239e-90
8.523204189613e-91
1.2528599426931e-91
1.823702953701e-92
2.628755510028e-93
3.75217702819e-94
5.303296751992e-95
7.422161835019e-96
1.028558811921e-96
1.4113487302399e-97
1.917512754915e-98
2.579485327962e-99
3.43566520551e-100
4.53068243542e-101
5.91539017662e-102
7.646489026044e-103
9.785690934932e-104
1.2398337680295e-104
1.555140710282e-105
1.93108702207e-106
2.373840421957e-107
2.888751926464e-108
3.47992186228e-109
4.149737763279e-110
4.898409199592e-111
5.723530283102e-112
6.619704744255e-113
7.578270340282e-114
8.587158301146e-115
9.630919116188e-116
1.0690938073521e-116
1.1745852809009e-117
1.2772171316638e-118
1.374507340986e-119
1.463936280633e-120
1.543052233557e-121
1.609581277771e-122
1.661534793384e-123
1.697307579078e-124
1.715759869365e-125
1.716277432464e-126
1.698805343782e-127
1.663852857303e-128
1.612468875393e-129
1.546189655682e-130
1.466962392603e-131
1.377049985919e-132
1.278923509382e-133
1.1751495213882e-134
1.068279379275e-135
9.607471563294e-137
8.547816997275e-138
7.523369378319e-139
6.550429036683e-140
5.641782538347e-141
4.806634839666e-142
4.050727024047e-143
3.376608143731e-144
2.784023380355e-145
2.270378262485e-146
1.831239706424e-147
1.460838555802e-148
1.152544281628e-149
8.992896957654e-151
6.939310909222e-152
5.295364305961e-153
3.99600524873e-154
2.981911892952e-155
2.200340327433e-156
1.605457627387e-157
1.158268693177e-158
8.262447450184e-160
5.827527928574e-161
4.063717530758e-162
2.801646179573e-163
1.909592552725e-164
1.286745638891e-165
8.571485108083e-167
5.64439661382e-168
3.674207154245e-169
2.364181973055e-170
1.503680883166e-171
9.453099351486e-173
5.873847562698e-174
3.607339760096e-175
2.189541891083e-176
1.313430474634e-177
7.786355099259e-179
4.561631058124e-180
2.640890326181e-181
1.510810982759e-182
8.540526321541e-184
4.770445321838e-185
2.632800285381e-186
1.435642845541e-187
7.734443471178e-189
4.116711418823e-190
2.164685822332e-191
1.124466909678e-192
5.770188129898e-194
2.924884648291e-195
1.464491451928e-196
7.242824765614e-198
3.537982838679e-199
1.706921300723e-200
8.133258677341e-202
3.827296566231e-203
1.778603215299e-204
8.162219883257e-206
3.698813615603e-207
1.655099366453e-208
7.312662595354e-210
3.190061463627e-211
1.373968170995e-212
5.842386612432e-214
2.452571299516e-215
1.01637104635e-216
4.157800230411e-218
1.678946561299e-219
6.691956440851e-221
2.632650451518e-222
1.022204681945e-223
3.91712684878e-225
1.481367668448e-226
5.528454189021e-228
2.03596441509e-229
7.398472539879e-231
2.652766210731e-232
9.38469877563e-234
3.275558617103e-235
1.127906565362e-236
3.83144344232e-238
1.283902053235e-239
4.243849543445e-241
1.383645706901e-242
4.449433031872e-244
1.411162764997e-245
4.413872604781e-247
1.361476366883e-248
4.141190447804e-250
1.242058404597e-251
3.673138117407e-253
1.070994912309e-254
3.078709514544e-256
8.72483440229e-258
2.437410191126e-259
6.712101897457e-261
1.82189037494e-262
4.874103766015e-264
1.28514143132e-265
3.339375419859e-267
8.55090377299e-269
2.157571852809e-270
5.364123289493e-272
1.313971544473e-273
3.171028269198e-275
7.539007140606e-277
1.765634255951e-278
4.073167480154e-280
9.25509350566e-282
2.071181580693e-283
4.564738091103e-285
9.90706656744e-287
2.117272340123e-288
4.45534543608e-290
9.2305872094e-292
1.882740759177e-293
3.780372541048e-295
7.471896737676e-297
1.45361126927e-298
2.783271000419e-300
5.244701712689e-302
9.72550408022e-304
1.774586062521e-305
3.18597865462e-307
5.627511269918e-309
9.77876698134e-311
1.671522220192e-312
2.810387999292e-314
4.647419034348e-316
7.558119622511e-318
1.208750384665e-319
1.900835676041e-321
2.939011906397e-323
4.467558572933e-325
6.675967190885e-327
9.80608419265e-329
1.415717312565e-330
2.008715993871e-332
2.800803972273e-334
3.837335053755e-336
5.165587682904e-338
6.831443242062e-340
8.87497449771e-342
1.132510934755e-343
1.419373031989e-345
1.746977261622e-347
2.111405720075e-349
2.50556990912e-351
2.919092496158e-353
3.338499009459e-355
3.747759503055e-357
4.129178703213e-359
4.464584037206e-361
4.736711691252e-363
4.930650208401e-365
5.035177509873e-367
5.043826763431e-369
4.955541561041e-371
4.774829020032e-373
4.511383699718e-375
4.179225217804e-377
3.795456348474e-379
3.378795391891e-381
2.948059169961e-383
2.52076831041e-385
2.112016867981e-387
1.733700549945e-389
1.394141368816e-391
1.098091563744e-393
8.4705479242e-396
6.398336030118e-398
4.732010872276e-400
3.425999403072e-402
2.427898590211e-404
1.683889098846e-406
1.142807771504e-408
7.588322868653e-411
4.929087839471e-413
3.131624810095e-415
1.94575698911e-417
1.182103437701e-419
7.021043324889e-422
4.076217629293e-424
2.312873048581e-426
1.282369120209e-428
6.946533344582e-431
3.675723849009e-433
1.899599336702e-435
9.5862564783e-438
4.72309075823e-440
2.271510881068e-442
1.066189599641e-444
4.883190447469e-447
2.181924246147e-449
9.50951325648e-452
4.04179201884e-454
1.674941750512e-456
6.766235192311e-459
2.663950671297e-461
1.021987350866e-463
3.819549092199e-466
1.39037286743e-468
4.928409876872e-471
1.700751071521e-473
5.712594679968e-476
1.867167792252e-478
5.937276860928e-481
1.836285258815e-483
5.522488913613e-486
1.61459059605e-488
4.587877731816e-491
1.266689075074e-493
3.397205249449e-496
8.84809422103e-499
2.237351705752e-501
5.491025042075e-504
1.307624179475e-506
3.020619976618e-509
6.766493069437e-512
1.469446559209e-514
3.092659504171e-517
6.306107980561e-520
1.245379477457e-522
2.381278260417e-525
4.406978074137e-528
7.89123592395e-531
1.366691513983e-533
2.288558309434e-536
3.703913248188e-539
5.791683676166e-542
8.74638032609e-545
1.275152086824e-547
1.79404164418e-550
2.434797424929e-553
3.186190535086e-556
4.018591582735e-559
4.882918803532e-562
5.713397573401e-565
6.434575044795e-568
6.971916042154e-571
7.264114625506e-574
7.274409694298e-577
6.998070187081e-580
6.463975794118e-583
5.729698102548e-586
4.871224158608e-589
3.96987157375e-592
3.099545295398e-595
2.317113401367e-598
1.657532504242e-601
1.133894915307e-604
7.413147271851e-608
4.628783208466e-611
2.758498208402e-614
1.567902614464e-617
8.49368369208e-621
4.382124280794e-624
2.151574437513e-627
1.004552602002e-630
4.456406380872e-634
1.876864996161e-637
7.498017480973e-641
2.838848461983e-644
1.017712496014e-647
3.451333635745e-651
1.10612936638e-654
3.346924968209e-658
9.55115881776e-662
2.567848687072e-665
6.496848984873e-669
1.545095831781e-672
3.449915057989e-676
7.223097289842e-680
1.416256871292e-683
2.597072477185e-687
4.447816866454e-691
7.104015023775e-695
1.056581491991e-698
1.46105119388e-702
1.875356554722e-706
2.230594858263e-710
2.454179316032e-714
2.493083212963e-718
2.333844277752e-722
2.009243121383e-726
1.58744265776e-730
1.148427606898e-734
7.589913279223e-739
4.571242699948e-743
2.502522477231e-747
1.241912669112e-751
5.571000637771e-756
2.252141713812e-760
8.178917751646e-765
2.659320389646e-769
7.713832506577e-774
1.98861073567e-778
4.53796813013e-783
9.127343396198e-788
1.610698248116e-792
2.481707427899e-797
3.321113614526e-802
3.838650310141e-807
3.809051281822e-812
3.223864110426e-817
2.311049793398e-822
1.392551181883e-827
6.995082842201e-833
2.902965338913e-838
9.85550773215e-844
2.70774112962e-849
5.949079089851e-855
1.0315193581128e-860
1.390973198119e-866
1.435000693506e-872
1.111914425807e-878
6.337521808935e-885
2.594646826708e-891
7.425061707792e-898
1.438996906369e-904
1.820105341218e-911
1.43812488892e-918
6.735157661999e-926
1.753662365263e-933
2.344570884954e-941
1.45492569895e-949
3.672716191432e-958
3.154781281655e-967
7.159376151477e-977
2.928675300191e-987
1.1458724303694e-998
1.2650629794844e-1011
1.6714014065487e-1027