0.0679441637613405
0.0673184402732915
0.066084222496795
0.0642751808218322
0.061939901098286
0.0591397176478362
0.0559460398426055
0.0524373346892891
0.0486959428371816
0.044804907081065
0.0408449812782302
0.03689196527072
0.0330144804102828
0.0292722637179176
0.0257150199075483
0.0223818327019869
0.0193011029100104
0.0164909528306656
0.0139600161516595
0.0117085202452306
0.0097295634970418
0.0080104932338925
0.0065342986555867
0.005280946336583
0.0042286016485395
0.0033546962355214
0.0026368180223007
0.0020534150217183
0.0015843166414742
0.00121108583353171
0.00091722215729111
0.00068823977973211
0.00051164594410409
0.00037684495673127
0.00027499077567443
0.00019880833826572
0.00014240029317018
0.000101052188302017
0.00007104570191117
0.000049486393431198
0.000034149812975596
0.000023347693061019
0.000015814348034981
0.000010612282347579
7.0552915629553e-6
4.6469526141824e-6
3.0322641850925e-6
1.960242101783e-6
1.2554360794948e-6
7.9656278196637e-7
5.0070760515686e-7
3.1180663948846e-7
1.9236307390571e-7
1.1756861037942e-7
7.1185657291847e-8
4.2699532993601e-8
2.5373553790914e-8
1.4937056282658e-8
8.711084842733e-9
5.032698347998e-9
2.8803739388146e-9
1.6331046260837e-9
9.172635130871e-10
5.1037215581322e-10
2.8131332571197e-10
1.5360374714338e-10
8.308433444977e-11
4.4518438988841e-11
2.3629892003685e-11
1.2424591335966e-11
6.471404669033e-12
3.3389393767278e-12
1.7065124621716e-12
8.639701394656e-13
4.3328502942705e-13
2.1524428171566e-13
1.0591801036159e-13
5.1628021657895e-14
2.4927333055196e-14
1.1921693648315e-14
5.647666093819e-15
2.650123079054e-15
1.2317599464998e-15
5.670823052045e-16
2.5859673725044e-16
1.1680295059443e-16
5.225589304789e-17
2.3156037318962e-17
1.0163364246413e-17
4.418264982073e-18
1.9024083293127e-18
8.113160765285e-19
3.4269470717781e-19
1.4336800794353e-19
5.940474934313e-20
2.4378704810847e-20
9.908708956632e-21
3.9887507013572e-21
1.590253808822e-21
6.279166993674e-22
2.4554999212784e-22
9.509908515577e-23
3.6476020691827e-23
1.3855729612195e-23
5.212406356157e-24
1.9419144541734e-24
7.164747399682e-25
2.6178610175821e-25
9.472467185494e-26
3.3942694506914e-26
1.2044589962772e-26
4.232490505113e-27
1.4728345288504e-27
5.075298506898e-28
1.7318669452768e-28
5.852054179317e-29
1.9581167006436e-29
6.48784867209e-30
2.1285810862828e-30
6.915163076919e-31
2.2245016808446e-31
7.085596717565e-32
2.2347489922675e-32
6.978866571007e-33
2.1579432244408e-33
6.606770278302e-34
2.0027535988578e-34
6.011044686209e-35
1.7862879232648e-35
5.255656044934e-36
1.5309860117923e-36
4.415492180135e-37
1.260797592379e-37
3.564221347996e-38
9.975430527385e-39
2.7640182213645e-39
7.582055538346e-40
2.059037745638e-40
5.535634016491e-41
1.4732977275116e-41
3.881754598408e-42
1.0124516810698e-42
2.6141073487652e-43
6.681432226429e-44
1.6904676083448e-44
4.233790064699e-45
1.0496172325382e-45
2.5757617077903e-46
6.256729560342e-47
1.5043533978688e-47
3.580196833731e-48
8.433584140287e-49
1.9663433190911e-49
4.537764792226e-50
1.0364625347641e-50
2.3430830999008e-51
5.242490291406e-52
1.1609052653683e-52
2.5442419663553e-53
5.518432670263e-54
1.184573324623e-54
2.5164604523277e-55
5.290457928488e-56
1.1006883902479e-56
2.2661903113421e-57
4.617236141726e-58
9.309241312959e-59
1.8573155599188e-59
3.666814679667e-60
7.1633581105e-61
1.3847179361945e-61
2.648593898026e-62
5.012694230185e-63
9.38687749538e-64
1.7392316413992e-64
3.188395760786e-65
5.78305925433e-66
1.0377810155596e-66
1.8425039500443e-67
3.236366182386e-68
5.623998879307e-69
9.668584372563e-70
1.6443805468827e-70
2.766655896664e-71
4.604822263769e-72
7.5817063829e-73
1.2348346183787e-73
1.9894346686459e-74
3.17044954956e-75
4.997737515063e-76
7.792531103561e-77
1.2017860184989e-77
1.833201348509e-78
2.765785175047e-79
4.127078536347e-80
6.090791192167e-81
8.890004318326e-82
1.2832699607457e-82
1.8319444870642e-83
2.586277730418e-84
3.610745198449e-85
4.985027190034e-86
6.805770771111e-87
9.187898803181e-88
1.2265185046026e-88
1.6189776369452e-89
2.11303249959e-90
2.726840492105e-91
3.479293621544e-92
4.389243584395e-93
5.474505737791e-94
6.750657265156e-95
8.229667750676e-96
9.918425533541e-97
1.1817248299233e-97
1.3918488473352e-98
1.6205359875402e-99
1.865111856995e-100
2.121872522204e-101
2.386109679844e-102
2.652202183754e-103
2.913776712422e-104
3.163934764707e-105
3.395537103502e-106
3.601530836095e-107
3.77529919361e-108
3.911010393492e-109
4.003940269389e-110
4.050743969672e-111
4.04965504367e-112
4.000595456381e-113
3.90518702987e-114
3.766662812453e-115
3.589685095818e-116
3.380084370594e-117
3.144539643881e-118
2.890224624758e-119
2.624445954128e-120
2.354298841418e-121
2.086362388181e-122
1.826451989028e-123
1.579440138178e-124
1.3491504515173e-125
1.1383234420098e-126
9.486471642542e-128
7.808417133467e-129
6.347839680645e-130
5.096579510457e-131
4.041166022455e-132
3.164423534184e-133
2.446962956279e-134
1.868485678779e-135
1.408855057976e-136
1.0489177935357e-137
7.710800626578e-139
5.59660328909e-140
4.010519188616e-141
2.837341102436e-142
1.981714448909e-143
1.36638387065e-144
9.300148812934e-146
6.248500801503e-147
4.143941418237e-148
2.712602489668e-149
1.752573505097e-150
1.1175487279279e-151
7.032978274534e-153
4.367942751957e-154
2.677081298732e-155
1.619105245467e-156
9.662717016414e-158
5.69004491211e-159
3.306022422916e-160
1.895181459824e-161
1.0718444506684e-162
5.980390776769e-164
3.291735160737e-165
1.787303215664e-166
9.572600345272e-168
5.057082993086e-169
2.635048574136e-170
1.354176561306e-171
6.863404828424e-173
3.430527676178e-174
1.690901678683e-175
8.218467110398e-177
3.938737508793e-178
1.861210563268e-179
8.671306111374e-181
3.982925067106e-182
1.803541801482e-183
8.050713558032e-185
3.542452402806e-186
1.536428418274e-187
6.568046799502e-189
2.76727583688e-190
1.149046055341e-191
4.701835392036e-193
1.895912922373e-194
7.532967061099e-196
2.949075893376e-197
1.137504850833e-198
4.322579244223e-200
1.618190984768e-201
5.967441107651e-203
2.167665330665e-204
7.755609772332e-206
2.732957763209e-207
9.484544723125e-209
3.241452906135e-210
1.090875968609e-211
3.614897130649e-213
1.179433894099e-214
3.788612949466e-216
1.19808443011e-217
3.729635798e-219
1.142847260723e-220
3.446857722023e-222
1.023156880074e-223
2.988923406839e-225
8.59232456908e-227
2.430519997263e-228
6.764712174173e-230
1.852378194654e-231
4.990091036842e-233
1.322372009028e-234
3.446932116144e-236
8.837163267041e-238
2.228234413311e-239
5.525137980282e-241
1.347180054596e-242
3.22978819878e-244
7.612959884817e-246
1.764123342717e-247
4.018506290816e-249
8.99755751897e-251
1.980032998544e-252
4.282241450298e-254
9.100881651902e-256
1.90051627393e-257
3.899395522253e-259
7.85998739301e-261
1.556345798436e-262
3.026985737953e-264
5.782218964121e-266
1.08472070565e-267
1.998202113989e-269
3.614242767e-271
6.418144067274e-273
1.118853219169e-274
1.9145425402e-276
3.215447042593e-278
5.299779020534e-280
8.571745615412e-282
1.36028643937e-283
2.117848665397e-285
3.234567463419e-287
4.845592620232e-289
7.11932821373e-291
1.02575574728e-292
1.44914712371e-294
2.007218554056e-296
2.725460694032e-298
3.627412846423e-300
4.731663814998e-302
6.048363971086e-304
7.575576447396e-306
9.29593392034e-308
1.117416385422e-309
1.315606548293e-311
1.516943948588e-313
1.712727569242e-315
1.893320789829e-317
2.048888658449e-319
2.170256072358e-321
2.24978712584e-323
2.282170945011e-325
2.265002996269e-327
2.199074267346e-329
2.088320820399e-331
1.93943612892e-333
1.761199031042e-335
1.563611418519e-337
1.356964190983e-339
1.15095347779e-341
9.53952121165e-344
7.72508584605e-346
6.111043282055e-348
4.721597368417e-350
3.562453057061e-352
2.624338351284e-354
1.887224744883e-356
1.324591378698e-358
9.07224642405e-361
6.062352121885e-363
3.951648741893e-365
2.512131907691e-367
1.557213438902e-369
9.41041266491e-372
5.542883668919e-374
3.18155667747e-376
1.779217552384e-378
9.69194698649e-381
5.141514426179e-383
2.655662852174e-385
1.335238222494e-387
6.533544313984e-390
3.110582493038e-392
1.440569064821e-394
6.488147421236e-397
2.841151787574e-399
1.209333562799e-401
5.002239787204e-404
2.010186337521e-406
7.845959333962e-409
2.973555188765e-411
1.093971910266e-413
3.905837819598e-416
1.352930049823e-418
4.545297636889e-421
1.48062591526e-423
4.675111315746e-426
1.430431285625e-428
4.239674679252e-431
1.216879951358e-433
3.381184177361e-436
9.09178126817e-439
2.365038493064e-441
5.949538998893e-444
1.446864045588e-446
3.400254555429e-449
7.719174636752e-452
1.692149724117e-454
3.580503951449e-457
7.309909837088e-460
1.439339921806e-462
2.732215936204e-465
4.997806636648e-468
8.80571582304e-471
1.49373667839e-473
2.438406849767e-476
3.828729271392e-479
5.779735845692e-482
8.383962268845e-485
1.168036091276e-487
1.56207086804e-490
2.004235209319e-493
2.465811751302e-496
2.907286384568e-499
3.28306222303e-502
3.548735574541e-505
3.669475805264e-508
3.62739989771e-511
3.425825506719e-514
3.089034121789e-517
2.657471804115e-520
2.179692074556e-523
1.703275870274e-526
1.267101729694e-529
8.966808335545e-533
6.031384692343e-536
3.852927332589e-539
2.335553063003e-542
1.342246634526e-545
7.306755703755e-549
3.764085025828e-552
1.833225861978e-555
8.43255028393e-559
3.659635717412e-562
1.496877757508e-565
5.763963463462e-569
2.087092591871e-572
7.097876692884e-576
2.264344234136e-579
6.767434659048e-583
1.8923080101e-586
4.943575234883e-590
1.204877871338e-593
2.735536949831e-597
5.776403122144e-601
1.132599328906e-604
2.058527122692e-608
3.461967865447e-612
5.377311496274e-616
7.699016465396e-620
1.014017404925e-623
1.225928596428e-627
1.35743268267e-631
1.373344484366e-635
1.266399564161e-639
1.061591525179e-643
8.067590465124e-648
5.542023116502e-652
3.430820675262e-656
1.907755871462e-660
9.496175971252e-665
4.215904674377e-669
1.662893256336e-673
5.803318028833e-678
1.784081184228e-682
4.808794394273e-687
1.130717961285e-691
2.306869088812e-696
4.059944018071e-701
6.125302151094e-706
7.868803878945e-711
8.544412991764e-716
7.780211164176e-721
5.889368022158e-726
3.671081495816e-731
1.864855214059e-736
7.632005236997e-742
2.484617683233e-747
6.344179899633e-753
1.250640184612e-758
1.869932436578e-764
2.078458124701e-770
1.678615533798e-776
9.595293343215e-783
3.765825636806e-789
9.792863829141e-796
1.617789781425e-802
1.614217849517e-809
9.147417243609e-817
2.727343999997e-824
3.882679244516e-832
2.324969061696e-840
4.932879292856e-849
2.90801025262e-858
3.299425862838e-868
3.920683284705e-879
1.5117228703628e-891
9.118460257024e-907