0.0640482933053091
0.0635240032188648
0.0624882596868609
0.0609662137425354
0.0589943159717027
0.0566188662373895
0.053894208496634
0.050880668878587
0.0476423459962469
0.044244865901584
0.040753210243133
0.03722971569591
0.033732326741638
0.030313163878101
0.0270174470324295
0.0238827910927886
0.0209388686980101
0.0182074161404263
0.0157025425163486
0.0134312907858499
0.0113943924609518
0.009587155132865
0.0080004235556482
0.0066215598614063
0.0054353958706513
0.0044251194946318
0.0035730670351666
0.0028614029877215
0.0022726780957028
0.0017902644024674
0.0013986725899425
0.00108376183250861
0.00083285573085932
0.00063477973822271
0.00047983604901792
0.00035973143581763
0.00026747226167948
0.00019723912266507
0.00014425152573273
0.000104630878710348
0.000075268016542393
0.000053699621562119
0.000037996283574188
0.000026663620488157
0.000018556845800197
0.000012808407932708
8.7678069968575e-6
5.9523781082625e-6
4.0076757319004e-6
2.6760608410517e-6
1.7721460859232e-6
1.1638632199152e-6
7.5805721977648e-7
4.89664207979e-7
3.1368210362669e-7
1.9928508137478e-7
1.2556023793997e-7
7.845495380768e-8
4.8615873078907e-8
2.9876095409457e-8
1.8207744127706e-8
1.1004580746399e-8
6.5959049834026e-9
3.9206426277665e-9
2.3111095003633e-9
1.3510224996051e-9
7.832164541498e-10
4.5027364499185e-10
2.5671135140843e-10
1.4513953477187e-10
8.137607734966e-11
4.5245603192456e-11
2.4947258584267e-11
1.3640625066302e-11
7.396203754957e-12
3.9769006484773e-12
2.1205083968944e-12
1.1212248265114e-12
5.878965541e-13
3.0567691589683e-13
1.5760713771399e-13
8.058210271456e-14
4.0855329808696e-14
2.0540176249716e-14
1.0240067328127e-14
5.062237455489e-15
2.4815389336912e-15
1.2062472911894e-15
5.814147633534e-16
2.7788681871731e-16
1.3169816962008e-16
6.188980524279e-17
2.8839234866763e-17
1.3325122806222e-17
6.104908705487e-18
2.7733530852097e-18
1.2492424520343e-18
5.579578530332e-19
2.4709652001591e-19
1.0850253675341e-19
4.724094842666e-20
2.0393894717535e-20
8.72935092277e-21
3.7047702762252e-21
1.5589617968612e-21
6.504318463514e-22
2.6906518284109e-22
1.1035698055865e-22
4.487721541886e-23
1.8093931292533e-23
7.232992944964e-24
2.8666740253671e-24
1.1264471269626e-24
4.388464373012e-25
1.6950425743567e-25
6.491004137633e-26
2.4643554201708e-26
9.275811080634e-27
3.461420949029e-27
1.2805830822348e-27
4.696872136538e-28
1.7078673421586e-28
6.156596650624e-29
2.2002151996856e-29
7.795145006229e-30
2.7378803867841e-30
9.533066011482e-31
3.290600638906e-31
1.1260009590223e-31
3.819617487969e-32
1.2844435057329e-32
4.281743245135e-33
1.4149240875156e-33
4.634991637911e-34
1.505096769983e-34
4.844800185989e-35
1.5458935459936e-35
4.889582981343e-36
1.5330234643159e-36
4.764383527133e-37
1.4677149219968e-37
4.481773507285e-38
1.3565236906243e-38
4.069773032068e-39
1.2102478984657e-39
3.567268519578e-40
1.0421986880187e-40
3.017966424674e-41
8.66210242314e-42
2.464183732279e-42
6.947995263696e-43
1.9416831232667e-43
5.378056173901e-44
1.4763731324987e-44
4.016857268881e-45
1.0831578336734e-45
2.89472785071e-46
7.667078645558e-47
2.0125828915872e-47
5.235700225233e-48
1.3498587485244e-48
3.44897316768e-49
8.733223692925e-50
2.1914821307635e-50
5.44973176418e-51
1.3430166182109e-51
3.279834246668e-52
7.937464557619e-53
1.903558367409e-53
4.523766234117e-54
1.0653165917646e-54
2.485975173474e-55
5.748431787351e-56
1.3171382855426e-56
2.990457379006e-57
6.727642820114e-58
1.4996919905322e-58
3.312453447819e-59
7.249378017648e-60
1.5719893659013e-60
3.377465758563e-61
7.189842139506e-62
1.5164542644143e-62
3.168949418826e-63
6.561025865822e-64
1.3458387330129e-64
2.735101578388e-65
5.506902015988e-66
1.0984718515692e-66
2.170762981372e-67
4.24983356479e-68
8.242549851586e-69
1.583709217839e-69
3.014446066831e-70
5.683969848109e-71
1.061700693854e-71
1.964501621784e-72
3.600778899066e-73
6.53774624851e-74
1.1758202289117e-74
2.094733256904e-75
3.696452092178e-76
6.461056824992e-77
1.118607391023e-77
1.918231078782e-78
3.258117140854e-79
5.48110808537e-80
9.132701285251e-81
1.5071366020894e-81
2.463324743862e-82
3.987489627798e-83
6.392627696584e-84
1.014972455182e-84
1.5959419659699e-85
2.485197275471e-86
3.832467357342e-87
5.852786912261e-88
8.851286297668e-89
1.3255686076541e-89
1.965815890199e-90
2.886827846351e-91
4.197869099118e-92
6.044485630349e-93
8.617964281398e-94
1.2166265383035e-94
1.700628489129e-95
2.353712628083e-96
3.225384101048e-97
4.376083431456e-98
5.878384193242e-99
7.817908288809e-100
1.0293791216648e-100
1.3418507227054e-101
1.731685183022e-102
2.21238815244e-103
2.798163252471e-104
3.503448561692e-105
4.342311546178e-106
5.327705990072e-107
6.47060652783e-108
7.77905012859e-109
9.257128356064e-110
1.0903988119066e-110
1.2712910390132e-111
1.46705443465e-112
1.675637699671e-113
1.894251429815e-114
2.119383824531e-115
2.346858530121e-116
2.571936556029e-117
2.789461073779e-118
2.994040484883e-119
3.180261726696e-120
3.342922708041e-121
3.477270362609e-122
3.579229369961e-123
3.645606334705e-124
3.674255237072e-125
3.6641922455e-126
3.61565135297e-127
3.530076480378e-128
3.41005030612e-129
3.259164702222e-130
3.08184185128e-131
2.883118497607e-132
2.668408052195e-133
2.443256247487e-134
2.213105685663e-135
1.983083041491e-136
1.757820085799e-137
1.541316394832e-138
1.336847959233e-139
1.1469222648282e-140
9.732771119337e-142
8.16917729778e-143
6.781847989726e-144
5.568448924868e-145
4.521945665813e-146
3.631697817941e-147
2.884533580225e-148
2.265745830017e-149
1.759967091603e-150
1.35189713531e-151
1.0268721317899e-152
7.712771863152e-154
5.728140736606e-155
4.206428666505e-156
3.054200247214e-157
2.192567599179e-158
1.556206591924e-159
1.092012096373e-160
7.575663002971e-162
5.19557714373e-163
3.52252225188e-164
2.360843648798e-165
1.564086854486e-166
1.0242858650088e-167
6.630321218625e-169
4.242162724297e-170
2.682659895426e-171
1.676700551728e-172
1.035721367377e-173
6.322862332227e-175
3.814640194365e-176
2.274301732644e-177
1.339931791603e-178
7.800864697202e-180
4.487592941301e-181
2.550820570456e-182
1.432606995029e-183
7.949498959092e-185
4.358155069417e-186
2.360480420691e-187
1.26304075034e-188
6.676331011554e-190
3.486149936403e-191
1.798150314998e-192
9.161393646781e-194
4.610377240085e-195
2.291576470733e-196
1.12496414815e-197
5.454221393119e-199
2.611558543547e-200
1.234874190391e-201
5.766130630203e-203
2.658690445167e-204
1.210473182665e-205
5.441630881768e-207
2.415303706234e-208
1.058437628126e-209
4.579220755127e-211
1.955836044198e-212
8.246496326564e-214
3.432290914068e-215
1.410124882859e-216
5.718353821193e-218
2.288786892284e-219
9.04151750381e-221
3.525003115974e-222
1.356251664042e-223
5.149485923534e-225
1.929346834107e-226
7.132789707638e-228
2.601901604468e-229
9.36448969291e-231
3.325205048254e-232
1.164857737837e-233
4.025560572362e-235
1.372326778998e-236
4.614714939134e-238
1.530617435255e-239
5.00726907e-241
1.615569133676e-242
5.140651290999e-244
1.613080874533e-245
4.991335214226e-247
1.522919368348e-248
4.581560351947e-250
1.358947778636e-251
3.973939700051e-253
1.14563160556e-254
3.255740121606e-256
9.12034130408e-258
2.518282246162e-259
6.853379199773e-261
1.838175647513e-262
4.858763163382e-264
1.265596483563e-265
3.248401231308e-267
8.215287326579e-269
2.047048207585e-270
5.025263881486e-272
1.215313026405e-273
2.895267029818e-275
6.794112211767e-277
1.570335921311e-278
3.574703480295e-280
8.01395025086e-282
1.769227474673e-283
3.846113270178e-285
8.232513803038e-287
1.734942927177e-288
3.599566936456e-290
7.351861829652e-292
1.478072706198e-293
2.92492451424e-295
5.696690417368e-297
1.091912936193e-298
2.059580812366e-300
3.822634195167e-302
6.980829106891e-304
1.254233962441e-305
2.216888968165e-307
3.854511445922e-309
6.592050769654e-311
1.10882487731e-312
1.834263002414e-314
2.983878211461e-316
4.772936205945e-318
7.506526309701e-320
1.160658919619e-321
1.764190122008e-323
2.63586914358e-325
3.870811921745e-327
5.586524228775e-329
7.923259322935e-331
1.104204042439e-332
1.511953084778e-334
2.033904615044e-336
2.687728577269e-338
3.488683568625e-340
4.447514512287e-342
5.568145297758e-344
6.845392963856e-346
8.26299644798e-348
9.79229040443e-350
1.139184771806e-351
1.300835252784e-353
1.457884675066e-355
1.603432628172e-357
1.730446889208e-359
1.83230844562e-361
1.903372423911e-363
1.939480205183e-365
1.938358907974e-367
1.899855337049e-369
1.825971280703e-371
1.720692749382e-373
1.589633170199e-375
1.439535026283e-377
1.277691812748e-379
1.111359701381e-381
9.47225110922e-384
7.9098164013e-386
6.470503848476e-388
5.184553594241e-390
4.068445370982e-392
3.126302026732e-394
2.352119281838e-396
1.732421319786e-398
1.248971146542e-400
8.81239717418e-403
6.08437058151e-405
4.110109988746e-407
2.716081142502e-409
1.75556903839e-411
1.10971729607e-413
6.858963090351e-416
4.144647783203e-418
2.448105861502e-420
1.413238454269e-422
7.97207897079e-425
4.393652763061e-427
2.365395852785e-429
1.243743157923e-431
6.386015704668e-434
3.201283128018e-436
1.566513712606e-438
7.481354756548e-441
3.48642925895e-443
1.585087827596e-445
7.029324914348e-448
3.040018886178e-450
1.281900936539e-452
5.26938410305e-455
2.111070119445e-457
8.24122072688e-460
3.13424998883e-462
1.161005914992e-464
4.187914598208e-467
1.470706382668e-469
5.027121485328e-472
1.672155746173e-474
5.411216348585e-477
1.703212842923e-479
5.213050328591e-482
1.551154437328e-484
4.485877766889e-487
1.260538713916e-489
3.440854119187e-492
9.1213776345e-495
2.347573852683e-497
5.864364966825e-500
1.421482450275e-502
3.342367916001e-505
7.621320090986e-508
1.684758802096e-510
3.60946298212e-513
7.492173014566e-516
1.506237901194e-518
2.931954653631e-521
5.52399397669e-524
1.007007531277e-526
1.775595221981e-529
3.027135386745e-532
4.988131568625e-535
7.94145768272e-538
1.221105956386e-540
1.812709110452e-543
2.596878176519e-546
3.588780128385e-549
4.782258122609e-552
6.142214046338e-555
7.600343265909e-558
9.05657265679e-561
1.038767617614e-563
1.146287217005e-566
1.216412065035e-569
1.240699995811e-572
1.215718107402e-575
1.143812326531e-578
1.032767277005e-581
8.9441706377e-585
7.425497359888e-588
5.90623139419e-591
4.498210267473e-594
3.27832115469e-597
2.284949458528e-600
1.522083679204e-603
9.68396075291e-607
5.880682732734e-610
3.40613616078e-613
1.880383092043e-616
9.88694659355e-620
4.947450957009e-623
2.354324340412e-626
1.064555351207e-629
4.570126507156e-633
1.86112598108e-636
7.183376455206e-640
2.625379808638e-643
9.07734215044e-647
2.96624574587e-650
9.15170411715e-654
2.663132915326e-657
7.301526274043e-661
1.884003938659e-664
4.569801677542e-668
1.04073957237e-671
2.222687874585e-675
4.445788729313e-679
8.317137883433e-683
1.453288749337e-686
2.368411276623e-690
3.594499969021e-694
5.072454332002e-698
6.644920855691e-702
8.06709197645e-706
9.06006220056e-710
9.39571082001e-714
8.97993840254e-718
7.89377085424e-722
6.368598861519e-726
4.705307359894e-730
3.176185861137e-734
1.954050847996e-738
1.092852308619e-742
5.541248339292e-747
2.540012407701e-751
1.049395908125e-755
3.895269600491e-760
1.294701231322e-764
3.839616259658e-769
1.01216212117e-773
2.362169231317e-778
4.859735125188e-783
8.773510456015e-788
1.383172513282e-792
1.894327400306e-797
2.24118682846e-802
2.276832925047e-807
1.973316822827e-812
1.448874248406e-817
8.944054660101e-823
4.603881097798e-828
1.958362590895e-833
6.816617075737e-839
1.920708785594e-844
4.329147978934e-850
7.703197779346e-856
1.066365138612e-861
1.129786508883e-867
8.993914933043e-874
5.268902745122e-880
2.21824021648e-886
6.531078121568e-893
1.303003620493e-899
1.697676856121e-906
1.382705573546e-913
6.680262765641e-921
1.795919023019e-928
2.481627541631e-936
1.59350818434e-944
4.168128421356e-953
3.716109512812e-962
8.771294354425e-972
3.741998940917e-982
1.5326364285908e-993
1.7815126649638e-1006
2.505708282762e-1022