0.0969542127311056
0.0951408611875472
0.0916152075741269
0.0865700297710306
0.0802723874900762
0.0730402454799499
0.0652160088068487
0.0571400186969764
0.0491268176021386
0.0414463798309434
0.0343116511580527
0.0278728068378529
0.0222177764637743
0.0173779166462931
0.0133373080789719
0.0100440262411782
0.0074218504662569
0.0053811672099051
0.00382820878709043
0.00267217069122363
0.00183010721243957
0.00122977772114805
0.00081078956234316
0.00052446256485397
0.00033284245990659
0.000207240002081101
0.000126593535260256
0.00007586555977944
0.000044603075849856
0.0000257254773043489
0.000014555654193544
8.0790540842686e-6
4.3988618007224e-6
2.3494236061286e-6
1.23087346292996e-6
6.3253722867421e-7
3.1883689837098e-7
1.57633937897798e-7
7.6439540074578e-8
3.6354801934419e-8
1.6957769243324e-8
7.7575820662998e-9
3.4803418649726e-9
1.53123589885364e-9
6.6065300552324e-10
2.7951295019149e-10
1.15961384032905e-10
4.7172962529413e-11
1.8815953035793e-11
7.3586344714947e-12
2.8215674909926e-12
1.0606930970857e-12
3.9091166919824e-13
1.4123431965942e-13
5.0021567844516e-14
1.7366494053501e-14
5.9099900235884e-15
1.9713450077049e-15
6.4449709999484e-16
2.0651066117297e-16
6.4849628570921e-17
1.995703067776e-17
6.0184860918863e-18
1.7785274145723e-18
5.1498486213644e-19
1.4610569796278e-19
4.0612187829083e-20
1.1059601192529e-20
2.950483886363e-21
7.7107055921915e-22
1.9738676017881e-22
4.9492614757069e-23
1.2154476103767e-23
2.9233448872857e-24
6.8856642558071e-25
1.5882070597842e-25
3.5870456691525e-26
7.9324564624939e-27
1.7174791823613e-27
3.6404889860345e-28
7.5541107330692e-29
1.5343793604079e-29
3.0505473359409e-30
5.9359153012563e-31
1.1303976666796e-31
2.1065733707581e-32
3.841415436674e-33
6.8539714767847e-34
1.1964540248578e-34
2.0432344996791e-35
3.4132966641553e-36
5.5773513633946e-37
8.913412383211e-38
1.3931094883371e-38
2.1291895430856e-39
3.1819482987392e-40
4.6492494073778e-41
6.6411611205686e-42
9.273345550246e-43
1.2656662802332e-43
1.6883040788303e-44
2.2008397865086e-45
2.8034275168882e-46
3.4890681336629e-47
4.2423262683596e-48
5.0388062300484e-49
5.8456644750073e-50
6.623317459652e-51
7.328324529166e-52
7.917213519364e-53
8.350813546442e-54
8.598512031907e-55
8.641801930332e-56
8.47655266633e-57
8.113620286273e-58
7.577676831745e-59
6.904432658154e-60
6.136686632482e-61
5.3198133942741e-62
4.4973507975663e-63
3.7072798388889e-64
2.9794179569815e-65
2.3341192100236e-66
1.7822437535095e-67
1.326170545504e-68
9.615113036651e-70
6.791495906697e-71
4.6726639826451e-72
3.1309955414833e-73
2.0429067361781e-74
1.2977495041026e-75
8.024834766255e-77
4.829581010293e-78
2.8283601867839e-79
1.6115142871552e-80
8.931585092958e-82
4.814343091247e-83
2.5233484291499e-84
1.2857751333938e-85
6.368170271719e-87
3.0650576922332e-88
1.4333349717179e-89
6.511044838753e-91
2.8724642422576e-92
1.2304518284231e-93
5.116626844509e-95
2.0649668723212e-96
8.086333103559e-98
3.0718230334053e-99
1.1317262941417e-100
4.042775436701e-102
1.399912336133e-103
4.697780046357e-105
1.5273559550564e-106
4.809790612983e-108
1.4666630636922e-109
4.329423417643e-111
1.2368007736772e-112
3.418306456399e-114
9.13760581186e-116
2.3617263577203e-117
5.900174659319e-119
1.4242867539249e-120
3.32110843343e-122
7.477803172706e-124
1.6252458570445e-125
3.408498964538e-127
6.895209782323e-129
1.3449594986259e-130
2.5286074361193e-132
4.580289395197e-134
7.990393105093e-136
1.34192097823e-137
2.1686248294417e-139
3.37093833517e-141
5.037687338521e-143
7.234782332021e-145
9.979940223021e-147
1.3216829184949e-148
1.6796013495922e-150
2.0471107099513e-152
2.391678481418e-154
2.67703542632e-156
2.86914080795e-158
2.942695745399e-160
2.886532216563e-162
2.706318687715e-164
2.423698915522e-166
2.072014361996e-168
1.6897770916895e-170
1.3136736286313e-172
9.728726703142e-175
6.858257453075e-177
4.598634437607e-179
2.930610635885e-181
1.77356246476e-183
1.0184192477151e-185
5.54393386254e-188
2.858424443261e-190
1.3945822358106e-192
6.432008542075e-195
2.801525126658e-197
1.1511485023825e-199
4.457412245985e-202
1.6246348198919e-204
5.567204958472e-207
1.791402136329e-209
5.405887294239e-212
1.5278432982476e-214
4.038529940412e-217
9.96938673592e-220
2.294846834586e-222
4.917996256139e-225
9.795995785056e-228
1.810409886666e-230
3.098689693212e-233
4.902496313244e-236
7.155120478661e-239
9.612883685791e-242
1.1861910022827e-244
1.3412000773519e-247
1.3860748339544e-250
1.3058331266607e-253
1.118362435393e-256
8.681278342199e-260
6.088678953952e-263
3.845432004268e-266
2.17920575266e-269
1.1038888309532e-272
4.977982495257e-276
1.989670275085e-279
7.015610588981e-283
2.171229189581e-286
5.865770611312e-290
1.3751505994376e-293
2.779627583952e-297
4.810495956658e-301
7.073471536705e-305
8.763242997042e-309
9.062892443527e-313
7.744485379493e-317
5.406318622674e-321
3.044218807982e-325
1.3630655710829e-329
4.775488283136e-334
1.2852973387757e-338
2.602104141259e-343
3.867151982408e-348
4.100368947764e-353
2.999011908268e-358
1.4531430077061e-363
4.440667956189e-369
8.051872733009e-375
8.01738145358e-381
3.962735182531e-387
8.4822680759e-394
6.481742932951e-401
1.3213920721391e-408
4.438888815228e-417
9.735915436261e-427
1.2807379019828e-438