0.0704963798553531
0.06979759749745
0.0684207369228573
0.0664061877182881
0.0638120574422503
0.0607113890611826
0.0571887491164447
0.0533364086836301
0.0492503569325149
0.0450263856215467
0.04075646330611
0.0365255831968243
0.0324092225231722
0.0284714987388652
0.0247640539438412
0.021325648154753
0.0181823984155355
0.0153485669983675
0.0128277796546433
0.0106145443411691
0.0086959412635972
0.0070533647685233
0.0056642143228918
0.0045034530269966
0.0035449753263203
0.0027627485952742
0.0021317142741935
0.00162845198580043
0.00123162381689089
0.00092222550271674
0.00068367678646691
0.00050178523903222
0.00036461699658263
0.00026230496560815
0.00018682080524376
0.00013173209443884
0.000091961075885709
0.000063556649548486
0.000043487137386855
0.000029457904159117
0.000019755241692338
0.000013115974442391
8.620941068122e-6
5.6097413006634e-6
3.613791824328e-6
2.3046958471268e-6
1.455098200489e-6
9.0948835602678e-7
5.6276366733775e-7
3.4472826522488e-7
2.0904870991743e-7
1.2549765722581e-7
7.4582854531658e-8
4.3878858412089e-8
2.5555372075263e-8
1.4733884214677e-8
8.409264092621e-9
4.75118473932e-9
2.6573360163282e-9
1.471258746527e-9
8.063563640159e-10
4.3747944775167e-10
2.3495150024435e-10
1.2490675454718e-10
6.5732161946898e-11
3.4241383760118e-11
1.7656440466325e-11
9.012192684842e-12
4.5533413605435e-12
2.2771901204534e-12
1.1272871921419e-12
5.5237354157522e-13
2.6791124284854e-13
1.2861910961e-13
6.111857349795e-14
2.8746877780299e-14
1.3383030872368e-14
6.166817718471e-15
2.8125939432526e-15
1.2696635882661e-15
5.672863732967e-16
2.5086750009842e-16
1.0980220706214e-16
4.7566210709741e-17
2.0394027844308e-17
8.65407238384e-18
3.6345206864093e-18
1.5107022052355e-18
6.214577590326e-19
2.5301209508784e-19
1.0194447586637e-19
4.0651318256054e-20
1.6042417437052e-20
6.265343720457e-21
2.4215615472283e-21
9.262264943348e-22
3.5059479703997e-22
1.3132752462924e-22
4.868144538792e-23
1.7857633999273e-23
6.482348793874e-24
2.3285422218204e-24
8.277024598135e-25
2.9113732470288e-25
1.0133281041797e-25
3.490003302841e-26
1.1893784587192e-26
4.0107690222244e-27
1.3382689490193e-27
4.418369893349e-28
1.4433722612077e-28
4.665378536034e-29
1.4920460985176e-29
4.721271015162e-30
1.4781258343723e-30
4.578614313355e-31
1.4032053168273e-31
4.254682469283e-32
1.2763390654578e-32
3.788018462055e-33
1.1122420391219e-33
3.2308867297723e-34
9.284816310699e-35
2.6396596973268e-35
7.424025052681e-36
2.0655776797841e-36
5.685228704318e-37
1.5479334144888e-37
4.169155495784e-38
1.1107821252273e-38
2.9274404133891e-39
7.63165959546e-40
1.9679540198522e-40
5.019600440504e-41
1.2664111965283e-41
3.1602744623437e-42
7.800318482032e-43
1.9042776768857e-43
4.598026704819e-44
1.0980668113185e-44
2.5935511873186e-45
6.058460922388e-46
1.3996640234035e-46
3.197950881559e-47
7.22601240928e-48
1.6147187610206e-48
3.568277547789e-49
7.797872118686e-50
1.6851612193353e-50
3.601195618325e-51
7.609985774186e-52
1.5901743309944e-52
3.285649268653e-53
6.712819404992e-54
1.3560873676747e-54
2.7086998870268e-55
5.349535899199e-56
1.0445872563019e-56
2.0166849646802e-57
3.849349586254e-58
7.264132488799e-59
1.3552466259318e-59
2.4996665009545e-60
4.557911179877e-61
8.216001426319e-62
1.4640527843342e-62
2.578963385036e-63
4.490724088353e-64
7.729666858449e-65
1.3151301971036e-65
2.211722125477e-66
3.676515425873e-67
6.040547789024e-68
9.809352684155e-69
1.5744118978028e-69
2.497469343751e-70
3.915393921004e-71
6.066439326969e-72
9.288912311567e-73
1.4055874986312e-73
2.1018525030619e-74
3.105897527831e-75
4.535254398901e-76
6.54387253216e-77
9.329869248502e-78
1.3143548387044e-78
1.8295097748962e-79
2.516114840097e-80
3.418914812059e-81
4.589829614095e-82
6.087564411887e-83
7.976593212484e-84
1.0325384312791e-84
1.320376646249e-85
1.6679386842378e-86
2.081328641395e-87
2.565471240577e-88
3.123539568531e-89
3.756363288366e-90
4.461861653397e-91
5.23455361513e-92
6.065201370328e-93
6.940642467717e-94
7.843858155259e-95
8.754311706581e-96
9.648570552741e-97
1.0501201584551e-97
1.1285902230148e-98
1.1976803726538e-99
1.2549860560515e-100
1.298422439528e-101
1.3263494389367e-102
1.3376740135987e-103
1.3319208710978e-104
1.3092652332973e-105
1.2705245425024e-106
1.2171095929058e-107
1.1509391516987e-108
1.0743252817934e-109
9.898389448838e-111
9.001668034673e-112
8.079703416406e-113
7.157575201126e-114
6.257753378575e-115
5.39929161644e-116
4.59731835993e-117
3.862827418074e-118
3.202744388938e-119
2.62022540943e-120
2.115131722741e-121
1.684617842876e-122
1.3237721499525e-123
1.0262553480245e-124
7.848926950943e-126
5.921884570859e-127
4.407439355058e-128
3.235722660798e-129
2.343129941773e-130
1.673566648459e-131
1.1789419975127e-132
8.190788232266e-134
5.612077294688e-135
3.791987880251e-136
2.526597466932e-137
1.660012136212e-138
1.0754064413932e-139
6.869103153554e-141
4.325866814332e-142
2.685786033327e-143
1.643895056221e-144
9.918824759148e-146
5.899410525822e-147
3.458580585355e-148
1.998510547052e-149
1.1381838449676e-150
6.388424300347e-152
3.533687656325e-153
1.926163334144e-154
1.0345842175255e-155
5.475494833515e-157
2.855238855644e-158
1.466896860671e-159
7.424565499507e-161
3.701969637698e-162
1.818280029975e-163
8.796912964292e-165
4.191955580963e-166
1.967410004175e-167
9.093678824744e-169
4.139284849211e-170
1.85535124187e-171
8.188718916126e-173
3.558511545736e-174
1.522497850776e-175
6.412891629836e-177
2.659088124024e-178
1.085339448358e-179
4.360382430709e-181
1.724175637841e-182
6.709773181425e-184
2.569654580548e-185
9.683961824762e-187
3.590982673668e-188
1.310163952504e-189
4.70283687127e-191
1.660678667074e-192
5.76861913258e-194
1.971003886397e-195
6.623703426669e-197
2.189173203552e-198
7.115294925468e-200
2.274084200287e-201
7.14641050144e-203
2.208023561173e-204
6.706870492089e-206
2.002637552657e-207
5.877820871996e-209
1.695613307914e-210
4.807267248625e-212
1.339352121268e-213
3.66673872341e-215
9.863182015057e-217
2.606566226297e-218
6.767019095875e-220
1.725697962692e-221
4.322472788767e-223
1.063312004654e-224
2.56868302095e-226
6.093145458794e-228
1.419100613781e-229
3.244772885397e-231
7.283049044759e-233
1.604566739849e-234
3.469566550442e-236
7.362448272929e-238
1.533045481837e-239
3.13205334325e-241
6.277685938307e-243
1.234300053774e-244
2.38038080424e-246
4.502252468915e-248
8.350712345225e-250
1.518725895659e-251
2.708000495831e-253
4.733497566527e-255
8.110163126711e-257
1.361884515717e-258
2.241107986023e-260
3.613640346114e-262
5.70865526443e-264
8.834374788671e-266
1.33911088374e-267
1.987928739953e-269
2.889832595401e-271
4.113158100045e-273
5.731276897973e-275
7.817038294348e-277
1.043490944581e-278
1.363109023923e-280
1.742235834495e-282
2.178491165405e-284
2.664491384799e-286
3.187268811448e-288
3.728242512e-290
4.263879775232e-292
4.767100650143e-294
5.209361255807e-296
5.563224301089e-298
5.805113126176e-300
5.917875293852e-302
5.892774121795e-304
5.730590197919e-306
5.441642651121e-308
5.044709063925e-310
4.564999923936e-312
4.031492098835e-314
3.474015866969e-316
2.920505099653e-318
2.394761227711e-320
1.914965947756e-322
1.49303358811e-324
1.134753243875e-326
8.405601268405e-329
6.067115708456e-331
4.266296134817e-333
2.92201495545e-335
1.948868070577e-337
1.265479719764e-339
7.998400287675e-342
4.919567949569e-344
2.943916924837e-346
1.713546570249e-348
9.69913840437e-351
5.337408382062e-353
2.854820979301e-355
1.483773351706e-357
7.49175289515e-360
3.673764216885e-362
1.749176361043e-364
8.084080428732e-367
3.625602692061e-369
1.577457872184e-371
6.656350938782e-374
2.723239652578e-376
1.079877259031e-378
4.149222736964e-381
1.544276436953e-383
5.565555326797e-386
1.94166078819e-388
6.55500102584e-391
2.140704350921e-393
6.760391447799e-396
2.063771168754e-398
6.087873477766e-401
1.734683749379e-403
4.772634051973e-406
1.267382700207e-408
3.247087122884e-411
8.023008459146e-414
1.910970914667e-416
4.38587666502e-419
9.69508721138e-422
2.063206777011e-424
4.22500690814e-427
8.321442002105e-430
1.575592511198e-432
2.866458233054e-435
5.008184916301e-438
8.398832848572e-441
1.351220244152e-443
2.084301206117e-446
3.08087404388e-449
4.361257811894e-452
5.908974555775e-455
7.657832978057e-458
9.48672516795e-461
1.122687075778e-463
1.26835303427e-466
1.366970184312e-469
1.404445348789e-472
1.374540799956e-475
1.280523948171e-478
1.134632235225e-481
9.554528303844e-485
7.639911095491e-488
5.795871914047e-491
4.167877293184e-494
2.838429761198e-497
1.828927163072e-500
1.113893116355e-503
6.405875100122e-507
3.474918657491e-510
1.776106663346e-513
8.544003221785e-517
3.863787869478e-520
1.640578589907e-523
6.532280896943e-527
2.43583294167e-530
8.494800513767e-534
2.766726362981e-537
8.403216544844e-541
2.376420914999e-544
6.247457177455e-548
1.524258725867e-551
3.445329226832e-555
7.201554466034e-559
1.389362299935e-562
2.469048915842e-566
4.033278459685e-570
6.042904345088e-574
8.284931713184e-578
1.036890822211e-581
1.181592644937e-585
1.222709365407e-589
1.145684469837e-593
9.691457051482e-598
7.377612334625e-602
5.037137316555e-606
3.073564338778e-610
1.669719642107e-614
8.043285810236e-619
3.420910969562e-623
1.278704563284e-627
4.180035274857e-632
1.188711957928e-636
2.924109901146e-641
6.18405106655e-646
1.1169740439931e-650
1.710774775916e-655
2.204664345612e-660
2.370327834639e-665
2.106504943537e-670
1.531734862865e-675
9.011564842616e-681
4.236636975929e-686
1.569829851684e-691
4.514348404717e-697
9.901910253278e-703
1.624454427824e-708
1.949214815082e-714
1.667394851475e-720
9.870617262047e-727
3.905576305596e-733
9.912839121279e-740
1.53622812468e-746
1.368824285956e-753
6.508138482851e-761
1.501809652688e-768
1.4861416596828e-776
5.334031212286e-785
5.476728476471e-794
1.1240810800027e-803
2.546633466965e-814
2.0298160686706e-826
2.95588504997e-841