0.0649730520956294
0.0644257586693624
0.0633449592987567
0.0617576518384092
0.0597029240119677
0.0572303544193313
0.0543980263312408
0.051270265242002
0.0479152229047589
0.044402433815385
0.0408004649865237
0.037174767180674
0.0335858169321999
0.030087615471512
0.0267265850804119
0.0235408774930967
0.0205600845971391
0.0178053204638194
0.0152896268181481
0.0130186421484327
0.0109914679811168
0.0092016641999953
0.0076383080983957
0.0062870582826949
0.0051311736040354
0.0041524479421982
0.003332032907677
0.002651131493508
0.0020915556995483
0.001636149671544
0.00126908665294784
0.00097605293583915
0.00074433507541734
0.00056282807983472
0.00042198236499541
0.00031370627650422
0.00023123924091429
0.00016900840991321
0.00012247926050078
0.000088008218982042
0.000062703141000946
0.000044295506444563
0.0000310265332596
0.000021548096297599
0.000014838345442953
0.000010131220656718
6.8586175035032e-6
4.6037174588347e-6
3.0639151890476e-6
2.0218061702827e-6
1.3228045187265e-6
8.581117364003e-7
5.5192828537445e-7
3.5197408472883e-7
2.2254944404569e-7
1.395174921229e-7
8.671927439978e-8
5.3442395085703e-8
3.265411691011e-8
1.9781997614495e-8
1.1881763679139e-8
7.075686808935e-9
4.1776451962108e-9
2.4455022691902e-9
1.4193072778523e-9
8.166855651699e-10
4.6590957789588e-10
2.6352079773357e-10
1.4777222565243e-10
8.215490994695e-11
4.5282993361054e-11
2.4745469503649e-11
1.3406434168797e-11
7.200885195368e-12
3.8345243855654e-12
2.0243615793712e-12
1.0595307340392e-12
5.497760513751e-13
2.8281518785681e-13
1.4423216633932e-13
7.292254512444e-14
3.6551026463459e-14
1.8162396456834e-14
8.947058019514e-15
4.3693674478444e-15
2.1153671253453e-15
1.0152650184708e-15
4.830556617316e-16
2.2784346392216e-16
1.0653569586323e-16
4.938219534189e-17
2.2691321097533e-17
1.0336196307114e-17
4.667353566359e-18
2.089233651883e-18
9.270582544632e-19
4.0778199852419e-19
1.7780639052249e-19
7.68532467824e-20
3.2928339153571e-20
1.3985157707413e-20
5.887785717882e-21
2.4570886554538e-21
1.016414720951e-21
4.167728378813e-22
1.6939603030629e-22
6.824634505443e-23
2.725366212556e-23
1.0787891220899e-23
4.232640253612e-24
1.6460617328416e-24
6.34508816095e-25
2.4242799512748e-25
9.180750779015e-26
3.4460427707662e-26
1.2820555681652e-26
4.727520326566e-27
1.7278138258688e-27
6.258842881063e-28
2.2470941205246e-28
7.996042561334e-29
2.8200189415648e-29
9.857084689116e-30
3.414765528941e-30
1.172426419407e-30
3.989504352165e-31
1.3454179765226e-31
4.496728900298e-32
1.4894763282518e-32
4.889496208324e-33
1.5906857149852e-33
5.128501907037e-34
1.6386213604351e-34
5.188534301645e-35
1.6281138274982e-35
5.062846895451e-36
1.5601656338543e-36
4.764401944571e-37
1.4417956220756e-37
4.323669084157e-38
1.284844003125e-38
3.783496186812e-39
1.1040197424917e-39
3.192248384094e-40
9.146362845481e-41
2.5967352226177e-41
7.305163513251e-42
2.0363421064159e-42
5.624520795935e-43
1.5393228440845e-43
4.174252161069e-44
1.1215735549756e-44
2.985879305624e-45
7.876030652222e-46
2.0583935787105e-46
5.330040146325e-47
1.3674413554443e-47
3.475827323221e-48
8.75334348089e-49
2.1839919951928e-49
5.398639950272e-50
1.3221138323584e-50
3.207741521135e-51
7.710290469357e-52
1.8360214529487e-52
4.331268808883e-53
1.012226238989e-53
2.3434719373855e-54
5.37472488055e-55
1.221129128935e-55
2.748339152551e-56
6.127409478593e-57
1.3532428668498e-57
2.96047380936e-58
6.415457887476e-59
1.3771122098397e-59
2.928063316024e-60
6.166734402167e-61
1.2864348688987e-61
2.658105570422e-62
5.440045686313e-63
1.1027390497714e-63
2.213995752704e-64
4.402592836818e-65
8.670852703265e-66
1.6913380841367e-66
3.267443724976e-67
6.251562227552e-68
1.1845827032765e-68
2.222962738722e-69
4.131259501855e-70
7.603433307739e-71
1.3858218423843e-71
2.501317543025e-72
4.470821573743e-73
7.913273767055e-74
1.3869748791965e-74
2.40723064699e-75
4.137105673073e-76
7.040416753009e-77
1.1863585109225e-77
1.979439766481e-78
3.270169486793e-79
5.349247325863e-80
8.663677888498e-81
1.3892865056398e-81
2.205737768404e-82
3.467217333251e-83
5.395924890095e-84
8.31382413617e-85
1.2681723499597e-85
1.915096117458e-86
2.863057039477e-87
4.237295689647e-88
6.208104858989e-89
9.003946599641e-90
1.2927138475966e-90
1.837212876329e-91
2.584616131909e-92
3.599183157764e-93
4.961065302196e-94
6.768629517456e-95
9.140563852019e-96
1.2217525267303e-96
1.6163039186179e-97
2.116331830035e-98
2.742564363676e-99
3.517495249854e-100
4.464831433151e-101
5.608705420085e-102
6.972640907731e-103
8.578277505642e-104
1.0443881902158e-104
1.258269747715e-105
1.5001210323672e-106
1.769743449815e-107
2.065934020823e-108
2.386356251287e-109
2.727453204902e-110
3.084416096586e-111
3.451219525509e-112
3.8207308938e-113
4.184896758263e-114
4.535003146268e-115
4.862000689265e-116
5.156879354575e-117
5.41107220999e-118
5.616863642839e-119
5.767775292082e-120
5.858902994004e-121
5.887180427713e-122
5.851549766988e-123
5.753026142094e-124
5.594650514633e-125
5.381333939578e-126
5.119604327961e-127
4.81727394852e-128
4.483051346704e-129
4.126124634493e-130
3.755743975604e-131
3.38082958082e-132
3.009627908546e-133
2.649433511642e-134
2.306387695541e-135
1.985358524731e-136
1.689900381739e-137
1.422285797616e-138
1.1835980421079e-139
9.738702159866e-141
7.922553785575e-142
6.372124593766e-143
5.066941071893e-144
3.983249020962e-145
3.095611463809e-146
2.378264133771e-147
1.806198761153e-148
1.355969313954e-149
1.0062363356956e-150
7.380788814357e-152
5.351123026651e-153
3.834538291648e-154
2.715774511866e-155
1.900961006036e-156
1.315036628812e-157
8.99029174539e-159
6.073891787672e-160
4.055118601352e-161
2.675279195578e-162
1.744011639282e-163
1.123388340574e-164
7.149836956864e-166
4.496073053049e-167
2.793358963525e-168
1.714594212324e-169
1.0397336256999e-170
6.228647346336e-172
3.686047824445e-173
2.154806502942e-174
1.244285562219e-175
7.097094132978e-177
3.998286373517e-178
2.224764387888e-179
1.222629229493e-180
6.635747180937e-182
3.556745036289e-183
1.882638239505e-184
9.84046227773e-186
5.079040838569e-187
2.588501562137e-188
1.302562201196e-189
6.471641635369e-191
3.17452592265e-192
1.537354573804e-193
7.349911675006e-195
3.468846669849e-196
1.616087341615e-197
7.431953147589e-199
3.373502273391e-200
1.511403037117e-201
6.683161733158e-203
2.916533926799e-204
1.256077055893e-205
5.338390635015e-207
2.238874156358e-208
9.26519466089e-210
3.783249869055e-211
1.524196672437e-212
6.058459408106e-214
2.375790369248e-215
9.19090065612e-217
3.507447557703e-218
1.320341829489e-219
4.902553926962e-221
1.795468099129e-222
6.485308379068e-224
2.310251675436e-225
8.115991169361e-227
2.81161025645e-228
9.60455850851e-230
3.235084741236e-231
1.074377469333e-232
3.517773571743e-234
1.135521033067e-235
3.613392310362e-237
1.133453650153e-238
3.504588058836e-240
1.068046974032e-241
3.20803615927e-243
9.49639539749e-245
2.770280936837e-246
7.963590695101e-248
2.255737099906e-249
6.295591628924e-251
1.731119085842e-252
4.68957204157e-254
1.251493565188e-255
3.289926257813e-257
8.518802506229e-259
2.172592144043e-260
5.457041578873e-262
1.349856383967e-263
3.288066962132e-265
7.886562853167e-267
1.862515279165e-268
4.330594312459e-270
9.91290731517e-272
2.233728896045e-273
4.954563639248e-275
1.081671086401e-276
2.324175323355e-278
4.914677888942e-280
1.022685383708e-281
2.094005473548e-283
4.218615565536e-285
8.361529050087e-287
1.630391645465e-288
3.127196452013e-290
5.899857111661e-292
1.094754309648e-293
1.99777244705e-295
3.58504414694e-297
6.325963394345e-299
1.097505367703e-300
1.871966883022e-302
3.138806146585e-304
5.173310158393e-306
8.38055258955e-308
1.334255170733e-309
2.087510961115e-311
3.209248433857e-313
4.847560297973e-315
7.193637363066e-317
1.048670252531e-318
1.501597718166e-320
2.111792053172e-322
2.916686507794e-324
3.95573360042e-326
5.267688783141e-328
6.886927988179e-330
8.83892325192e-332
1.113517496218e-333
1.376808372984e-335
1.670640702225e-337
1.98920469369e-339
2.323891818013e-341
2.663452178843e-343
2.994459197171e-345
3.302080840402e-347
3.571112030678e-349
3.787178151365e-351
3.937982965507e-353
4.014453610945e-355
4.011636300497e-357
3.929220874656e-359
3.771617844085e-361
3.547571096941e-363
3.269353002956e-365
2.951645116765e-367
2.610247237934e-369
2.26077376205e-371
1.917487265122e-373
1.592388186513e-375
1.294633359524e-377
1.03030424025e-379
8.024973668977e-382
6.116723924923e-384
4.561714156106e-386
3.328181851393e-388
2.375148336215e-390
1.657727307396e-392
1.131376297632e-394
7.549264663298e-397
4.924212065909e-399
3.139303077854e-401
1.955793282059e-403
1.190511426165e-405
7.079322300781e-408
4.111712488598e-410
2.332120548289e-412
1.291515195932e-414
6.982165729862e-417
3.684202374611e-419
1.897050082904e-421
9.53046511434e-424
4.670528425808e-426
2.232285996843e-428
1.040349830388e-430
4.726798983518e-433
2.093263846532e-435
9.03356855661e-438
3.798228834556e-440
1.555591659186e-442
6.204509355915e-445
2.409459509113e-447
9.10821877025e-450
3.350799441317e-452
1.199395192886e-454
4.176100531687e-457
1.41406165889e-459
4.655288020273e-462
1.489689039859e-464
4.632373305411e-467
1.399446301353e-469
4.106174739465e-472
1.169845839664e-474
3.235259353014e-477
8.68271849653e-480
2.260700226037e-482
5.708774355447e-485
1.39773511608e-487
3.317078944288e-490
7.62780891656e-493
1.699097199286e-495
3.664962697886e-498
7.652606051908e-501
1.546287092256e-503
3.022464885202e-506
5.713061731163e-509
1.0438928533e-511
1.843154298047e-514
3.143562454591e-517
5.176894834248e-520
8.22871256863e-523
1.261927202801e-525
1.86636727965e-528
2.660949963862e-531
3.655654848985e-534
4.837157146217e-537
6.161902290916e-540
7.553310361915e-543
8.90535342584e-546
1.009356539159e-548
1.099260651362e-551
1.149732923994e-554
1.154264544278e-557
1.111710906548e-560
1.026635849119e-563
9.08516102855e-567
7.699942891872e-570
6.246277140135e-573
4.846932482508e-576
3.595426322615e-579
2.547942209292e-582
1.723830557915e-585
1.112671967818e-588
6.847000678263e-592
4.014008583986e-595
2.240142023622e-598
1.18920557704e-601
6.00035550309e-605
2.875275712869e-608
1.307365676825e-611
5.635735534493e-615
2.30116985529e-618
8.89174588332e-622
3.248239058718e-625
1.120726539389e-628
3.648340714088e-632
1.119368153845e-635
3.233357520962e-639
8.78298061592e-643
2.240905845423e-646
5.363715992104e-650
1.202860559424e-653
2.524048957868e-657
4.948988492079e-661
9.05421454742e-665
1.543317138099e-668
2.44713227977e-672
3.603771125744e-676
4.920668872203e-680
6.218650646398e-684
7.260680361956e-688
7.816919468484e-692
7.744630490514e-696
7.046298629438e-700
5.874370159316e-704
4.477124082506e-708
3.111872115942e-712
1.967533934506e-716
1.128588068588e-720
5.856437443779e-725
2.741073963631e-729
1.153528432281e-733
4.350186803551e-738
1.464957952394e-742
4.388862054081e-747
1.165085764198e-751
2.72898436817e-756
5.614576790857e-761
1.009734213276e-765
1.579153676163e-770
2.135790644877e-775
2.483238307887e-780
2.466099322152e-785
2.077386982363e-790
1.473226163162e-795
8.723967657394e-801
4.275422421713e-806
1.717233729076e-811
5.592636516139e-817
1.45954578946e-822
3.012748746385e-828
4.847828281238e-834
5.983058603106e-840
5.561202882721e-846
3.813481706178e-852
1.884397174772e-858
6.531281765787e-865
1.538933158566e-871
2.37654354625e-878
2.303378900583e-885
1.330178149502e-892
4.296084784671e-900
7.172948793924e-908
5.602714620998e-916
1.796820305935e-924
1.983013092626e-933
5.863417513111e-943
3.182510061448e-953
1.6943458181596e-964
2.646008176407e-977
5.326827639007e-993