0.1129260023531787
0.1100660280345246
0.104561361992258
0.0968158091838358
0.0873727908299426
0.0768525074580273
0.0658852290347267
0.0550505667940344
0.0448305461022448
0.0355810529367924
0.0275225946599097
0.0207480978753027
0.01524324056296
0.0109138360465055
0.00761498221374153
0.00517775121666042
0.00343070190157589
0.00221504334017922
0.00139356123367707
0.00085428115278953
0.000510260675168549
0.000296950902089183
0.000168369119603583
0.000093005500568214
0.000050050171948161
0.0000262382449253135
0.000013399140851255
6.6651809446323e-6
3.22937717005959e-6
1.52396711128002e-6
7.0042190059646e-7
3.13507236402054e-7
1.36651595064741e-7
5.8001040945594e-8
2.39709133726087e-8
9.6457043093281e-9
3.7788165513219e-9
1.44118979740736e-9
5.3505707836213e-10
1.93357809016014e-10
6.8010210722559e-11
2.32811526063542e-11
7.7556632346344e-12
2.5141006534064e-12
7.9297546537361e-13
2.43339879972111e-13
7.2644928194979e-14
2.1095835273063e-14
5.9586438196725e-15
1.636877381769e-15
4.3728090250133e-16
1.13589186388587e-16
2.8688040778321e-17
7.0437889268081e-18
1.68114910236562e-18
3.8998892175744e-19
8.7921456613303e-20
1.92611936507767e-20
4.0998228397682e-21
8.4778763335237e-22
1.7029203236769e-22
3.3222371875585e-23
6.294168696493e-24
1.15786653742566e-24
2.0679045237117e-25
3.5850258820359e-26
6.0322645899257e-27
9.8498501073954e-28
1.56053419052723e-28
2.3985182138179e-29
3.575763457123e-30
5.1698604418393e-31
7.2476903101301e-32
9.8504461879866e-33
1.29768863199331e-33
1.6567782685137e-34
2.0495409835315e-35
2.4562027180612e-36
2.8510327930917e-37
3.2046717968432e-38
3.4875387378784e-39
3.6738147778757e-40
3.7452822259143e-41
3.6942386011272e-42
3.52484541081e-43
3.2525886346506e-44
2.9019425525335e-45
2.5027252140745e-46
2.0859007030059e-47
1.6796502776364e-48
1.3063956326607e-49
9.8116969039085e-51
7.1138877590096e-52
4.9778317254075e-53
3.3606042874843e-54
2.1883100732702e-55
1.3739838040947e-56
8.3157052101369e-58
4.8497694864277e-59
2.724606096821e-60
1.4740057298656e-61
7.6763654015991e-63
3.8469556818325e-64
1.8544860480245e-65
8.5962715604537e-67
3.8300776253558e-68
1.639614962967e-69
6.7411505416934e-71
2.6607245166489e-72
1.0077436729474e-73
3.6609142069902e-75
1.2750217611342e-76
4.2552738528193e-78
1.3602113312168e-79
4.1623139555249e-81
1.2186717373526e-82
3.4121567292898e-84
9.131057743672e-86
2.3340761762012e-87
5.6958003102974e-89
1.3260989753635e-90
2.9437814093029e-92
6.2267511541519e-94
1.2541578260785e-95
2.4036767205268e-97
4.3804742724601e-99
7.585156137161e-101
1.2470155468497e-102
1.9448976948828e-104
2.8752800643939e-106
4.0257767242497e-108
5.333582194745e-110
6.680161445864e-112
7.901997876689e-114
8.819333162364e-116
9.277544416486e-118
9.18882565901e-120
8.559107270079e-122
7.489100525944e-124
6.147988032648e-126
4.729168558452e-128
3.404133925812e-130
2.2897811267193e-132
1.4371903259618e-134
8.404371896399e-137
4.571647468593e-139
2.3093430505298e-141
1.0814031949584e-143
4.685612413982e-146
1.8749016880795e-148
6.914051514797e-151
2.3447055763083e-153
7.295454813871e-156
2.0776591512954e-158
5.401837849238e-161
1.2787158522705e-163
2.7480095778037e-166
5.344908252745e-169
9.378174845409e-172
1.4792249510183e-174
2.0896018760707e-177
2.633083995732e-180
2.946906608426e-183
2.915768538268e-186
2.537748418713e-189
1.9323997141496e-192
1.2797945742462e-195
7.324745678833e-199
3.597572112802e-202
1.504708667611e-205
5.314290912837e-209
1.5700866136907e-212
3.840360009069e-216
7.686851509348e-220
1.2427727663414e-223
1.599205673134e-227
1.6106716334776e-231
1.2455239497483e-235
7.232389952138e-240
3.072631291671e-244
9.261834063724e-249
1.9092356927801e-253
2.5736563402508e-258
2.1461540700798e-263
1.0318626617882e-268
2.6096466567733e-274
3.0670621814451e-280
1.4058285822003e-286
1.929921589297e-293
5.129230396091e-301
1.1425230377084e-309
2.4714389590879e-320