0.0519151846721702
0.0516357574883141
0.0510814061607205
0.0502610160620185
0.0491876180031351
0.0478780439772339
0.0463524882484326
0.0446339897720765
0.042747854466483
0.040721037539652
0.038581506853261
0.036357608174601
0.034077452166939
0.031768341186105
0.029456251508229
0.027165383661122
0.02491779023807
0.022733087113222
0.020628250524562
0.018617499203071
0.0167122577436452
0.0149211948463715
0.0132503279863215
0.0117031845442507
0.0102810084649048
0.0089830010898167
0.0078065848970591
0.0067476794100415
0.0058009794345243
0.0049602269618184
0.0042184694475699
0.0035682986525151
0.0030020657335304
0.0025120697296086
0.0020907179399083
0.0017306578953506
0.0014248816510928
0.0011668039578379
0.0009503165008789
0.00076982083306104
0.00062024288590795
0.00049703204262098
0.00039614772210443
0.00031403628113701
0.0002476008190038
0.00019416619075902
0.00015144122487367
0.00011747981828759
0.0000906422632634
0.000069557858707306
0.000053089583012638
0.000040301361970597
0.00003042825700471
0.000022849726675648
0.00001706597695958
0.000012677310740598
9.366310871056e-6
6.882640114897e-6
5.0302111774193e-6
3.6564667850959e-6
2.6435096113383e-6
1.900831332025e-6
1.3594062775324e-6
9.669355502224e-7
6.840501010382e-7
4.8130455783266e-7
3.3681642495248e-7
2.3442682834922e-7
1.6227875055326e-7
1.1172640265837e-7
7.650491018462e-8
5.21028700073e-8
3.5291679625905e-8
2.3775017734748e-8
1.5929667046175e-8
1.061522870093e-8
7.035391880454e-9
4.637489914833e-9
3.0402750036975e-9
1.9823366790657e-9
1.2855117957401e-9
8.291025551792e-10
5.318307068115e-10
3.392899178406e-10
2.1527832482177e-10
1.3585038355683e-10
8.526131876544e-11
5.321979885142e-11
3.3038764908279e-11
2.0398730899301e-11
1.2525948881033e-11
7.649721528653e-12
4.646302460507e-12
2.8066970556995e-12
1.6862002580284e-12
1.0075060174696e-12
5.987015153896e-13
3.538315839344e-13
2.0797238764457e-13
1.2157293604139e-13
7.067886642558e-14
4.086607971286e-14
2.3499379437465e-14
1.3439066331099e-14
7.643642308614e-15
4.323639016673e-15
2.4322911740703e-15
1.3608116213021e-15
7.571745365166e-16
4.189949276023e-16
2.3058737516644e-16
1.2620469010825e-16
6.869543510766e-17
3.718706265934e-17
2.0020119992729e-17
1.0718930705295e-17
5.70749332747e-18
3.0223704257608e-18
1.5916862288863e-18
8.336310227356e-19
4.342062427226e-19
2.2491746532495e-19
1.1586555584004e-19
5.935928901864e-20
3.024303117778e-20
1.532368919955e-20
7.721502941505e-21
3.869367022356e-21
1.9283091896877e-21
9.556770355709e-22
4.710233424719e-22
2.3087109792836e-22
1.125360365401e-22
5.455161518355e-23
2.6297629221365e-23
1.2607169555158e-23
6.010486416681e-24
2.84965108053e-24
1.3435777309921e-24
6.299730116666e-25
2.937433987111e-25
1.3620726994035e-25
6.280835699651e-26
2.880172577856e-26
1.3134165275241e-26
5.95618633622e-27
2.686054656737e-27
1.2045951634542e-27
5.372123716e-28
2.382475426255e-28
1.0507207102074e-28
4.608095699585e-29
2.0096938792846e-29
8.715883813114e-30
3.758935974523e-30
1.6120899167173e-30
6.875167544002e-31
2.915720219339e-31
1.2296337831668e-31
5.156700752241e-32
2.1504685666614e-32
8.91780777219e-33
3.677441367361e-33
1.5079774446937e-33
6.14899527588e-34
2.493288171017e-34
1.0053066772897e-34
4.030706654204e-35
1.6070119441439e-35
6.371050509704e-36
2.511630557011e-36
9.84582157177e-37
3.83794171508e-37
1.4876258248438e-37
5.733722410578e-38
2.197485053564e-38
8.374525148905e-39
3.17349721202e-39
1.1957995481189e-39
4.480429405366e-40
1.6692467145884e-40
6.183860687996e-41
2.277905846064e-41
8.343482642919e-42
3.03873691254e-42
1.1004531941759e-42
3.962610463078e-43
1.4187997570577e-43
5.051139013165e-44
1.788070320284e-44
6.293691959839e-45
2.202675563236e-45
7.665108124338e-46
2.652206085119e-46
9.124645459223e-47
3.12135374983e-47
1.0616631538001e-47
3.59042411822e-48
1.2073091619105e-48
4.03648599015e-49
1.341834875858e-49
4.435104209255e-50
1.4575254731058e-50
4.762494482844e-51
1.5472384522876e-51
4.997845920717e-52
1.6051282229993e-52
5.125500150607e-53
1.6272744624162e-53
5.136671388472e-54
1.6121206505706e-54
5.03044541057e-55
1.5606547166817e-55
4.813899792094e-56
1.4763027129232e-56
4.50132389917e-57
1.3645513818685e-57
4.112658075965e-58
1.2323574195653e-58
3.671389085048e-59
1.0874318706658e-59
3.202210497129e-60
9.375018197476e-61
2.728770572049e-61
7.896466822331e-62
2.271787540365e-62
6.497853642939e-63
1.84772632897e-63
5.223589815297e-64
1.4681227170345e-64
4.102189230312e-65
1.139533811352e-65
3.146987954198e-66
8.640073139057e-67
2.358263636247e-67
6.399086786251e-68
1.726205352876e-68
4.629283973606e-69
1.2341847384557e-69
3.27106803574e-70
8.618666944866e-71
2.257510526309e-71
5.878366666273e-72
1.521664080625e-72
3.915742740239e-73
1.0017071275458e-73
2.547396927414e-74
6.439908611318e-75
1.618407889145e-75
4.043146041071e-76
1.0040884679571e-76
2.478811924479e-77
6.083200738956e-78
1.484005834812e-78
3.598751530089e-79
8.675186154681e-80
2.078807669962e-80
4.951722011999e-81
1.1724720433011e-81
2.759630135087e-82
6.456530971307e-83
1.501569364026e-83
3.471260219417e-84
7.976683411358e-85
1.822001539783e-85
4.136795951362e-86
9.336115158052e-87
2.094367030448e-87
4.670050940643e-88
1.0350716266817e-88
2.280325620502e-89
4.993427059477e-90
1.0868600520902e-90
2.351360911271e-91
5.056306374447e-92
1.0807208782462e-92
2.295923525822e-93
4.848000330108e-94
1.0174822146407e-94
2.122499421735e-95
4.400707413606e-96
9.068785902322e-97
1.857484121576e-97
3.781359178326e-98
7.650946318952e-99
1.538594970406e-99
3.075196753678e-100
6.108835838142e-101
1.206086451378e-101
2.366629842539e-102
4.615424071525e-103
8.945810852202e-104
1.72326502902e-104
3.299180861822e-105
6.277392291947e-106
1.187049713531e-106
2.230860533893e-107
4.166651503453e-108
7.734113394903e-109
1.426723565917e-109
2.615606479446e-110
4.765468014943e-111
8.628525732245e-112
1.552611540768e-112
2.776396356269e-113
4.933894108411e-114
8.713349419306e-115
1.529201141902e-115
2.667015197305e-116
4.622372728367e-117
7.961230831953e-118
1.362600127828e-118
2.31753738022e-119
3.916988775954e-120
6.578733479521e-121
1.097978302701e-121
1.820974329107e-122
3.001024723096e-123
4.914598878218e-124
7.997539430014e-125
1.293217435271e-125
2.077928431245e-126
3.317649496864e-127
5.263423247947e-128
8.297379266875e-129
1.299706848282e-129
2.022919675334e-130
3.128510143523e-131
4.807497982139e-132
7.340407474224e-133
1.113621550545e-133
1.67868169018e-134
2.514254303307e-135
3.741597007876e-136
5.532336613642e-137
8.127570930386e-138
1.186343110818e-138
1.720497324806e-139
2.479068865186e-140
3.549039392252e-141
5.047977497998e-142
7.133539467199e-143
1.0015450363e-143
1.397044777066e-144
1.936070879934e-145
2.665630209174e-146
3.646220202778e-147
4.95503619447e-148
6.689725572381e-149
8.97271504819e-150
1.195611553507e-150
1.582717915113e-151
2.081424382562e-152
2.719305244018e-153
3.529327551715e-154
4.550500007589e-155
5.82848742692e-156
7.416152074446e-157
9.37397555155e-158
1.177030788736e-158
1.468138470521e-159
1.819104954596e-160
2.239011743548e-161
2.737531839607e-162
3.324776657114e-163
4.011091257278e-164
4.806795396442e-165
5.721870153768e-166
6.765592693042e-167
7.94612494059e-168
9.2700655032e-169
1.074197783345e-169
1.236391125798e-170
1.413493476357e-171
1.605070611296e-172
1.810310065758e-173
2.027992486955e-174
2.256473891199e-175
2.493681035272e-176
2.737121733933e-177
2.983911423209e-178
3.230816599417e-179
3.474314983856e-180
3.710671411221e-181
3.936027563597e-182
4.146502825164e-183
4.338302772124e-184
4.507831193051e-185
4.651801106091e-186
4.767340040564e-187
4.852084906882e-188
4.904262099345e-189
4.92274905222e-190
4.90711427323e-191
4.857633866369e-192
4.775283669989e-193
4.661707308941e-194
4.519161618826e-195
4.350441974507e-196
4.158790978472e-197
3.947794682535e-198
3.721270989305e-199
3.483155085327e-200
3.237386692789e-201
2.987803605963e-202
2.738045433886e-203
2.491470747185e-204
2.25108997898e-205
2.019515516769e-206
1.79892950369e-207
1.59106899896e-208
1.397227376013e-209
1.218270199782e-210
1.054663346007e-211
9.06510817053e-213
7.73599569474e-214
6.554486866857e-215
5.513603848599e-216
4.604706047117e-217
3.817972855463e-218
3.142848096355e-219
2.5684351465e-220
2.08383573093e-221
1.678429085959e-222
1.342091433194e-223
1.065358379671e-224
8.39534910056e-226
6.567590640652e-227
5.100262334344e-228
3.931813356518e-229
3.008860128348e-230
2.285675596929e-231
1.723556013612e-232
1.290117108003e-233
9.58562563618e-235
7.06958689403e-236
5.175406557231e-237
3.760679800871e-238
2.712403237145e-239
1.941791931535e-240
1.379768332991e-241
9.73103800743e-243
6.8117095382e-244
4.732508913421e-245
3.263318853374e-246
2.233339154962e-247
1.516950016612e-248
1.022594782641e-249
6.84141354547e-251
4.542472534238e-252
2.993209872567e-253
1.957377465229e-254
1.270277739554e-255
8.18094700624e-257
5.2285748255e-258
3.316133203044e-259
2.087101164665e-260
1.303502586088e-261
8.0785067722e-263
4.968153343443e-264
3.031778453033e-265
1.83582947716e-266
1.103045490352e-267
6.57619196887e-269
3.890175980161e-270
2.283344377081e-271
1.3297642486e-272
7.68373857637e-274
4.405130637079e-275
2.505687135218e-276
1.41406786411e-277
7.91739848167e-279
4.398018399309e-280
2.423746960251e-281
1.325154703064e-282
7.18767267636e-284
3.867636959874e-285
2.06458169738e-286
1.093303216901e-287
5.743340217754e-289
2.992932821057e-290
1.547144961499e-291
7.93340680159e-293
4.035302953473e-294
2.035978823261e-295
1.018929188948e-296
5.058028727202e-298
2.49045090713e-299
1.216261353912e-300
5.891431608746e-302
2.830430688887e-303
1.348697825911e-304
6.37382147867e-306
2.98745141737e-307
1.388705309003e-308
6.40206612394e-310
2.927005332545e-311
1.327127381596e-312
5.96732702189e-314
2.660832589476e-315
1.176570762892e-316
5.159095916969e-318
2.243243488112e-319
9.67205285162e-321
4.135161352349e-322
1.753032181231e-323
7.3689052906e-325
3.071310320773e-326
1.269240714457e-327
5.200627482651e-329
2.112763039556e-330
8.50983058864e-332
3.398269794701e-333
1.345405819172e-334
5.280789931446e-336
2.054878804598e-337
7.92696244847e-339
3.031462091593e-340
1.149247767149e-341
4.318995611206e-343
1.608980396069e-344
5.94167528849e-346
2.174945951049e-347
7.89151862055e-349
2.838156752364e-350
1.011735305247e-351
3.574729393174e-353
1.25186104189e-354
4.345068789484e-356
1.494705398471e-357
5.095933390965e-359
1.72183604899e-360
5.76567855524e-362
1.913331568979e-363
6.29218922138e-365
2.050574364491e-366
6.62219417198e-368
2.119196855151e-369
6.72007311359e-371
2.111544533954e-372
6.57415929808e-374
2.02807517743e-375
6.19900203877e-377
1.877342030131e-378
5.632988294382e-380
1.674549452818e-381
4.93185826119e-383
1.43901859772e-384
4.159633833451e-386
1.191149491409e-387
3.379009705417e-389
9.4954176536e-391
2.643197165344e-392
7.28828297442e-394
1.99062898495e-395
5.385351236098e-397
1.443063583275e-398
3.829954924389e-400
1.006763788072e-401
2.621054975089e-403
6.7581544533e-405
1.72572773518e-406
4.364126154558e-408
1.092928516619e-409
2.710467341705e-411
6.65645496621e-413
1.618738051747e-414
3.897922437903e-416
9.29396541082e-418
2.194159897793e-419
5.128884247901e-421
1.187005916265e-422
2.719857222482e-424
6.17007380613e-426
1.385713184886e-427
3.080936165789e-429
6.78119056901e-431
1.477510402814e-432
3.186719643412e-434
6.80351199133e-436
1.43775744316e-437
3.007380387962e-439
6.22627610219e-441
1.275829307558e-442
2.587425060815e-444
5.193267822572e-446
1.031568392026e-447
2.027805218188e-449
3.94468010695e-451
7.59348310137e-453
1.44643926892e-454
2.726311369378e-456
5.084553587258e-458
9.3824934601e-460
1.71300101839e-461
3.094258692753e-463
5.52969146514e-465
9.77633311144e-467
1.709886622379e-468
2.958422421479e-470
5.063371689244e-472
8.57217999634e-474
1.435488072262e-475
2.377659178195e-477
3.895166989346e-479
6.31122512242e-481
1.01133934482e-482
1.602729341369e-484
2.511815982393e-486
3.892816868405e-488
5.96585514121e-490
9.04061433566e-492
1.354638766263e-493
2.006933853073e-495
2.939748505037e-497
4.257339550777e-499
6.09537872483e-501
8.62741257299e-503
1.207149188493e-504
1.669647310013e-506
2.282730947153e-508
3.084846352883e-510
4.12044077738e-512
5.43960674228e-514
7.09720320003e-516
9.15134575512e-518
1.166118302783e-519
1.468391875031e-521
1.827109980118e-523
2.24642672632e-525
2.729015607974e-527
3.275572137547e-529
3.884335571689e-531
4.550672938252e-533
5.266772241964e-535
6.02149114442e-537
6.80040175351e-539
7.58606110176e-541
8.35852078379e-543
9.09606912991e-545
9.77617698536e-547
1.037659596757e-548
1.087653860863e-550
1.125785564179e-552
1.150611903412e-554
1.161152161383e-556
1.156951567189e-558
1.138113295679e-560
1.105295512171e-562
1.059673410873e-564
1.002869278585e-566
9.36856391222e-569
8.63844708909e-571
7.8615764531e-573
7.06109528362e-575
6.25892745966e-577
5.47482103567e-579
4.725618284097e-581
4.0247821636e-583
3.382184286736e-585
2.804136832472e-587
2.29363266335e-589
1.85074556154e-591
1.473136512676e-593
1.156612033675e-595
8.95685686212e-598
6.84102728833e-600
5.152987439714e-602
3.82774491892e-604
2.803798934436e-606
2.025089867127e-608
1.442143995967e-610
1.01254171821e-612
7.00857986251e-615
4.782252425962e-617
3.216567282937e-619
2.132467878041e-621
1.393393687766e-623
8.97301013978e-626
5.69438302018e-628
3.560986502508e-630
2.194217964219e-632
1.332126154327e-634
7.9677768726e-637
4.694885063322e-639
2.725073552545e-641
1.557995221218e-643
8.77318922654e-646
4.865426262009e-648
2.657201793859e-650
1.429013459283e-652
7.56700132258e-655
3.945065728278e-657
2.024857736314e-659
1.023083733299e-661
5.088273406237e-664
2.490795912711e-666
1.199995968038e-668
5.6893217214e-671
2.654269519241e-673
1.218422044762e-675
5.5027866803e-678
2.444913058544e-680
1.068570536838e-682
4.593723201298e-685
1.942274983765e-687
8.07612214336e-690
3.302196347196e-692
1.327614286808e-694
5.24772029908e-697
2.039198329022e-699
7.78929445099e-702
2.92446233799e-704
1.079101086144e-706
3.91295517618e-709
1.394223016946e-711
4.880920760801e-714
1.678689642057e-716
5.67145799537e-719
1.882047966736e-721
6.13385917958e-724
1.963175030438e-726
6.16965353419e-729
1.903675625542e-731
5.76645453328e-734
1.714594056945e-736
5.003829147462e-739
1.433124640499e-741
4.027697163331e-744
1.110635194177e-746
3.004537559999e-749
7.97305226225e-752
2.075204494217e-754
5.29705404411e-757
1.325843815692e-759
3.253728871635e-762
7.82793614151e-765
1.846015315924e-767
4.266678538115e-770
9.66395518655e-773
2.144733227245e-775
4.663235198077e-778
9.93204191185e-781
2.07189473672e-783
4.232672785227e-786
8.46678839516e-789
1.658127910856e-791
3.17870437542e-794
5.9641924892e-797
1.095111418144e-799
1.967455678883e-802
3.458004431097e-805
5.94501678616e-808
9.99584805652e-811
1.643449377087e-813
2.641759385302e-816
4.151065079584e-819
6.37504517753e-822
9.56734578684e-825
1.402846398785e-827
2.009389342005e-830
2.811105516862e-833
3.840359659141e-836
5.122356517216e-839
6.66946687129e-842
8.47529644292e-845
1.05094245992e-847
1.27139287833e-850
1.500281095171e-853
1.726519265751e-856
1.937263493319e-859
2.119022593727e-862
2.259029169691e-865
2.346690012586e-868
2.374892920398e-871
2.340949391501e-874
2.247001710966e-877
2.099811316061e-880
1.909954842058e-883
1.690560343388e-886
1.455794524074e-889
1.219345074233e-892
9.93124809158e-896
7.86363516461e-899
6.05166633699e-902
4.525291051839e-905
3.287182524018e-908
2.318946218877e-911
1.588286286228e-914
1.055887610981e-917
6.81137418712e-921
4.262407744802e-924
2.586730578542e-927
1.521926595399e-930
8.67861488662e-934
4.794978921397e-937
2.566051345914e-940
1.329677898782e-943
6.66940972542e-947
3.237000301224e-950
1.519721915859e-953
6.89922369112e-957
3.027587021378e-960
1.28379531377e-963
5.258197044377e-967
2.079484412809e-970
7.93751557323e-974
2.923158902334e-977
1.038207837687e-980
3.55468869687e-984
1.172793835421e-987
3.726988194303e-991
1.140301909601e-994
3.357469951368e-998
9.50901181946e-1002
2.589318948259e-1005
6.77569465052e-1009
1.703046583359e-1012
4.109461363754e-1016
9.51491605657e-1020
2.112794702611e-1023
4.496834455045e-1027
9.16880924538e-1031
1.789899175605e-1034
3.343495247035e-1038
5.97268781623e-1042
1.019693444827e-1045
1.662749896996e-1049
2.587982169647e-1053
3.842242152109e-1057
5.437528473761e-1061
7.33006572979e-1065
9.4057067071e-1069
1.147971722799e-1072
1.331671093951e-1076
1.467064141063e-1080
1.533691446151e-1084
1.520210556872e-1088
1.427498521999e-1092
1.268737691707e-1096
1.066347134649e-1100
8.46739912461e-1105
6.3461066291e-1109
4.484752069199e-1113
2.985362287168e-1117
1.869916675346e-1121
1.100874311267e-1125
6.08486549198e-1130
3.153933315024e-1134
1.531140343968e-1138
6.95332312925e-1143
2.949979375013e-1147
1.167637904373e-1151
4.305778078824e-1156
1.477127238832e-1160
4.70707581334e-1165
1.391137330003e-1169
3.806849048345e-1174
9.6294323535e-1179
2.247538537293e-1183
4.831530826906e-1188
9.54770293489e-1193
1.73092590244e-1197
2.872854066026e-1202
4.355648971817e-1207
6.018676227462e-1212
7.56162871665e-1217
8.6159471845e-1222
8.88008424209e-1227
8.25567691428e-1232
6.90307835953e-1237
5.175513854816e-1242
3.467996324501e-1247
2.069828311346e-1252
1.096358042367e-1257
5.134208155483e-1263
2.117088565731e-1268
7.65389962588e-1274
2.41502038132e-1279
6.618213077079e-1285
1.567073554779e-1290
3.188297087802e-1296
5.540775855999e-1302
8.17255959729e-1308
1.016122162507e-1313
1.057125536933e-1319
9.12921655851e-1326
6.487989232017e-1332
3.759009730503e-1338
1.757405398411e-1344
6.555952357569e-1351
1.927604668365e-1357
4.406809924402e-1364
7.71665988871e-1371
1.017828389535e-1377
9.925311146e-1385
7.006674095193e-1392
3.49663796099e-1399
1.200581235461e-1406
2.749267131834e-1414
4.050065601137e-1422
3.67950766614e-1430
1.961030363335e-1438
5.774068750643e-1447
8.729778586178e-1456
6.188245448584e-1465
1.832326632833e-1474
1.948686300282e-1484
6.067442510901e-1495
4.138778758451e-1506
3.990275511557e-1518
2.628186565706e-1531
2.911062706359e-1546
1.4319404115355e-1564