0.055904667687107
0.0555558272790529
0.054864661720962
0.0538439991841992
0.0525125848419874
0.0508945084583302
0.0490184798901627
0.0469169829256577
0.044625342253638
0.042180740897905
0.0396212260785
0.036984740220839
0.034308210876078
0.031626728890944
0.028972838596212
0.026375957442963
0.023861935798826
0.021452760911147
0.0191664027079075
0.0170167934461377
0.0150139284704196
0.0131640716730829
0.0114700467359104
0.0099315938867679
0.0085457716611705
0.0073073838990828
0.0062094137694391
0.0052434488103601
0.0044000836017987
0.0036692895521928
0.0030407441992788
0.00250411523933
0.0020492970809268
0.001666599974746
0.0013468936396161
0.0010817087591202
0.00086330076252824
0.0006846809522042
0.00053962033783075
0.00042263153851095
0.00032893387597557
0.00025440636609433
0.00019553277945142
0.00014934233716999
0.00011334898021377
0.00008549153523449
0.00006407652500842
0.000047724855474296
0.000035323165579248
0.000025980255293038
0.000018988710793604
0.000013791619592378
9.954105231006e-6
7.139302551662e-6
5.0883311782943e-6
3.6037975647159e-6
2.5363561678435e-6
1.7738803142065e-6
1.232826580367e-6
8.514176158164e-7
5.8431306274485e-7
3.9848339149136e-7
2.7004482121399e-7
1.8185355725982e-7
1.2169349901068e-7
8.092298324951e-8
5.347300707284e-8
3.511193976126e-8
2.2910353776744e-8
1.4854730578894e-8
9.570905244627e-9
6.127675209765e-9
3.8984517460129e-9
2.4645719411017e-9
1.548256617375e-9
9.664862583887e-10
5.995133928718e-10
3.6953172126379e-10
2.2633584586963e-10
1.377535741467e-10
8.331044576157e-11
5.006592032356e-11
2.9897179394879e-11
1.7740366662207e-11
1.046016193926e-11
6.128535926863e-12
3.5679325402284e-12
2.0640354342827e-12
1.186471509046e-12
6.776979201062e-13
3.8463843289043e-13
2.1692314119663e-13
1.2156114013992e-13
6.768903029613e-14
3.7452035978161e-14
2.0590416667152e-14
1.1248285791582e-14
6.10573542612e-15
3.2932065415555e-15
1.76493294649e-15
9.398630944157e-16
4.973097896331e-16
2.6146545311092e-16
1.3659203363992e-16
7.090208753664e-17
3.656908549676e-17
1.8740856021903e-17
9.542975369237e-18
4.828319844831e-18
2.4273080350338e-18
1.2124648579029e-18
6.017659211287e-19
2.9675560369479e-19
1.4540586074434e-19
7.079054571003e-20
3.424346346953e-20
1.6458410093735e-20
7.859673972603e-21
3.729291333033e-21
1.758133625577e-21
8.235308701252e-22
3.832736439143e-22
1.7723019647148e-22
8.1426315211e-23
3.716967310021e-23
1.6858082741199e-23
7.596642195562e-24
3.401165545319e-24
1.512951564274e-24
6.686701946161e-25
2.936209992729e-25
1.2809995359471e-25
5.5525955311e-26
2.3912599683107e-26
1.0231509287298e-26
4.349438774907e-27
1.8369857700168e-27
7.70825089339e-28
3.213525766365e-28
1.33101217396e-28
5.477154028928e-29
2.2392312264426e-29
9.095202066083e-30
3.670232140366e-30
1.4714341214888e-30
5.860741147796e-31
2.319140150473e-31
9.11722097738e-32
3.560879524981e-32
1.3816869652712e-32
5.326204965624e-33
2.039765136772e-33
7.76059027952e-34
2.933322816084e-34
1.1014725488191e-34
4.108983465017e-35
1.5227905678678e-35
5.6064659474e-36
2.0505934616986e-36
7.450912203774e-37
2.689533367699e-37
9.644509410557e-38
3.435715118274e-38
1.215866865313e-38
4.274495174969e-39
1.4928343284714e-39
5.179220475136e-40
1.7850122582364e-40
6.111390368705e-41
2.0785422289491e-41
7.022563174426e-42
2.35693925286e-42
7.858053796198e-43
2.602515992904e-43
8.562124323232e-44
2.798190402915e-44
9.084028519519e-45
2.92942967047e-45
9.384018948253e-46
2.986026974876e-46
9.438336353764e-47
2.963410761991e-47
9.242314210277e-48
2.863253846989e-48
8.811036215572e-49
2.69326988564e-49
8.177418975037e-50
2.466231410358e-50
7.388058054613e-51
2.198383001719e-51
6.497565501668e-52
1.907523417808e-52
5.5623540604e-53
1.6110704810513e-53
4.634845000935e-54
1.3243971631507e-54
3.758903643301e-55
1.059648004694e-55
2.966996791103e-56
8.25135120163e-57
2.279203583711e-57
6.25300401619e-58
1.7038812043582e-58
4.61139570347e-59
1.239553807987e-59
3.309296777927e-60
8.774872119708e-61
2.310883295964e-61
6.044282332558e-62
1.5701398639687e-62
4.050943127974e-63
1.0379955304439e-63
2.641518506429e-64
6.676178764797e-65
1.675774789274e-65
4.17747632791e-66
1.0342373755232e-66
2.542913358549e-67
6.209336601652e-68
1.5057689278773e-68
3.626336592334e-69
8.673046889851e-70
2.059995191219e-70
4.859020824615e-71
1.1381944116679e-71
2.647685197863e-72
6.116394831234e-73
1.4031399268529e-73
3.196537310403e-74
7.23150847309e-75
1.624595814158e-75
3.624315810044e-76
8.029120124017e-77
1.766314450672e-77
3.858541188684e-78
8.37009137899e-79
1.802959899577e-79
3.85644902205e-80
8.19089977579e-81
1.727487564633e-81
3.617714911511e-82
7.522922960313e-83
1.553347079507e-83
3.184760256116e-84
6.483478063703e-85
1.3105666141926e-85
2.630428982761e-86
5.242122190883e-87
1.0372833544109e-87
2.037952225627e-88
3.975515960927e-89
7.700031227615e-90
1.480769647111e-90
2.827320757519e-91
5.359838801563e-92
1.0088205735223e-92
1.885203136619e-93
3.497686189805e-94
6.442855917822e-95
1.178276690592e-95
2.139359762252e-96
3.85642054865e-97
6.901529013105e-98
1.2262045602823e-98
2.162885392304e-99
3.787506004909e-100
6.584436939279e-101
1.1363854671376e-101
1.947020921893e-102
3.311689911044e-103
5.591894497164e-104
9.373346356306e-105
1.559742353331e-105
2.576497101235e-106
4.22494548538e-107
6.877383804981e-108
1.1113020945357e-108
1.782558200502e-109
2.838271848274e-110
4.485996121403e-111
7.038082514843e-112
1.0960648998534e-112
1.694339816127e-113
2.5998179864e-114
3.959673510207e-115
5.986122781538e-116
8.982504573846e-117
1.337859815718e-117
1.977792991895e-118
2.902042851575e-119
4.226445242731e-120
6.109290279537e-121
8.764880267462e-122
1.248063050314e-122
1.763834964376e-123
2.474034768186e-124
3.444098783915e-125
4.75842077909e-126
6.52473679421e-127
8.879152205e-128
1.199178316951e-128
1.607293478491e-129
2.137967532059e-130
2.822259004918e-131
3.697241096428e-132
4.806612311878e-133
6.201204931483e-134
7.939331925797e-135
1.0086904581726e-135
1.271724701775e-136
1.591053111075e-137
1.975275734228e-138
2.433421485166e-139
2.974736852013e-140
3.608414283642e-141
4.343260175712e-142
5.187306030793e-143
6.147370607839e-144
7.228585506704e-145
8.433901378732e-146
9.76359647184e-147
1.12148131153e-147
1.278115061024e-148
1.445234441332e-149
1.621406113059e-150
1.804783641812e-151
1.993117828775e-152
2.18378515789e-153
2.373835070152e-154
2.560055759126e-155
2.739057073218e-156
2.907367982157e-157
3.061544999502e-158
3.198287034396e-159
3.314551453973e-160
3.407665740315e-161
3.475429070749e-162
3.516198460901e-163
3.528954781021e-164
3.513344953235e-165
3.469697898479e-166
3.399013242015e-167
3.302923304618e-168
3.183630394357e-169
3.043822765042e-170
2.886573726675e-171
2.715229205085e-172
2.533289502407e-173
2.344291086713e-174
2.151693947822e-175
1.958779435159e-176
1.768562604421e-177
1.583722021597e-178
1.40654879408e-179
1.238915408602e-180
1.082263837843e-181
9.3761140189e-183
8.05572090062e-184
6.863904951558e-185
5.799851975848e-186
4.859983532419e-187
4.038483619086e-188
3.327827861448e-189
2.719291095063e-190
2.20341420611e-191
1.770416402119e-192
1.410544312183e-193
1.114354131268e-194
8.72927180141e-196
6.780225987266e-197
5.221733616823e-198
3.987334127423e-199
3.018845311937e-200
2.266116845012e-201
1.686552244508e-202
1.244474971956e-203
9.10404017014e-205
6.602927244906e-206
4.747728534036e-207
3.384347055095e-208
2.391641784945e-209
1.675491130315e-210
1.163604470566e-211
8.01084476975e-213
5.467053586135e-214
3.698475692688e-215
2.480155588351e-216
1.648595275952e-217
1.086226367907e-218
7.093979762348e-220
4.592138338826e-221
2.946371077493e-222
1.873697094497e-223
1.18098051459e-224
7.37750283376e-226
4.567632834704e-227
2.802721389293e-228
1.704383610667e-229
1.027176646895e-230
6.134863777806e-232
3.631100662806e-233
2.129789867437e-234
1.237917769708e-235
7.13008693481e-237
4.069463894679e-238
2.301495996212e-239
1.289748833051e-240
7.16165092411e-242
3.940264452414e-243
2.147993107329e-244
1.160183547098e-245
6.208658658197e-247
3.291827162811e-248
1.729160323175e-249
8.99877249002e-251
4.639506320447e-252
2.369689324556e-253
1.199037561347e-254
6.010165462661e-256
2.9843022041e-257
1.467885919457e-258
7.15196337802e-260
3.451691761111e-261
1.650071203738e-262
7.81317340227e-264
3.66434550344e-265
1.702156756092e-266
7.83117297623e-268
3.568355225415e-269
1.610323577093e-270
7.19700431948e-272
3.185470462903e-273
1.396266133057e-274
6.06073300688e-276
2.605156869855e-277
1.108877994171e-278
4.673735332015e-280
1.950581778612e-281
8.06070572206e-283
3.298222183795e-284
1.336206857656e-285
5.359735531716e-287
2.128520095136e-288
8.36884749657e-290
3.257584988352e-291
1.25532643761e-292
4.788913051666e-294
1.808527185125e-295
6.76097481062e-297
2.501946817803e-298
9.16472670123e-300
3.322934468313e-301
1.192539817577e-302
4.236047379873e-304
1.489269880522e-305
5.182012561995e-307
1.784529236503e-308
6.081862939068e-310
2.051279591377e-311
6.84661303768e-313
2.261396583242e-314
7.39119985581e-316
2.390438479541e-317
7.64982782271e-319
2.422279036461e-320
7.58895473744e-322
2.352403410155e-323
7.21440218756e-325
2.188941612967e-326
6.57052013903e-328
1.951117549911e-329
5.731542209032e-331
1.66552091489e-332
4.787461330929e-334
1.361203357833e-335
3.828151651314e-337
1.06485232536e-338
2.929607173552e-340
7.97140131999e-342
2.145115319409e-343
5.70877068746e-345
1.502435098603e-346
3.910164976258e-348
1.006295742873e-349
2.56077971538e-351
6.4434662556e-353
1.603069122727e-354
3.943254192905e-356
9.58984287951e-358
2.305720384855e-359
5.48055231995e-361
1.287800367685e-362
2.991321885816e-364
6.86834133593e-366
1.558828404963e-367
3.496921961937e-369
7.75350544994e-371
1.699096251013e-372
3.679837692089e-374
7.87613356653e-376
1.66591945552e-377
3.482042744095e-379
7.19177142379e-381
1.46771488795e-382
2.959605261415e-384
5.896498925251e-386
1.160659752075e-387
2.257083729057e-389
4.336147868369e-391
8.22916247289e-393
1.542707691826e-394
2.85673046368e-396
5.225086684575e-398
9.43924339616e-400
1.684150880638e-401
2.967600577359e-403
5.164055247528e-405
8.87396010183e-407
1.505792840367e-408
2.522981005965e-410
4.173912967995e-412
6.81762224033e-414
1.099415654349e-415
1.75028777275e-417
2.750771387888e-419
4.267522180102e-421
6.53509475226e-423
9.87782158399e-425
1.473607538021e-426
2.169660815252e-428
3.152600931951e-430
4.520545920343e-432
6.39638930757e-434
8.93054968326e-436
1.230262441147e-437
1.672131297486e-439
2.24219082637e-441
2.966065155424e-443
3.87053356577e-445
4.982174322671e-447
6.32558360369e-449
7.92120629052e-451
9.78287045151e-453
1.191517747907e-454
1.431095796287e-456
1.694905062623e-458
1.979268846053e-460
2.278877373507e-462
2.586828545609e-464
2.894798682781e-466
3.19334894493e-468
3.4723594426e-470
3.72156828576e-472
3.93117878549e-474
4.092486741283e-476
4.198473057234e-478
4.244306194189e-480
4.227704780181e-482
4.149122743288e-484
4.011736333673e-486
3.821232310525e-488
3.585416837301e-490
3.313682610213e-492
3.016385115597e-494
2.704186037301e-496
2.387422016462e-498
2.075550520628e-500
1.77671274646e-502
1.497438174791e-504
1.242498862932e-506
1.01490599899e-508
8.16028482497e-511
6.45804551582e-513
5.030132483149e-515
3.85572609357e-517
2.908351398616e-519
2.158572737133e-521
1.576269149339e-523
1.132406445898e-525
8.00288468897e-528
5.563225443612e-530
3.803696315316e-532
2.557683971294e-534
1.69126700487e-536
1.099673289343e-538
7.03012279486e-541
4.418460465928e-543
2.729911169581e-545
1.657890101467e-547
9.89583368699e-550
5.804940112801e-552
3.346190137239e-554
1.895262326614e-556
1.054658190746e-558
5.765475876199e-561
3.095967967837e-563
1.632871297745e-565
8.4578008417e-568
4.301978459044e-570
2.148518122028e-572
1.053474455827e-574
5.070803992192e-577
2.395799787051e-579
1.110957856954e-581
5.055567381154e-584
2.257453269595e-586
9.88996749691e-589
4.250580544081e-591
1.791960180113e-593
7.40941573922e-596
3.004437718864e-598
1.194575333387e-600
4.656737493137e-603
1.779565332662e-605
6.66584891696e-608
2.447096011638e-610
8.80327965022e-613
3.102981013412e-615
1.071512628767e-617
3.624437993786e-620
1.200743149589e-622
3.895522131985e-625
1.237446923111e-627
3.848320391005e-630
1.171486097264e-632
3.49028584922e-635
1.017603449675e-637
2.90285089961e-640
8.10090269799e-643
2.211248883049e-645
5.902953940714e-648
1.540847889454e-650
3.932228886604e-653
9.80924259195e-656
2.391540797225e-658
5.697609009252e-661
1.326190238189e-663
3.015379876681e-666
6.69614431006e-669
1.452033122168e-671
3.074102713514e-674
6.35287523229e-677
1.281300809105e-679
2.521611317923e-682
4.841362534192e-685
9.06638781742e-688
1.655738149448e-690
2.948164743121e-693
5.117115230169e-696
8.65607809799e-699
1.426748174474e-701
2.290919415757e-704
3.582722721713e-707
5.455825162546e-710
8.08821841567e-713
1.167051735344e-715
1.63858910991e-718
2.238148361347e-721
2.973314507627e-724
3.840771389799e-727
4.822944286722e-730
5.885871868454e-733
6.9791208194e-736
8.03834250209e-739
8.9906394412e-742
9.76232304487e-745
1.028803168963e-747
1.051970720199e-750
1.043375450914e-753
1.003492486822e-756
9.35605243264e-760
8.45360765149e-763
7.39989792993e-766
6.27341697756e-769
5.149145558551e-772
4.090474765299e-775
3.143922318841e-778
2.337106012877e-781
1.679729673211e-784
1.166802626872e-787
7.83054089741e-791
5.075261378492e-794
3.175629036656e-797
1.917496594342e-800
1.116858033068e-803
6.27250573656e-807
3.395322992714e-810
1.770643591668e-813
8.89201307289e-817
4.298257045093e-820
1.998977755216e-823
8.94009382298e-827
3.843130541624e-830
1.587166679241e-833
6.29411232901e-837
2.395498124109e-840
8.74532307994e-844
3.060822068973e-847
1.026455365234e-850
3.296348974819e-854
1.01312347248e-857
2.978282881759e-861
8.36903274845e-865
2.246542016241e-868
5.757056928457e-872
1.407479878892e-875
3.280503376609e-879
7.28430212077e-883
1.539814452745e-886
3.096396269707e-890
5.91858148205e-894
1.074501562228e-897
1.85127045045e-901
3.024408201704e-905
4.681033645652e-909
6.85780772808e-913
9.50101799275e-917
1.243605263641e-920
1.536368496001e-924
1.789647337295e-928
1.963553787756e-932
2.026982601409e-936
1.966534120894e-940
1.790987395385e-944
1.529327755227e-948
1.22288097351e-952
9.14496663947e-957
6.387225195969e-961
4.16073738438e-965
2.524229891995e-969
1.424085322306e-973
7.45956706164e-978
3.622065091498e-982
1.627531019417e-986
6.75565065822e-991
2.585661515987e-995
9.10771802387e-1000
2.946528507004e-1004
8.73705605206e-1009
2.369305669248e-1013
5.86248363419e-1018
1.320388440479e-1022
2.700130112077e-1027
5.0000998045e-1032
8.36127209061e-1037
1.258897992729e-1041
1.701332364145e-1046
2.057073551423e-1051
2.217551471077e-1056
2.12361072152e-1061
1.799587275828e-1066
1.343953677432e-1071
8.80670445472e-1077
5.040132727825e-1082
2.506785925358e-1087
1.077801767747e-1092
3.983308142331e-1098
1.257736271448e-1103
3.370808514977e-1109
7.614021377427e-1115
1.43853092528e-1120
2.254562188181e-1126
2.904990163034e-1132
3.047308865902e-1138
2.574711593625e-1144
1.731716863927e-1150
9.1524083873e-1157
3.746934522216e-1163
1.169424061021e-1169
2.733246303187e-1176
4.68909100752e-1183
5.772301031831e-1190
4.96858549887e-1197
2.902994353557e-1204
1.112369131487e-1211
2.685058795451e-1219
3.892729667324e-1227
3.201108726876e-1235
1.392506179877e-1243
2.938411531639e-1252
2.694208991919e-1261
9.295540670856e-1271
9.932536801049e-1281
2.493675494998e-1291
9.690422956244e-1303
2.917037194199e-1315
1.791348125841e-1329
7.071529478755e-1347