0.2755176345713131
0.23540141376649013
0.17177351127893214
0.10696556035928922
0.056773556441129344
0.025641844544669886
0.009834282267149498
0.003194510495128334
0.000876160041296011
0.00020215217999457327
0.000039066932688710405
6.29192568412865e-6
8.395636881833564e-7
9.218573733579028e-8
8.263864761851595e-9
5.992692864265364e-10
3.477943758772909e-11
1.5952148801760795e-12
5.697094988418875e-14
1.5564176512276732e-15
3.1838887747718465e-17
4.751303844123354e-19
5.007373932494337e-21
3.5767852999576424e-23
1.6414116353925528e-25
4.502923907452169e-28
6.672511095939126e-31
4.5888574043975686e-34
1.142402896672504e-37
6.427456967174116e-42
2.4837138180535886e-47