0.0741730015478612
0.0733593249152429
0.0717586420306699
0.0694228425107457
0.0664262430169384
0.0628616635179237
0.0588356607777323
0.0544632599084687
0.0498625457281616
0.0451494649065933
0.0404331503249634
0.0358120164102943
0.0313707961100255
0.0271786052797054
0.0232880370939823
0.0197352151280645
0.0165406746829704
0.0137109012273221
0.0112403336738007
0.0091136376472092
0.0073080672705341
0.0057957594784248
0.0045458380972064
0.0035262415573528
0.0027052242604539
0.0020525142435463
0.00154013677330334
0.00114293375338794
0.00083882212289631
0.00060884125691875
0.00043704074022175
0.00031025703186246
0.00021782180560157
0.00015123738931117
0.000103846799034236
0.000070518188363208
0.000047356671728506
0.00003145075194052
0.000020656108690938
0.000013416255527712
8.6174172750601e-6
5.4737317376513e-6
3.4383336031641e-6
2.1358369684813e-6
1.3120221842716e-6
7.9701150785858e-7
4.7877958143633e-7
2.8441433444147e-7
1.6707417534305e-7
9.7052392481963e-8
5.5749280351925e-8
3.1666885146815e-8
1.7786946013828e-8
9.879255516102e-9
5.4258852937306e-9
2.9467090717342e-9
1.5824165304081e-9
8.4026801632978e-10
4.4118915891197e-10
2.2905419437598e-10
1.1758568590793e-10
5.9685627432716e-11
2.9955764652513e-11
1.4865604328001e-11
7.2941106600536e-12
3.5387166084815e-12
1.6974572665126e-12
8.050585124098e-13
3.7750908584084e-13
1.7502274932157e-13
8.022771473452e-14
3.6359072447008e-14
1.6291278956412e-14
7.216839766355e-15
3.160704248018e-15
1.3685507842645e-15
5.8583256706138e-16
2.4792301382022e-16
1.0372562127342e-16
4.2901865464989e-17
1.7542125968716e-17
7.090863167015e-18
2.8334898156399e-18
1.1192952119231e-18
4.370818451388e-19
1.6872158247921e-19
6.438175434917e-20
2.4284755535885e-20
9.054778287491e-21
3.3372548871142e-21
1.2158014216084e-21
4.3781616374147e-22
1.5583711389975e-22
5.482693526467e-23
1.9065795994341e-23
6.553113068576e-24
2.2262088267417e-24
7.474864936671e-25
2.4805821865777e-25
8.135986943522e-26
2.6373433025267e-26
8.449212933341e-27
2.6751756106911e-27
8.370819757466e-28
2.5885493925249e-28
7.910623717664e-29
2.3890418225723e-29
7.129981403787e-30
2.1027974384092e-30
6.128350150884e-31
1.7648971362731e-31
5.022471007904e-32
1.4123102825371e-32
3.9241878344609e-33
1.0773794509069e-33
2.9226646378022e-34
7.833804856294e-35
2.0746362354041e-35
5.428483254608e-36
1.4033764161596e-36
3.5844347109138e-37
9.045021646628e-38
2.2549270413837e-38
5.553678606547e-39
1.3512810192355e-39
3.2480186719227e-40
7.71241500165e-41
1.8090573029204e-41
4.191748745617e-42
9.594226698123e-43
2.1691383291281e-43
4.844151136556e-44
1.0685425131874e-44
2.3280914180041e-45
5.009941683269e-46
1.0648291612924e-46
2.2352799813818e-47
4.634241300195e-48
9.488771033867e-49
1.9187380076433e-49
3.831646592504e-50
7.556293637728e-51
1.4715508241872e-51
2.8299196108858e-52
5.373961404526e-53
1.0076871109976e-53
1.8657634001317e-54
3.410955175871e-55
6.157051498844e-56
1.0973256374404e-56
1.9308687184711e-57
3.35438449481e-58
5.753128613413e-59
9.74124839175e-60
1.6282926736076e-60
2.6868630687761e-61
4.376647637725e-62
7.037335532523e-63
1.1169483000501e-63
1.7498604057749e-64
2.705867376007e-65
4.129804504476e-66
6.220987763904e-67
9.248747270896e-68
1.357022025187e-68
1.964978799954e-69
2.807904020482e-70
3.959554747289e-71
5.509805820056e-72
7.565507772558e-73
1.0250323461742e-73
1.370315166583e-74
1.8074750896817e-75
2.3522232816679e-76
3.020121313678e-77
3.825559419435e-78
4.780520430062e-79
5.893182006424e-80
7.166442253274e-81
8.596484793831e-82
1.017152424113e-82
1.1870886764872e-83
1.3664578621537e-84
1.5513474910446e-85
1.7370220392858e-86
1.9180875665546e-87
2.0887270005861e-88
2.242994424466e-89
2.375149250549e-90
2.480005075972e-91
2.55326423044e-92
2.591808253975e-93
2.593917118205e-94
2.559395814956e-95
2.489595400999e-96
2.387325729324e-97
2.256667673263e-98
2.102702338822e-99
1.9311823629531e-100
1.7481750141189e-101
1.5597079818312e-102
1.3714464876509e-103
1.1884251576507e-104
1.0148508148657e-105
8.539840407946e-107
7.080991164971e-108
5.785147592704e-109
4.656826400892e-110
3.693173942283e-111
2.885507791563e-112
2.2209355064e-113
1.6839106661613e-114
1.2576202213739e-115
9.25134882076e-117
6.702906377359e-118
4.78300711985e-119
3.361210028142e-120
2.326075145936e-121
1.5851185841101e-122
1.0636185395263e-123
7.027034670206e-125
4.570839940374e-126
2.927069547122e-127
1.845263085055e-128
1.1451084098607e-129
6.994755243481e-131
4.205429043997e-132
2.488478740054e-133
1.4491624418983e-134
8.304874740415e-136
4.68333313562e-137
2.598697452756e-138
1.4187554342011e-139
7.620485257305e-141
4.02673258701e-142
2.093097683697e-143
1.0701973971521e-144
5.382038139909e-146
2.662003352017e-147
1.2948500616338e-148
6.193685932916e-150
2.91317845518e-151
1.3472315511822e-152
6.125524911056e-154
2.738032336893e-155
1.2030839665903e-156
5.196164924619e-158
2.205802687209e-159
9.202670383453e-161
3.773035240202e-162
1.520069868074e-163
6.017241169869e-165
2.340224515695e-166
8.94146116268e-168
3.355942512691e-169
1.2371983043871e-170
4.479671688803e-172
1.592934583795e-173
5.562332283371e-175
1.90715073319e-176
6.420126617787e-178
2.121746715315e-179
6.883276858835e-181
2.19183855893e-182
6.850036128789e-184
2.100907613033e-185
6.322795274471e-187
1.867054895302e-188
5.408888475307e-190
1.537158106987e-191
4.284939038873e-193
1.171498620626e-194
3.140977114187e-196
8.257866118927e-198
2.128651540296e-199
5.379326933784e-201
1.332570670371e-202
3.235513078088e-204
7.699059053549e-206
1.795246227066e-207
4.10158651602e-209
9.180579659352e-211
2.01292163751e-212
4.3228443488e-214
9.091697277909e-216
1.872401060717e-217
3.775517211502e-219
7.452843747227e-221
1.440054966407e-222
2.723267401089e-224
5.039616560371e-226
9.125184359232e-228
1.616452021422e-229
2.800916595895e-231
4.746702009021e-233
7.866390415244e-235
1.274638714989e-236
2.019120101351e-238
3.126331263183e-240
4.730847600835e-242
6.995299709241e-244
1.0105744355224e-245
1.426116536262e-247
1.96560135885e-249
2.645558929386e-251
3.476543602396e-253
4.459761607036e-255
5.583847949165e-257
6.822389280968e-259
8.132837527837e-261
9.45737878671e-263
1.072609435464e-264
1.186239171705e-266
1.279024884113e-268
1.34423943693e-270
1.376824281754e-272
1.374030804599e-274
1.335797906281e-276
1.264794759781e-278
1.166115065362e-280
1.0466709420502e-282
9.143868781779e-285
7.773251865522e-287
6.428779076049e-289
5.171368471464e-291
4.045106785252e-293
3.076071118066e-295
2.273510496629e-297
1.632758813848e-299
1.139094461087e-301
7.717844792797e-304
5.077087673241e-306
3.241880681692e-308
2.008732834533e-310
1.207443248577e-312
7.038899610756e-315
3.978394304245e-317
2.179439117344e-319
1.156862218633e-321
5.948148570753e-324
2.961458407551e-326
1.42728439716e-328
6.656573798799e-331
3.003152960583e-333
1.310202588819e-335
5.525584082578e-338
2.251840411782e-340
8.864495623245e-343
3.369465775068e-345
1.23619904944e-347
4.375844195251e-350
1.493836328329e-352
4.916196982761e-355
1.55902683334e-357
4.761944822905e-360
1.400313440543e-362
3.96255284799e-365
1.078518256929e-367
2.82209100944e-370
7.09559168981e-373
1.713395643209e-375
3.971454823404e-378
8.831407318519e-381
1.883031524534e-383
3.847557702747e-386
7.529362745749e-389
1.410312542369e-391
2.526898064292e-394
4.328114252684e-397
7.082127716621e-400
1.106343204939e-402
1.648828109588e-405
2.34266123192e-408
3.170822250773e-411
4.085379206167e-414
5.00668553735e-417
5.831419148162e-420
6.44972778403e-423
6.768259161689e-426
6.732771295669e-429
6.342957216566e-432
5.654012618102e-435
4.763876209235e-438
3.790175860531e-441
2.844422025512e-444
2.011353047056e-447
1.338592425911e-450
8.374555626695e-454
4.91922256976e-457
2.709565612395e-460
1.397644297829e-463
6.742012020058e-467
3.037076964805e-470
1.275695332378e-473
4.988694006614e-477
1.813301242303e-480
6.115887054816e-484
1.910668245133e-487
5.518764729244e-491
1.470908887603e-494
3.610214212675e-498
8.142468734054e-502
1.683764128268e-505
3.184817607909e-509
5.496527844353e-513
8.63291268051e-517
1.23053315522e-520
1.58719683626e-524
1.84684737317e-528
1.932305420422e-532
1.811592313536e-536
1.516303954071e-540
1.1286294793149e-544
7.439457891879e-549
4.323321892502e-553
2.204476347816e-557
9.812495244769e-562
3.79181602277e-566
1.26453521222e-570
3.616142772453e-575
8.805915319766e-580
1.812343322905e-584
3.126597408574e-589
4.480883651219e-594
5.28238043019e-599
5.066963311689e-604
3.907441791265e-609
2.390311524778e-614
1.142724583916e-619
4.198143378638e-625
1.1629189318615e-630
2.376946507342e-636
3.496860183856e-642
3.597750623623e-648
2.502997746347e-654
1.131533836422e-660
3.168865269707e-667
5.186675153063e-674
4.615736323135e-681
2.037563659964e-688
3.95793596496e-696
2.876931658455e-704
6.219647041912e-713
2.827541832495e-722
1.5220686673142e-732
3.211892703103e-744
1.524038265817e-758