0.1019296424346155
0.0998236984948218
0.0957413545704432
0.0899285172878169
0.0827229570345524
0.0745218824786837
0.065745908050708
0.0568039291399094
0.0480628981403236
0.0398254093874455
0.0323165985178098
0.0256804195922792
0.0199841296755796
0.0152289576809637
0.011364535641163
0.0083047035213269
0.0059426674807141
0.00416406128153484
0.00285709242656878
0.001919533334809
0.00126276779041691
0.0008133915570652
0.00051299790176358
0.000316783312091124
0.000191527159243434
0.000113373084999541
0.000065703849626283
0.00003727882518804
0.0000207068019228236
0.0000112598258142806
5.9938535319967e-6
3.1233735339764e-6
1.59320682641376e-6
7.9549500990208e-7
3.8878187541938e-7
1.85978839550006e-7
8.7075362258114e-8
3.9901210812788e-8
1.78945265770277e-8
7.853831084234e-9
3.3732884411267e-9
1.41781272153707e-9
5.8312294680076e-10
2.3467086774451e-10
9.2405415831375e-11
3.5600474353086e-11
1.34188303574215e-11
4.948276433266e-12
1.78506088393955e-12
6.2992777185528e-13
2.1744300621485e-13
7.3416704402962e-14
2.4244672833304e-14
7.8304454655049e-15
2.4733265159412e-15
7.6397098180759e-16
2.3075318892013e-16
6.8150404437862e-17
1.9679447247582e-17
5.5558991124148e-18
1.53343534091e-18
4.1373123186986e-19
1.09114962767469e-19
2.8127704797752e-20
7.0866087048115e-21
1.7448830658695e-21
4.1984289990769e-22
9.8711588915061e-23
2.2676596847021e-23
5.0895912407253e-24
1.11596200560756e-24
2.3902475424712e-25
5.0006688252875e-26
1.02180753077471e-26
2.039056262825e-27
3.9734796080995e-28
7.5605996191779e-29
1.4045784232849e-29
2.5474196097195e-30
4.5100272447882e-31
7.793645564453e-32
1.3144459749337e-32
2.1634276972321e-33
3.4745268853498e-34
5.4444978424686e-35
8.3230627727766e-36
1.2411524025109e-36
1.8052449813469e-37
2.5607537555628e-38
3.5421807007104e-39
4.7774310985764e-40
6.2818502706547e-41
8.051888281761e-42
1.0059385541601e-42
1.2247690379306e-43
1.4530828321385e-44
1.6796672704799e-45
1.8914506753735e-46
2.0746586745822e-47
2.2162461308281e-48
2.3054071752944e-49
2.3349253071236e-50
2.3021317373563e-51
2.2092965710723e-52
2.0633744716541e-53
1.8751432466155e-54
1.6578834848263e-55
1.4258246003434e-56
1.1926106555036e-57
9.700144688856e-59
7.670605221407e-60
5.8962561070119e-61
4.4049414481389e-62
3.1977257252792e-63
2.2552674777192e-64
1.5449964006866e-65
1.0278849118904e-66
6.639912374406e-68
4.1638245972111e-69
2.5342193983423e-70
1.4966671862809e-71
8.575136421171e-73
4.7653531386981e-74
2.5679629596687e-75
1.3415943611794e-76
6.79343545161e-78
3.3334051446398e-79
1.5845628299001e-80
7.295304193655e-82
3.2522002993804e-83
1.4034465805675e-84
5.861129765621e-86
2.3681708315835e-87
9.254810530786e-89
3.4971842681534e-90
1.2774286377588e-91
4.50909623127e-93
1.5375932651767e-94
5.063532829561e-96
1.6098435690482e-97
4.93953174411e-99
1.4622124604576e-100
4.174500904662e-102
1.148975893503e-103
3.0476734589398e-105
7.787746892939e-107
1.9163353730883e-108
4.539138651144e-110
1.0345201503534e-111
2.2676946084029e-113
4.778832973223e-115
9.677366986616e-117
1.8823123580913e-118
3.5149632309282e-120
6.298457391139e-122
1.0824693787433e-123
1.7833743129749e-125
2.8150479868685e-127
4.255099111305e-129
6.155612326631e-131
8.517660227846e-133
1.1266757201753e-134
1.4237745705673e-136
1.7178013889059e-138
1.9774754930776e-140
2.1705191053038e-142
2.2700154678968e-144
2.2604509707559e-146
2.1416098167298e-148
1.928996925256e-150
1.6505325711559e-152
1.3404833315113e-154
1.0324622773244e-156
7.534939978389e-159
5.20572932976e-161
3.401481723087e-163
2.0999671731978e-165
1.2236896910401e-167
6.723320776106e-170
3.479133553648e-172
1.6936932174979e-174
7.747399017087e-177
3.325784110343e-179
1.338090596739e-181
5.03897520761e-184
1.7735769560634e-186
5.825955063935e-189
1.7832906287751e-191
5.078227199767e-194
1.3430758354628e-196
3.293174128123e-199
7.472110701878e-202
1.5657901074711e-204
3.024043475225e-207
5.37107612579e-210
8.75298339364e-213
1.3056270434232e-215
1.7780193011015e-218
2.204592709372e-221
2.481667170548e-224
2.528440409272e-227
2.324028859571e-230
1.9204467411867e-233
1.4214283362656e-236
9.386138149521e-240
5.506062245371e-243
2.856292410028e-246
1.3038682223323e-249
5.209855373102e-253
1.8116696051143e-256
5.448531660922e-260
1.4075720788722e-263
3.100425803853e-267
5.775470939406e-271
9.017081261956e-275
1.1682635903873e-278
1.2422704643739e-282
1.070867734792e-286
7.38047093632e-291
4.003701383552e-295
1.6793072834716e-299
5.335963965335e-304
1.2544035624923e-308
2.1222447443671e-313
2.500854897885e-318
1.9737895432646e-323
9.947635385027e-329
3.017576111925e-334
5.111318242278e-340
4.383763645945e-346
1.6679517945764e-352
2.3350470479223e-359
9.071997236825e-367
6.135721367354e-375
2.9498622479264e-384
1.002050361821e-395