0.1536677474213539
0.1465041560734736
0.1331617805462605
0.115388381540423
0.0953197756324483
0.0750625226179508
0.056345395977713
0.04031437097965832
0.02749119574775495
0.01786573197477674
0.01106362833524264
0.00652792245148646
0.003669433063372396
0.001964763357324424
0.001001945878516966
0.000486554028944904
0.000224954806450708
0.000099004720500877
0.00004146926096959058
0.00001652776025257083
6.26643651273223e-6
2.259653043032709e-6
7.74759091628049e-7
2.525098661906261e-7
7.82083576321699e-8
2.301233990975835e-8
6.43078392619044e-9
1.706153712008654e-9
4.296073480714694e-10
1.026278311500718e-10
2.325044310386843e-11
4.99337907033005e-12
1.016181326310141e-12
1.95870330904803e-13
3.574252244686713e-14
6.17176975326792e-15
1.007908872567627e-15
1.555925100275113e-16
2.269186213691447e-17
3.124731088719325e-18
4.060239211518465e-19
4.97519701365292e-20
5.74512018469673e-21
6.24762923466469e-22
6.39354564807122e-23
6.15243512043301e-24
5.56267797468299e-25
4.72159706426662e-26
3.759078112944518e-27
2.804544384133332e-28
1.958906516611838e-29
1.279667282824315e-30
7.81002361346395e-32
4.448326107883e-33
2.361688462854973e-34
1.167339391506582e-35
5.36487276694694e-37
2.289386908722192e-38
9.05846587771128e-40
3.318258721256698e-41
1.123554631720253e-42
3.510555141873669e-44
1.010374653623674e-45
2.673599173404723e-47
6.49158382151304e-49
1.443198038878527e-50
2.931196961511084e-52
5.42585645887691e-54
9.13036369790013e-56
1.392906815997439e-57
1.920906826461081e-59
2.387190255101863e-61
2.664474144479811e-63
2.661444977245443e-65
2.369852116548739e-67
1.87328454149527e-69
1.308563343787823e-71
8.03811600869391e-74
4.318679826452902e-76
2.017608964930488e-78
8.14362310910588e-81
2.819786369510745e-83
8.31057200952552e-86
2.066729511778395e-88
4.294938561921283e-91
7.37763011784945e-94
1.034705467444258e-96
1.168358858198573e-99
1.045267036443591e-102
7.27300944696663e-106
3.851512622725033e-109
1.513111574162318e-112
4.277010067634662e-116
8.38074879216739e-120
1.087163989744943e-123
8.80743951734388e-128
4.130278416768056e-132
1.012139896110957e-136
1.121762533571689e-141
4.52539922529374e-147
4.64601394202445e-153
6.12211514510177e-160
1.792347515820521e-168