0.0642086184804099
0.0636803873152331
0.0626369226051503
0.0611036881641435
0.0591175814748379
0.056725458502385
0.0539822981546624
0.050949106680486
0.0476906732629442
0.044273291476218
0.040762557219588
0.037221342898169
0.033708031161917
0.030275070985573
0.0269678960251518
0.0238242218173814
0.0208737161792496
0.0181380175502596
0.0156310600901097
0.0133596527878541
0.0113242529295517
0.0095198718962131
0.0079370529792371
0.0065628660144691
0.0053818713000865
0.0043770145660188
0.0035304248133523
0.0028240968419315
0.0022404495749089
0.0017627593818724
0.0013754741875101
0.00106441909062083
0.0008169075167596
0.0006217737126352
0.0004693428703628
0.00035135460232872
0.00026085414782039
0.00019206384766999
0.00014024531273478
0.000101560536447743
0.000072938115939486
0.000051948859441405
0.000036693436404408
0.000025703401183232
0.000017855892543636
0.000012301559954946
8.4047603708465e-6
5.6947655796592e-6
3.8265778400609e-6
2.5499298304199e-6
1.6851076467673e-6
1.1043520741799e-6
7.1773917101043e-7
4.6259787084714e-7
2.9567673581368e-7
1.8741565304837e-7
1.1780625629584e-7
7.3435020607807e-8
4.5395103977551e-8
2.7828145618114e-8
1.6917160932267e-8
1.0198519547572e-8
6.096936520474e-9
3.6145107974639e-9
2.1249518274641e-9
1.2388214926536e-9
7.161875992808e-10
4.1058360366001e-10
2.3341643759167e-10
1.3158747779672e-10
7.356126955318e-11
4.0778721390945e-11
2.2416402153385e-11
1.2219242511151e-11
6.604909256713e-12
3.5402319853472e-12
1.8816418081685e-12
9.917006471236e-13
5.1827548308134e-13
2.6858091417453e-13
1.3801363826568e-13
7.032328806262e-14
3.5530763801753e-14
1.7800655939158e-14
8.842832604357e-15
4.3558062824676e-15
2.1274788763991e-15
1.0303369291596e-15
4.947756514685e-16
2.3558634931642e-16
1.1122498403884e-16
5.206701218263e-17
2.4167329075428e-17
1.1122385384083e-17
5.075374203188e-18
2.2963420273219e-18
1.0301511712146e-18
4.582038143051e-19
2.0207251019438e-19
8.835761475265e-20
3.8305957754959e-20
1.6465374636907e-20
7.017092180458e-21
2.9649700774225e-21
1.2421049145568e-21
5.159033067067e-22
2.1244553719611e-22
8.673479485104e-23
3.5107724643707e-23
1.4088757933285e-23
5.605321251116e-24
2.2109714494157e-24
8.646047272383e-25
3.3519760628507e-25
1.288338540423e-25
4.909099115249e-26
1.8544417940478e-26
6.944821332652e-27
2.5783522021984e-27
9.489722135863e-28
3.462514539793e-28
1.2524295398067e-28
4.490919657856e-29
1.5963724447591e-29
5.625313722228e-30
1.9650312555207e-30
6.804542563462e-31
2.3357787347078e-31
7.948117155659e-32
2.6809769647815e-32
8.964263258196e-33
2.9711543911105e-33
9.761606613811e-34
3.179063340857e-34
1.0262546912946e-34
3.28386646504e-35
1.04156507707e-35
3.274568752328e-36
1.0204336180662e-36
3.151914789824e-37
9.649822663587e-38
2.928298896579e-38
8.807622660458e-39
2.6257005965686e-39
7.758376609678e-40
2.2721216151916e-40
6.595127912666e-41
1.8973246245105e-41
5.409817732297e-42
1.5287693075963e-42
4.281691119657e-43
1.1884980085886e-43
3.269542430366e-44
8.91407953524e-45
2.4085885283946e-45
6.449719692116e-46
1.711617360999e-46
4.501482852096e-47
1.1732296017284e-47
3.030290749564e-48
7.756303701495e-49
1.9673871539262e-49
4.94520886807e-50
1.2317836987201e-50
3.040426104774e-51
7.436691779461e-52
1.8024596108389e-52
4.328992090651e-53
1.0302403433654e-53
2.429493828158e-54
5.676929113275e-55
1.3143967004559e-55
3.015432552621e-56
6.854531189957e-57
1.5438519167542e-57
3.445307552045e-58
7.617974281666e-59
1.6689172240955e-59
3.622500664735e-60
7.790316151659e-61
1.6598510949347e-61
3.503846516616e-62
7.327862859505e-63
1.5183093870703e-63
3.116651422378e-64
6.33804731815e-65
1.2768981175004e-65
2.548500528123e-66
5.038892135223e-67
9.869640688918e-68
1.9150389694463e-68
3.680932743432e-69
7.008677756704e-70
1.3219229730199e-70
2.469800700181e-71
4.570852180464e-72
8.37926081072e-73
1.5215324251301e-73
2.73663794788e-74
4.875371500649e-75
8.602919855618e-76
1.5035758410881e-76
2.60279254916e-77
4.462538003246e-78
7.577846581948e-79
1.2744549728855e-79
2.122810548587e-80
3.501863583374e-81
5.721127106018e-82
9.256598795583e-83
1.4832070733603e-83
2.353561846987e-84
3.698416725228e-85
5.755265221601e-86
8.868842022674e-87
1.3533599789932e-87
2.045018642811e-88
3.059929252987e-89
4.533652771371e-90
6.651206087642e-91
9.661850246675e-92
1.3896977504182e-92
1.979123571283e-93
2.790681421652e-94
3.896050998204e-95
5.385278837629e-96
7.369755062474e-97
9.985073262526e-98
1.3393521623856e-98
1.778588816563e-99
2.338220347525e-100
3.043099915936e-101
3.920663927224e-102
5.000429578325e-103
6.31321977113e-104
7.890089489602e-105
9.760944584087e-106
1.195286636605e-106
1.4488182712666e-107
1.738235696806e-108
2.064179748245e-109
2.426172014317e-110
2.822422023956e-111
3.249672483685e-112
3.703099915041e-113
4.176286759198e-114
4.661278078959e-115
5.148731414478e-116
5.628162341327e-117
6.088281229078e-118
6.517409165686e-119
6.903953681275e-120
7.236918515278e-121
7.506416938003e-122
7.704155663892e-123
7.823856586337e-124
7.861586573588e-125
7.815971250135e-126
7.688276615787e-127
7.48235183908e-128
7.20443673481e-129
6.862847343268e-130
6.467561740267e-131
6.029734921039e-132
5.561175736045e-133
5.073820112613e-134
4.579233180145e-135
4.08816872877e-136
3.6102082174e-137
3.153494022103e-138
2.724563571705e-139
2.328283231107e-140
1.967873939285e-141
1.645015199445e-142
1.360010361524e-143
1.1119943287117e-144
8.991647608917e-146
7.190192825343e-147
5.685837674282e-148
4.446200533975e-149
3.438050240654e-150
2.628765142593e-151
1.987446589669e-152
1.485699130049e-153
1.098109142727e-154
8.024662773144e-156
5.797783909531e-157
4.141316379672e-158
2.924442201728e-159
2.041563583009e-160
1.408915328912e-161
9.611601715413e-163
6.481599436064e-164
4.320467178869e-165
2.846608693424e-166
1.853786418781e-167
1.193198489489e-168
7.590543303799e-170
4.772282844971e-171
2.965230744544e-172
1.820771967101e-173
1.104849151462e-174
6.625006001302e-176
3.925462209355e-177
2.298274030982e-178
1.329549241444e-179
7.599475985033e-181
4.291650412909e-182
2.394480130564e-183
1.319863293533e-184
7.1872367528e-186
3.866291337914e-187
2.054523105494e-188
1.078438481677e-189
5.591541370344e-191
2.863540397466e-192
1.448419409147e-193
7.235825877245e-195
3.569998095631e-196
1.73947092975e-197
8.369870517581e-199
3.976999964029e-200
1.865994999565e-201
8.645020135559e-203
3.954618887633e-204
1.78611183527e-205
7.964530455052e-207
3.506236404441e-208
1.523819436042e-209
6.537606291565e-211
2.768716152297e-212
1.15742759124e-213
4.775799552079e-215
1.944984645817e-216
7.817805855905e-218
3.10122170553e-219
1.21406073184e-220
4.690162884443e-222
1.787950221999e-223
6.725472312585e-225
2.496144468756e-226
9.1406212192e-228
3.302327082849e-229
1.177014884887e-230
4.138474062935e-232
1.435402348882e-233
4.910895757599e-235
1.657218364029e-236
5.515803930456e-238
1.81061392425e-239
5.861496684503e-241
1.87126065288e-242
5.890882845173e-244
1.828621601049e-245
5.596821582682e-247
1.688922828504e-248
5.02464304633e-250
1.473682050411e-251
4.260704467997e-253
1.214265612672e-254
3.410955334425e-256
9.44372992833e-258
2.576862010784e-259
6.929365675532e-261
1.836220742844e-262
4.794678665242e-264
1.233590983116e-265
3.127040559383e-267
7.80943842658e-269
1.921335015638e-270
4.656462954243e-272
1.11160744122e-273
2.613732673474e-275
6.052812421462e-277
1.380419842054e-278
3.100233494107e-280
6.856111100489e-282
1.492905133342e-283
3.200574021042e-285
6.755148479912e-287
1.403534263959e-288
2.870527063161e-290
5.778563050442e-292
1.144896932286e-293
2.232387851681e-295
4.283489273478e-297
8.08757255188e-299
1.50244474332e-300
2.746032145887e-302
4.937488782588e-304
8.73305621821e-306
1.519329148674e-307
2.599731093537e-309
4.374828199256e-311
7.239594892582e-313
1.178019504999e-314
1.884688176563e-316
2.964413446491e-318
4.583669507773e-320
6.966676577399e-322
1.040729751744e-323
1.527959875547e-325
2.204493509522e-327
3.125283137918e-329
4.353252792881e-331
5.957200364545e-333
8.00817713198e-335
1.057419037143e-336
1.371326648339e-338
1.746517240094e-340
2.184239838025e-342
2.682131347446e-344
3.233465853377e-346
3.826667561598e-348
4.445212762099e-350
5.068019852408e-352
5.67037782984e-354
6.225396745846e-356
6.705886969959e-358
7.086499889047e-360
7.345904598528e-362
7.468745778397e-364
7.447135770019e-366
7.281480968777e-368
6.980523641135e-370
6.560582866361e-372
6.044085484132e-374
5.457571369983e-376
4.829421216045e-378
4.187579190603e-380
3.557525049023e-382
2.960696053474e-384
2.413480350667e-386
1.926815632591e-388
1.506345393898e-390
1.153022301918e-392
8.64011419839e-395
6.337367909193e-397
4.549295790448e-399
3.195674276396e-401
2.196343494982e-403
1.476701974528e-405
9.71124140011e-408
6.245675781687e-410
3.927709978646e-412
2.414827779203e-414
1.451276417718e-416
8.52433931727e-419
4.892673606944e-421
2.74368274117e-423
1.502968037784e-425
8.0411604331e-428
4.201115087085e-430
2.142939129717e-432
1.067027949238e-434
5.185402787085e-437
2.458944263863e-439
1.137605761304e-441
5.133668973832e-444
2.259288054235e-446
9.6947426496e-449
4.055400168531e-451
1.653385883443e-453
6.568506340838e-456
2.542249417379e-458
9.583727857e-461
3.518192373808e-463
1.257406837425e-465
4.374251871229e-468
1.480820209071e-470
4.877176693698e-473
1.562418716772e-475
4.867236298049e-478
1.474058766075e-480
4.338941930569e-483
1.241014325692e-485
3.448091603893e-488
9.30406616359e-491
2.437471225682e-493
6.198082303084e-496
1.529334111689e-498
3.660566011454e-501
8.49700906e-504
1.912161036742e-506
4.170511527304e-509
8.81300226132e-512
1.803800696409e-514
3.574710457021e-517
6.857019988056e-520
1.272693132949e-522
2.284831062057e-525
3.966173582415e-528
6.654544674084e-531
1.07877854274e-533
1.689072702077e-536
2.553274819424e-539
3.724836803398e-542
5.242045436407e-545
7.113731751184e-548
9.30491708578e-551
1.172618320455e-553
1.423103029293e-556
1.662467810031e-559
1.868548310306e-562
2.019675512917e-565
2.098320991344e-568
2.094386687835e-571
2.007300947573e-574
1.84632921578e-577
1.62896316234e-580
1.377771359402e-583
1.116500025607e-586
8.66365857234e-590
6.433441621782e-593
4.568947190012e-596
3.101298121203e-599
2.01067387798e-602
1.244281352269e-605
7.344700755728e-609
4.132369716864e-612
2.214499991375e-615
1.129473524624e-618
5.478514292512e-622
2.525155278032e-625
1.105078939336e-628
4.587842775572e-632
1.805311057448e-635
6.727129257581e-639
2.3715631683e-642
7.902167500606e-646
2.486162809726e-649
7.377937336047e-653
2.062989438225e-656
5.429174465881e-660
1.343216802809e-663
3.120444682887e-667
6.798423634612e-671
1.387280767825e-674
2.647930431364e-678
4.720998969427e-682
7.850938105422e-686
1.215960376263e-689
1.751260083928e-693
2.341585254412e-697
2.90176343747e-701
3.326896678019e-705
3.522414011634e-709
3.437379340658e-713
3.085488867962e-717
2.542213981967e-721
1.918358393087e-725
1.32271871097e-729
8.313141341493e-734
4.750157688298e-738
2.461062818661e-742
1.152849418452e-746
4.868025622221e-751
1.847076565287e-755
6.276393428646e-760
1.903195040056e-764
5.130557469072e-769
1.224647887149e-773
2.577318764174e-778
4.760546260909e-783
7.680037661099e-788
1.076526781602e-792
1.303807697099e-797
1.35618578398e-802
1.203728517812e-807
9.053196477039e-813
5.725930644861e-818
3.020525383534e-823
1.31707534999e-828
4.700721272412e-834
1.358505542055e-839
3.141527151355e-845
5.737081412456e-851
8.153807593821e-857
8.872571884562e-863
7.257333834809e-869
4.370331938116e-875
1.892237538632e-881
5.732583034942e-888
1.177488583314e-894
1.580463021214e-901
1.327027875109e-908
6.614606385856e-916
1.836288227973e-923
2.622848360211e-931
1.742941251945e-939
4.724580991704e-948
4.372522643782e-957
1.0735820221082e-966
4.777290466132e-977
2.04859145246e-988
2.507581040332e-1001
3.755443858631e-1017