0.0575694432689705
0.0571885410643279
0.0564342789063963
0.0553214929937281
0.0538718282805448
0.0521130385581097
0.0500781034146181
0.0478042012942563
0.045331583257875
0.04270239494832
0.039959494602931
0.03714531282188
0.034300795436129
0.031464464595254
0.028671625582343
0.025953738388166
0.0233379642848514
0.0208468890541526
0.0184984166145601
0.0163058199394276
0.0142779306467524
0.0124194446407411
0.0107313187543073
0.0092112324351924
0.0078540890027711
0.0066525326751699
0.0055974601778782
0.0046785090226658
0.0038845082142776
0.0032038809435264
0.0026249925317607
0.0021364403174836
0.0017272851824961
0.0013872269121829
0.0011067275283822
0.00087708812046476
0.00069048556119692
0.00053997588442474
0.00041947109417676
0.00032369585084104
0.0002481299227992
0.00018894158052092
0.00014291631568469
0.00010738445051618
0.000080150410038641
0.000059425697603955
0.000043766965387521
0.000032020019482002
0.000023270148077384
0.000016798808407357
0.0000120464461867
8.581039487435e-6
6.0718450491487e-6
4.2677660731593e-6
2.9797442481659e-6
2.0665938226986e-6
1.4237321758582e-6
9.743113893486e-7
6.623123007786e-7
4.4722149405636e-7
2.9996912075922e-7
1.998589875799e-7
1.3227058355783e-7
8.695498785583e-8
5.6782766288025e-8
3.683227750816e-8
2.3731748154573e-8
1.5188649196452e-8
9.655971106574e-9
6.097604565811e-9
3.8247948234995e-9
2.3830968736512e-9
1.4748878075117e-9
9.066904921689e-10
5.53657216253e-10
3.3581780654114e-10
2.023235054407e-10
1.210787207621e-10
7.197259365489e-11
4.2495534917126e-11
2.492270751806e-11
1.4518503631871e-11
8.400828893942e-12
4.828308158815e-12
2.7563812182563e-12
1.5629818347283e-12
8.803143854978e-13
4.924813009324e-13
2.7365829363505e-13
1.5104043821828e-13
8.280230538799e-14
4.508737917538e-14
2.4385390433558e-14
1.3099821199225e-14
6.989735056579e-15
3.7043711849248e-15
1.9499588548765e-15
1.0195118579072e-15
5.294362825615e-16
2.7307905544557e-16
1.3989913490763e-16
7.11856196215e-17
3.5976487353979e-17
1.8058976070251e-17
9.003554100002e-18
4.458409192672e-18
2.1927521666729e-18
1.0711281150056e-18
5.196777121482e-19
2.5041832539577e-19
1.1984943528375e-19
5.696948028251e-20
2.689573392296e-20
1.2611243167742e-20
5.873057110373e-21
2.7164444203167e-21
1.2478607786233e-21
5.693228020728e-22
2.579743696586e-22
1.160963244973e-22
5.188988227868e-23
2.3033904637787e-23
1.0154801827382e-23
4.44623772025e-24
1.9334349153473e-24
8.349882921502e-25
3.581322641218e-25
1.5255168584269e-25
6.453559623804e-26
2.7113690273623e-26
1.1313139525288e-26
4.687929472053e-27
1.9292148548489e-27
7.884604259563e-28
3.200200105975e-28
1.2899427715583e-28
5.163663693699e-29
2.0527580415987e-29
8.104159407589e-30
3.177361758907e-30
1.2371201784794e-30
4.783455061202e-31
1.8367671984478e-31
7.00401636918e-32
2.652276550065e-32
9.973946927355e-33
3.724687631264e-33
1.3812909372946e-33
5.086873042012e-34
1.8603085308951e-34
6.755932388562e-35
2.4364063802123e-35
8.725215047888e-36
3.102861380294e-36
1.0957368280258e-36
3.842426813066e-37
1.3380064410901e-37
4.626598732687e-38
1.588598889062e-38
5.416430882551e-39
1.8338187637386e-39
6.16512066172e-40
2.058099661022e-40
6.822264366963e-41
2.2455651791115e-41
7.339312833e-42
2.381855255563e-42
7.675437954034e-43
2.455932239707e-43
7.802837734914e-44
2.461553606262e-44
7.710527246876e-45
2.398139378436e-45
7.405899646977e-46
2.270867303514e-46
6.913750118888e-47
2.089974680178e-47
6.272941144669e-48
1.8693974368507e-48
5.531331610559e-49
1.6249976360923e-49
4.739888214328e-50
1.3726920470134e-50
3.946981520951e-51
1.1267856624091e-51
3.193736206201e-52
8.987430173688e-53
2.511007459333e-53
6.9652012837e-54
1.9181816146358e-54
5.244611591015e-55
1.4236447813353e-55
3.83664648297e-56
1.0265045338048e-56
2.726628650146e-57
7.190253796194e-58
1.882402976167e-58
4.892469938547e-59
1.2623736613098e-59
3.233619136495e-60
8.222955867403e-61
2.075879556137e-61
5.202455462318e-62
1.294325546699e-62
3.196719232924e-63
7.837691190825e-64
1.907617636035e-64
4.609044048716e-65
1.1054612878034e-65
2.632001595362e-66
6.22064539923e-67
1.4594464596588e-67
3.398920669841e-68
7.857614561514e-69
1.80315856156e-69
4.107402541497e-70
9.287255558814e-71
2.084447251017e-71
4.643809431231e-72
1.0269147594402e-72
2.254070351676e-73
4.911002061462e-74
1.062035018836e-74
2.279660098845e-75
4.856913227037e-76
1.0270840859739e-76
2.155775164834e-77
4.491062651082e-78
9.286227101684e-79
1.905769421091e-79
3.881848486606e-80
7.847661470994e-81
1.57460509352e-81
3.135660163478e-82
6.197385041554e-83
1.2156437168821e-83
2.366566102318e-84
4.572372507918e-85
8.767410002396e-86
1.668414136053e-86
3.150904924188e-87
5.905567892491e-88
1.0984466654886e-88
2.02760432347e-89
3.714243120951e-90
6.752059583139e-91
1.2180831394355e-91
2.180661253665e-92
3.874056477723e-93
6.829768507602e-94
1.1948244966182e-94
2.074226256878e-95
3.573203593738e-96
6.108080397689e-97
1.036078762728e-97
1.743883673189e-98
2.912558158413e-99
4.826804058442e-100
7.937217608083e-101
1.2950782761718e-101
2.096710131983e-102
3.368146052983e-103
5.368451794198e-104
8.490011255508e-105
1.332183214815e-105
2.074013218271e-106
3.203659219438e-107
4.909798472791e-108
7.46549967941e-109
1.1262303540162e-109
1.685636587193e-110
2.503019630749e-111
3.687426134841e-112
5.389349167465e-113
7.814448865224e-114
1.1240988811241e-114
1.604168067352e-115
2.271064332698e-116
3.189614684749e-117
4.443970725437e-118
6.142190373865e-119
8.421498505986e-120
1.1454189633832e-120
1.545407767656e-121
2.068332460611e-122
2.745939181126e-123
3.616175755535e-124
4.723793503147e-125
6.120821464745e-126
7.866845010965e-127
1.0029012173498e-127
1.268168552399e-128
1.590565642423e-129
1.978684341578e-130
2.441440869884e-131
2.987824705139e-132
3.62658306472e-133
4.365843085203e-134
5.212678318771e-135
6.172631228871e-136
7.249208691424e-137
8.443372710824e-138
9.753053191295e-139
1.117271317381e-139
1.269299896811e-140
1.430050764062e-141
1.597770202643e-142
1.770299863558e-143
1.945104653258e-144
2.119320572117e-145
2.289822223106e-146
2.45330846653e-147
2.606403428739e-148
2.745768878183e-149
2.868222961652e-150
2.970859541615e-151
3.05116197085e-152
3.10710513739e-153
3.137240034217e-154
3.140755941906e-155
3.117516510486e-156
3.068067508321e-157
2.99361566369e-158
2.895979734873e-159
2.777516577307e-160
2.641026408442e-161
2.489642596593e-162
2.326712041156e-163
2.155672523457e-164
1.979933282981e-165
1.802764541753e-166
1.62720082155e-167
1.455961760622e-168
1.291392840623e-169
1.135427088017e-170
9.8956752014e-172
8.548889539457e-173
7.320568546496e-174
6.213602171447e-175
5.227550647676e-176
4.359150127537e-177
3.6028545169e-178
2.951382174865e-179
2.396240768329e-180
1.928209145584e-181
1.537761069453e-182
1.215421538996e-183
9.52051830826e-185
7.390640174396e-186
5.685693955248e-187
4.334679143606e-188
3.274873577275e-189
2.451817980459e-190
1.818988528186e-191
1.337247006019e-192
9.74148320244e-194
7.031728589449e-195
5.029379466895e-196
3.564295280247e-197
2.502831039947e-198
1.741323812309e-199
1.200353609622e-200
8.19807665714e-202
5.547269293536e-203
3.718796061708e-204
2.46986145421e-205
1.625103999876e-206
1.059300613401e-207
6.840343125045e-209
4.37570657322e-210
2.772816416588e-211
1.740554326923e-212
1.082277050696e-213
6.665987759635e-215
4.06683454758e-216
2.457565475794e-217
1.470960120117e-218
8.72036073497e-220
5.120309729537e-221
2.977670625175e-222
1.715007685807e-223
9.78261034904e-225
5.526280502753e-226
3.091652871655e-227
1.712845676877e-228
9.39735135809e-230
5.105547880265e-231
2.746747711247e-232
1.463270167493e-233
7.71879174074e-235
4.031650189128e-236
2.085041297815e-237
1.067663238955e-238
5.412914476388e-240
2.717031361561e-241
1.350249532255e-242
6.643218393233e-244
3.235767213654e-245
1.560268406826e-246
7.44789669303e-248
3.519404298536e-249
1.646245821094e-250
7.62252685008e-252
3.493579686889e-253
1.584887129115e-254
7.11656654987e-256
3.162828167791e-257
1.391239559677e-258
6.056723143483e-260
2.609583337326e-261
1.112731385806e-262
4.695514776643e-264
1.960819832923e-265
8.10292066537e-267
3.313466774533e-268
1.340751900988e-269
5.368173327112e-271
2.126690995845e-272
8.33622374333e-274
3.233022299067e-275
1.240536564632e-276
4.709329084057e-278
1.768658892864e-279
6.571304179331e-281
2.415284424127e-282
8.78174631353e-284
3.158464241347e-285
1.123673102146e-286
3.954206256032e-288
1.376322568879e-289
4.738150852971e-291
1.613285870216e-292
5.432672416602e-294
1.809261275547e-295
5.958821396222e-297
1.940780320287e-298
6.250788859423e-300
1.990770115201e-301
6.269321047666e-303
1.952172490022e-304
6.010342158047e-306
1.829567621781e-307
5.506185139911e-309
1.638290532557e-310
4.81896055876e-312
1.401272533356e-313
4.027939686432e-315
1.144507437996e-316
3.214501726991e-318
8.92384534409e-320
2.448598330784e-321
6.640394622574e-323
1.77977297e-324
4.714255528555e-326
1.234021448727e-327
3.192100231492e-329
8.15938752151e-331
2.060860978129e-332
5.143191005701e-334
1.268212454293e-335
3.089649504798e-337
7.4364651708e-339
1.768260135819e-340
4.153651276388e-342
9.63829063193e-344
2.209214076242e-345
5.00178381866e-347
1.118517390875e-348
2.470429648758e-350
5.388839195333e-352
1.160892047891e-353
2.469693492727e-355
5.188352230343e-357
1.076295231855e-358
2.204596815811e-360
4.458643861662e-362
8.90291280735e-364
1.755079874577e-365
3.415675513754e-367
6.562217541877e-369
1.244509159294e-370
2.329689285702e-372
4.30456356737e-374
7.8500073612e-376
1.412860300262e-377
2.509543973014e-379
4.398806317903e-381
7.60846637971e-383
1.298551798567e-384
2.186747823453e-386
3.6332275544e-388
5.955496253442e-390
9.63056016305e-392
1.536278449845e-393
2.417405287609e-395
3.752029613439e-397
5.743758944064e-399
8.67191436699e-401
1.291213401053e-402
1.895922343438e-404
2.745095841304e-406
3.91907575256e-408
5.516625126201e-410
7.65598723742e-412
1.04746817291e-413
1.412752618175e-415
1.878237650784e-417
2.461315727382e-419
3.178992029552e-421
4.046593470508e-423
5.0762168474e-425
6.274994671195e-427
7.64330230962e-429
9.17307168044e-431
1.084640754719e-432
1.26347149868e-434
1.449853439793e-436
1.638823961434e-438
1.824568522758e-440
2.000679573733e-442
2.16049810442e-444
2.297515347168e-446
2.405802659725e-448
2.480431117548e-450
2.517840092763e-452
2.516116810849e-454
2.47515654919e-456
2.396684992365e-458
2.284138810966e-460
2.142415832643e-462
1.977520114151e-464
1.796137884054e-466
1.605186305888e-468
1.411377653115e-470
1.220836962946e-472
1.038802484548e-474
8.69426763525e-477
7.15683791953e-479
5.7937604957e-481
4.612258995283e-483
3.610296061309e-485
2.778495472962e-487
2.102207790191e-489
1.563513172604e-491
1.143004231143e-493
8.21248328939e-496
5.798838843898e-498
4.023523104994e-500
2.743022936795e-502
1.837248617631e-504
1.208869846078e-506
7.81306351957e-509
4.959637287631e-511
3.091870263617e-513
1.892739716081e-515
1.137663373375e-517
6.7134277216e-520
3.888985919142e-522
2.211277353951e-524
1.234006829172e-526
6.75789622486e-529
3.631420965984e-531
1.914536715177e-533
9.90200418061e-536
5.023477489047e-538
2.499520856252e-540
1.219630739971e-542
5.83535021181e-545
2.737281411789e-547
1.258728970153e-549
5.673497327202e-552
2.506225809962e-554
1.084886720633e-556
4.601366497692e-559
1.911921774649e-561
7.78172928065e-564
3.102029144285e-566
1.210931647793e-568
4.628463080474e-571
1.731952486208e-573
6.34387851849e-576
2.274208617816e-578
7.9780775515e-581
2.738380262552e-583
9.19498272934e-586
3.019971890363e-588
9.70022697612e-591
3.046625752785e-593
9.3550202344e-596
2.807940662299e-598
8.23714673368e-601
2.361230551793e-603
6.61300170675e-606
1.809182326561e-608
4.834072540688e-611
1.261286088728e-613
3.212957319146e-616
7.98927337236e-619
1.938828501121e-621
4.591121947059e-624
1.060624859061e-626
2.389919074826e-629
5.251658974971e-632
1.125158923705e-634
2.349881264079e-637
4.783016299888e-640
9.48613683563e-643
1.832798149169e-645
3.448912576717e-648
6.319678413436e-651
1.127338420065e-653
1.957310678192e-656
3.306809692844e-659
5.434989179579e-662
8.68805270416e-665
1.350432402468e-667
2.040517514987e-670
2.996493475963e-673
4.275415333565e-676
5.925426299668e-679
7.97479308603e-682
1.041976209137e-684
1.321333698042e-687
1.625769629019e-690
1.940306645613e-693
2.245521644006e-696
2.519229645365e-699
2.738971146309e-702
2.884956273645e-705
2.942952508621e-708
2.906543756039e-711
2.778270513997e-714
2.56937639498e-717
2.298184457427e-720
1.987427292042e-723
1.661073444497e-726
1.341270259415e-729
1.045944948076e-732
7.87404813172e-736
5.7202099586e-739
4.008433723266e-742
2.708360871379e-745
1.763695687305e-748
1.106466103009e-751
6.68432630546e-755
3.886740219871e-758
2.174304677843e-761
1.169650764805e-764
6.047584221631e-768
3.003872092642e-771
1.432627730499e-774
6.55708517447e-778
2.87860012538e-781
1.21145286454e-784
4.884745155846e-788
1.885978529585e-791
6.96841027911e-795
2.462457333668e-798
8.31707452848e-802
2.683248308369e-805
8.26329818503e-809
2.427472118403e-812
6.79768561624e-816
1.813272415716e-819
4.604054032003e-823
1.111895722981e-826
2.552085436196e-830
5.562691173227e-834
1.150466052302e-837
2.255751642929e-841
4.189433940327e-845
7.36329040494e-849
1.223585595879e-852
1.920537372003e-856
2.84448383596e-860
3.971259983867e-864
5.220762845979e-868
6.45566706547e-872
7.49987063471e-876
8.17632769944e-880
8.35454009518e-884
7.99088600766e-888
7.14501775111e-892
5.964223242702e-896
4.641197387567e-900
3.3619479971e-904
2.263447711097e-908
1.41408389543e-912
8.18433176156e-917
4.380688556919e-921
2.164552819809e-925
9.85466750465e-930
4.125804429164e-934
1.585164239021e-938
5.577037495408e-943
1.792738856631e-947
5.252764063711e-952
1.399389951064e-956
3.380943422522e-961
7.387463180414e-966
1.455654344041e-970
2.578732602079e-975
4.093983602636e-980
5.80504113704e-985
7.325310859538e-990
8.19516387172e-995
8.09558576328e-1000
7.0313062523e-1005
5.344886342223e-1010
3.538680360986e-1015
2.029949938231e-1020
1.003347813283e-1025
4.247608996759e-1031
1.530289337997e-1036
4.659403751423e-1042
1.190047026972e-1047
2.529020900699e-1053
4.432688623848e-1059
6.34651693719e-1065
7.345009612388e-1071
6.79245341358e-1077
4.955812212584e-1083
2.812824005886e-1089
1.222670710511e-1095
3.999569388274e-1102
9.65397116846e-1109
1.681575706768e-1115
2.060747159648e-1122
1.725740255203e-1129
9.547841745466e-1137
3.354685691935e-1144
7.143228134158e-1152
8.714603667313e-1160
5.688313377202e-1168
1.824641061643e-1176
2.581754901749e-1185
1.39926258384e-1194
2.399676708076e-1204
9.931458373076e-1215
6.586855306838e-1226
3.550626846577e-1238
4.203951757494e-1252
3.68601561982e-1269