0.0753585261729885
0.0745052903603208
0.0728276803678183
0.0703817990658743
0.0672478766112901
0.0635259039061901
0.0593303446847869
0.0547843155401877
0.0500136446565153
0.0451412045298552
0.0402818652704955
0.0355383402405995
0.0309981041262574
0.0267314653916336
0.0227907804322588
0.0192107142149879
0.0160093880774528
0.0131902132565182
0.010744189447704
0.0086524496143177
0.0068888517972927
0.0054224510454355
0.0042197245404371
0.0032464654772602
0.0024693019421992
0.00185683262550242
0.0013803996264639
0.00101453893621726
0.00073716150242842
0.00052952293896554
0.00037603927919655
0.00026400124499721
0.00018323187718289
0.000125723445412444
0.000085280459596378
0.000057187164630334
0.000037910635362881
0.000024844751176085
0.000016095960063411
0.0000103087320915259
6.52675292133e-6
4.0849805519e-6
2.5274408312798e-6
1.5458501643016e-6
9.3464423890246e-7
5.5861794282169e-7
3.3004263303262e-7
1.9275637615337e-7
1.1128275618031e-7
6.3507380182614e-8
3.5825680390917e-8
1.9977230169011e-8
1.1011418180663e-8
5.9994978750514e-9
3.2310721294701e-9
1.7200254340848e-9
9.050568160074e-10
4.707234094631e-10
2.4199192579933e-10
1.2296376565246e-10
6.1757631768592e-11
3.0657535501614e-11
1.504225081441e-11
7.2947963137002e-12
3.4965035696178e-12
1.6564215515136e-12
7.755671623019e-13
3.5890133538936e-13
1.6414711672878e-13
7.419750317403e-14
3.3146556665603e-14
1.463443013426e-14
6.3855244569278e-15
2.7535673677537e-15
1.1734596314042e-15
4.9420686534189e-16
2.0568960616166e-16
8.460062495036e-17
3.4386428276435e-17
1.3811707625965e-17
5.4821252715746e-18
2.150236265405e-18
8.333997253728e-19
3.191866223453e-19
1.2079648504132e-19
4.5172720816172e-20
1.6691851097232e-20
6.094427771129e-21
2.1986461634128e-21
7.837281319559e-22
2.7603035262221e-22
9.605568937387e-23
3.3026127007372e-23
1.1218992694701e-23
3.7653471740605e-24
1.2485453324422e-24
4.0902027341365e-25
1.3237915145393e-25
4.2327391959735e-26
1.3370369649752e-26
4.1723241727914e-27
1.2862282515176e-27
3.9170216213246e-28
1.1783770531593e-28
3.5018322207836e-29
1.0279723019146e-29
2.9808127063121e-30
8.537824867972e-31
2.4155223295071e-31
6.750221416576e-32
1.8632018916126e-32
5.079587431423e-33
1.367776630326e-33
3.6375722159013e-34
9.554526372127e-35
2.4785579917211e-35
6.3499831413e-36
1.6066478879439e-36
4.01452777817e-37
9.906145988748e-38
2.4139165019928e-38
5.808683131017e-39
1.3802622266546e-39
3.23865314415e-40
7.50371837145e-41
1.7166750298381e-41
3.877834265777e-42
8.649081471136e-43
1.904672056497e-43
4.141233175712e-44
8.889719740841e-45
1.8840173945864e-45
3.941936521486e-46
8.142383097623e-47
1.6603506397641e-47
3.3422854676737e-48
6.641583848517e-49
1.3027857418497e-49
2.5225294971438e-50
4.82114292713e-51
9.09500010925e-52
1.6934901846132e-52
3.1122761824249e-53
5.645171135087e-54
1.010572719169e-54
1.7854073086102e-55
3.112963289233e-56
5.356303548552e-57
9.094906878564e-58
1.5239141164486e-58
2.5196430193535e-59
4.110747608235e-60
6.617481463192e-61
1.0510938172126e-61
1.6472276281206e-62
2.5469214931174e-63
3.885201716861e-64
5.84700923012e-65
8.680847995939e-66
1.2714067370404e-66
1.8369042385579e-67
2.6179038243665e-68
3.680199638033e-69
5.102990815698e-70
6.979092453243e-71
9.41409876651e-72
1.2524168374083e-72
1.6432133068191e-73
2.1261713921484e-74
2.712976888113e-75
3.413669396897e-76
4.235534632091e-77
5.181913122345e-78
6.251016602102e-79
7.434866178198e-80
8.718480542946e-81
1.0079443961057e-81
1.1487969392649e-82
1.2907540599847e-83
1.4296169463273e-84
1.5608244710894e-85
1.6796882057382e-86
1.7816621483018e-87
1.8626263989797e-88
1.9191606065313e-89
1.9487821692882e-90
1.9501262280679e-91
1.9230493544017e-92
1.8686460204672e-93
1.789175582094e-94
1.6879065212842e-95
1.5688929180176e-96
1.4367045027439e-97
1.2961354067136e-98
1.151917493643e-99
1.0084619767009e-100
8.696483612041e-102
7.386733802253e-103
6.179654538095e-104
5.091632626098e-105
4.131511115315e-106
3.301394559867e-107
2.597765631661e-108
2.012767756249e-109
1.5355197535429e-110
1.1533518228819e-111
8.528825208586e-113
6.208886401752e-114
4.449499047471e-115
3.138751710251e-116
2.179347594325e-117
1.4893429528358e-118
1.0016967915169e-119
6.63018432225e-121
4.318538271808e-122
2.767856654399e-123
1.7454988362225e-124
1.0830234690834e-125
6.611064320991e-127
3.970019734421e-128
2.345167964463e-129
1.3626588908421e-130
7.787603776777e-132
4.377188738474e-133
2.419537361527e-134
1.3151811603139e-135
7.029512605125e-137
3.694205768706e-138
1.908721938982e-139
9.695251453926e-141
4.841044311765e-142
2.376024788188e-143
1.1462062692176e-144
5.434280826589e-146
2.531955370172e-147
1.1592349488772e-148
5.215004723972e-150
2.305004191796e-151
1.0008938809765e-152
4.269418693988e-154
1.788868918039e-155
7.361758398658e-157
2.975374491587e-158
1.1809242582373e-159
4.602413329214e-161
1.76114339095e-162
6.616239422248e-164
2.440037415367e-165
8.833064815396e-167
3.138458410697e-168
1.0943877448286e-169
3.744857292367e-171
1.2573822386341e-172
4.142147991276e-174
1.338652428747e-175
4.243762787951e-177
1.319568585469e-178
4.02407802827e-180
1.203399258874e-181
3.528716455103e-183
1.0144755827007e-184
2.859155349744e-186
7.898744929267e-188
2.138724365138e-189
5.675177870982e-191
1.47564854481e-192
3.75937246026e-194
9.382664922143e-196
2.293845864531e-197
5.492593285856e-199
1.287991800631e-200
2.957451977739e-202
6.648703597296e-204
1.463240922449e-205
3.152088611417e-207
6.645505192776e-209
1.371030254033e-210
2.767560448496e-212
5.465362118979e-214
1.0557287086222e-215
1.99450982539e-217
3.684753583008e-219
6.655890183358e-221
1.175344841957e-222
2.028714618499e-224
3.422213683744e-226
5.641008792986e-228
9.084516774661e-230
1.429134530831e-231
2.195838199227e-233
3.294671189825e-235
4.826538283618e-237
6.902359792676e-239
9.634354075204e-241
1.312304292794e-242
1.744037923446e-244
2.261038281449e-246
2.858975120645e-248
3.525184019082e-250
4.237788244395e-252
4.965904998197e-254
5.671180131312e-256
6.310692745855e-258
6.841011578741e-260
7.222921022749e-262
7.426130761153e-264
7.433199258696e-266
7.241974328602e-268
6.866082657689e-270
6.333341934916e-272
5.682348774658e-274
4.957824705615e-276
4.205504718636e-278
3.467385354873e-280
2.778013989992e-282
2.162241890419e-284
1.634551810636e-286
1.199782387188e-288
8.548662576928e-291
5.911067847672e-293
3.965368415639e-295
2.580038801453e-297
1.627671393538e-299
9.953483237751e-302
5.898188710264e-304
3.385805497433e-306
1.882204409422e-308
1.0129586213916e-310
5.275849503475e-313
2.658406226755e-315
1.295471212934e-317
6.103198874826e-320
2.778772550096e-322
1.222230195303e-324
5.191497571534e-327
2.128644925569e-329
8.421938164096e-332
3.213974141578e-334
1.182532916548e-336
4.193139235009e-339
1.432288962768e-341
4.710779452449e-344
1.491166925439e-346
4.540740560404e-349
1.329487979418e-351
3.740971528429e-354
1.0111277060728e-356
2.623751990815e-359
6.532842961358e-362
1.559931599604e-364
3.570158579374e-367
7.827012202446e-370
1.642751819176e-372
3.298746169778e-375
6.333630948871e-378
1.161987571027e-380
2.035657703521e-383
3.403012823898e-386
5.424628215387e-389
8.239607228237e-392
1.191642320374e-394
1.639648131991e-397
2.144729021882e-400
2.664720548105e-403
3.142078570166e-406
3.513054134981e-409
3.720989357295e-412
3.73016085543e-415
3.535637496693e-418
3.165478991258e-421
2.674160054753e-424
2.12931415166e-427
1.59627276586e-430
1.125334655481e-433
7.451372295726e-437
4.628316225265e-440
2.69322398892e-443
1.466196344938e-446
7.457017836167e-450
3.537928089309e-453
1.563412509029e-456
6.424507128833e-460
2.450855081334e-463
8.66450971982e-467
2.833483561748e-470
8.554842147117e-474
2.379808526432e-477
6.086839914842e-481
1.428225037134e-484
3.067198366775e-488
6.013950895474e-492
1.0738056008432e-495
1.741214658062e-499
2.556736640298e-503
3.389224855524e-507
4.042876405431e-511
4.324796114036e-515
4.133728914488e-519
3.516686562863e-523
2.651814238344e-527
1.764615537674e-531
1.0313341204859e-535
5.26728102074e-540
2.337984587294e-544
8.96626026453e-549
2.952141043648e-553
8.287641148967e-558
1.969005015717e-562
3.926877691457e-567
6.515754181604e-572
8.907462928881e-577
9.925185026316e-582
8.907247111557e-587
6.353535957262e-592
3.549159050102e-597
1.527031556973e-602
4.96605567843e-608
1.1948395074585e-613
2.075195985661e-619
2.528648532483e-625
2.090859975816e-631
1.127824227818e-637
3.785263805785e-644
7.462116312663e-651
8.04399791618e-658
4.32991790085e-665
1.0336696649932e-672
9.322045514301e-681
2.530240833229e-689
1.4666190369263e-698
1.0283515288159e-708
2.921340737261e-720
1.9879930296295e-734