0.0514950319314821
0.0512223277293388
0.0506812434183967
0.049880313133124
0.0488320571480492
0.047552656335818
0.0460615368108087
0.0443808796519361
0.042535072980367
0.040550125269477
0.038453059533066
0.036271307965974
0.034032125734728
0.031762041010651
0.029486356113742
0.027228711928482
0.025010724715308
0.022851701234228
0.020768434878119
0.018775082430347
0.016883118243963
0.0151013601934265
0.0134360597526385
0.0118910470531704
0.0104679207929591
0.0091662723894601
0.0079839337692524
0.0069172386052775
0.0059612875854581
0.0051102093451485
0.0043574099394461
0.0036958050894208
0.0031180308334351
0.0026166295840299
0.0021842098762845
0.0018135792513517
0.0014978507180602
0.0012305240575896
0.0010055438742732
0.0008173367526125
0.00066083016779977
0.00053145593185293
0.00042514096146642
0.00033828805078143
0.0002677491470167
0.00021079338305032
0.00016507184051767
0.000128580719078
0.0000996242883874
0.00007677871188526
0.000058857565367929
0.000044879635030356
0.000034039373013717
0.00002568021498684
0.000019270823522229
0.000014384211188679
0.000010679615559376
7.886941295996e-6
5.793548389559e-6
4.2331467567329e-6
3.0765521079366e-6
2.2240630249877e-6
1.5992316041656e-6
1.1438173604163e-6
8.137343155609e-7
5.758226959112e-7
4.0529821770087e-7
2.8375265729534e-7
1.9759869042593e-7
1.3686947913867e-7
9.429901028809e-8
6.462270831244e-8
4.4049420785847e-8
2.9865637865497e-8
2.0140926532527e-8
1.3510227405397e-8
9.014070178615e-9
5.982101316511e-9
3.948759028109e-9
2.592632827096e-9
1.6931459125763e-9
1.0998164433693e-9
7.105881140029e-10
4.566537489522e-10
2.9189517592767e-10
1.8558251057434e-10
1.1735911901683e-10
7.381858655233e-11
4.618310354319e-11
2.8738785891943e-11
1.7787750678807e-11
1.095066161161e-11
6.705416832983e-12
4.083914845666e-12
2.4739585846644e-12
1.4906386846103e-12
8.933382408663e-13
5.325034050807e-13
3.1571202582256e-13
1.8617504617528e-13
1.0919751511409e-13
6.370364830575e-14
3.696369982565e-14
2.1332681737546e-14
1.2245419438148e-14
6.991322945765e-15
3.970103571421e-15
2.242334326058e-15
1.2596625640068e-15
7.038217368378e-16
3.911334714367e-16
2.1619238651959e-16
1.1885245572906e-16
6.49871529887e-17
3.534253375263e-17
1.9116918658268e-17
1.0284598912897e-17
5.50307321686e-18
2.9286730308887e-18
1.5501843343689e-18
8.160971186435e-19
4.273124722845e-19
2.2253262394541e-19
1.1526179213277e-19
5.937720665515e-20
3.042257866512e-20
1.5502912277905e-20
7.857252280596e-21
3.960658281398e-21
1.9856487993719e-21
9.900907442847e-22
4.910030246932e-22
2.4217484759132e-22
1.187978806104e-22
5.79591786438e-23
2.812345660565e-23
1.3572104237618e-23
6.514134881699e-24
3.109542023997e-24
1.4762682559724e-24
6.970474381735e-25
3.273306111667e-25
1.5287524289195e-25
7.100892936074e-26
3.280296046017e-26
1.507080273658e-26
6.886237376098e-27
3.129311775288e-27
1.414281612735e-27
6.356852553647e-28
2.841623412518e-28
1.263304370524e-28
5.585544423048e-29
2.45605445889e-29
1.0740496858212e-29
4.671147379336e-30
2.0203866791926e-30
8.690725957511e-31
3.717809588281e-31
1.5817092216154e-31
6.692269869962e-32
2.815959552288e-32
1.1783774146658e-32
4.903952943771e-33
2.0296021419199e-33
8.353665947298e-34
3.419351135143e-34
1.3919047780876e-34
5.634733665866e-35
2.26847559166e-35
9.082187771267e-36
3.616107071142e-36
1.4318097218973e-36
5.637951395414e-37
2.207740926883e-37
8.597346045937e-38
3.329422984694e-38
1.2822140948949e-38
4.910637314598e-39
1.8702498826806e-39
7.083446071307e-40
2.667911589014e-40
9.992608209633e-41
3.721907375924e-41
1.3785744283228e-41
5.077752223438e-42
1.8598935376553e-42
6.774521346131e-43
2.453814580128e-43
8.838449917306e-44
3.165777103446e-44
1.1275947601944e-44
3.993860247818e-45
1.4066899432488e-45
4.926837062965e-46
1.7159352744569e-46
5.942854083961e-47
2.046676784789e-47
7.009096690516e-48
2.386887670511e-48
8.082721140019e-49
2.721682291774e-49
9.113181115521e-50
3.034267270238e-50
1.0045867061351e-50
3.307267182816e-51
1.0826744420338e-51
3.524290633745e-52
1.1407467603157e-52
3.6715456355e-53
1.1750307363358e-53
3.739285069432e-54
1.1832197470782e-54
3.722872405397e-55
1.1647298830317e-55
3.623306000802e-56
1.1207685432491e-56
3.447119696716e-57
1.0542040566968e-57
3.205673285453e-58
9.692558856668e-59
2.913939954288e-59
8.710519380121e-60
2.588970700754e-60
7.651175624888e-61
2.248254480062e-61
6.568668214851e-62
1.908191854148e-62
5.511602431903e-63
1.58286229539e-63
4.519767054869e-64
1.283201590401e-64
3.622245545661e-65
1.0166308344374e-65
2.836934334067e-66
7.871076187762e-67
2.171280730608e-67
5.95515488754e-68
1.623915953106e-68
4.402766064214e-69
1.186799649908e-69
3.180658903112e-70
8.475060663326e-71
2.245187909564e-71
5.91350347536e-72
1.548522109919e-72
4.031516650317e-73
1.0435087322748e-73
2.685334426607e-74
6.870263632978e-75
1.747508170179e-75
4.419100356785e-76
1.1110034009194e-76
2.776910057422e-77
6.900350570442e-78
1.704674324362e-78
4.186688033393e-79
1.02224897285e-79
2.481404914574e-80
5.98813287583e-81
1.436600476008e-81
3.426330956574e-82
8.123987942386e-83
1.914933974352e-83
4.487255720033e-84
1.045317479283e-84
2.420771887361e-85
5.573084879608e-86
1.275473517521e-86
2.901877553853e-87
6.563211647193e-88
1.475642832556e-88
3.298157796816e-89
7.327987960648e-90
1.618523455884e-90
3.553628007395e-91
7.75606459087e-92
1.682771376e-92
3.629282780843e-93
7.780835421364e-94
1.658208371023e-94
3.51283007282e-95
7.397381994708e-96
1.548458259709e-96
3.221952916147e-97
6.663996646738e-98
1.370073593578e-98
2.799910877526e-99
5.687656151425e-100
1.148441526087e-100
2.304986968601e-101
4.598431108664e-102
9.118640547208e-103
1.797327735004e-103
3.521265544894e-104
6.857126175768e-105
1.327256605365e-105
2.553492323346e-106
4.882908964021e-107
9.280782574669e-108
1.753274622581e-108
3.292093317347e-109
6.143963420184e-110
1.139664020963e-110
2.101136234962e-111
3.850154501167e-112
7.012067247025e-113
1.269273881242e-113
2.283512236515e-114
4.083075696258e-115
7.25612831668e-116
1.281602199523e-116
2.249725963343e-117
3.924925237391e-118
6.805434223974e-119
1.172735994549e-119
2.008454030158e-120
3.418519127015e-121
5.782635878047e-122
9.72126127361e-123
1.624147733861e-123
2.696694726378e-124
4.44978023098e-125
7.296977819101e-126
1.189165578175e-126
1.925899455212e-127
3.099659520972e-128
4.95770387775e-129
7.880077304831e-130
1.244688728754e-130
1.953747721003e-131
3.047549098332e-132
4.723941083602e-133
7.276571298779e-134
1.113819114328e-134
1.694201631309e-135
2.560796406045e-136
3.846285299774e-137
5.740653987987e-138
8.513960073618e-139
1.25472665494e-139
1.837430049172e-140
2.673705465807e-141
3.865932259911e-142
5.554304622262e-143
7.929334963775e-144
1.124792131425e-144
1.585378683673e-145
2.220321109271e-146
3.089707463912e-147
4.272031959444e-148
5.868997451623e-149
8.01128845698e-150
1.086542067511e-150
1.464175515295e-151
1.960373518286e-152
2.607835928498e-153
3.446784190257e-154
4.526233292681e-155
5.90534668515e-156
7.654839238916e-157
9.85837954515e-158
1.261392761229e-158
1.6034927949e-159
2.025126192434e-160
2.540984826922e-161
3.167476794471e-162
3.922678087743e-163
4.826209890278e-164
5.899028334749e-165
7.163114861005e-166
8.64105761948e-167
1.035551778308e-167
1.232857918675e-168
1.458098536339e-169
1.71312746507e-170
1.999483137263e-171
2.318287881464e-172
2.67014473856e-173
3.055035848169e-174
3.47222705802e-175
3.920183841506e-176
4.396503816903e-177
4.897871098116e-178
5.420037335448e-179
5.957833606848e-180
6.505216297238e-181
7.05534878071e-182
7.60071914678e-183
8.13329246007e-184
8.64469420547e-185
9.12641975524e-186
9.57006301784e-187
9.96755600558e-188
1.031140999774e-188
1.059494836707e-189
1.081252104507e-190
1.095969105715e-191
1.103338455865e-192
1.103199730586e-193
1.095545242445e-194
1.080520658352e-195
1.058420411399e-196
1.029678107873e-197
9.94852365899e-199
9.54608732355e-200
9.09698497061e-201
8.60935347858e-202
8.09170880867e-203
7.55269994251e-204
7.0008715255e-205
6.444444169831e-206
5.891120030194e-207
5.347919604255e-208
4.821053847538e-209
4.315833752612e-210
3.836617645727e-211
3.386794708333e-212
2.968801724827e-213
2.58416885705e-214
2.233589389193e-215
1.917007886845e-216
1.633721059121e-217
1.382485770765e-218
1.161629073125e-219
9.69155749834e-221
8.02849640503e-222
6.603658495672e-223
5.393118079473e-224
4.373159808493e-225
3.520837645546e-226
2.814407588518e-227
2.23364121851e-228
1.760031032647e-229
1.376901132237e-230
1.069438262747e-231
8.24658597367e-233
6.313252078047e-234
4.798300749676e-235
3.620529565554e-236
2.712076307375e-237
2.016841332958e-238
1.488937283468e-239
1.091215972135e-240
7.93906627314e-242
5.733862621793e-243
4.110919698506e-244
2.925763654313e-245
2.067010483962e-246
1.449585834969e-247
1.00910790849e-248
6.97297757216e-250
4.78278052685e-251
3.256256989435e-252
2.200530597248e-253
1.476050175636e-254
9.82730020193e-256
6.49413198348e-257
4.259475716709e-258
2.772896521363e-259
1.791628495745e-260
1.148929320428e-261
7.31246764206e-263
4.619065324053e-264
2.89572910329e-265
1.801646506302e-266
1.112456856814e-267
6.81699214428e-269
4.145648562923e-270
2.501936389441e-271
1.498435732342e-272
8.90578090841e-274
5.252569905201e-275
3.074195691795e-276
1.7854383756e-277
1.028977139832e-278
5.884477117111e-280
3.339220297506e-281
1.880230192869e-282
1.050508116133e-283
5.823765608022e-285
3.203450810191e-286
1.748378691677e-287
9.46781500153e-289
5.086913343323e-290
2.711706619252e-291
1.434195252588e-292
7.52565790312e-294
3.917821409396e-295
2.023494784472e-296
1.036836120628e-297
5.270623185338e-299
2.65797471962e-300
1.32974976207e-301
6.59951962621e-303
3.249160375239e-304
1.586863037719e-305
7.68794427116e-307
3.694676924956e-308
1.761290947508e-309
8.32850448629e-311
3.906403352618e-312
1.817414943421e-313
8.38669456012e-315
3.838663193175e-316
1.742666681584e-317
7.84668881663e-319
3.504200252581e-320
1.552080877885e-321
6.81797244386e-323
2.97032567923e-324
1.283374076585e-325
5.499145431065e-327
2.33680373971e-328
9.84751520671e-330
4.115292605759e-331
1.705440703535e-332
7.00852347839e-334
2.85602864744e-335
1.154082276887e-336
4.624248773666e-338
1.837248018883e-339
7.2378318678e-341
2.827191169278e-342
1.094963576676e-343
4.20468787622e-345
1.600844604038e-346
6.04279131474e-348
2.261469080596e-349
8.39073359079e-351
3.086433764071e-352
1.12552001233e-353
4.068929274426e-355
1.458240302325e-356
5.180735417601e-358
1.82456089033e-359
6.36973199569e-361
2.204301383718e-362
7.56134253017e-364
2.57096421981e-365
8.66469611373e-367
2.894421447422e-368
9.58323676029e-370
3.144818024864e-371
1.022827629442e-372
3.297036312447e-374
1.053294993155e-375
3.334816355909e-377
1.046357242053e-378
3.253603977456e-380
1.002574065803e-381
3.061439476982e-383
9.26366050882e-385
2.777650300582e-386
8.25278768416e-388
2.429640749781e-389
7.08747919235e-391
2.048518393359e-392
5.86646123504e-394
1.664526349645e-395
4.679215808944e-397
1.303206217542e-398
3.595841545839e-400
9.82935193521e-402
2.661801681935e-403
7.14072721197e-405
1.897643054756e-406
4.995526556476e-408
1.302662591923e-409
3.36477263547e-411
8.60878247596e-413
2.181619569971e-414
5.47591321205e-416
1.361329457013e-417
3.351875700648e-419
8.17371138129e-421
1.973995235953e-422
4.721249075959e-424
1.118253490593e-425
2.622917304219e-427
6.09225806714e-429
1.401230673716e-430
3.1912942088e-432
7.1967770839e-434
1.606983099206e-435
3.552831340401e-437
7.77706603193e-439
1.685476499785e-440
3.616454954288e-442
7.68218037531e-444
1.615528318159e-445
3.363262400323e-447
6.93123161289e-449
1.414004674944e-450
2.855415138037e-452
5.70758992346e-454
1.12924554027e-455
2.211378357419e-457
4.28611298845e-459
8.22198752648e-461
1.56095111646e-462
2.932835075452e-464
5.4532862302e-466
1.003431254676e-467
1.827098254424e-469
3.292056640215e-471
5.86934830246e-473
1.035417792407e-474
1.807300587915e-476
3.121188130355e-478
5.33298000501e-480
9.01500501663e-482
1.507625413372e-483
2.494237071095e-485
4.082103850185e-487
6.60872277734e-489
1.05833510566e-490
1.676432058679e-492
2.62657975378e-494
4.070256568686e-496
6.23826905301e-498
9.45588076918e-500
1.417489248249e-501
2.101365855104e-503
3.080574899512e-505
4.46574630894e-507
6.40136138561e-509
9.07298912549e-511
1.271486580887e-512
1.761732599735e-514
2.413339185347e-516
3.268361743863e-518
4.37580880319e-520
5.79143218739e-522
7.57697495604e-524
9.79874941181e-526
1.252543803249e-527
1.582504946603e-529
1.976102114537e-531
2.438753875949e-533
2.974423699273e-535
3.585054864229e-537
4.270007034541e-539
5.02554001059e-541
5.8443960715e-543
6.71553405331e-545
7.62406479217e-547
8.55142814835e-549
9.47583652427e-551
1.037298937437e-552
1.12170392481e-554
1.198176468218e-556
1.264188151979e-558
1.317440489917e-560
1.355996190414e-562
1.378395175868e-564
1.383745754896e-566
1.371783063333e-568
1.342889474709e-570
1.298074876222e-572
1.238918171259e-574
1.16747472202e-576
1.086157313481e-578
9.97600291091e-581
9.04517589389e-583
8.09565345678e-585
7.15218735515e-587
6.23670750844e-589
5.36758134868e-591
4.559169088492e-593
3.821671982069e-595
3.161246742717e-597
2.580340882031e-599
2.078192087002e-601
1.651430134713e-603
1.294721682824e-605
1.001405330163e-607
7.64074980593e-610
5.7508200595e-612
4.26939352263e-614
3.126222327461e-616
2.257694752406e-618
1.60796452357e-620
1.129347317068e-622
7.82153714224e-625
5.34125954348e-627
3.596296087653e-629
2.387263410123e-631
1.562251972388e-633
1.007813327355e-635
6.40854681173e-638
4.01662584663e-640
2.481173787529e-642
1.510491682529e-644
9.06183022142e-647
5.35698872258e-649
3.12034980757e-651
1.790745206007e-653
1.012470086716e-655
5.63920812775e-658
3.093932902306e-660
1.671974009391e-662
8.89903108952e-665
4.66464811585e-667
2.407831454347e-669
1.22386088912e-671
6.12497359574e-674
3.017933438085e-676
1.463912451006e-678
6.99015745805e-681
3.285422778838e-683
1.519825440565e-685
6.91925960995e-688
3.099944893281e-690
1.366599775388e-692
5.92769641915e-695
2.529598703554e-697
1.061944490013e-699
4.385302513399e-702
1.781178734602e-704
7.11521265863e-707
2.795133350135e-709
1.079724229507e-711
4.100905932231e-714
1.531312951819e-716
5.62115285129e-719
2.028260716797e-721
7.19313661995e-724
2.507077279038e-726
8.58677894621e-729
2.889773365448e-731
9.55488641274e-734
3.103647051983e-736
9.90285656379e-739
3.103457563439e-741
9.55176380556e-744
2.886878667476e-746
8.56712091473e-749
2.496067583644e-751
7.13914128858e-754
2.004270605674e-756
5.5225474531e-759
1.493298625138e-761
3.962130542278e-764
1.031421054691e-766
2.634012773328e-769
6.59816817424e-772
1.621066436477e-774
3.90569059933e-777
9.22701966168e-780
2.137164577311e-782
4.852583739016e-785
1.079969770919e-787
2.355580106564e-790
5.034720628064e-793
1.054354997508e-795
2.163088764339e-798
4.346894137651e-801
8.55542307941e-804
1.648926471576e-806
3.111697107551e-809
5.74867287683e-812
1.039559408811e-814
1.839834636614e-817
3.186335282939e-820
5.39910668868e-823
8.9496023222e-826
1.451007519214e-828
2.300654692783e-831
3.566808998294e-834
5.40610777179e-837
8.00930369761e-840
1.159679004144e-842
1.640742765986e-845
2.267924007142e-848
3.062149021935e-851
4.037916888519e-854
5.19928853345e-857
6.53592473446e-860
8.01985726793e-863
9.60376182379e-866
1.122144254359e-868
1.279100627557e-871
1.42208084329e-874
1.541774707415e-877
1.629696538552e-880
1.679161650496e-883
1.686116281024e-886
1.649679732647e-889
1.572299269674e-892
1.45948308769e-895
1.319150834999e-898
1.160708146631e-901
9.939963757e-905
8.28281733968e-908
6.71428048383e-911
5.29351097617e-914
4.05792595346e-917
3.023928669273e-920
2.189955805623e-923
1.540929787028e-926
1.053172106342e-929
6.98985388254e-933
4.50370820417e-936
2.816338007093e-939
1.70878907263e-942
1.00567065994e-945
5.73929954273e-949
3.175174089743e-952
1.702350610493e-955
8.84235696388e-959
4.448225324825e-962
2.166529844449e-965
1.021312016148e-968
4.658240938553e-972
2.054973154474e-975
8.76514319854e-979
3.61347795309e-982
1.439285760527e-985
5.53684412001e-989
2.056393706363e-992
7.37073021999e-996
2.548608024175e-999
8.49783253206e-1003
2.731155247464e-1006
8.45734964063e-1010
2.522228295576e-1013
7.24110864999e-1017
2.000323945132e-1020
5.314590214074e-1024
1.357401703381e-1027
3.33124344332e-1031
7.85143480797e-1035
1.776301064541e-1038
3.855528919013e-1042
8.02455028267e-1046
1.600628920153e-1049
3.058101301392e-1053
5.59314800428e-1057
9.78700270415e-1061
1.637462170386e-1064
2.617902635652e-1068
3.996886684984e-1072
5.82364018089e-1076
8.09249175499e-1080
1.071736144234e-1083
1.351780172257e-1087
1.622643378884e-1091
1.852321333843e-1095
2.00934291756e-1099
2.069640777848e-1103
2.022496628958e-1107
1.873574320452e-1111
1.643886646731e-1115
1.364918985571e-1119
1.071470921947e-1123
7.94482852637e-1128
5.559023623644e-1132
3.666807492066e-1136
2.277744114245e-1140
1.331023857005e-1144
7.30890280478e-1149
3.767116736821e-1153
1.820306678661e-1157
8.23623574081e-1162
3.485081940026e-1166
1.377300552053e-1170
5.076759371514e-1175
1.742911019132e-1179
5.564935104725e-1184
1.649993588789e-1188
4.535830778329e-1193
1.154175126253e-1197
2.713849639671e-1202
5.886096003379e-1207
1.175417559852e-1211
2.156957387196e-1216
3.629945672419e-1221
5.590535925274e-1226
7.86222614125e-1231
1.00733994786e-1235
1.172998126233e-1240
1.23825746095e-1245
1.181855394864e-1250
1.017060217165e-1255
7.86836676656e-1261
5.455537322411e-1266
3.379032647687e-1271
1.863192890209e-1276
9.11292574487e-1282
3.938444353404e-1287
1.497928753443e-1292
4.992079434622e-1298
1.451115066191e-1303
3.6612486192e-1309
7.97625483647e-1315
1.492076764697e-1320
2.382397676458e-1326
3.226172574972e-1332
3.679770117296e-1338
3.509051500242e-1344
2.775304310672e-1350
1.804710346106e-1356
9.55821169134e-1363
4.080785014261e-1369
1.388717554232e-1375
3.720598939643e-1382
7.74133810587e-1389
1.232152254128e-1395
1.475237345089e-1402
1.303919732293e-1409
8.33024617142e-1417
3.755795897334e-1424
1.16292917737e-1431
2.396754850591e-1439
3.170782394885e-1447
2.580765583747e-1455
1.228967662344e-1463
3.223599812633e-1472
4.327166526408e-1481
2.712929847373e-1490
7.073070982025e-1500
6.588641831649e-1510
1.785457733217e-1520
1.0516540294788e-1531
8.66570407105e-1544
4.809448831219e-1557
4.391956144767e-1572
1.708330670588e-1590