0.1085279446163609
0.1059879199497303
0.1010846859803538
0.0941515339841445
0.0856408001155076
0.0760751773244387
0.0659950321524442
0.0559090375253735
0.0462542010443026
0.0373692219131113
0.0294825705386475
0.0227142907037333
0.017088702278715
0.0125541695265165
0.0090059229680428
0.00630843352629641
0.0043147836558897
0.00288158363406694
0.00187900550461627
0.00119629638857094
0.0007436218228473
0.000451290421569669
0.000267385711291567
0.000154662552060241
0.000087333973587539
0.000048141307145596
0.0000259044300424692
0.0000136061720728161
6.975690913498e-6
3.4906860626285e-6
1.70486079971806e-6
8.1264943379433e-7
3.7803730812855e-7
1.7161824340194e-7
7.6027230934296e-8
3.2864777253414e-8
1.38620091369035e-8
5.7047037216158e-9
2.29048880411819e-9
8.9719621821688e-10
3.4283579418275e-10
1.2779059305384e-10
4.6462160768354e-11
1.64763397533669e-11
5.6984291059141e-12
1.92200322705869e-12
6.3216189489525e-13
2.02743826930471e-13
6.339881828101e-14
1.93284546733283e-14
5.7446419465228e-15
1.66435216582805e-15
4.7001273081803e-16
1.2936624925736e-16
3.4701102147967e-17
9.0706730728956e-18
2.3103184993605e-18
5.7332581270138e-19
1.38608125756585e-19
3.264320104634e-20
7.4881056178088e-21
1.6729527753136e-21
3.6398561078306e-22
7.7113221579474e-23
1.5906396876346e-23
3.1942307498922e-24
6.2440208631256e-25
1.18800143949532e-25
2.1997533921465e-26
3.9635480541772e-27
6.9485611496041e-28
1.18509342294182e-28
1.9660852417423e-29
3.1724004774326e-30
4.9779687109057e-31
7.5951454761804e-32
1.12662599604813e-32
1.6245077225641e-33
2.276666158346e-34
3.1006181608793e-35
4.1030134380003e-36
5.2746808372778e-37
6.5865711659442e-38
7.9877112725744e-39
9.4061807807113e-40
1.0753723859581e-40
1.1933943419531e-41
1.2853217015889e-42
1.343272019806e-43
1.361946540836e-44
1.3394237185948e-45
1.2774788764416e-46
1.1813575063058e-47
1.0590413420803e-48
9.201496778806e-50
7.7468651247131e-51
6.3186060137008e-52
4.9916937672563e-53
3.8186276717778e-54
2.8281239559398e-55
2.0272996132237e-56
1.4062417011415e-57
9.436613739259e-59
6.1245697149079e-60
3.8434791096214e-61
2.3315599245379e-62
1.3668551081993e-63
7.741587182473e-65
4.234907506979e-66
2.2368449375104e-67
1.1404448057358e-68
5.6107923221449e-70
2.6628536473012e-71
1.2187136784339e-72
5.377021733142e-74
2.2862212665789e-75
9.36435378892e-77
3.6937127273925e-78
1.402531534279e-79
5.1246060808507e-81
1.8010936223237e-82
6.086462947416e-84
1.9768179464742e-85
6.168171646761e-87
1.8481796455847e-88
5.3153802180333e-90
1.4666475232922e-91
3.8807122237513e-93
9.841885820807e-95
2.391151077402e-96
5.562519632947e-98
1.238337799745e-99
2.636755040549e-101
5.366808891407e-103
1.0435734287902e-104
1.9374351462806e-106
3.4320759789583e-108
5.797377844666e-110
9.331715646323e-112
1.4303656378071e-113
2.0863092779254e-115
2.8935840719234e-117
3.8131854045595e-119
4.770798313997e-121
5.662264478848e-123
6.369670125785e-125
6.785620932035e-127
6.839305275543e-129
6.51587807143e-131
5.861994733668e-133
4.974914340945e-135
3.978615679435e-137
2.9950518192524e-139
2.1198377031615e-141
1.4089830084676e-143
8.783557450477e-146
5.128964581876e-148
2.801504860602e-150
1.4293433795474e-152
6.801705630231e-155
3.014097165472e-157
1.2417791778086e-159
4.748253856335e-162
1.6820671041162e-164
5.509978160786e-167
1.6656658657824e-169
4.637087032752e-172
1.1862052610268e-174
2.781733453014e-177
5.965372362405e-180
1.1667768339197e-182
2.0756734440366e-185
3.348642953849e-188
4.883741897977e-191
6.417356350895e-194
7.57052596447e-197
7.987311452274e-200
7.505820336856e-203
6.254667377161e-206
4.599989036985e-209
2.970499279115e-212
1.674987965461e-215
8.197590726199e-219
3.459413157957e-222
1.2498131509161e-225
3.835284152266e-229
9.910550527774e-233
2.1359238146798e-236
3.79874186843e-240
5.509331163173e-244
6.429351950659e-248
5.946960807346e-252
4.285773071212e-256
2.3595070189971e-260
9.700198532592e-265
2.899664237407e-269
6.107400177002e-274
8.728365016664e-279
8.084444220049e-284
4.584592904534e-289
1.4809908207195e-294
2.480562923184e-300
1.8971939661148e-306
5.535764467798e-313
4.700180385536e-320
7.421313955427e-328
9.22663121256e-337
9.874206115512e-348