0.1436996513848794
0.1378320756711564
0.1268049682682641
0.1118941161902474
0.0947008014331818
0.0768710279956056
0.0598436865469291
0.04467878500776659
0.03198815752906441
0.02196120514322496
0.01445683064272134
0.00912446855357739
0.00552107744720941
0.003202452444952315
0.001780498057939313
0.00094875521716157
0.000484474665716031
0.0002370494612952367
0.0001111222509399909
0.0000498995582238054
0.00002146157967566931
8.83950323571599e-6
3.485966448383704e-6
1.3160479767895e-6
4.75546912040614e-7
1.644386644757424e-7
5.44020187353807e-8
1.721606220611285e-8
5.21030510480567e-9
1.507652498861785e-9
4.170054023615453e-10
1.102232511662346e-10
2.783426149569674e-11
6.71335966635898e-12
1.546063795683494e-12
3.398680744212489e-13
7.12937462651842e-14
1.426617430739842e-14
2.722260328312062e-15
4.9517958258719e-16
8.5831231806088e-17
1.417129562899962e-17
2.227822826536661e-18
3.333318997989206e-19
4.74470494006074e-20
6.42215883858203e-21
8.26205153975447e-22
1.009757565748372e-22
1.171783820689159e-23
1.290473118638659e-24
1.347975995950235e-25
1.334744236118226e-26
1.252095639016938e-27
1.112066557885545e-28
9.34538268146687e-30
7.42581335299572e-31
5.57528442659684e-32
3.952289432169034e-33
2.643372682395782e-34
1.6666757061398e-35
9.89844791314432e-37
5.53262141445428e-38
2.907707287431809e-39
1.43554513500124e-40
6.65122335493463e-42
2.889064524931145e-43
1.175210755487568e-44
4.471846077502065e-46
1.589852684560106e-47
5.27457359037999e-49
1.630847011983845e-50
4.69289830257534e-52
1.255011002392006e-53
3.114414690825041e-55
7.16039878569121e-57
1.522656500234988e-58
2.989528226015877e-60
5.40913996226651e-62
9.00162423687781e-64
1.374904385856008e-65
1.92318165479748e-67
2.457775583018488e-69
2.862540198678371e-71
3.030339634719923e-73
2.907550018916124e-75
2.520812749949369e-77
1.968429557690055e-79
1.379592947925446e-81
8.64582317606227e-84
4.82539253270658e-86
2.388010639378956e-88
1.042957901871435e-90
3.99942706646644e-93
1.339073291626278e-95
3.89078032645386e-98
9.74516293575481e-101
2.0886357543801e-103
3.79945443106287e-106
5.81349508001654e-109
7.40673876302684e-112
7.7690790652215e-115
6.6237959546275e-118
4.5239553516957e-121
2.43421551950382e-124
1.01216864100087e-127
3.1799359519364e-131
7.3502424355743e-135
1.21080231406191e-138
1.367477185783e-142
1.0092990619085e-146
4.581420159036e-151
1.18173660452587e-155
1.5569276523481e-160
9.0124226486844e-166
1.8275566294014e-171
8.935613897613e-178
5.153133506033e-185
5.5992359988617e-194