0.0860164113205077
0.0847487462434952
0.0822691600372968
0.0786850771195915
0.0741478878933278
0.0688423546542416
0.062974169578545
0.0567568283690425
0.0503989762811167
0.0440932473448258
0.0380073796316045
0.0322780882175837
0.0270078568119533
0.022264510424894
0.0180831884140749
0.0144701712281317
0.0114079331563271
0.0088607928424471
0.0067805988750575
0.005111999088716
0.0037969770268221
0.002778476666334
0.00200306050814329
0.00142264556026189
0.00099543140350368
0.00068617429460488
0.00046597475221481
0.00031173916275602
0.000205455339505453
0.000133394059901328
0.000085318711724378
0.000053757173502353
0.000033366322743684
0.00002040118259241
0.0000122877553035716
7.2904605659288e-6
4.2608613781031e-6
2.4529830560652e-6
1.39104414458704e-6
7.7701760457753e-7
4.2752211974204e-7
2.3169579452428e-7
1.23681125312547e-7
6.5029160343301e-8
3.3676416433236e-8
1.7177106400421e-8
8.6292647001349e-9
4.2696306210624e-9
2.0806185178632e-9
9.9855733024372e-10
4.7198100470577e-10
2.1970473830708e-10
1.00718664753695e-10
4.5470340560463e-11
2.0215573798696e-11
8.8506525809325e-12
3.8158160707947e-12
1.6199957715489e-12
6.772450723852e-13
2.7878820209267e-13
1.1300309949713e-13
4.5100819361981e-14
1.7723403493403e-14
6.8575464547676e-15
2.6123987919826e-15
9.798266125477e-16
3.6181602793721e-16
1.3153604309991e-16
4.7077082958051e-17
1.6587132970646e-17
5.7533280305791e-18
1.964453720275e-18
6.6027971538277e-19
2.1845703449745e-19
7.114498255689e-20
2.2806084349212e-20
7.1957028593355e-21
2.234597970317e-21
6.8299369751493e-22
2.0545292913779e-22
6.0823771133587e-23
1.7720930564549e-23
5.080874610072e-24
1.4335590524005e-24
3.9801920081878e-25
1.0874010184266e-25
2.9231994904168e-26
7.732068421635e-27
2.0122721752804e-27
5.1524835319542e-28
1.2979865375648e-28
3.216859154144e-29
7.843078298281e-30
1.8811257503974e-30
4.4382296302908e-31
1.0300208559391e-31
2.3513104931892e-32
5.279403020685e-33
1.1658788674105e-33
2.5322027713987e-34
5.4088179755077e-35
1.1361802448617e-35
2.3470101390892e-36
4.7674613619502e-37
9.522374018732e-38
1.870123166619e-38
3.6111282776363e-39
6.855575019639e-40
1.2795385638021e-40
2.3477473751585e-41
4.2346500420776e-42
7.50812095092e-43
1.3084938025849e-43
2.2413906687217e-44
3.7735267454897e-45
6.243663481484e-46
1.0152467664827e-46
1.6222634809729e-47
2.5472177860923e-48
3.9299100891341e-49
5.957274518959e-50
8.872323319753e-51
1.2981587453816e-51
1.8659265999022e-52
2.6345890656136e-53
3.653908862294e-54
4.977412107736e-55
6.659241444062e-56
8.749737845358e-57
1.1289843371946e-57
1.4304625514001e-58
1.7796454727674e-59
2.1738584508206e-60
2.6070042961669e-61
3.0692799607302e-62
3.5472082525481e-63
4.024046948075e-64
4.480597100967e-65
4.896380514274e-66
5.251100439935e-67
5.526248847864e-68
5.706687718997e-69
5.782018807326e-70
5.747570715606e-71
5.604873636921e-72
5.361555258445e-73
5.030666272547e-74
4.62951833577e-75
4.17817874004e-76
3.697804554653e-77
3.2090090390068e-78
2.7304345914355e-79
2.2776644232285e-80
1.862548381536e-81
1.4929575061083e-82
1.1729271306769e-83
9.031073940608e-85
6.814171365012e-86
5.037927515933e-87
3.649348330246e-88
2.5897747324254e-89
1.8003213737939e-90
1.2258489199211e-91
8.174845821962e-93
5.338682600894e-94
3.413941533462e-95
2.1374716681603e-96
1.3101503653253e-97
7.860892973443e-99
4.616420444279e-100
2.6532220526163e-101
1.4922030044402e-102
8.211430750956e-104
4.420751942246e-105
2.3281386155453e-106
1.1992371867848e-107
6.041326064077e-109
2.976027504854e-110
1.4333913151435e-111
6.749328727968e-113
3.106478217245e-114
1.397432998635e-115
6.143144541218e-117
2.638691975382e-118
1.1072994492302e-119
4.538988844839e-121
1.8172262635896e-122
7.104801349644e-124
2.712214650242e-125
1.0107888073081e-126
3.677011674294e-128
1.3054512513138e-129
4.522609346379e-131
1.5286596011619e-132
5.040285357705e-134
1.6208774732128e-135
5.08303169645e-137
1.5541702000778e-138
4.632353647388e-140
1.3457212213693e-141
3.809607839706e-143
1.0507449658564e-144
2.823091074723e-146
7.38720496601e-148
1.8822562185112e-149
4.669116873958e-151
1.1273548663812e-152
2.648910455816e-154
6.055692345631e-156
1.3466590372009e-157
2.912423152654e-159
6.124323387404e-161
1.2519025932314e-162
2.487091692355e-164
4.80087023385e-166
9.002250718476e-168
1.6393782920277e-169
2.898651661014e-171
4.974979343355e-173
8.286140869842e-175
1.3389493947363e-176
2.09850246456e-178
3.189102347673e-180
4.698061854522e-182
6.707108557549e-184
9.276638083583e-186
1.2426651822814e-187
1.611731124794e-189
2.023344161026e-191
2.457798935162e-193
2.887885358579e-195
3.281141027807e-197
3.603563681111e-199
3.824277640121e-201
3.92031104661e-203
3.88048352948e-205
3.707506054133e-207
3.417756859967e-209
3.038730753572e-211
2.6047096586e-213
2.151604179642e-215
1.712051398841e-217
1.3116963245616e-219
9.672032811004e-222
6.860740983332e-224
4.679384374684e-226
3.067334032717e-228
1.931402039885e-230
1.1676221601334e-232
6.773649366664e-235
3.768775292394e-237
2.00999409449e-239
1.0269737954604e-241
5.023887740902e-244
2.351662651352e-246
1.052677866211e-248
4.503230176642e-251
1.839820338756e-253
7.17389446506e-256
2.667837647093e-258
9.455307449948e-261
3.191396569227e-263
1.0250412025297e-265
3.130494412748e-268
9.083218826024e-271
2.501808203087e-273
6.535445400801e-276
1.617743376795e-278
3.790964723737e-281
8.401818952433e-284
1.759311574275e-286
3.476996570789e-289
6.478686116966e-292
1.1368466379533e-294
1.87646793748e-297
2.909890741418e-300
4.234080865393e-303
5.773200900251e-306
7.366369244849e-309
8.783112975476e-312
9.771327441228e-315
1.0127262543089e-317
9.762403520368e-321
8.737916145817e-324
7.248880480829e-327
5.563323863362e-330
3.942273257838e-333
2.574033004804e-336
1.545242976264e-339
8.509534312652e-343
4.288438857346e-346
1.97277671341e-349
8.261919563517e-353
3.141089990244e-356
1.0808752415792e-359
3.355728956846e-363
9.368034560816e-367
2.343151958382e-370
5.230940210543e-374
1.0380306122925e-377
1.823017346194e-381
2.820221134474e-385
3.8238096184e-389
4.519284175656e-393
4.628645098777e-397
4.082140147208e-401
3.078738792162e-405
1.970794208748e-409
1.0619920306058e-413
4.774123683651e-418
1.772725440593e-422
5.377604919956e-427
1.3165208247857e-431
2.565828604057e-436
3.920355581956e-441
4.615167634548e-446
4.104269765472e-451
2.695424829356e-456
1.2734008999413e-461
4.196837955848e-467
9.305324991791e-473
1.3288909753619e-478
1.1592369004533e-484
5.783769974108e-491
1.5182584092771e-497
1.8804127007525e-504
9.483106297813e-512
1.5806351907579e-519
6.356040034108e-528
3.661988072619e-537
1.1098430956716e-547
1.3308083396251e-560