0.0794909174783528
0.0784898314875411
0.0765253071214811
0.0736702907886824
0.0700285342642075
0.0657283423725147
0.0609150866139655
0.0557430923331396
0.0503675268074404
0.0449368737312889
0.0395864846056397
0.0344335638400533
0.0295737896517989
0.0250796156112066
0.0210001547686952
0.0173624328973696
0.0141737178110939
0.0114245910104571
0.0090924242102365
0.0071449508485505
0.0055436731638635
0.00424690947602
0.0032123548274512
0.0023990933729035
0.00176905709530473
0.00128796908080324
0.00092583938847566
0.00065709799839846
0.00046045422785672
0.00031856794736974
0.00021760774574266
0.000146757585873973
0.000097718746414165
0.000064239687919187
0.000041694057439467
0.000026716957614008
0.000016902025475402
0.0000105566500081974
6.5094715314989e-6
3.9627264982781e-6
2.3815935728711e-6
1.4130668665679e-6
8.2770489333113e-7
4.7863253272502e-7
2.7323657146017e-7
1.5398602316611e-7
8.5669352751719e-8
4.7050811788723e-8
2.5509494674493e-8
1.3652910331611e-8
7.213278766378e-9
3.7620073502585e-9
1.9367843021062e-9
9.8426652307977e-10
4.9375221764459e-10
2.4449232842472e-10
1.1950225176472e-10
5.7654917577229e-11
2.7456215446109e-11
1.2905759778951e-11
5.9876925664898e-12
2.7419703105362e-12
1.2393317015978e-12
5.5287638382172e-13
2.4343229645574e-13
1.0578690923837e-13
4.5371488661537e-14
1.9205480662023e-14
8.023280198557e-15
3.3079339555534e-15
1.3459630830298e-15
5.4047319351705e-16
2.1417708052833e-16
8.375730146698e-17
3.2323331301807e-17
1.2309661204815e-17
4.6259966797191e-18
1.7154826453247e-18
6.2774257765937e-19
2.2666445609819e-19
8.075772075533e-20
2.8390665738564e-20
9.848043795633e-21
3.3705369840942e-21
1.1381898072481e-21
3.7921750290785e-22
1.2465555541474e-22
4.0427404122808e-23
1.293517400019e-23
4.0831188246107e-24
1.2715284548973e-24
3.9062977133091e-25
1.1838604949623e-25
3.5393398357539e-26
1.0438089820558e-26
3.0365971324745e-27
8.713867029746e-28
2.466507100355e-28
6.886387479615e-29
1.8963915171703e-29
5.150883139811e-30
1.379882412697e-30
3.645847990943e-31
9.500367323406e-32
2.4414999768821e-32
6.187803623263e-33
1.5465666144003e-33
3.8119021591324e-34
9.264978460843e-35
2.2205729232206e-35
5.247976431809e-36
1.222962177109e-36
2.8100654873734e-37
6.366341358199e-38
1.4220704496471e-38
3.1318251125867e-39
6.799961041853e-40
1.4555765589298e-40
3.071640612367e-41
6.389977382553e-42
1.3104139309391e-42
2.6490152974985e-43
5.278537034196e-44
1.0367690177818e-44
2.0071313683292e-45
3.829841351777e-46
7.20248963312e-47
1.3349557518007e-47
2.4384777277006e-48
4.389585899296e-49
7.786927119017e-50
1.3612291686981e-50
2.3447878625639e-51
3.979856843361e-52
6.655905487301e-53
1.0967475524529e-53
1.7805323532485e-54
2.8478714024404e-55
4.487470777725e-56
6.965894476413e-57
1.065195176323e-57
1.6045061000664e-58
2.3806528399038e-59
3.479170436237e-60
5.007978926047e-61
7.099674430683e-62
9.912548186514e-63
1.3629649610092e-63
1.8455164336911e-64
2.4607421509764e-65
3.23080063721e-66
4.176675502355e-67
5.316285134982e-68
6.662281050734e-69
8.219676869185e-70
9.983512590937e-71
1.1936810483298e-71
1.4049108232749e-72
1.6275851744091e-73
1.8558886808276e-74
2.0828203782852e-75
2.3004967143767e-76
2.500571423002e-77
2.6747453023048e-78
2.815324971351e-79
2.915779595742e-80
2.971240236682e-81
2.97888906768e-82
2.938195360704e-83
2.850970870967e-84
2.721237015466e-85
2.5549172925957e-86
2.3593877191857e-87
2.142932922493e-88
1.9141639137424e-89
1.6814545542733e-90
1.4524475663079e-91
1.2336689879028e-92
1.0302743645594e-93
8.459332123437e-95
6.828427952972e-96
5.418499702013e-97
4.226519623187e-98
3.240438122929e-99
2.441814785724e-100
1.8083422146128e-101
1.3160665198302e-102
9.411837248349e-104
6.613631180138e-105
4.566082915997e-106
3.097096541351e-107
2.0636749503167e-108
1.3507392157421e-109
8.683864697734e-111
5.483188157717e-112
3.400154302133e-113
2.0705029931443e-114
1.2380289602386e-115
7.268234822646e-117
4.189241033883e-118
2.370361517691e-119
1.3165300829432e-120
7.177076770254e-122
3.839972927345e-123
2.016207236865e-124
1.038797226896e-125
5.251418873375e-127
2.604557503434e-128
1.2672528241258e-129
6.048179824676e-131
2.831247067023e-132
1.2998147865261e-133
5.851863997552e-135
2.583294183185e-136
1.118092301624e-137
4.744192042712e-139
1.973257368084e-140
8.044471424664e-142
3.214092795776e-143
1.2584054672044e-144
4.827670102855e-146
1.814521960762e-147
6.681080447645e-149
2.409586301068e-150
8.511387453562e-152
2.944220882896e-153
9.972450728698e-155
3.307070675347e-156
1.0736010887372e-157
3.411515489613e-159
1.0609696118817e-160
3.228904384458e-162
9.614986775835e-164
2.801091199034e-165
7.982405470192e-167
2.224899239132e-168
6.064543219193e-170
1.616356937723e-171
4.211794641349e-173
1.0728183741474e-174
2.6708635713e-176
6.498005668833e-178
1.544709170671e-179
3.587450871499e-181
8.138250965341e-183
1.80307698199e-184
3.900916215616e-186
8.239826984753e-188
1.699016023254e-189
3.419261982939e-191
6.7150491744e-193
1.286687519063e-194
2.405071179324e-196
4.384663989091e-198
7.795060496827e-200
1.351130628247e-201
2.282907710767e-203
3.7593226219e-205
6.032212916547e-207
9.429825128482e-209
1.435830188558e-210
2.129050480639e-212
3.073701077406e-214
4.319542842881e-216
5.907727020031e-218
7.861651249237e-220
1.0177012321573e-221
1.281269853463e-223
1.568459889883e-225
1.866446333269e-227
2.158547768069e-229
2.425518692092e-231
2.647494254215e-233
2.806346777978e-235
2.888083860772e-237
2.884857581193e-239
2.796189990502e-241
2.629153132998e-243
2.397445196325e-245
2.119528330756e-247
1.816180399522e-249
1.507914555486e-251
1.212714137179e-253
9.444243701921e-256
7.119722564222e-258
5.19401417019e-260
3.665567577207e-262
2.501658198545e-264
1.650481203094e-266
1.0522836206543e-268
6.48089234813e-271
3.85436654002e-273
2.212687209726e-275
1.225644381405e-277
6.548033627689e-280
3.372714475118e-282
1.674119271348e-284
8.004656521466e-287
3.685149616853e-289
1.632771528457e-291
6.959055116754e-294
2.851813665167e-296
1.1231145021119e-298
4.248536031293e-301
1.542913068392e-303
5.376490727779e-306
1.79669235891e-308
5.754683233899e-311
1.765593301607e-313
5.185886594318e-316
1.457312147397e-318
3.915667388587e-321
1.0053123286549e-323
2.464609982803e-326
5.765654290249e-329
1.286157857686e-331
2.733806482908e-334
5.532757524485e-337
1.0653149082768e-339
1.949970656848e-342
3.390249217236e-345
5.593922460788e-348
8.751807597487e-351
1.297112468903e-353
1.819467377647e-356
2.413077940362e-359
3.022854479767e-362
3.57292771701e-365
3.980316878453e-368
4.174504694683e-371
4.116942008203e-374
3.813253912232e-377
3.312954860293e-380
2.696245914604e-383
2.052718750341e-386
1.459829510685e-389
9.683398361998e-393
5.981752747615e-396
3.435548998185e-399
1.831432630239e-402
9.045631137189e-406
4.13170747758e-409
1.741862120295e-412
6.763953534734e-416
2.414096144921e-419
7.901183592475e-423
2.365801853978e-426
6.464316966846e-430
1.607586960436e-433
3.62842835958e-437
7.410872959158e-441
1.365416736599e-444
2.261838236108e-448
3.356784174337e-452
4.446489204834e-456
5.236019874749e-460
5.457768365238e-464
5.012651226894e-468
4.036666414588e-472
2.835212783042e-476
1.72696090337e-480
9.0665422362e-485
4.075392288695e-489
1.55712061659e-493
5.017355571216e-498
1.3517059859298e-502
3.016023653532e-507
5.515754889657e-512
8.173039702938e-517
9.687287899931e-522
9.053961533733e-527
6.565999956713e-532
3.628123513665e-537
1.4961600644403e-542
4.49629008256e-548
9.579522788012e-554
1.4010357539459e-559
1.3539655510957e-565
8.259558906057e-572
3.008160661253e-578
6.10392594682e-585
6.320577693093e-592
2.978337348583e-599
5.469538544694e-607
3.142964519645e-615
4.057196701733e-624
6.796538265851e-634
5.14050488516e-645
1.1467478845098e-658