0.0856321073676686
0.084381312071777
0.0819342378247322
0.0783959782347952
0.073914722361822
0.0686714718714487
0.0628679501699117
0.05671382529043
0.0504143643428354
0.0441595095361499
0.0381151394931906
0.0324169915462804
0.0271674125486646
0.0224348172441635
0.0182554966975751
0.0146372557150191
0.0115642758404503
0.0090025956704717
0.0069056596760043
0.0052194913361146
0.0038871749723989
0.0028524633377014
0.00206244869672123
0.00146933297174015
0.00103140212425487
0.00071335078212721
0.00048611837232014
0.00032639312765953
0.00021592166101488
0.000140735501825605
0.00009037727255858
0.000057181905495702
0.000035644900920792
0.00002189127293002
0.0000132456935947977
7.8959356221409e-6
4.6371662639035e-6
2.6829756395335e-6
1.52929211922892e-6
8.5875315312301e-7
4.750559616331e-7
2.5888920437977e-7
1.38985630481067e-7
7.3503251531412e-8
3.8292844691814e-8
1.9651546001949e-8
9.9342995873775e-9
4.9468926810021e-9
2.4264734164311e-9
1.17235555784469e-9
5.5792612964642e-10
2.6152922422549e-10
1.207486765448e-10
5.4910507694041e-11
2.4594137446415e-11
1.0849325877765e-11
4.7136869003419e-12
2.0169594074909e-12
8.4996979407474e-13
3.5275325018594e-13
1.4417530226019e-13
5.8030187880639e-14
2.3001232748413e-14
8.9778609243733e-15
3.4507196562107e-15
1.3060258285316e-15
4.8673121474074e-16
1.7861250361338e-16
6.4537099276896e-17
2.2959977840213e-17
8.0424294119771e-18
2.7736136454732e-18
9.417519827493e-19
3.1480944854825e-19
1.0360201143971e-19
3.3564966100419e-20
1.0705082645687e-20
3.3609930585919e-21
1.0387398229448e-21
3.1600584808057e-22
9.462807927967e-23
2.7891295692706e-23
8.091482555796e-24
2.3103886527037e-24
6.4927111837025e-25
1.7957157381148e-25
4.8877130975811e-26
1.3092312675444e-26
3.4510821442357e-27
8.951750894667e-28
2.2848606675979e-28
5.7384625436099e-29
1.4180786098837e-29
3.4479311719123e-30
8.248116126847e-31
1.9412120637256e-31
4.4946630029347e-32
1.0237900227053e-32
2.2940225354332e-33
5.0563913370426e-34
1.0962833688108e-34
2.3379047302542e-35
4.9038261809992e-36
1.0116488312232e-36
2.0525459334087e-37
4.0954915781047e-38
8.036198309285e-39
1.5506288056872e-39
2.9421073374936e-40
5.488873720084e-41
1.0068443737307e-41
1.81583290057e-42
3.2196124578601e-43
5.612094530565e-44
9.616547956937e-45
1.6198140577489e-45
2.6818930787893e-46
4.3644184639601e-47
6.980683207126e-48
1.0973212203309e-48
1.695162356218e-49
2.5734014962979e-50
3.8388333573584e-51
5.626817643948e-52
8.103532355702e-53
1.1465938162609e-53
1.59383706437e-54
2.1764686461819e-55
2.9195088164578e-56
3.8467185663285e-57
4.978153558109e-58
6.327280098396e-59
7.897870412529e-60
9.680995555966e-61
1.1652514055285e-61
1.3771491772732e-62
1.5979965037929e-63
1.8204363657437e-64
2.0358743573797e-65
2.2349755598114e-66
2.4083025808026e-67
2.5470384471071e-68
2.6437197187664e-69
2.6928963035919e-70
2.6916374981519e-71
2.6398192554527e-72
2.5401537588081e-73
2.3979551566828e-74
2.2206694842137e-75
2.0172267077416e-76
1.7972936044734e-77
1.5705147068964e-78
1.3458240039089e-79
1.1308940823997e-80
9.317654232488e-82
7.526712335509e-83
5.960471991393e-84
4.626947622706e-85
3.520534072374e-86
2.6253271655155e-87
1.9185782948125e-88
1.3739045244733e-89
9.639924609924e-91
6.626577754476e-92
4.462327497506e-93
2.943386834322e-94
1.9015320291315e-95
1.203057367214e-96
7.453336808923e-98
4.521177202122e-99
2.6849898592836e-100
1.5609082499779e-101
8.881948710342e-103
4.94637604925e-104
2.695659722289e-105
1.4374488731253e-106
7.499264995079e-108
3.827301908378e-109
1.910567749291e-110
9.3277095501e-112
4.45324671029e-113
2.0788020349187e-114
9.486996594436e-116
4.232210893368e-117
1.8453196507271e-118
7.862914313028e-120
3.273738955967e-121
1.3316591852203e-122
5.291388609644e-124
2.0535805123579e-125
7.783165588246e-127
2.880309567151e-128
1.0406273873922e-129
3.669933988655e-131
1.2631670131293e-132
4.242621397597e-134
1.3903016600267e-135
4.444410305245e-137
1.3857262440871e-138
4.213330444001e-140
1.2490611111578e-141
3.609740009679e-143
1.0167750083613e-144
2.790948075878e-146
7.464082606601e-148
1.944541809403e-149
4.93390966898e-151
1.2190275797257e-152
2.932230464081e-154
6.865261834374e-156
1.5642317613867e-157
3.467679528255e-159
7.477868235584e-161
1.5682779049376e-162
3.197997648536e-164
6.33935136905e-166
1.2213013002982e-167
2.286177234198e-169
4.157208362873e-171
7.341624417866e-173
1.2588457512575e-174
2.095232219597e-176
3.384216494585e-178
5.303165083534e-180
8.060194021592e-182
1.1878702951093e-183
1.697004590705e-185
2.349428076259e-187
3.151217711729e-189
4.0935582556e-191
5.148683347138e-193
6.267977171162e-195
7.383375776481e-197
8.412712853209e-199
9.268823782109e-201
9.871229356384e-203
1.0158347148887e-204
1.0097726610406e-206
9.691986180261e-209
8.978972424771e-211
8.025965183656e-213
6.919149500603e-215
5.75064781304e-217
4.605840280308e-219
3.55339860921e-221
2.639563717313e-223
1.887030392745e-225
1.2977304024357e-227
8.5811203266e-230
5.453145665458e-232
3.328724370761e-234
1.95080738244e-236
1.0970561983193e-238
5.916802698161e-241
3.058780089183e-243
1.514833043655e-245
7.18260382169e-248
3.258648738898e-250
1.413714864553e-252
5.861068958323e-255
2.320578479652e-257
8.768494522876e-260
3.159795084529e-262
1.0851358353318e-264
3.548761226579e-267
1.1043396168255e-269
3.267506584134e-272
9.184626412543e-275
2.450580314011e-277
6.200937904838e-280
1.486730091662e-282
3.374306723935e-285
7.242547787108e-288
1.468634924214e-290
2.810587044627e-293
5.070710834364e-296
8.61467915776e-299
1.3765709135075e-301
2.066416609746e-304
2.910356912886e-307
3.840699753308e-310
4.742560844425e-313
5.471812468424e-316
5.89000307741e-319
5.905918108956e-322
5.507289036731e-325
4.767878951531e-328
3.825366086806e-331
2.839013918548e-334
1.945159544491e-337
1.227834555784e-340
7.124907743006e-344
3.792118736872e-347
1.846729438405e-350
8.208074830616e-354
3.320718513933e-357
1.219395042511e-360
4.052046318639e-364
1.2146152935131e-367
3.273164434685e-371
7.901283110623e-375
1.702004737744e-378
3.258189690109e-382
5.518722587361e-386
8.23196440132e-390
1.075906078315e-393
1.2254187203537e-397
1.2091431721453e-401
1.0270359201228e-405
7.457638860932e-410
4.594610976572e-414
2.382024956861e-418
1.0298272802413e-422
3.675990245331e-427
1.0714884250236e-431
2.519307810955e-436
4.713126779417e-441
6.908596358122e-446
7.79774453434e-451
6.644239982531e-456
4.177804544558e-461
1.888206915228e-466
5.948195028469e-472
1.2593433499372e-477
1.715416724628e-483
1.4255203686817e-489
6.765589416253e-496
1.6865649962773e-502
1.9797366156575e-509
9.439561641903e-517
1.4830907689308e-524
5.59947116385e-533
3.012492023074e-542
8.453784112211e-553
9.234868890732e-566