0.0614002494023323
0.0609382527690174
0.0600246593911003
0.0586798799383701
0.0569335779720438
0.0548235825629806
0.0523945270603596
0.0496962823559153
0.046782261294335
0.043707674386653
0.040527815653757
0.037296451578362
0.034064376404753
0.030878184269371
0.027779293905672
0.0248032460448048
0.0219792782070575
0.0193301673183692
0.0168723182897228
0.0146160669445909
0.01256615880984
0.0107223613969603
0.0090801665713152
0.0076315411315635
0.0063656873570368
0.0052697805006829
0.0043296564497846
0.0035304295011621
0.0028570269105363
0.0022946331673453
0.0018290425053894
0.0014469227796965
0.00113599741559933
0.00088515465197109
0.00068449481560206
0.00052532699151987
0.0004001263437863
0.00030246265919654
0.00022690959993719
0.00016894281711413
0.0001248336317603
0.000091543545050137
0.000066623479501578
0.000048120435995791
0.000034493211582834
0.000024537974117604
0.00001732382971115
0.000012138034190312
8.440169210877e-6
5.8244024522901e-6
3.9888534706737e-6
2.7110673922159e-6
1.8286352501063e-6
1.224073241058e-6
8.131679327816e-7
5.3609846890248e-7
3.5075131928756e-7
2.2774214319391e-7
1.4674919837101e-7
9.38415551642e-8
5.9552588097611e-8
3.7505150235596e-8
2.3440389523466e-8
1.4538553034021e-8
8.948675740056e-9
5.4660845294004e-9
3.3133906361655e-9
1.9931793631873e-9
1.1898611004049e-9
7.048893888421e-10
4.1439943926698e-10
2.4176279215713e-10
1.3996856208665e-10
8.041570441836e-11
4.5847868236487e-11
2.5939636541899e-11
1.4563763674829e-11
8.114221720719e-12
4.4862360651043e-12
2.4613753706616e-12
1.3400854956754e-12
7.240099271621e-13
3.8816136199823e-13
2.0650674494981e-13
1.0902063385408e-13
5.711287645889e-14
2.9689887987442e-14
1.5315478942942e-14
7.839680907497e-15
3.9820822972559e-15
2.0070784920665e-15
1.0038272513526e-15
4.981868972923e-16
2.4533668373754e-16
1.198857882228e-16
5.813076922186e-17
2.7968920247648e-17
1.3352871906164e-17
6.32559062878e-18
2.9733973013316e-18
1.3868461527405e-18
6.41837535097e-19
2.9474157234335e-19
1.3429971624018e-19
6.071893439297e-20
2.7238704267173e-20
1.2124389867376e-20
5.354788863495e-21
2.3465599970993e-21
1.0202947373282e-21
4.401716826881e-22
1.8841644133452e-22
8.002275311298e-23
3.3721268546647e-23
1.4098981703545e-23
5.848745177853e-24
2.4072789708363e-24
9.830521284481e-25
3.98300351332e-25
1.6011294116902e-25
6.385888774642e-26
2.5269286223159e-26
9.920620270254e-27
3.864171553475e-27
1.4932865785376e-27
5.725277743658e-28
2.1777800497496e-28
8.218506897448e-29
3.077022412876e-29
1.142942995275e-29
4.211841116327e-30
1.5398208203869e-30
5.584913715927e-31
2.0095928208648e-31
7.173683642469e-32
2.5404819725659e-32
8.925384539752e-33
3.11079810966e-33
1.0755928635337e-33
3.689370680584e-34
1.2553997557532e-34
4.237738976765e-35
1.4190764836257e-35
4.714046224625e-36
1.5534428261919e-36
5.078167929766e-37
1.6467440707593e-37
5.297235920089e-38
1.6903379590154e-38
5.350515592339e-39
1.6800120486894e-39
5.232637107347e-40
1.6166538958762e-40
4.954484078913e-41
1.5061265793171e-41
4.541536793129e-42
1.3583734333681e-42
4.030019257799e-43
1.1859414764923e-43
3.4616579751e-44
1.0022275872711e-44
2.878103186989e-45
8.19786308045e-46
2.3160381424883e-46
6.489898832351e-47
1.8037390841978e-47
4.972209772595e-48
1.3594443910798e-48
3.686430405978e-49
9.914698248372e-50
2.644710161828e-50
6.996776649215e-51
1.8358427302727e-51
4.777345354527e-52
1.232956159072e-52
3.155837030124e-53
8.010940587136e-54
2.0167427580002e-54
5.035140177705e-55
1.2467020433001e-55
3.061256873014e-56
7.454504669109e-57
1.8001786776625e-57
4.311080148504e-58
1.0238257956875e-58
2.411189361624e-59
5.631156699867e-60
1.3041293807321e-60
2.994995788278e-61
6.820557716247e-62
1.5402362091665e-62
3.449007492479e-63
7.658361841208e-64
1.6861961576972e-64
3.681342956432e-65
7.969405010693e-66
1.7106548334861e-66
3.640920103824e-67
7.683649472536e-68
1.6077810506597e-68
3.335681146749e-69
6.86176246399e-70
1.3995086318112e-70
2.830084657999e-71
5.674170393027e-72
1.1279232308885e-72
2.222931177758e-73
4.343470232653e-74
8.414088043295e-75
1.6159637037339e-75
3.07684372811e-76
5.807958005414e-77
1.0868773879197e-77
2.016376031223e-78
3.708439323876e-79
6.76136313627e-80
1.2220683420565e-80
2.189624038612e-81
3.889117606746e-82
6.847541399723e-83
1.1951292750707e-83
2.067693931021e-84
3.546036933289e-85
6.02809839787e-86
1.0157618342378e-86
1.696571987033e-87
2.808767934847e-88
4.60910787413e-89
7.496690393384e-90
1.2085598594347e-90
1.931109062951e-91
3.058296590072e-92
4.800435458925e-93
7.467993604348e-94
1.1514457902634e-94
1.75951615208e-95
2.664692655405e-96
3.999437886139e-97
5.94898080199e-98
8.769437340461e-99
1.2810915558599e-99
1.854648305765e-100
2.660783640147e-101
3.782838003108e-102
5.329416449226e-103
7.44027187021e-104
1.0292920959028e-104
1.4109855381179e-105
1.916610833584e-106
2.579681435689e-107
3.440426196504e-108
4.546379214372e-109
5.952775184335e-110
7.722658591749e-111
9.926606156355e-112
1.2641958738456e-112
1.595146362506e-113
1.994124272894e-114
2.469802832232e-115
3.030564629618e-116
3.684077732121e-117
4.436808708358e-118
5.293488486669e-119
6.256554050147e-120
7.325595709259e-121
8.496845392047e-122
9.762745306813e-123
1.1111637750458e-123
1.2527615165169e-124
1.399056440305e-125
1.547643044829e-126
1.695771282047e-127
1.840419316564e-128
1.97838761127e-129
2.106410860787e-130
2.221282710631e-131
2.31998687153e-132
2.399827305877e-133
2.458549740751e-134
2.494446921402e-135
2.506440780643e-136
2.49413602518e-137
2.457841435483e-138
2.398557298109e-139
2.317929660599e-140
2.218174324035e-141
2.101975475747e-142
1.972365446418e-143
1.832593124975e-144
1.68598900756e-145
1.535834679429e-146
1.385243775701e-147
1.23706023471e-148
1.093778081457e-149
9.574852158497e-151
8.298318934698e-152
7.120229258256e-153
6.048312165502e-154
5.086291780162e-155
4.234338864939e-156
3.489615397611e-157
2.846868490645e-158
2.299033692702e-159
1.837813700368e-160
1.454205918586e-161
1.138960302457e-162
8.829567490934e-164
6.774983931691e-165
5.14523079705e-166
3.867398129993e-167
2.87700051114e-168
2.118154102047e-169
1.543338430699e-170
1.112859039427e-171
7.941157330976e-173
5.607655217906e-174
3.918517500234e-175
2.709532114946e-176
1.853906376019e-177
1.255137052148e-178
8.408008632166e-180
5.5729160085e-181
3.65466702126e-182
2.371251557548e-183
1.52216027941e-184
9.66683788176e-186
6.073486138003e-187
3.774934205596e-188
2.321060943272e-189
1.411749056842e-190
8.493959216499e-192
5.055130160113e-193
2.975854733985e-194
1.732750125291e-195
9.97912569027e-197
5.684192886465e-198
3.202227629235e-199
1.784143956025e-200
9.83080324022e-202
5.356937140382e-203
2.886685340465e-204
1.538241430178e-205
8.105474222827e-207
4.22326002183e-208
2.175801013647e-209
1.108354974333e-210
5.582300326463e-212
2.779766455784e-213
1.368517218498e-214
6.660778757668e-216
3.204928654164e-217
1.524460066122e-218
7.1680935594e-220
3.331706108373e-221
1.530701380557e-222
6.951207836546e-224
3.120047500972e-225
1.384134421431e-226
6.068709349969e-228
2.629663410498e-229
1.12609328538e-230
4.765444875916e-232
1.992836984596e-233
8.2349995237e-235
3.362505212114e-236
1.356606548545e-237
5.407795293574e-239
2.129833575484e-240
8.2873131198e-242
3.185722207922e-243
1.209793969954e-244
4.538448634705e-246
1.681817724014e-247
6.156143942969e-249
2.225766742366e-250
7.948297718697e-252
2.803332416663e-253
9.76479919145e-255
3.359095671047e-256
1.141126279524e-257
3.828063191708e-259
1.268061062679e-260
4.147614388905e-262
1.339476223033e-263
4.27101607245e-265
1.344522036879e-266
4.17855341347e-268
1.281993803469e-269
3.882650290841e-271
1.16073552783e-272
3.425161274015e-274
9.97588493366e-276
2.867637336957e-277
8.135400853e-279
2.277691921227e-280
6.292909275567e-282
1.715644896896e-283
4.61531728752e-285
1.225046400136e-286
3.208179944782e-288
8.28892660623e-290
2.112755527031e-291
5.312382704863e-293
1.317638225785e-294
3.22364416806e-296
7.77891868974e-298
1.851354191157e-299
4.345448895153e-301
1.005845118884e-302
2.295911623564e-304
5.167527958368e-306
1.146805881334e-307
2.509296351966e-309
5.413078018607e-311
1.151176683738e-312
2.413347626572e-314
4.98715159194e-316
1.015814427243e-317
2.039291855687e-319
4.034794451301e-321
7.86708832328e-323
1.511577822225e-324
2.861830414488e-326
5.338594409567e-328
9.81187670834e-330
1.776607752512e-331
3.168963569855e-333
5.568019946765e-335
9.63637042428e-337
1.642579452445e-338
2.75746626784e-340
4.558640814326e-342
7.421163402521e-344
1.189569614903e-345
1.877407094825e-347
2.917070476384e-349
4.461943690211e-351
6.718285137696e-353
9.95676165395e-355
1.452348783803e-356
2.08489567931e-358
2.945272090888e-360
4.094123532171e-362
5.599603335115e-364
7.53495020277e-366
9.97461025857e-368
1.298880362569e-369
1.663661186155e-371
2.095789171893e-373
2.596458158265e-375
3.163222485869e-377
3.789274403412e-379
4.462960978878e-381
5.167651547377e-383
5.882045764357e-385
6.58097326953e-387
7.236681514641e-389
7.82054458726e-391
8.30506183439e-393
8.66596125129e-395
8.88418912381e-397
8.94756207215e-399
8.8518839861e-401
8.60138656941e-403
8.2084310853e-405
7.6924988081e-407
7.078584699405e-409
6.395179287239e-411
5.672066877381e-413
4.938178219049e-415
4.219712627967e-417
3.538694012611e-419
2.912057168234e-421
2.351287094122e-423
1.862566630197e-425
1.447335660255e-427
1.103133953974e-429
8.24590634127e-432
6.044336740465e-434
4.344174836336e-436
3.060990118748e-438
2.114265140398e-440
1.431350692341e-442
9.496579442e-445
6.174014431435e-447
3.932704692695e-449
2.454039268429e-451
1.499963141661e-453
8.97904630507e-456
5.263458505102e-458
3.020950155399e-460
1.697408724262e-462
9.33551116729e-465
5.024999077638e-467
2.646772364298e-469
1.364003586573e-471
6.876499379683e-474
3.39082973883e-476
1.635173979896e-478
7.71033229013e-481
3.554381856016e-483
1.601646287553e-485
7.053575152482e-488
3.035426193028e-490
1.276215976183e-492
5.241409505854e-495
2.102401030437e-497
8.23473331159e-500
3.148993558786e-502
1.175446239377e-504
4.282149043054e-507
1.522182581021e-509
5.278789010016e-512
1.785581672287e-514
5.89002151013e-517
1.894341416196e-519
5.9390209075e-522
1.814663927268e-524
5.402693284924e-527
1.566980587543e-529
4.426504995767e-532
1.217602537533e-534
3.26061031879e-537
8.49847154264e-540
2.155407356142e-542
5.318151877383e-545
1.276231096037e-547
2.978019845056e-550
6.755321848923e-553
1.489269185321e-555
3.19003546658e-558
6.637389509624e-561
1.341098717623e-563
2.630666377191e-566
5.00829646233e-569
9.25142857638e-572
1.657658091889e-574
2.880175041963e-577
4.85119125356e-580
7.91860518199e-583
1.252224637402e-585
1.917824025517e-588
2.843708315141e-591
4.08098496622e-594
5.66629818418e-597
7.60914803418e-600
9.87914326539e-603
1.23962495488e-605
1.502750271702e-608
1.759312375838e-611
1.988333569022e-614
2.168464978075e-617
2.281157673096e-620
2.313751673205e-623
2.261785462561e-626
2.129951302414e-629
1.931423406968e-632
1.685684207211e-635
1.415345521405e-638
1.142688799827e-641
8.86664526271e-645
6.609033164607e-648
4.729766283503e-651
3.248140844582e-654
2.1393796501e-657
1.350694234912e-660
8.16948070005e-664
4.730919697997e-667
2.621495593918e-670
1.38911043092e-673
7.034493273462e-677
3.402153986194e-680
1.57039527023e-683
6.913506263178e-687
2.900774839501e-690
1.159148038532e-693
4.408051144461e-697
1.594046732983e-700
5.477165748914e-704
1.786710618429e-707
5.528764058622e-711
1.621428527622e-714
4.50268705703e-718
1.182893143969e-721
2.936982545729e-725
6.885059378808e-729
1.522363112184e-732
3.171549420318e-736
6.218558313186e-740
1.14624733676e-743
1.98392371713e-747
3.220315785351e-751
4.896073529119e-755
6.963084730024e-759
9.25051762461e-763
1.146368167015e-766
1.323227485862e-770
1.420462717482e-774
1.415843349964e-778
1.308177121707e-782
1.118481598175e-786
8.83312032031e-791
6.431310858422e-795
4.30848565714e-799
2.650266529558e-803
1.493659723516e-807
7.695255389409e-812
3.615488848002e-816
1.545236027293e-820
5.991858851151e-825
2.102142321287e-829
6.653134703932e-834
1.893711888508e-838
4.831797924423e-843
1.101317618369e-847
2.234281321003e-852
4.018833139793e-857
6.382760005174e-862
8.91163454019e-867
1.088713707454e-871
1.157991640921e-876
1.066613708086e-881
8.459098518225e-887
5.74081611991e-892
3.311803285297e-897
1.612399223554e-902
6.573743279677e-908
2.22539260279e-913
6.197900764007e-919
1.405856832572e-924
2.568513117634e-930
3.733884019269e-936
4.260938738799e-942
3.75996625505e-948
2.522875483305e-954
1.263085865018e-960
4.61858583117e-967
1.203772624105e-973
2.174654900087e-980
2.636159721245e-987
2.064509304207e-994
9.986762248037e-1002
2.827458342523e-1009
4.387426359721e-1017
3.439091163696e-1025
1.2277189110221e-1033
1.74337258698e-1042
8.198848605954e-1052
9.84880717727e-1062
2.041068642862e-1072
3.807427278203e-1084
1.825312176444e-1097
8.755071727663e-1114