0.0827324699015595
0.0816041790517802
0.0793935289642753
0.0761892819936362
0.0721171211223552
0.0673314787619677
0.0620058441260927
0.0563223947174141
0.0504618092229498
0.0445940409169903
0.0388706780806413
0.0334193148642569
0.0283401306371115
0.0237046563195031
0.0195565166506164
0.0159137951718697
0.0127725829703878
0.0101112436682529
0.0078949493593178
0.0060801036960972
0.0046183549726609
0.003459999417864
0.0025566702674612
0.00186329177717563
0.00133934302360516
0.00094952152770614
0.0006639218691352
0.00045785219192206
0.00031140578012878
0.0002088900984251
0.000138196008359441
0.000090168766786652
0.000058022462219702
0.000036822380342986
0.000023046204550734
0.0000142250846122658
8.6591272623224e-6
5.1982002727407e-6
3.0774229962306e-6
1.7966862402856e-6
1.03443589919384e-6
5.8732235639056e-7
3.2884123830908e-7
1.815632189504e-7
9.8854459643019e-8
5.3074543181971e-8
2.8099109331865e-8
1.4669310216779e-8
7.5514806158669e-9
3.8331349925936e-9
1.9185356502855e-9
9.4683310685657e-10
4.607429649434e-10
2.210647465153e-10
1.0458018865118e-10
4.8780025591325e-11
2.2433172017315e-11
1.0171585700014e-11
4.5470431032547e-12
2.0040331258219e-12
8.7078108164345e-13
3.7302165926783e-13
1.5753340594569e-13
6.5586923450536e-14
2.6919075174083e-14
1.0891644188516e-14
4.3441939188888e-15
1.7080448936809e-15
6.6199606514414e-16
2.5291184396594e-16
9.524276629877e-17
3.5353726686414e-17
1.2935103623924e-17
4.6647367027742e-18
1.6580503652177e-18
5.8086119051036e-19
2.005587474316e-19
6.824893161839e-20
2.2888922430403e-20
7.565195662054e-21
2.4641675804052e-21
7.9097971081e-22
2.5020448541529e-22
7.799179849123e-23
2.3956102849885e-23
7.250799930463e-24
2.162455405216e-24
6.354606813104e-25
1.8399207939783e-25
5.2488837761178e-26
1.4753004214618e-26
4.0853360131478e-27
1.1145430714831e-27
2.9955423663956e-28
7.931424854039e-29
2.0687667326575e-29
5.3154941121136e-30
1.3453479810843e-30
3.3540642346786e-31
8.236459593662e-32
1.9921807204634e-32
4.7459393242999e-33
1.1135431550714e-33
2.5731747961349e-34
5.855913319021e-35
1.3124073635598e-35
2.89652113647e-36
6.29511875251e-37
1.3472099738214e-37
2.8389355977228e-38
5.890460208426e-39
1.2033741709854e-39
2.4204384627601e-40
4.793063932971e-41
9.344195479168e-42
1.7933440204345e-42
3.3881417162886e-43
6.301135692251e-44
1.1535016516344e-44
2.0784631240135e-45
3.6861542256846e-46
6.434190032095e-47
1.1053132149384e-47
1.8686570091023e-48
3.1089088855697e-49
5.089811914941e-50
8.199582491801e-51
1.2997465895622e-51
2.0271365270024e-52
3.1106048592802e-53
4.695957275339e-54
6.974298319851e-55
1.0189511842e-55
1.4644071029598e-56
2.070163790201e-57
2.878462591228e-58
3.936477384607e-59
5.294491158294e-60
7.003057783994e-61
9.109103535878e-62
1.1651052240555e-62
1.4653220408287e-63
1.811990737833e-64
2.2029774654172e-65
2.6331236120395e-66
3.093963309575e-67
3.573691658978e-68
4.057438737543e-69
4.527875488245e-70
4.966139309916e-71
5.353024216733e-72
5.670339122001e-73
5.902305094511e-74
6.036844682399e-75
6.066617994577e-76
5.989682549392e-77
5.809694768371e-78
5.535624857023e-79
5.181015635212e-80
4.762870579318e-81
4.300298500369e-82
3.813065729647e-83
3.320208587417e-84
2.838840194286e-85
2.3832506557138e-86
1.9643549794213e-87
1.589496396204e-88
1.2625711530632e-89
9.844097123348e-91
7.533315468005e-92
5.657866880561e-93
4.170049468944e-94
3.015898593472e-95
2.1401487703146e-96
1.4900027281689e-97
1.0176764103542e-98
6.81828369074e-100
4.480699313879e-101
2.887912608673e-102
1.8253721260511e-103
1.1313812406843e-104
6.875705169987e-106
4.096719186099e-107
2.392903691685e-108
1.3700711971554e-109
7.688616089813e-111
4.228613295815e-112
2.2790273813152e-113
1.203536577069e-114
6.227059160426e-116
3.156281739032e-117
1.5670832744971e-118
7.620539713764e-120
3.629191193303e-121
1.692453923627e-122
7.727846130077e-124
3.454503860257e-125
1.5116413552413e-126
6.474365698754e-128
2.713812360722e-129
1.11312645191e-130
4.467231530019e-132
1.7539130330855e-133
6.735949446652e-135
2.530203456149e-136
9.294408604443e-138
3.338418039521e-139
1.1723421184124e-140
4.024425058254e-142
1.350297134249e-143
4.427617692093e-145
1.4186145629201e-146
4.440680336924e-148
1.3578808198551e-149
4.055421929313e-151
1.1827877672564e-152
3.368271112054e-154
9.36415578187e-156
2.541103704741e-157
6.7297348052e-159
1.739096791006e-160
4.384570116589e-162
1.0782853900867e-163
2.586238385558e-165
6.04860055274e-167
1.379160545521e-168
3.065271805177e-170
6.639519891878e-172
1.401314825979e-173
2.881260148792e-175
5.770212304103e-177
1.1253224352429e-178
2.136730451152e-180
3.949300333325e-182
7.103897034652e-184
1.2433286090977e-185
2.116863763725e-187
3.505264050314e-189
5.643788093133e-191
8.833690281965e-193
1.343793610283e-194
1.98626562091e-196
2.852001727092e-198
3.977051183788e-200
5.384688284429e-202
7.076764722462e-204
9.025437339793e-206
1.1167171768066e-207
1.340106373106e-209
1.559314309248e-211
1.758737259127e-213
1.922264302102e-215
2.035350729127e-217
2.087112155314e-219
2.072030434922e-221
1.990905825984e-223
1.850831490432e-225
1.664174065336e-227
1.446762209012e-229
1.2156527036798e-231
9.86914986006e-234
7.738345047122e-236
5.858022943901e-238
4.27977856201e-240
3.016389275379e-242
2.050094051249e-244
1.343076162476e-246
8.477809493048e-249
5.153875339051e-251
3.016183240274e-253
1.698464417458e-255
9.19869734941e-258
4.789148010758e-260
2.395728618284e-262
1.1509171446008e-264
5.307026590722e-267
2.34761421893e-269
9.957069210515e-272
4.046877127842e-274
1.57521419206e-276
5.868545489337e-279
2.091342684592e-281
7.124403848984e-284
2.3185527869e-286
7.203416788475e-289
2.135070531526e-291
6.032922286909e-294
1.623921368338e-296
4.160962099026e-299
1.0140820207363e-301
2.348826018727e-304
5.166105016972e-307
1.0780381218659e-309
2.132428718018e-312
3.994679329207e-315
7.080103123742e-318
1.1860850285963e-320
1.876131311898e-323
2.799096203488e-326
3.93457798477e-329
5.204803699556e-332
6.471680707076e-335
7.554338449904e-338
8.267624767495e-341
8.471987936974e-344
8.117102047439e-347
7.260937729948e-350
6.05477235943e-353
4.699205032936e-356
3.388826175503e-359
2.26681508706e-362
1.403889250061e-365
8.034699173771e-369
4.24087833286e-372
2.060047468096e-375
9.18909735523e-379
3.755184924471e-382
1.402448937537e-385
4.774368234614e-389
1.477510196931e-392
4.144525719698e-396
1.0505546234815e-399
2.398560348684e-403
4.915542447169e-407
9.00918004001e-411
1.470925883344e-414
2.130447478932e-418
2.725088391385e-422
3.063616151281e-426
3.011551261683e-430
2.574144718009e-434
1.901750510887e-438
1.2064974539278e-442
6.526530613187e-447
2.987289118231e-451
1.1472416666516e-455
3.662719042944e-460
9.622856185261e-465
2.057153713415e-469
3.533923059378e-474
4.810639342679e-479
5.108351491376e-484
4.15696002192e-489
2.540404535883e-494
1.1391464582062e-499
3.648648687397e-505
8.08922623154e-511
1.1960529864167e-516
1.1279565658386e-522
6.4259761165e-529
2.067333098328e-535
3.447777495058e-542
2.665705038138e-549
8.21537746329e-557
8.148398410669e-565
1.8833500312485e-573
5.943662492238e-583
9.160375978454e-594
4.84187664964e-607