0.0809553968815592
0.0798980923820081
0.0778247113658058
0.0748150432054268
0.070982345791276
0.0664662792984327
0.0614244805713007
0.0560234849378562
0.0504297193936244
0.044801234886264
0.039280727210281
0.033990233919454
0.0290277106230783
0.024465506506299
0.0203505958269897
0.0167062945350627
0.0135351078380859
0.0108223177735614
0.0085399260668772
0.0066506087274597
0.0051114042777351
0.0038769357216033
0.0029020466449251
0.00214380549167763
0.00156289302330251
0.00112443300980975
0.00079835464486701
0.00055938837069196
0.00038679743558049
0.00026393894654053
0.000177733859883928
0.000118108355760957
0.000077451829981625
0.000050121042928535
0.000032006818924201
0.000020169515240834
0.0000125422476634767
7.6962394734975e-6
4.6601648413522e-6
2.7844511437982e-6
1.6416839232107e-6
9.5509595076943e-7
5.4828676840684e-7
3.105757256329e-7
1.735888409349e-7
9.5733979019744e-8
5.209496840536e-8
2.7970874866676e-8
1.4818084033014e-8
7.7454883627287e-9
3.9945808316115e-9
2.0326100597698e-9
1.02045076931775e-9
5.0545179276829e-10
2.4700831632197e-10
1.1909181073389e-10
5.6648046019808e-11
2.6583661000083e-11
1.2307375683503e-11
5.621222957774e-12
2.5328216383195e-12
1.125849879337e-12
4.9368731035851e-13
2.1355632758455e-13
9.112870610215e-14
3.8359541103524e-14
1.5927957127562e-14
6.5239127367582e-15
2.6357874753391e-15
1.0504115419474e-15
4.129029361228e-16
1.6009149661287e-16
6.1222725002959e-17
2.3092625272731e-17
8.590971066934e-18
3.1521828831954e-18
1.1407028706869e-18
4.0711517054015e-19
1.4329702522513e-19
4.9742038791343e-20
1.702816128093e-20
5.7485830101935e-21
1.9137875090169e-21
6.282859124437e-22
2.0339596326944e-22
6.492908799395e-23
2.0438012821153e-23
6.343525753916e-24
1.941357713841e-24
5.85805226062e-25
1.7428643679429e-25
5.1124176275974e-26
1.4785329351481e-26
4.2156742534517e-27
1.1850146445532e-27
3.2839016044904e-28
8.971297649578e-29
2.4160611387613e-29
6.414115207041e-30
1.6785345210993e-30
4.3298896630024e-31
1.1009424055578e-31
2.7591900593491e-32
6.815782865391e-33
1.6594137832552e-33
3.9818600934542e-34
9.416663061453e-35
2.1946991915127e-35
5.040886884077e-36
1.1409844984451e-36
2.5449548091437e-37
5.593639408408e-38
1.2114605162272e-38
2.5852981619797e-39
5.436064181043e-40
1.126203538591e-40
2.2987577132535e-41
4.622734518348e-42
9.158395673591e-43
1.7874735141439e-43
3.4367225086431e-44
6.50906550379e-45
1.214357694199e-45
2.2315813347356e-46
4.039252571224e-47
7.201042786389e-48
1.2643856374274e-48
2.1864370708297e-49
3.7234965260504e-50
6.244598683977e-51
1.0312894553161e-51
1.6771106804845e-52
2.6855324103058e-53
4.234174962317e-54
6.572928530409e-55
1.0045752735319e-55
1.511544892e-56
2.2390093360112e-57
3.2648866783674e-58
4.686390785421e-59
6.621366993066e-60
9.208225306429e-61
1.2603856092203e-61
1.6978918014377e-62
2.2509988218726e-63
2.9368282938218e-64
3.770500199325e-65
4.763381196297e-66
5.921152328559e-67
7.241857215082e-68
8.714140143969e-69
1.0315914587874e-69
1.2013706811528e-70
1.3762889124345e-71
1.5508949999176e-72
1.7189846771651e-73
1.8739360645284e-74
2.0091239001664e-75
2.1183786372685e-76
2.1964473611359e-77
2.2394092647521e-78
2.2450002991005e-79
2.2128097750991e-80
2.144325280922e-81
2.0428194791114e-82
1.9130906817068e-83
1.7610858522158e-84
1.5934473871705e-85
1.4170319185791e-86
1.2384496797727e-87
1.0636670160408e-88
8.977037052877e-90
7.444428759664e-91
6.065567447171e-92
4.855382799548e-93
3.818188755488e-94
2.949461288845e-95
2.2379403402639e-96
1.6677982536882e-97
1.2206636967474e-98
8.773521173457e-100
6.19219571129e-101
4.291165813088e-102
2.919660731195e-103
1.9502132498508e-104
1.2787632266125e-105
8.230415103517e-107
5.199261753856e-108
3.223400516352e-109
1.9611162087297e-110
1.1707716304274e-111
6.857782246598e-113
3.940943075498e-114
2.221689787952e-115
1.2285554263319e-116
6.663385337145e-118
3.544411687507e-119
1.8488518600449e-120
9.456444937777e-122
4.742201952906e-123
2.331398475683e-124
1.1235558065997e-125
5.307270513829e-127
2.456984293487e-128
1.1146631287177e-129
4.955070904245e-131
2.158118700051e-132
9.208175179355e-134
3.848553326963e-135
1.5754308653922e-136
6.31583261223e-138
2.479374305521e-139
9.529802057215e-141
3.585958822879e-142
1.3208543503563e-143
4.761903470512e-145
1.6800774080273e-146
5.800257396376e-148
1.959205160574e-149
6.473986815573e-151
2.092505792447e-152
6.614657172595e-154
2.044729143743e-155
6.180065322043e-157
1.826077927005e-158
5.274164823042e-160
1.4887934858492e-161
4.106755325476e-163
1.106835382175e-164
2.914219592298e-166
7.494638608214e-168
1.882354310799e-169
4.616430239105e-171
1.1053409429014e-172
2.583455654758e-174
5.893171262824e-176
1.3118003120342e-177
2.848938680702e-179
6.035593834932e-181
1.247102017043e-182
2.512761364379e-184
4.936153591421e-186
9.452217770634e-188
1.764023924994e-189
3.207875689856e-191
5.683135574577e-193
9.806849780165e-195
1.647988125049e-196
2.696324175807e-198
4.294300035115e-200
6.656133210091e-202
1.0038442266924e-203
1.47274964921e-205
2.101413748285e-207
2.91550730529e-209
3.932190805392e-211
5.154290634451e-213
6.564642057441e-215
8.121811333396e-217
9.758524778665e-219
1.1383934607754e-220
1.289029405041e-222
1.416375457603e-224
1.509800714992e-226
1.560862286028e-228
1.564547651565e-230
1.520075484748e-232
1.431079884727e-234
1.305125865941e-236
1.1526442494709e-238
9.854944341772e-241
8.154318032626e-243
6.527564118293e-245
5.053553776177e-247
3.782454868172e-249
2.736069738003e-251
1.912048838809e-253
1.290409043358e-255
8.407111359015e-258
5.28551907702e-260
3.2053564037e-262
1.87428242804e-264
1.0562862052096e-266
5.734946696024e-269
2.998382528652e-271
1.508892871852e-273
7.305371770302e-276
3.401201975099e-278
1.522008087334e-280
6.543025247233e-283
2.700810967039e-285
1.0698787638656e-287
4.06503508946e-290
1.480612589158e-292
5.16674783273e-295
1.72637849608e-297
5.51994295897e-300
1.687882600544e-302
4.93264937037e-305
1.376770652549e-307
3.667673073556e-310
9.318855279819e-313
2.256645151446e-315
5.204376202018e-318
1.1422059396968e-320
2.383665346648e-323
4.726229277867e-326
8.895790907362e-329
1.588085330346e-331
2.686511823568e-334
4.302509169017e-337
6.517050089706e-340
9.326946081104e-343
1.259894109292e-345
1.604593543524e-348
1.924620069922e-351
2.171540110044e-354
2.302013001252e-357
2.289908494294e-360
2.13466758262e-363
1.862310727146e-366
1.518333054912e-369
1.1551328890639e-372
8.18796425973e-376
5.398814688699e-379
3.305728602412e-382
1.876360824774e-385
9.854713780578e-389
4.779800909853e-392
2.136644077783e-395
8.783860518094e-399
3.31357204871e-402
1.1443029379849e-405
3.608611601334e-409
1.0364668973766e-412
2.703861431491e-416
6.387857563679e-420
1.362449932886e-423
2.614876530217e-427
4.500166202733e-431
6.918890460297e-435
9.465678944875e-439
1.1474505006182e-442
1.2269113540617e-446
1.151534119358e-450
9.4374355825e-455
6.715805105771e-459
4.124452053843e-463
2.17168147129e-467
9.733710478042e-472
3.684895536066e-476
1.1682405368512e-480
3.072806090321e-485
6.63676053016e-490
1.1637004039876e-494
1.635623476564e-499
1.816893530634e-504
1.569875942849e-509
1.03626849341e-514
5.119729471274e-520
1.849145367575e-525
4.751298931724e-531
8.412630602482e-537
9.884503539181e-543
7.366239197458e-549
3.295231403827e-555
8.263990167399e-562
1.0653035219071e-568
6.302968275155e-576
1.468524994725e-583
1.0845625427046e-591
1.8300072478349e-600
4.101981733482e-610
4.3040337448e-621
1.4277154221711e-634