0.19120062497846793
0.1774995496964675
0.1529660443654391
0.12236194224535363
0.09084408637418318
0.06258538240390123
0.04000215617312948
0.023714690293508266
0.013036021883614253
0.006642270175884444
0.0031358975655376977
0.0013711669594184208
0.0005549959379838455
0.00020783849443716895
0.00007196837272367269
0.00002302798053013063
6.803973774704623e-6
1.8549414274389078e-6
4.6622930297370357e-7
1.0794018969942802e-7
2.29965884278981e-8
4.50392238446099e-9
8.099955620100864e-10
1.336041539525989e-10
2.0185811443148396e-11
2.789743163024253e-12
3.521546861719256e-13
4.053843192976731e-14
4.248421657479697e-15
4.045987234911373e-16
3.4946872798000356e-17
2.7319104369659e-18
1.9284904334361493e-19
1.2263229445163135e-20
7.006316485832635e-22
3.586270541792614e-23
1.6395930158211628e-24
6.673135974237613e-26
2.40914927026879e-27
7.684929181293588e-29
2.1567929048212185e-30
5.300877812241258e-32
1.1351213650894185e-33
2.1059885157864053e-35
3.3643504079348695e-37
4.596222175318619e-39
5.328976035212538e-41
5.199097653278448e-43
4.22760373774303e-45
2.834268493524924e-47
1.547454646689508e-49
6.78408141986393e-52
2.349456824441524e-54
6.30616554445164e-57
1.282642726623057e-59
1.924376111354649e-62
2.061137655159848e-65
1.513472668300988e-68
7.23855034396323e-72
2.109698803003862e-75
3.42570324553623e-79
2.731338604948733e-83
8.84668286317013e-88
8.52328242014557e-93
1.348142681408678e-98
7.68427665163644e-106