0.0531486566978657
0.0528488569043798
0.0522543201324225
0.0513750298107892
0.0502256111597333
0.0488249266269079
0.0471955612154516
0.0453632173175418
0.043356041687494
0.041203909124132
0.038937688219605
0.036588514173358
0.034187092230526
0.031763052905008
0.029344376956561
0.026956904310091
0.024623936955462
0.022365941574765
0.020200353429744
0.0181414791030016
0.016200492190028
0.0143855131140873
0.0127017619695228
0.0111517717345664
0.0097356483340512
0.0084513638398957
0.0072950695058833
0.0062614162522885
0.0053438715386719
0.004535023175399
0.0038268624116837
0.0032110404922345
0.0026790946996326
0.0022226416146555
0.0018335368689911
0.0015040019899199
0.0012267200185825
0.0009949024131318
0.00080233033059461
0.00064337373353744
0.00051299191522289
0.00040671901113194
0.00032063789967426
0.00025134562522788
0.00019591313539781
0.00015184174154787
0.00011701831313286
0.00008967082336676
0.000068325492696488
0.000051766439120217
0.000038998448018251
0.000029213222559619
0.000021759269548142
0.000016115413037736
0.000011867805717849
8.690221371104e-6
6.3273554668188e-6
4.5808298379974e-6
3.2975862168195e-6
2.3603573890244e-6
1.6799196288049e-6
1.1888522727753e-6
8.365568079808e-7
5.853163309627e-7
4.0720490026181e-7
2.8168387335599e-7
1.9374793494787e-7
1.3250667551466e-7
9.010802486961e-8
6.092754369108e-8
4.0962626840432e-8
2.7383268992915e-8
1.8201432774869e-8
1.2029513582015e-8
7.90518748343e-9
5.16532080178e-9
3.3558522708649e-9
2.1678446821117e-9
1.3924277257013e-9
8.892742115449e-10
5.64698494764e-10
3.5654537594803e-10
2.2383581391848e-10
1.3972054277237e-10
8.671739039411e-11
5.35139119666e-11
3.2835306279455e-11
2.0032198500883e-11
1.2151464463969e-11
7.328926608549e-12
4.395043154647e-12
2.6205726237554e-12
1.5535985162754e-12
9.157779579636e-13
5.367222565353e-13
3.1276365859705e-13
1.8121304104505e-13
1.0439226253747e-13
5.97932383744e-14
3.4051789493762e-14
1.9281068269857e-14
1.0854872128148e-14
6.07603082819e-15
3.381551647621e-15
1.8711647766775e-15
1.0294544587944e-15
5.631193833529e-16
3.0626063121509e-16
1.6560686920709e-16
8.903507044738e-17
4.759250375032e-17
2.5293549362232e-17
1.336515073317e-17
7.021499666513e-18
3.667557207666e-18
1.9046446834599e-18
9.834225042935e-19
5.048408105736e-19
2.5766530072888e-19
1.3075057484636e-19
6.596544193515e-20
3.30882308502e-20
1.6501134795797e-20
8.181562548185e-21
4.033107987669e-21
1.9766217251585e-21
9.63133198721e-22
4.665811226093e-22
2.2472166014041e-22
1.0760652199829e-22
5.122796020424e-23
2.4246510888007e-23
1.14094329556e-23
5.337653556644e-24
2.4826019896427e-24
1.1479767296275e-24
5.277487373714e-25
2.4120611214763e-25
1.0960118429635e-25
4.95115877771e-26
2.2236270873099e-26
9.928402374582e-27
4.407150721401e-27
1.9448958717891e-27
8.532838223719e-28
3.72175820293e-28
1.6138347073417e-28
6.957047404e-29
2.981567449594e-29
1.2703307753815e-29
5.380718063579e-30
2.2657584642894e-30
9.484963287959e-31
3.947344839985e-31
1.6331292013002e-31
6.71708378383e-32
2.746530357438e-32
1.1164264616561e-32
4.51145439988e-33
1.8123513584004e-33
7.237794219662e-34
2.873470190349e-34
1.1340766398129e-34
4.449507676008e-35
1.7354573925031e-35
6.728944925533e-36
2.593639353875e-36
9.93803126568e-37
3.785452847021e-37
1.4333774763228e-37
5.395442838523e-38
2.0189051817823e-38
7.509751531703e-39
2.77686350897e-39
1.0207075085985e-39
3.729618215125e-40
1.3546971174109e-40
4.891400884959e-41
1.7556420730248e-41
6.263957638638e-42
2.221622077328e-42
7.832465837713e-43
2.744935852231e-43
9.562460412782e-44
3.311381721095e-44
1.1398543624801e-44
3.900213404991e-45
1.326553029724e-45
4.484938007862e-46
1.5072392286109e-46
5.035008065582e-47
1.6718938497839e-47
5.518309788757e-48
1.810466907432e-48
5.904192635431e-49
1.913877458444e-49
6.166655292101e-50
1.974992265055e-50
6.287232782222e-51
1.989437584418e-51
6.257141043514e-52
1.956116060452e-52
6.078333566127e-53
1.877343978939e-53
5.763293784921e-54
1.758585131135e-54
5.333593497618e-55
1.6078237417309e-55
4.817448615057e-56
1.4346764918182e-56
4.246657225391e-57
1.2493808733387e-57
3.653381218342e-58
1.0618072484436e-58
3.067220407474e-59
8.806248331435e-60
2.512936656424e-60
7.12713261157e-61
2.009041117643e-61
5.628614291696e-62
1.567295222555e-62
4.337452721289e-63
1.1930297570382e-63
3.261356833568e-64
8.86081790724e-65
2.392630712872e-65
6.420987267962e-66
1.712577017797e-66
4.539609150707e-67
1.1959271644793e-67
3.131170893372e-68
8.14746358473e-69
2.106927210544e-69
5.414843402878e-70
1.3830228062571e-70
3.510570071782e-71
8.855816203214e-72
2.220137917832e-72
5.531328859901e-73
1.3695406040829e-73
3.369876472878e-74
8.240326159274e-75
2.002460121243e-75
4.835819623406e-76
1.1605416466592e-76
2.767791995086e-77
6.559729029502e-78
1.544954589801e-78
3.615934284688e-79
8.410037645128e-80
1.943773007693e-80
4.464377729636e-81
1.0189237062593e-81
2.310922084539e-82
5.208220748415e-83
1.1664105398621e-83
2.595786519183e-84
5.740364832341e-85
1.2614222540879e-85
2.75441531748e-86
5.97645648425e-87
1.288549013102e-87
2.760567667975e-88
5.876700262953e-89
1.2430934355728e-89
2.612801890612e-90
5.456812584142e-91
1.1323972337138e-91
2.334979702235e-92
4.783979344661e-93
9.739006865595e-94
1.969956048376e-94
3.959243150034e-95
7.906401282502e-96
1.568750319009e-96
3.092675372546e-97
6.057837276284e-98
1.178964797175e-98
2.279718547386e-99
4.379817013025e-100
8.360306534812e-101
1.585539570547e-101
2.987567660614e-102
5.592954817425e-103
1.0402671140561e-103
1.922319227382e-104
3.529232755506e-105
6.437337763331e-106
1.166542413524e-106
2.100196994341e-107
3.756486209112e-108
6.67517753677e-109
1.178419910039e-109
2.066762184919e-110
3.60106587708e-111
6.233309244506e-112
1.0718900384412e-112
1.831144599323e-113
3.107654745115e-114
5.239350592992e-115
8.775130234874e-116
1.460017014608e-116
2.413166593659e-117
3.962219416977e-118
6.462615829168e-119
1.047112906397e-119
1.68535260261e-120
2.694615782492e-121
4.279651777047e-122
6.751841080824e-123
1.058119822766e-123
1.647187347303e-124
2.547084089823e-125
3.912301523929e-126
5.9690703678e-127
9.046133620891e-128
1.361751227289e-128
2.03613968435e-129
3.024049515544e-130
4.461062070731e-131
6.536603702616e-132
9.513208849125e-133
1.375179337113e-133
1.974447103206e-134
2.815671166736e-135
3.988090615527e-136
5.610365098774e-137
7.838926692039e-138
1.087821865834e-138
1.499308413227e-139
2.052354960866e-140
2.790220643233e-141
3.767432198699e-142
5.052070468583e-143
6.728319743603e-144
8.899247853005e-145
1.168976046007e-145
1.524964382035e-146
1.975657677628e-147
2.541895602119e-148
3.247834028087e-149
4.121128129802e-150
5.193027528151e-151
6.498354131802e-152
8.075331712406e-153
9.96523616828e-154
1.221183729586e-154
1.486060707872e-155
1.795767631125e-156
2.154853095605e-157
2.567645196943e-158
3.038071717469e-159
3.56946006268e-160
4.164322303845e-161
4.824132521632e-162
5.549105385793e-163
6.337986409553e-164
7.187865438322e-165
8.094025529003e-166
9.04983932283e-167
1.004672421613e-167
1.107416603623e-168
1.211981853415e-169
1.316968287151e-170
1.420836753026e-171
1.521942489371e-172
1.618575637363e-173
1.709007366453e-174
1.791539978886e-175
1.864559034776e-176
1.926585307625e-177
1.976324263661e-178
2.01271077124e-179
2.034946894644e-180
2.042530906074e-181
2.035276046814e-182
2.013318060882e-183
1.97711108181e-184
1.927412040196e-185
1.865254338354e-186
1.79191207142e-187
1.708856527454e-188
1.617707044551e-189
1.520178520894e-190
1.418027953752e-191
1.313002325614e-192
1.206789969538e-193
1.100977249555e-194
9.97012010725e-196
8.96174816611e-197
7.99558530895e-198
7.080563455068e-199
6.223579377007e-200
5.429530761409e-201
4.701417081109e-202
4.040493565541e-203
3.446465399612e-204
2.917708969969e-205
2.451507425926e-206
2.044288903987e-207
1.691857326652e-208
1.389607564328e-209
1.132718781856e-210
9.16321831318e-212
7.35638475757e-213
5.860919382049e-214
4.633897014561e-215
3.635806011609e-216
2.830890500256e-217
2.187297190992e-218
1.677062155567e-219
1.27597278858e-220
9.63338185921e-222
7.21697887594e-223
5.36494830678e-224
3.957338675385e-225
2.896426786352e-226
2.103476205077e-227
1.515731881787e-228
1.083704530052e-229
7.6877113135e-231
5.410966409737e-232
3.778662363385e-233
2.618066457936e-234
1.799684554027e-235
1.227379982363e-236
8.3046694592e-238
5.574681306539e-239
3.712494243473e-240
2.452749643118e-241
1.607592391832e-242
1.045267664943e-243
6.74219748568e-245
4.314110775297e-246
2.738359341587e-247
1.724218578554e-248
1.076937045829e-249
6.67233380819e-251
4.100605280521e-252
2.499736212533e-253
1.511505155223e-254
9.06541108594e-256
5.392882210425e-257
3.182020930704e-258
1.862202296018e-259
1.080899795017e-260
6.222597982744e-262
3.552865170252e-263
2.011867067306e-264
1.129864248249e-265
6.29292414968e-267
3.475927792183e-268
1.904029810734e-269
1.034318226342e-270
5.571917688343e-272
2.976582248935e-273
1.576835250942e-274
8.28328306328e-276
4.314782437903e-277
2.228681160964e-278
1.141463421082e-279
5.796867910377e-281
2.919002350281e-282
1.457395279883e-283
7.21463457776e-285
3.541094615771e-286
1.723213279917e-287
8.31401674181e-289
3.976904100916e-290
1.885965125855e-291
8.86683071157e-293
4.13277013951e-294
1.909606856751e-295
8.7471850753e-297
3.971970424887e-298
1.787922504686e-299
7.97788868743e-301
3.528705395765e-302
1.547114572123e-303
6.72358104336e-305
2.896285010133e-306
1.236618598238e-307
5.233296747784e-309
2.195084743381e-310
9.12545944869e-312
3.75990461885e-313
1.535354344299e-314
6.21356909516e-316
2.492099113895e-317
9.90540083108e-319
3.901684976999e-320
1.522988179418e-321
5.891091523803e-323
2.25808651236e-324
8.57672640571e-326
3.227968239571e-327
1.203799474738e-328
4.448224197267e-330
1.628610273072e-331
5.907938330749e-333
2.123407048129e-334
7.56134835439e-336
2.667620455751e-337
9.32390149882e-339
3.228569506388e-340
1.107519407756e-341
3.763666561112e-343
1.267007859049e-344
4.225183409983e-346
1.395724043714e-347
4.56699852219e-349
1.480229346477e-350
4.752076449516e-352
1.511066121363e-353
4.759030198219e-355
1.484491188932e-356
4.586169662268e-358
1.403217603496e-359
4.251981414711e-361
1.275962922623e-362
3.79187470861e-364
1.11590678497e-365
3.25198538053e-367
9.38435899599e-369
2.681541745154e-370
7.58711927448e-372
2.125543816367e-373
5.89593022629e-375
1.619242792925e-376
4.402882893731e-378
1.185266197059e-379
3.158902792956e-381
8.33462637431e-383
2.176974538977e-384
5.628927390147e-386
1.440756820538e-387
3.650362832942e-389
9.15480671511e-391
2.272571294011e-392
5.583780679912e-394
1.357903480455e-395
3.268332944875e-397
7.78551877612e-399
1.835437654953e-400
4.282224009599e-402
9.8869774762e-404
2.258961261674e-405
5.107303423587e-407
1.142611627407e-408
2.529391691535e-410
5.540261612134e-412
1.200680234459e-413
2.57450310326e-415
5.461531103185e-417
1.146241680934e-418
2.379931910353e-420
4.88838123442e-422
9.93260922482e-424
1.996387365499e-425
3.969125087438e-427
7.80545973507e-429
1.518242084284e-430
2.920837492746e-432
5.557538469382e-434
1.045805789925e-435
1.946246030766e-437
3.581847626621e-439
6.51873850687e-441
1.173144199318e-442
2.087636092538e-444
3.673311959748e-446
6.39064036733e-448
1.099254623741e-449
1.869404409661e-451
3.142988690462e-453
5.223966624258e-455
8.58339867489e-457
1.394128021413e-458
2.238275496692e-460
3.552015349676e-462
5.57146361401e-464
8.63733091498e-466
1.323390764457e-467
2.003905632424e-469
2.99867404695e-471
4.43431094531e-473
6.47962434298e-475
9.35582483236e-477
1.334764118444e-478
1.881475730379e-480
2.620267862913e-482
3.605179518519e-484
4.900306470215e-486
6.57984375729e-488
8.72739440537e-490
1.143433303029e-491
1.47970332779e-493
1.891281808002e-495
2.387457538139e-497
2.976409967316e-499
3.664436690178e-501
4.455111698153e-503
5.348428828186e-505
6.34000011358e-507
7.42038985633e-509
8.57466978078e-511
9.78227652767e-513
1.101723869947e-514
1.224881648622e-516
1.34425637781e-518
1.456178324637e-520
1.556930308467e-522
1.642946478355e-524
1.711017960249e-526
1.758489201014e-528
1.783428481231e-530
1.784757468015e-532
1.762327780567e-534
1.716937061926e-536
1.650282504933e-538
1.564855543449e-540
1.4637868122e-542
1.350654864721e-544
1.229275018336e-546
1.103485772879e-548
9.76949473172e-551
8.52981442722e-553
7.34418098664e-555
6.23530092094e-557
5.219818812565e-559
4.308348820586e-561
3.505878901494e-563
2.812461159309e-565
2.224090290681e-567
1.733672171654e-569
1.331994353414e-571
1.00862683751e-573
7.52701879124e-576
5.53542744008e-578
4.011308473412e-580
2.864167851513e-582
2.014924867359e-584
1.396488682296e-586
9.53463440066e-589
6.4125138628e-591
4.247951174935e-593
2.771574853561e-595
1.780894770138e-597
1.12689327955e-599
7.02147271692e-602
4.307667858477e-604
2.601909135219e-606
1.547194695081e-608
9.05664609867e-611
5.218260169674e-613
2.959279041986e-615
1.651633057453e-617
9.07139141013e-620
4.902660261476e-622
2.607064230375e-624
1.363947974662e-626
7.01994543869e-629
3.554044373746e-631
1.769815738881e-633
8.66785966378e-636
4.174806982206e-638
1.977257916265e-640
9.20775788204e-643
4.21569250985e-645
1.897443310145e-647
8.39486031533e-650
3.650584451691e-652
1.56017962981e-654
6.55252418595e-657
2.70409881775e-659
1.096412468442e-661
4.367369604389e-664
1.708901746659e-666
6.56782369388e-669
2.479069413308e-671
9.1891159561e-674
3.344499377545e-676
1.195129051278e-678
4.192549339363e-681
1.443690471406e-683
4.879269276446e-686
1.618348117251e-688
5.267161703458e-691
1.681974377083e-693
5.269264240435e-696
1.619264111106e-698
4.880576296801e-701
1.442640662268e-703
4.181442795402e-706
1.188287929861e-708
3.31047770835e-711
9.04020601274e-714
2.419519764132e-716
6.34580892334e-719
1.630777920535e-721
4.105773243618e-724
1.012579023447e-726
2.44589304307e-729
5.78576126355e-732
1.340099975588e-734
3.038825988117e-737
6.74534026851e-740
1.465439469886e-742
3.115542011613e-745
6.48090807525e-748
1.318889878544e-750
2.625334235681e-753
5.110884624845e-756
9.72912995141e-759
1.810708059586e-761
3.294188194936e-764
5.85736009077e-767
1.017737869078e-769
1.727731725787e-772
2.865152962639e-775
4.640599523452e-778
7.33968863474e-781
1.133391021635e-783
1.708443432186e-786
2.513385092543e-789
3.608051261378e-792
5.053100681447e-795
6.90287224548e-798
9.19606547825e-801
1.194502161954e-803
1.512500126187e-806
1.866538642741e-809
2.244500264844e-812
2.629359475245e-815
3.000080288732e-818
3.333280038908e-821
3.60552512574e-824
3.795973638144e-827
3.888966730269e-830
3.876130171381e-833
3.75759953232e-836
3.542123934346e-839
3.24600637735e-842
2.891057056713e-845
2.501917534069e-848
2.103215109147e-851
1.71700690587e-854
1.360877982583e-857
1.046897355261e-860
7.81454187409e-864
5.65837710412e-867
3.973207802952e-870
2.704714054818e-873
1.784429080413e-876
1.140616618739e-879
7.06162332768e-883
4.23304738907e-886
2.456076778081e-889
1.378874088018e-892
7.48775865401e-896
3.931617725812e-899
1.995388636918e-902
9.78502187964e-906
4.634599683845e-909
2.119402244802e-912
9.35397900238e-916
3.982801948746e-919
1.635362736654e-922
6.47280384168e-926
2.468537199996e-929
9.06708333848e-933
3.206149899759e-936
1.090916560005e-939
3.57017440663e-943
1.123237360608e-946
3.395682327323e-950
9.85916600519e-954
2.747830602234e-957
7.3476774351e-961
1.884033952643e-964
4.629864935927e-968
1.089796418106e-971
2.455671337181e-975
5.294036034999e-979
1.091271201463e-982
2.149503439304e-986
4.043212974042e-990
7.25795200918e-994
1.242535643756e-997
2.027268199824e-1001
3.150018743579e-1005
4.657983973125e-1009
6.54998203142e-1013
8.75194272032e-1017
1.110315163498e-1020
1.336320244357e-1024
1.524515005668e-1028
1.647149662669e-1032
1.683939066614e-1036
1.627463636533e-1040
1.48550747164e-1044
1.279354212398e-1048
1.038530197374e-1052
7.9378934248e-1057
5.706626587172e-1061
3.854393155595e-1065
2.443050856858e-1069
1.451406108756e-1073
8.07210603523e-1078
4.197283854072e-1082
2.037769394935e-1086
9.22458907128e-1091
3.887959010587e-1095
1.523464536209e-1099
5.541241351662e-1104
1.867871762256e-1108
5.825392385704e-1113
1.677970277462e-1117
4.45589803494e-1122
1.088817868397e-1126
2.443348425348e-1131
5.024913862444e-1136
9.45033095046e-1141
1.621657847059e-1145
2.533013145495e-1150
3.592561272641e-1155
4.614543756415e-1160
5.353323112168e-1165
5.592927840134e-1170
5.246395974409e-1175
4.404564331361e-1180
3.298390840559e-1185
2.195395577261e-1190
1.293895759762e-1195
6.725557982886e-1201
3.070155260695e-1206
1.22529300866e-1211
4.254858877514e-1217
1.279013690603e-1222
3.310067608789e-1228
7.33211148869e-1234
1.381418065525e-1239
2.198835792467e-1245
2.935425883278e-1251
3.260948864209e-1257
2.988886858845e-1263
2.23946455543e-1269
1.357880799036e-1275
6.589664005221e-1282
2.528602088415e-1288
7.570171469493e-1295
1.742246103566e-1301
3.032077809833e-1308
3.917439876807e-1315
3.680479718125e-1322
2.456249777004e-1329
1.133738051302e-1336
3.510012978565e-1344
7.034440804605e-1352
8.754118985216e-1360
6.439725993331e-1368
2.639503894157e-1376
5.608888254037e-1385
5.649979243942e-1394
2.407802804787e-1403
3.741349885411e-1413
1.733181882101e-1423
1.79917732638e-1434
2.718345290667e-1446
2.921937538108e-1459
5.62149531309e-1474
5.411674623703e-1492