0.0777198005926938
0.0767840061175001
0.0749460706313952
0.0722712928330913
0.0688527672346824
0.0648060098413378
0.0602624912106233
0.0553625806675114
0.050248426804643
0.0450572710146624
0.0399156187830478
0.0349345884804915
0.0302066329882418
0.0258037001798769
0.021776777652135
0.0181566662305128
0.0149557531987108
0.0121705134243524
0.0097844542025434
0.0077712340784423
0.0060977211958216
0.0047268056930509
0.0036198360218514
0.0027386042232457
0.00204685494152462
0.00151133375317412
0.00110242041964113
0.00079441166816037
0.00056552700060579
0.00039771157057289
0.00027630450328944
0.00018963136899506
0.00012856786146377
0.000086109713419809
0.00005697269075899
0.000037236896689599
0.000024041945341242
0.000015333886391985
9.6609189351985e-6
6.0126394690166e-6
3.6964880137062e-6
2.2448517013415e-6
1.3466568436581e-6
7.9798328680181e-7
4.6708375679211e-7
2.7005754492069e-7
1.5423211977955e-7
8.700547797481e-8
4.8480583018052e-8
2.6683000354842e-8
1.4505847904911e-8
7.7891336962088e-9
4.1311279230143e-9
2.164100137526e-9
1.1197239731581e-9
5.7222274664601e-10
2.8882533808709e-10
1.4398489054433e-10
7.0893324860629e-11
3.4474328137772e-11
1.6557069671547e-11
7.8535028917524e-12
3.6790067343716e-12
1.7020796770661e-12
7.77689279549e-13
3.5091664027889e-13
1.5637526081736e-13
6.8816547699724e-14
2.9907002677914e-14
1.283519289102e-14
5.4397087391667e-15
2.2766002013788e-15
9.408704167951e-16
3.8397126568265e-16
1.5473457159879e-16
6.1572879226835e-17
2.4193499831778e-17
9.386606720048e-18
3.5959421321651e-18
1.3602047084175e-18
5.0801509942904e-19
1.8733671215481e-19
6.820813123023e-20
2.4519372260692e-20
8.702325751131e-21
3.0493471344073e-21
1.0549128562163e-21
3.6029400168012e-22
1.2148443622596e-22
4.0438938458482e-23
1.3288824518202e-23
4.3109522967337e-24
1.3805486167142e-24
4.3642932851479e-25
1.3619202368582e-25
4.1952381330586e-26
1.2756170831202e-26
3.8285493852847e-27
1.1342002481637e-27
3.3164847599706e-28
9.571724027028e-29
2.7265735720102e-29
7.665668630698e-30
2.1270582935826e-30
5.824999800985e-31
1.5743095605704e-31
4.199063565699e-32
1.1052821209122e-32
2.8710607336616e-33
7.359531843221e-34
1.8616004871791e-34
4.64666166033e-35
1.1444677255248e-35
2.7814003965945e-36
6.66976206895e-37
1.5780956093238e-37
3.6840164848383e-38
8.485239644163e-39
1.9281900241519e-39
4.322823122461e-40
9.561050730376e-41
2.0861847799349e-41
4.49052634647e-42
9.535143743389e-43
1.9972425619443e-43
4.126633159211e-44
8.410274396886e-45
1.6906797116729e-45
3.3522536122068e-46
6.555775516105e-47
1.2644746918987e-47
2.4053711646922e-48
4.512599899227e-49
8.348934498214e-50
1.5232856270193e-50
2.7407165049275e-51
4.862567272488e-52
8.506912461492e-53
1.4674694677806e-53
2.495989340696e-54
4.185800532674e-55
6.920889637774e-56
1.1281794519764e-56
1.8130610075572e-57
2.8724306618054e-58
4.486155809543e-59
6.906712833065e-60
1.0481540085148e-60
1.567904770991e-61
2.311741088666e-62
3.35944468639e-63
4.811586169403e-64
6.791801782685e-65
9.448024285544e-66
1.2952075673398e-66
1.7496977605149e-67
2.3291352603003e-68
3.055040122223e-69
3.948316715289e-70
5.027615100129e-71
6.307379333349e-72
7.795688464478e-73
9.492051627121e-74
1.1385368286702e-74
1.3452299224315e-75
1.5656304107082e-76
1.7947580167482e-77
2.0264079747024e-78
2.2533693409112e-79
2.4677566968028e-80
2.661438776794e-81
2.826534493345e-82
2.955935923217e-83
3.043810877815e-84
3.086036092665e-85
3.080516511426e-86
3.027356393568e-87
2.928862910845e-88
2.789380611136e-89
2.614973231757e-90
2.412985358027e-91
2.1915281872709e-92
1.95893969022e-93
1.7232691830963e-94
1.491830122417e-95
1.2708540508949e-96
1.0652648909242e-97
8.785782870968e-99
7.129174193348e-100
5.691262125761e-101
4.469541198935e-102
3.452839414695e-103
2.62375132384e-104
1.9609895303464e-105
1.4414757259252e-106
1.0420574467876e-107
7.407996114896e-109
5.178532893196e-110
3.559438183465e-111
2.405450161325e-112
1.5981685662892e-113
1.0438326699787e-114
6.701803231058e-116
4.229363254721e-117
2.623315358601e-118
1.5991437662746e-119
9.579766479444e-121
5.63924892596e-122
3.261780016741e-123
1.8536291837787e-124
1.0348875445197e-125
5.675870542423e-127
3.057787573483e-128
1.6180193548195e-129
8.408670073919e-131
4.291442520309e-132
2.150683057419e-133
1.0583052206341e-134
5.11293998503e-136
2.425040711194e-137
1.1290646923674e-138
5.159795125776e-140
2.314311523002e-141
1.0187046581415e-142
4.400203424113e-144
1.864900039793e-145
7.754548651479e-147
3.163260351215e-148
1.2657546461719e-149
4.967735641097e-151
1.912138663809e-152
7.217541269506e-154
2.671311856478e-155
9.693512333215e-157
3.448372929253e-158
1.2024814169461e-159
4.109865168641e-161
1.3766234110128e-162
4.51849458921e-164
1.453166620304e-165
4.578586254213e-167
1.413163261363e-168
4.272166101326e-170
1.2648759974664e-171
3.667247681117e-173
1.0410526395227e-174
2.89329163106e-176
7.871272388414e-178
2.095927318648e-179
5.461734219702e-181
1.39268104263e-182
3.474420377734e-184
8.479390496164e-186
2.02413545389e-187
4.725495551133e-189
1.0787660296424e-190
2.407784455688e-192
5.253584890701e-194
1.1204128625803e-195
2.335177934219e-197
4.755714580857e-199
9.46234547987e-201
1.839082725595e-202
3.491035877163e-204
6.471246717285e-206
1.1712000249383e-207
2.069242345765e-209
3.56825030904e-211
6.004657102169e-213
9.859027478428e-215
1.579121851606e-216
2.466915828918e-218
3.758116310742e-220
5.581899281054e-222
8.081778669447e-224
1.140409758377e-225
1.568044085512e-227
2.100447451081e-229
2.740519276636e-231
3.482018494265e-233
4.307393064882e-235
5.186680810694e-237
6.078001076027e-239
6.929966486365e-241
7.686022873726e-243
8.290325662581e-245
8.694371268938e-247
8.863327031119e-249
8.780933347613e-251
8.452032210059e-253
7.902186492059e-255
7.17440681381e-257
6.323565048798e-259
5.409506031516e-261
4.490067152888e-263
3.615140683409e-265
2.822602481081e-267
2.136479851969e-269
1.567264132188e-271
1.1139017600117e-273
7.667910670161e-276
5.11085891979e-278
3.297278693292e-280
2.058341594789e-282
1.242885685665e-284
7.256805264645e-287
4.09548642774e-289
2.233330112795e-291
1.176320841501e-293
5.98216479293e-296
2.936169010676e-298
1.390337370503e-300
6.348893259596e-303
2.794682388223e-305
1.185323693569e-307
4.841951289805e-310
1.904087529019e-312
7.20502681561e-315
2.622168114865e-317
9.173824499303e-320
3.083816347434e-322
9.955252281858e-325
3.084702502121e-327
9.169316304857e-330
2.613257896257e-332
7.136767870666e-335
1.866552720137e-337
4.672362592014e-340
1.1187192076607e-342
2.560452969425e-345
5.598070803065e-348
1.168401409546e-350
2.326350873864e-353
4.415459730253e-356
7.983119634019e-359
1.373832151977e-361
2.248623811561e-364
3.497588625718e-367
5.165645110187e-370
7.237812143803e-373
9.612297733951e-376
1.20887445662e-378
1.438308877593e-381
1.617365802928e-384
1.717125970258e-387
1.719373491558e-390
1.62192831755e-393
1.439751465506e-396
1.201212451254e-399
9.40784921817e-403
6.907797138403e-406
4.748816814815e-409
3.052262526465e-412
1.831545235344e-415
1.0245059546852e-418
5.333663312553e-422
2.580083618927e-425
1.1576824892627e-428
4.809595446211e-432
1.846588264074e-435
6.539035011304e-439
2.131261572942e-442
6.379571889484e-446
1.749772595614e-449
4.386905993173e-453
1.0028055780975e-456
2.084448387956e-460
3.928711629055e-464
6.694084844629e-468
1.0278613754209e-471
1.417478133668e-475
1.749368549658e-479
1.924748376985e-483
1.880309262005e-487
1.62390976285e-491
1.23410991668e-495
8.211845945425e-500
4.758786422833e-504
2.387884317202e-508
1.0310603202462e-512
3.805182386342e-517
1.1915197299409e-521
3.140431063995e-526
6.906264802685e-531
1.2551543147565e-535
1.865353695194e-540
2.240562190717e-545
2.147034246002e-550
1.617702216231e-555
9.428581913959e-561
4.173159947357e-566
1.3734856718482e-571
3.2812834315e-577
5.53334715388e-583
6.374715197255e-589
4.82685211853e-595
2.293251273613e-601
6.460718156438e-608
1.0062084506717e-614
7.924951298976e-622
2.810044158333e-629
3.833040745364e-637
1.6096719491266e-645
1.4867916807892e-654
1.7306278675624e-664
8.693089146575e-676
1.1807532487368e-689