0.21476292059027458
0.19544872749879733
0.1618613055438206
0.12195957249370654
0.08358723791830107
0.05209137667514449
0.029505655023499795
0.015182046088138675
0.0070920553324460706
0.0030055192270927716
0.0011545621668817144
0.0004016654271728175
0.00012641879089097155
0.000035954963665620326
9.228952819143203e-6
2.1349200492771253e-6
4.444007987594935e-7
8.309889772679743e-8
1.393272075546073e-8
2.090326082248185e-9
2.800041778730124e-10
3.340662708140358e-11
3.5405078866592378e-12
3.323553391666979e-13
2.7546357750311333e-14
2.008807571088806e-15
1.2840032078315004e-16
7.16347220239716e-18
3.4721710760327047e-19
1.4547178325694415e-20
5.238379757387349e-22
1.611096454797004e-23
4.202436547216444e-25
9.223927235393065e-27
1.6885482670813935e-28
2.5522940793940515e-30
3.1491543092696907e-32
3.1303492079756465e-34
2.468975162405708e-36
1.5178899706379162e-38
7.122549603792515e-41
2.4875851238977093e-43
6.271828847003838e-46
1.0991625015026986e-48
1.2764717039701803e-51
9.230980992311523e-55
3.823414768315701e-58
8.062667177355423e-62
7.255640024183668e-66
2.0852967445740985e-70
1.102425929631624e-75
2.6333035610381247e-82