0.0674413193771721
0.0668293630368464
0.06562205344082
0.063851848481707
0.0615656113637638
0.0588225502084576
0.0556916731361587
0.0522489113201825
0.0485740769328927
0.044747824952603
0.0408487779126546
0.036950952306279
0.033121596789751
0.0294195183794124
0.0258939365853122
0.0225838698680614
0.0195180266055594
0.0167151460142039
0.0141847145925692
0.0119279713068661
0.0099391098644276
0.0082065883547941
0.0067144641380425
0.0054436836891983
0.0043732716063579
0.0034813786375895
0.0027461640255754
0.0021465016171882
0.0016625112552466
0.00127592649904009
0.00097031654368661
0.00073118441168874
0.00054596534886877
0.0004039492711205
0.00029614953935345
0.00021513775597976
0.00015486111071102
0.000110455426231339
0.000078063756499317
0.000054667379920742
0.000037933435872955
0.000026081337622943
0.000017768465142195
0.000011994466137579
8.022716234849e-6
5.3170402995451e-6
3.4916038272502e-6
2.271877442512e-6
1.4646982886686e-6
9.356494275018e-7
5.922133342463e-7
3.7139970250368e-7
2.3078178659001e-7
1.4208765622156e-7
8.667706642225e-8
5.2389379085568e-8
3.1374124442294e-8
1.861604338185e-8
1.0944315529458e-8
6.3748988728078e-9
3.6790818082527e-9
2.1037057029273e-9
1.1918121951214e-9
6.6896876101113e-10
3.7202905350795e-10
2.0498339465736e-10
1.1189973813734e-10
6.0520951754634e-11
3.2429959422078e-11
1.7216651519344e-11
9.05545368756e-12
4.7187672394995e-12
2.4361344498778e-12
1.2460222800816e-12
6.313928847964e-13
3.1697156616531e-13
1.5764676484263e-13
7.767679622452e-14
3.7917207381613e-14
1.8336542683422e-14
8.784799824318e-15
4.1694309811378e-15
1.9604211073956e-15
9.131596887755e-16
4.2137227256339e-16
1.9262119836038e-16
8.722844119499e-17
3.9131366191817e-17
1.7390084854926e-17
7.655702820278e-18
3.3386581314228e-18
1.4423118036988e-18
6.172249182569e-19
2.6165049065855e-19
1.098727889383e-19
4.570312306422e-20
1.883151859489e-20
7.686083619185e-21
3.1074323439423e-21
1.2444330930024e-21
4.936409175648e-22
1.9396209836955e-22
7.54892434992e-23
2.9101277843788e-23
1.1112047791736e-23
4.202690637695e-24
1.5743750847606e-24
5.841610520982e-25
2.1468252185997e-25
7.814416112882e-26
2.8172678776393e-26
1.0059756880448e-26
3.5577094767829e-27
1.2461577099468e-27
4.323056421177e-28
1.4853197462363e-28
5.054240538233e-29
1.7033129936832e-29
5.685010448674e-30
1.8791521234403e-30
6.151514303357e-31
1.9942843525636e-31
6.402838398838e-32
2.0357940463453e-32
6.410122910749e-33
1.9987819678034e-33
6.172005735489e-34
1.8873145487564e-34
5.714977324568e-35
1.7136894883692e-35
5.088528878932e-36
1.4962008170201e-36
4.356322862822e-37
1.2559654850697e-37
3.585565991577e-38
1.0135728097552e-38
2.8370317501195e-39
7.86285379025e-40
2.1577327783084e-40
5.8628828726e-41
1.5773042401301e-41
4.201505724354e-42
1.1080878039038e-42
2.893460480183e-43
7.480480340836e-44
1.9147157106904e-44
4.852173031516e-45
1.2173617425502e-45
3.023768806056e-46
7.4356201899e-47
1.8101708220411e-47
4.362643032073e-48
1.040882023296e-48
2.4584928344591e-49
5.748384876823e-50
1.330533975236e-50
3.048618416018e-51
6.914659697707e-52
1.5524685542865e-52
3.45026640308e-53
7.590209486084e-54
1.6527975209875e-54
3.562408207809e-55
7.600097698872e-56
1.6048682790877e-56
3.354266305041e-57
6.938838136148e-58
1.4206926245401e-58
2.878927092096e-59
5.773927640039e-60
1.146080259277e-60
2.2514099685116e-61
4.377062662206e-62
8.421554736062e-63
1.6035250950459e-63
3.021522249177e-64
5.634234178684e-65
1.0396699669721e-65
1.8984536157894e-66
3.430367766349e-67
6.133520498037e-68
1.0851745086368e-68
1.8997746134384e-69
3.29085958327e-70
5.640445033272e-71
9.565463975684e-72
1.6050153534012e-72
2.664554358328e-73
4.376570311908e-74
7.11211524441e-75
1.1434330877388e-75
1.8187009425673e-76
2.861816564078e-77
4.454957676621e-78
6.860533809605e-79
1.0451435521338e-79
1.5750298515174e-80
2.347942518517e-81
3.46228569597e-82
5.050169760531e-83
7.286307121327e-84
1.039819830499e-84
1.4677377733595e-85
2.049128272227e-86
2.829505758092e-87
3.864231737624e-88
5.219359214724e-89
6.972088172507e-90
9.210651361355e-91
1.203343600692e-91
1.5547148892186e-92
1.986385482101e-93
2.509676610201e-94
3.135473597046e-95
3.873551161788e-96
4.731792897688e-97
5.71533737589e-98
6.825697944191e-99
8.059916731553e-100
9.40982383008e-101
1.086147826016e-101
1.2394866481067e-102
1.398392570222e-103
1.5596942611308e-104
1.719735381123e-105
1.874494370903e-106
2.019740126739e-107
2.151216215311e-108
2.264843111386e-109
2.356925464495e-110
2.424349948536e-111
2.464759059855e-112
2.476687412624e-113
2.459649588618e-114
2.414172227096e-115
2.341767445908e-116
2.244849423499e-117
2.126600553602e-118
1.990797536121e-119
1.841610690347e-120
1.683391396048e-121
1.520462766206e-122
1.3569274793894e-123
1.1965043494539e-124
1.0424020038554e-125
8.972343695102e-127
7.629789358629e-128
6.409753546885e-129
5.319591463622e-130
4.361233109822e-131
3.53199573651e-132
2.825508008491e-133
2.232666927954e-134
1.742560052786e-135
1.3433007207721e-136
1.0227407252959e-137
7.690412838916e-139
5.710977118403e-140
4.188249724673e-141
3.033197452734e-142
2.169198046223e-143
1.531836577131e-144
1.0681310312473e-145
7.353930275929e-147
4.998978029365e-148
3.355006843006e-149
2.223000818353e-150
1.454130156061e-151
9.390044460002e-153
5.985712219695e-154
3.766437676164e-155
2.339350511504e-156
1.434141500015e-157
8.677674786126e-159
5.182170573247e-160
3.054211752365e-161
1.776428210244e-162
1.0196216696369e-163
5.775039502346e-165
3.227578569557e-166
1.77986034414e-167
9.684191535881e-169
5.198643936609e-170
2.753257120422e-171
1.438513746517e-172
7.414334461965e-174
3.769653360446e-175
1.89052196959e-176
9.351750220248e-178
4.562622291677e-179
2.195462278014e-180
1.041853066081e-181
4.875677689175e-183
2.250040329121e-184
1.023884541424e-185
4.594046617121e-187
2.032364876058e-188
8.864367653118e-190
3.811635310516e-191
1.615734156375e-192
6.751506790934e-194
2.780870569354e-195
1.128981695389e-196
4.517473784565e-198
1.781489702515e-199
6.92350490544e-201
2.651548266528e-202
1.000643776804e-203
3.720841938029e-205
1.363200642833e-206
4.920508642946e-208
1.749711424816e-209
6.129193858329e-211
2.11492421385e-212
7.188106935788e-214
2.406223625408e-215
7.932907110165e-217
2.575589104072e-218
8.234575776092e-220
2.592379880807e-221
8.035646751726e-223
2.452333517236e-224
7.367941122939e-226
2.179173343565e-227
6.344351169506e-229
1.818037853098e-230
5.127539822219e-232
1.423230975392e-233
3.887509238209e-235
1.044879766747e-236
2.763305079837e-238
7.189975713638e-240
1.84047604648e-241
4.634520404444e-243
1.147938624006e-244
2.796654167901e-246
6.700877763591e-248
1.578932932739e-249
3.658478948936e-251
8.335041445856e-253
1.867025829892e-254
4.11142973496e-256
8.900196808141e-258
1.893800927662e-259
3.960594431703e-261
8.140304904728e-263
1.644135850526e-264
3.262972982951e-266
6.362526050116e-268
1.218841084781e-269
2.293647305786e-271
4.23963405952e-273
7.696830852582e-275
1.372260303277e-276
2.402485034229e-278
4.129929553092e-280
6.970115293077e-282
1.154807815752e-283
1.878055519069e-285
2.997726932926e-287
4.695869851367e-289
7.218304632913e-291
1.088688874315e-292
1.610925447102e-294
2.338316146055e-296
3.329197640381e-298
4.648751129199e-300
6.365676304684e-302
8.547022655782e-304
1.125115377873e-305
1.451912157959e-307
1.836509523337e-309
2.276687233124e-311
2.765782163161e-313
3.29217808892e-315
3.839237788978e-317
4.385790483096e-319
4.907225201752e-321
5.377155657444e-323
5.769526960667e-325
6.060946233285e-327
6.232956423145e-329
6.273951242933e-331
6.180458008379e-333
5.957593200594e-335
5.618611171788e-337
5.183599219465e-339
4.67749752474e-341
4.127716598227e-343
3.561670882272e-345
3.004538360721e-347
2.477497289115e-349
1.996597165659e-351
1.572312344525e-353
1.209724547591e-355
9.09202281738e-358
6.674009246645e-360
4.783988069358e-362
3.348065143165e-364
2.287286356676e-366
1.525074468252e-368
9.92259321342e-371
6.298561692894e-373
3.899929350124e-375
2.354978526899e-377
1.386584425514e-379
7.958801719318e-382
4.452484511573e-384
2.427282694855e-386
1.289168841398e-388
6.669256684655e-391
3.359915192604e-393
1.648032723609e-395
7.868494439879e-398
3.655995482493e-400
1.652745364419e-402
7.267562430996e-405
3.107767021459e-407
1.292044209472e-409
5.221146796287e-412
2.050228917704e-414
7.821191538514e-417
2.897754743955e-419
1.042438043394e-421
3.640141722401e-424
1.233510568076e-426
4.055073218489e-429
1.292879274011e-431
3.996596733926e-434
1.197464807557e-436
3.476478373957e-439
9.77647101989e-442
2.662251597882e-444
7.017720690564e-447
1.790093071188e-449
4.417098488084e-452
1.053966061184e-454
2.43101152795e-457
5.418231678876e-460
1.166471207016e-462
2.42475812428e-465
4.864845023088e-468
9.41672930935e-471
1.757850313427e-473
3.163227713946e-476
5.484758047633e-479
9.1594656058e-482
1.472553177048e-484
2.278021174449e-487
3.389402851878e-490
4.847913607525e-493
6.662466426966e-496
8.79306660438e-499
1.113888692356e-501
1.353643491702e-504
1.577199573811e-507
1.760926358289e-510
1.88284076597e-513
1.926826308127e-516
1.8860778694e-519
1.764772548515e-522
1.577415497826e-525
1.345983532613e-528
1.095643396951e-531
8.502081405892e-535
6.284769386001e-538
4.422148972845e-541
2.959505595132e-544
1.88234004807e-547
1.136869196259e-550
6.514563557563e-554
3.538665111673e-557
1.820443674664e-560
8.861144643066e-564
4.077129817133e-567
1.771471724609e-570
7.260666499872e-574
2.804225516711e-577
1.019432182081e-580
3.484253544619e-584
1.118267124718e-587
3.366080269989e-591
9.49039793246e-595
2.502888055407e-598
6.165783789004e-602
1.416750238862e-605
3.031787191161e-609
6.032804674302e-613
1.114398198419e-616
1.907728143855e-620
3.02112574408e-624
4.417569501682e-628
5.952627683662e-632
7.376547153527e-636
8.388455862157e-640
8.734034349277e-644
8.306573968547e-648
7.198142234133e-652
5.66853335185e-656
4.045496156284e-660
2.608894309719e-664
1.515604873362e-668
7.90576609499e-673
3.690029462226e-677
1.535505787289e-681
5.674359031262e-686
1.854491023948e-690
5.336475369597e-695
1.345718076321e-699
2.958876081276e-704
5.641779594455e-709
9.274459076938e-714
1.306212559909e-718
1.565459996697e-723
1.584809559102e-728
1.344456623232e-733
9.474721547651e-739
5.494106910151e-744
2.594154144597e-749
9.859531586576e-755
2.978092383767e-760
7.048241440585e-766
1.286466163342e-771
1.778897393525e-777
1.826345848019e-783
1.36057100292e-789
7.163324556671e-796
2.585230198122e-802
6.170991175364e-809
9.339222881634e-816
8.517803055443e-823
4.40095612534e-830
1.1929425770539e-837
1.538821679791e-845
8.316344226222e-854
1.584877688274e-862
8.342191228259e-872
8.385754629533e-882
8.734088012541e-893
2.903303668606e-905
1.4625835720046e-920