0.0713640846267176
0.070639229614962
0.0692115247091379
0.0671238708948194
0.0644379245182043
0.0612310744816007
0.0575927437912806
0.053620261705495
0.0494145713527453
0.0450760346249936
0.0407005728386227
0.0363763414217016
0.0321810844631664
0.0281802558872719
0.0244259339902699
0.0209565003351392
0.0177970068271041
0.0149601191736232
0.0124475024017515
0.0102515047726621
0.0083569991647272
0.0067432537127897
0.0053857235206989
0.0042576797092348
0.0033316181276811
0.0025804153138452
0.0019782218410501
0.00150110176835667
0.00112744085832478
0.00083815544410654
0.00061673865532522
0.00044918179913535
0.00032380686152587
0.0002310422190197
0.0001631685626449
0.000114056452501396
0.000078911410044979
0.000054037420937501
0.000036625413112083
0.000024569807602203
0.000016313623340787
0.0000107207866886165
6.9731414750407e-6
4.4890443361702e-6
2.8602293549421e-6
1.8037123188331e-6
1.1257733954909e-6
6.9542418440762e-7
4.2516886025681e-7
2.5726674965496e-7
1.5406857763351e-7
9.131671722815e-8
5.3566079583791e-8
3.1097844546013e-8
1.7867715053558e-8
1.0160227902848e-8
5.7178259443503e-9
3.1845550294025e-9
1.7553114090627e-9
9.575123350961e-10
5.1691186999468e-10
2.7616437139345e-10
1.4601411669086e-10
7.640030315415e-11
3.9560820529537e-11
2.0272268646208e-11
1.0280236268589e-11
5.1589853602e-12
2.5620209267226e-12
1.2590845545728e-12
6.1231878227683e-13
2.9467771138026e-13
1.4033323105354e-13
6.613231764755e-14
3.0839216947505e-14
1.4230680412498e-14
6.497959528598e-15
2.9359833310729e-15
1.3126580139282e-15
5.8072049174563e-16
2.5421216128031e-16
1.1011211908386e-16
4.7193207857554e-17
2.0013606414757e-17
8.397858063317e-18
3.4866215378204e-18
1.4322865597663e-18
5.821561945878e-19
2.3411499913235e-19
9.315252173276e-20
3.6671708989642e-20
1.4283487998441e-20
5.504265400101e-21
2.0985616989756e-21
7.915833658171e-22
2.9540600185405e-22
1.0906485965181e-22
3.9837155941557e-23
1.4395434315301e-23
5.146229360364e-24
1.8200206504477e-24
6.367678595161e-25
2.2039328722385e-25
7.54610258277e-26
2.5559291029652e-26
8.563893071401e-27
2.8384713726098e-27
9.306429699809e-28
3.0182928147526e-28
9.683082813476e-29
3.0727992334844e-29
9.645331960509e-30
2.9947236375137e-30
9.19701632623e-31
2.7937130133453e-31
8.393733457364e-32
2.4943705086932e-32
7.331501800771e-33
2.131301253779e-33
6.127880643573e-34
1.742540568903e-34
4.900677814938e-35
1.3630867591197e-35
3.749542751355e-36
1.0200321992763e-36
2.7442485299273e-37
7.301299108408e-38
1.9210428964882e-38
4.998356348668e-39
1.2860668138384e-39
3.2721927044387e-40
8.232770727657e-41
2.0482251201638e-41
5.038792880769e-42
1.2257023954626e-42
2.9481240367201e-43
7.011340521763e-44
1.6487062513614e-44
3.833228169335e-45
8.811652984011e-46
2.0026890128565e-46
4.500130060863e-47
9.997328490787e-48
2.1957457369674e-48
4.767723758544e-49
1.0234408534851e-49
2.171844044944e-50
4.556173529398e-51
9.448634178803e-52
1.9369852372735e-52
3.925213986922e-53
7.86269233266e-54
1.5568301096343e-54
3.04694173208e-55
5.894282724401e-56
1.1270222144715e-56
2.1299009591447e-57
3.978344529971e-58
7.344326219861e-59
1.3399807461897e-59
2.4161981023874e-60
4.305703873314e-61
7.582694791377e-62
1.3196563681709e-62
2.2695824906001e-63
3.857170081158e-64
6.477673900619e-65
1.0749456811784e-65
1.7626280455877e-66
2.855821258389e-67
4.571796870349e-68
7.231321211773e-69
1.130088264217e-69
1.7448581155114e-70
2.66164335633e-71
4.011164215014e-72
5.97187341014e-73
8.783324783941e-74
1.27615670345e-74
1.8316149985085e-75
2.596795748174e-76
3.636662412393e-77
5.03057753831e-78
6.873379474327e-79
9.275733150353e-80
1.2363440371693e-80
1.6275382288116e-81
2.1159787649436e-82
2.716858481043e-83
3.444971002782e-84
4.313741129153e-85
5.334080074175e-86
6.513115630242e-87
7.852873240239e-88
9.349008059213e-89
1.0989706820323e-89
1.2754888039006e-90
1.4615826547488e-91
1.6535311299519e-92
1.8468413125467e-93
2.036389291603e-94
2.216622396355e-95
2.381814026324e-96
2.526356231934e-97
2.64507009219e-98
2.73351046053e-99
2.788240376125e-100
2.807051692581e-101
2.789112275915e-102
2.735026152576e-103
2.646800623343e-104
2.52772274812e-105
2.382155783219e-106
2.215273170548e-107
2.032752745392e-108
1.840456417537e-109
1.6441204918588e-110
1.4490791775646e-111
1.2600391473311e-112
1.0809169327501e-113
9.147442814947e-115
7.636401530613e-116
6.288424823501e-117
5.107886916207e-118
4.092314452806e-119
3.233753441878e-120
2.520209652199e-121
1.937045354502e-122
1.4682417399656e-123
1.0974661071e-124
8.089121633924e-126
5.879075585212e-127
4.213031294383e-128
2.976724385795e-129
2.07358097154e-130
1.4240385182898e-131
9.640966256332e-133
6.434236105823e-134
4.232825184082e-135
2.744730258083e-136
1.754219277456e-137
1.1049983093213e-138
6.859797629993e-140
4.196731219535e-141
2.530108502539e-142
1.503048591831e-143
8.798128322319e-145
5.07420761515e-146
2.883260463337e-147
1.614038959419e-148
8.900925891515e-150
4.835302886157e-151
2.587352180178e-152
1.36366142748e-153
7.078679195867e-155
3.618827032817e-156
1.821915913267e-157
9.032510102047e-159
4.409431965609e-160
2.119459196418e-161
1.0030199574388e-162
4.673150618079e-164
2.143378997956e-165
9.67720971856e-167
4.300669082283e-168
1.881174097532e-169
8.098435582023e-171
3.43102772753e-172
1.430440293633e-173
5.868252453657e-175
2.368711655284e-176
9.406984626659e-178
3.675307143788e-179
1.412575292968e-180
5.340399953325e-182
1.985862918697e-183
7.262845263069e-185
2.612249960329e-186
9.239342975478e-188
3.213316414106e-189
1.098801360899e-190
3.694069287715e-192
1.220892719436e-193
3.966456137366e-195
1.266619454358e-196
3.975330553331e-198
1.226164567838e-199
3.716525391833e-201
1.106884338875e-202
3.238975831716e-204
9.311434249943e-206
2.629610897975e-207
7.294484445008e-209
1.987410640215e-210
5.317796721059e-212
1.397293686237e-213
3.605086922769e-215
9.132203819004e-217
2.271048886912e-218
5.544049530984e-220
1.328420660187e-221
3.123990268077e-223
7.209519750119e-225
1.63260880659e-226
3.627379740551e-228
7.906683882989e-230
1.690600441372e-231
3.5455777682e-233
7.292661612571e-235
1.470926830052e-236
2.909071228331e-238
5.640629699093e-240
1.072165397473e-241
1.99759429563e-243
3.647655001537e-245
6.527248528368e-247
1.144470814215e-248
1.966006745333e-250
3.308398268922e-252
5.453170854006e-254
8.802868917386e-256
1.391514268877e-257
2.153689462546e-259
3.263272707772e-261
4.839946561248e-263
7.025639708363e-265
9.97997894088e-267
1.387111165316e-268
1.886120130236e-270
2.508658239961e-272
3.26335563944e-274
4.151201297144e-276
5.163027173974e-278
6.277547440688e-280
7.46042027042e-282
8.66474841311e-284
9.83328445438e-286
1.090236567596e-287
1.18073050045e-289
1.248866371225e-291
1.289859484232e-293
1.300633591955e-295
1.280198574816e-297
1.229792789766e-299
1.15276270914e-301
1.054195366234e-303
9.403596549887e-306
8.180421766657e-308
6.938761214796e-310
5.737556894505e-312
4.624062410496e-314
3.631476856372e-316
2.778532817606e-318
2.070754410534e-320
1.502896266657e-322
1.06199293241e-324
7.30482156017e-327
4.889836752625e-329
3.184750927165e-331
2.017672622566e-333
1.24312815517e-335
7.446719377505e-338
4.336005952676e-340
2.453468052168e-342
1.348727931518e-344
7.201240040099e-347
3.733469198267e-349
1.878976183845e-351
9.177240443714e-354
4.3487192522e-356
1.998678130311e-358
8.906925470117e-361
3.847555088406e-363
1.610570838552e-365
6.530942516174e-368
2.564679756057e-370
9.75009658144e-373
3.58721462672e-375
1.276819479568e-377
4.395143936474e-380
1.462623623427e-382
4.703800506185e-385
1.461367386951e-387
4.384275312173e-390
1.269679149056e-392
3.547920278282e-395
9.562231966583e-398
2.484665365186e-400
6.221756998984e-403
1.500733181791e-405
3.485325613444e-408
7.789901528485e-411
1.674802571814e-413
3.462002962385e-416
6.877128968021e-419
1.312142503895e-421
2.403373928376e-424
4.223714979933e-427
7.118048803744e-430
1.149672472618e-432
1.778611564584e-435
2.634037190392e-438
3.731893485601e-441
5.055083016682e-444
6.542388809977e-447
8.084673734426e-450
9.532509896735e-453
1.07167292468e-455
1.147915127237e-458
1.170637432865e-461
1.135697243447e-464
1.047326492228e-467
9.173217219768e-471
7.624483681059e-474
6.008489576386e-477
4.485289579693e-480
3.168668369854e-483
2.116415888986e-486
1.335135144708e-489
7.946868362564e-493
4.458037244733e-496
2.354406332807e-499
1.169241740659e-502
5.453665015748e-506
2.386106712318e-509
9.780100416207e-513
3.750258296432e-516
1.343482773483e-519
4.489723396379e-523
1.397527907223e-526
4.045417821493e-530
1.087193335936e-533
2.70792866672e-537
6.239749771742e-541
1.32761697628e-544
2.603103625325e-548
4.693740213226e-552
7.76617301669e-556
1.176411787399e-559
1.627528865697e-563
2.051222569384e-567
2.348821901332e-571
2.436773139421e-575
2.283563794277e-579
1.926968597783e-583
1.459313593769e-587
9.88315725843e-592
5.963208524192e-596
3.192715475863e-600
1.510357019482e-604
6.284266972162e-609
2.2885583832e-613
7.256449883473e-618
1.992015755325e-622
4.705753777916e-627
9.503487043312e-632
1.62916932527e-636
2.352469950229e-641
2.83726778744e-646
2.832022887406e-651
2.315929198286e-656
1.534443027076e-661
8.136217927986e-667
3.405584154093e-672
1.108177332983e-677
2.755514413364e-683
5.13475421197e-689
7.013469655609e-695
6.845266426394e-701
4.635442058987e-707
2.104064271983e-713
6.14566092499e-720
1.0999124563548e-726
1.1363698321047e-733
6.29344541329e-741
1.70066277202e-748
1.983212309376e-756
8.452362039751e-765
1.0403572012812e-773
2.591577614268e-783
7.248959831036e-794
7.324303943191e-806
1.4222751917493e-820