0.0611207263121598
0.0606650020875676
0.0597637195846886
0.0584368337706284
0.0567133542945167
0.0546302914647696
0.052231336003268
0.04956533829258
0.046684660896014
0.043643481612708
0.040496123187565
0.037295480320709
0.034091605402163
0.030930502257768
0.027853163110472
0.0248948689836701
0.0220847589283198
0.0194456596742935
0.0169941553594403
0.0147408674433032
0.0126909081050315
0.0108444664670454
0.0091974857769904
0.0077423909426661
0.0064688291365498
0.0053643910722954
0.0044152864739382
0.0036069536879035
0.0029245898539487
0.0023535941543937
0.0018799220941021
0.0014903533182403
0.00117267903912975
0.00091581769273686
0.00070986902700451
0.00054611754035995
0.00041699617750483
0.00031602060776174
0.00023770341888136
0.0001774563074515
0.00013148696931125
0.00009669599994089
0.000070577790461305
0.000051128209125761
0.000036760827295552
0.00002623259926988
0.000018579237540656
0.000013060027924803
9.111483699055e-6
6.3090211326043e-6
4.3357260018726e-6
2.9572477401825e-6
2.0018828882708e-6
1.3449735145657e-6
8.968336833496e-7
5.9351567407577e-7
3.8982846335086e-7
2.5411770296199e-7
1.6440508581113e-7
1.0556341677015e-7
6.727107748837e-8
4.254602159424e-8
2.6705702587016e-8
1.6636515640653e-8
1.028567655449e-8
6.311233870872e-9
3.8433096675804e-9
2.3227631706066e-9
1.3931942306337e-9
8.29324129014e-10
4.8993845479947e-10
2.8725131340147e-10
1.6714155615473e-10
9.651780085913e-11
5.531329989394e-11
3.1459331360298e-11
1.7756842851123e-11
9.946651764216e-12
5.529444575208e-12
3.0505493359985e-12
1.6701867705438e-12
9.074881059499e-13
4.893326715323e-13
2.6185042789343e-13
1.3905498976382e-13
7.328287077533e-14
3.8326516587482e-14
1.9891867287995e-14
1.0245411739069e-14
5.236718729228e-15
2.656215682667e-15
1.3370262976055e-15
6.678629219787e-16
3.310577154201e-16
1.6284982471435e-16
7.949434986225e-17
3.8507806005808e-17
1.8510705729445e-17
8.829924417157e-18
4.17973648067e-18
1.9633458132568e-18
9.151636007587e-19
4.233043670418e-19
1.9429286153893e-19
8.849301991554e-20
3.999514101448e-20
1.7936984814867e-20
7.98240145336e-21
3.5249869312324e-21
1.5446111242721e-21
6.716087815769e-22
2.8976569696172e-22
1.2405343359475e-22
5.269866480131e-23
2.2213511095155e-23
9.290933006694e-24
3.855881647472e-24
1.5878446544725e-24
6.487986783815e-25
2.63043265695e-25
1.0581746146295e-25
4.223748208431e-26
1.6728107905822e-26
6.573570206591e-27
2.5630614301219e-27
9.915565061261e-28
3.806047117243e-28
1.4495278445249e-28
5.477370547997e-29
2.0535641049485e-29
7.63892752573e-30
2.8193037853593e-30
1.0323669000291e-30
3.750648023759e-31
1.3519352579857e-31
4.83481772044e-32
1.7154426306284e-32
6.038671519805e-33
2.1089823043362e-33
7.307485622552e-34
2.5120233138e-34
8.567165515363e-35
2.898715234396e-35
9.73029339532e-36
3.240375676855e-36
1.0705596479415e-36
3.508887640042e-37
1.1409539640824e-37
3.680474440842e-38
1.1778051424545e-38
3.739159120115e-39
1.1776119058136e-39
3.679213769499e-40
1.1403266563392e-40
3.506079444362e-41
1.0693730244713e-41
3.235552422764e-42
9.711272091862e-43
2.891405245217e-43
8.539720072212e-44
2.501939332945e-44
7.271181704082e-45
2.0961622255698e-45
5.994224608972e-46
1.7003013326311e-46
4.784097734256e-47
1.3352172454017e-47
3.696391925528e-48
1.0150202428425e-48
2.764638791767e-49
7.4690515812e-50
2.0014844616909e-50
5.319796227003e-51
1.4024586319893e-51
3.667192101288e-52
9.510908854241e-53
2.446534412046e-53
6.241913553758e-54
1.5794919436522e-54
3.964116669847e-55
9.867357459477e-56
2.435997054891e-56
5.964446309581e-57
1.4483614877263e-57
3.488134444924e-58
8.331338845052e-59
1.9735021615597e-59
4.636150238601e-60
1.0801157822569e-60
2.495581954041e-61
5.718180259261e-62
1.2993437542348e-62
2.92796717641e-63
6.543045424109e-64
1.4499762781542e-64
3.186432305278e-65
6.943955163011e-66
1.5005935440354e-66
3.215649481679e-67
6.833123526279e-68
1.4398267021012e-68
3.008409611367e-69
6.232967752865e-70
1.2804991757539e-70
2.608468193684e-71
5.268765637847e-72
1.0552237305256e-72
2.095500437255e-73
4.126042249759e-74
8.055220434601e-75
1.5592441828992e-75
2.992532283537e-76
5.69438195086e-77
1.0743168199094e-77
2.009514503451e-78
3.726643287805e-79
6.851841334998e-80
1.248976919021e-80
2.257116524754e-81
4.043903412305e-82
7.18272980871e-83
1.2647798753972e-83
2.20786077963e-84
3.820800541396e-85
6.554771797785e-86
1.1147458383279e-86
1.879332926782e-87
3.140766380669e-88
5.203146088345e-89
8.544551465385e-90
1.3909122524217e-90
2.244355849108e-91
3.589711031195e-92
5.691113919115e-93
8.943330309151e-94
1.3930272471437e-94
2.150663194444e-95
3.291028990611e-96
4.991505413918e-97
7.503534709208e-98
1.1179662444187e-98
1.650873603031e-99
2.416101317969e-100
3.504503133824e-101
5.037806890013e-102
7.177183492935e-103
1.0133459270162e-103
1.41790186616e-104
1.966133378895e-105
2.701790500578e-106
3.679219925474e-107
4.964993186475e-108
6.639475839772e-109
8.798213890717e-110
1.1552982766261e-110
1.503231551986e-111
1.938130422487e-112
2.476045585731e-113
3.134338589762e-114
3.931315380306e-115
4.885708818654e-116
6.016001847535e-117
7.339592456792e-118
8.871813456555e-119
1.0624833802922e-119
1.260648301859e-120
1.481905498044e-121
1.72581606275e-122
1.991170944468e-123
2.275910535507e-124
2.577074252189e-125
2.890787947619e-126
3.212295542883e-127
3.536039073909e-128
3.855788520291e-129
4.164819476111e-130
4.456133178074e-131
4.722709911491e-132
4.957783685648e-133
5.155123617995e-134
5.30930596424e-135
5.41596038048e-136
5.471974907884e-137
5.475646318432e-138
5.426765719499e-139
5.326633441374e-140
5.178001890357e-141
4.984949848669e-142
4.752696231504e-143
4.487365186509e-144
4.195717322621e-145
3.884863561165e-146
3.561978508346e-147
3.234029375767e-148
2.907534463067e-149
2.588362300919e-150
2.281579038259e-151
1.991347882161e-152
1.720880695973e-153
1.472438527628e-154
1.247375109267e-155
1.046215394729e-156
8.687600507639e-158
7.142064757857e-159
5.812773013057e-160
4.683482981819e-161
3.735689936086e-162
2.94970926637e-163
2.305601601665e-164
1.783922799648e-165
1.366295341585e-166
1.035809257137e-167
7.772692936421e-169
5.7731060444e-170
4.244080005111e-171
3.088042140876e-172
2.223811908702e-173
1.584957175203e-174
1.117972322241e-175
7.804191580828e-177
5.391348116544e-178
3.685772801767e-179
2.493506756346e-180
1.669292055911e-181
1.10581581354e-182
7.248543967199e-184
4.701376208344e-185
3.017130730473e-186
1.915784739505e-187
1.203569640398e-188
7.480938081554e-190
4.600335607059e-191
2.798722247766e-192
1.684438004787e-193
1.002912945125e-194
5.907073180907e-196
3.441677840993e-197
1.983556509947e-198
1.130792943441e-199
6.376367037165e-201
3.556335231837e-202
1.961817499128e-203
1.070356143975e-204
5.775624660799e-206
3.082177414257e-207
1.626639378038e-208
8.48959091422e-210
4.381580885032e-211
2.236197408551e-212
1.128525108677e-213
5.631453834788e-215
2.778589394767e-216
1.355529524795e-217
6.538233993198e-219
3.117918824078e-220
1.469968064632e-221
6.85133994367e-223
3.15684536911e-224
1.437893821505e-225
6.474130693045e-227
2.881393327699e-228
1.267579631916e-229
5.511688204831e-231
2.368730508721e-232
1.006127694427e-233
4.223589298615e-235
1.752209171659e-236
7.183735676429e-238
2.910443493857e-239
1.165189621819e-240
4.609424386522e-242
1.801745075593e-243
6.958575251483e-245
2.655285882144e-246
1.001036051064e-247
3.728369823595e-249
1.371836340001e-250
4.986349909759e-252
1.790371929769e-253
6.349896048807e-255
2.224515600206e-256
7.697191094486e-258
2.630506576768e-259
8.87848795526e-261
2.959464618185e-262
9.74190055622e-264
3.166739538514e-265
1.016484274506e-266
3.22173669812e-268
1.008234867956e-269
3.11527745949e-271
9.50333413932e-273
2.862069908641e-274
8.50922486224e-276
2.497385965199e-277
7.235148339019e-279
2.068975480409e-280
5.83968233784e-282
1.626779682914e-283
4.472531106204e-285
1.213507326193e-286
3.249188730425e-288
8.58479412521e-290
2.238133334119e-291
5.757337220444e-293
1.461219096258e-294
3.658854048026e-296
9.03834301202e-298
2.202542229642e-299
5.29454757942e-301
1.255393675615e-302
2.935989883242e-304
6.772196646671e-306
1.540570518362e-307
3.456105785984e-309
7.64578485219e-311
1.667871816934e-312
3.587439086012e-314
7.60787118493e-316
1.590646806362e-317
3.278622068893e-319
6.661786433906e-321
1.334277947528e-322
2.634100978049e-324
5.125344229347e-326
9.82860555182e-328
1.857430182367e-329
3.459059455943e-331
6.347481340644e-333
1.147665650633e-334
2.044430109996e-336
3.58793193929e-338
6.203017251816e-340
1.056380023903e-341
1.772013428562e-343
2.927618049349e-345
4.763575368387e-347
7.63296402795e-349
1.20438395524e-350
1.871190409045e-352
2.862342935994e-354
4.310672887355e-356
6.390824930828e-358
9.32664868478e-360
1.339735960818e-361
1.894110973186e-363
2.635430654922e-365
3.608483615398e-367
4.86173738006e-369
6.444929073777e-371
8.4056360349e-373
1.078485564964e-374
1.3611768358e-376
1.689802588238e-378
2.063207721751e-380
2.477418931636e-382
2.925290535313e-384
3.396368024468e-386
3.877031853537e-388
4.350960679733e-390
4.799919468627e-392
5.204837113407e-394
5.547095965002e-396
5.809918606146e-398
5.97971205298e-400
6.047221795419e-402
6.008360658625e-404
5.864610014679e-406
5.622939478405e-408
5.29524893545e-410
4.897394776857e-412
4.447911526806e-414
3.966573101499e-416
3.472950074408e-418
2.985109596817e-420
2.518575823368e-422
2.085626627969e-424
1.694954608578e-426
1.351674616956e-428
1.05762283546e-430
8.11868028463e-433
6.113455807104e-435
4.515282798044e-437
3.270615194614e-439
2.323106253183e-441
1.61790109505e-443
1.104652276792e-445
7.39327229184e-448
4.849883921021e-450
3.117847306316e-452
1.964046557893e-454
1.212176842466e-456
7.32892904604e-459
4.340279123949e-461
2.517322697666e-463
1.429699872476e-465
7.95015243384e-468
4.32782420983e-470
2.306032752225e-472
1.202542060871e-474
6.136353452479e-477
3.063593710177e-479
1.496225900785e-481
7.14729805902e-484
3.338857594623e-486
1.525094415323e-488
6.810342151924e-491
2.972651463994e-493
1.268090776079e-495
5.285856019686e-498
2.152609155604e-500
8.56298146457e-503
3.326739010718e-505
1.262028369033e-507
4.674096824672e-510
1.689759098594e-512
5.961690384958e-515
2.052340014203e-517
6.89256527227e-520
2.257767375459e-522
7.21203607816e-525
2.246100672613e-527
6.818737263581e-530
2.017397123426e-532
5.815663930469e-535
1.633179308366e-537
4.466832763284e-540
1.189596632367e-542
3.084148187872e-545
7.78226057702e-548
1.91077299028e-550
4.563953086822e-553
1.060220262028e-555
2.394782448926e-558
5.258250853412e-561
1.122044345273e-563
2.326260690903e-566
4.684577390226e-569
9.16068580174e-572
1.739044575995e-574
3.204025200835e-577
5.727414050356e-580
9.93050250087e-583
1.669567189845e-585
2.720972099596e-588
4.297309434487e-591
6.574816573442e-594
9.74191783862e-597
1.39744764128e-599
1.940038645444e-602
2.605670000129e-605
3.3846201773e-608
4.25036298124e-611
5.15832116442e-614
6.047756441638e-617
6.847270615983e-620
7.48355652151e-623
7.892093666e-626
8.02772411525e-629
7.87276014059e-632
7.4406378022e-635
6.774102444392e-638
5.938233205815e-641
5.00988174801e-644
4.06591715367e-647
3.172791740261e-650
2.379373771413e-653
1.713967699066e-656
1.185323208859e-659
7.86565338015e-663
5.005650000929e-666
3.053314397146e-669
1.784100573288e-672
9.98041813525e-676
5.341924707984e-679
2.733992766637e-682
1.337122296159e-685
6.245037099674e-689
2.783537234725e-692
1.183196526998e-695
4.792980615937e-699
1.848951451985e-702
6.78717648463e-706
2.368969983742e-709
7.85578422827e-713
2.472983711364e-716
7.383898471266e-720
2.089307365552e-723
5.59729712206e-727
1.418431338118e-730
3.396826778148e-734
7.67963955021e-738
1.637431737014e-741
3.289104751605e-745
6.217351152911e-749
1.104715285618e-752
1.842887557081e-756
2.882824881553e-760
4.223342267901e-764
5.78681578209e-768
7.405819684479e-772
8.8397131862e-776
9.82633666413e-780
1.015697427487e-783
9.74674380126e-788
8.66864502803e-792
7.133165349273e-796
5.420791403115e-800
3.797233010285e-804
2.446996549504e-808
1.447633206634e-812
7.8450857008e-817
3.885618559999e-821
1.754714647325e-825
7.206840629178e-830
2.684895738083e-834
9.04785361888e-839
2.749955859965e-843
7.514912793678e-848
1.840433870605e-852
4.025428431915e-857
7.834435673617e-862
1.351505437666e-866
2.058007511692e-871
2.754125968061e-876
3.22396145217e-881
3.284633912917e-886
2.896965382669e-891
2.199161146372e-896
1.428032716316e-901
7.879292459751e-907
3.667509756381e-912
1.428880014885e-917
4.620318655506e-923
1.228510255277e-928
2.658999993573e-934
4.633003555937e-940
6.419345024381e-946
6.977710390652e-952
5.861103652936e-958
3.740832148404e-964
1.780114020084e-970
6.181663761546e-977
1.528729326866e-983
2.617818229806e-990
3.004804964758e-997
2.225570598231e-1004
1.0168499720073e-1011
2.715159049479e-1019
3.96690111339e-1027
2.922126650874e-1035
9.7815246343e-1044
1.299015353102e-1052
5.695355390347e-1062
6.353100946061e-1072
1.2163883924778e-1082
2.081534638208e-1094
9.055135689402e-1108
3.859724100825e-1124