0.1087879047711561
0.106229663349609
0.1012921052194347
0.0943124013213045
0.085747929192782
0.0761268284111035
0.0659945574601268
0.0558638969536762
0.046174573717765
0.0372664788515699
0.0293678574011423
0.0225974086683732
0.0169773899805798
0.0124538016805939
0.0089195700809794
0.00623718267496889
0.00425820501704744
0.00283823670858734
0.0018469041682864
0.00117328347065747
0.00072763385630643
0.00044051640123493
0.000260338114451223
0.000150184989161519
0.000084569618194011
0.000046482192528131
0.000024936064059847
0.0000130563650437228
6.6719547985611e-6
3.32738476898062e-6
1.6193998062488e-6
7.6910848765359e-7
3.5643819426989e-7
1.6118474259638e-7
7.1119049795129e-8
3.0616026909713e-8
1.28585033544901e-8
5.2685103204729e-9
2.10580161586253e-9
8.210222546658e-10
3.1223038283109e-10
1.15811663265037e-10
4.1894761733682e-11
1.47798507718472e-11
5.0845801567603e-12
1.70563423658561e-12
5.5786960189872e-13
1.77895470116671e-13
5.530330263399e-14
1.67594198280655e-14
4.9505736518393e-15
1.42530149406149e-15
3.9992429045167e-16
1.09353559591817e-16
2.9136375967798e-17
7.5639396953487e-18
1.9130750976873e-18
4.7135485686486e-19
1.13124212685755e-19
2.6443162712311e-20
6.0197589706248e-21
1.33447150576243e-21
2.880445037286e-22
6.0531927621157e-23
1.23833317617017e-23
2.4658745899461e-24
4.7789909293614e-25
9.0132893036418e-26
1.6540981944869e-26
2.9533706092284e-27
5.1297938020349e-28
8.6666759598422e-29
1.4240329692237e-29
2.2753344123147e-30
3.5348395265692e-31
5.3386775368673e-32
7.8374734600844e-33
1.11823835468831e-33
1.550403274919e-34
2.0885342345311e-35
2.7331175061664e-36
3.4739729636281e-37
4.2882103448853e-38
5.1396760469794e-39
5.9804286472362e-40
6.7544656594139e-41
7.4034698942207e-42
7.8738480854574e-43
8.1239291554066e-44
8.1300037863478e-45
7.890002786903e-46
7.424029489223e-47
6.7715906629898e-48
5.986052294749e-49
5.1274017969682e-50
4.2546841392676e-51
3.4194347178157e-52
2.6610924158984e-53
2.0048576780847e-54
1.4619145891907e-55
1.0315012621287e-56
7.040747300958e-58
4.6479162483647e-59
2.9667093648411e-60
1.8304284154012e-61
1.0913713568896e-62
6.2865517136525e-64
3.4974187032345e-65
1.8786673748667e-66
9.740651418696e-68
4.8733470747938e-69
2.3519596748957e-70
1.0945963565364e-71
4.9108251158093e-73
2.1231576287773e-74
8.842688934777e-76
3.5465311747125e-77
1.3692392197866e-78
5.0868090989507e-80
1.8177412155634e-81
6.2454603739257e-83
2.0623534300315e-84
6.542494900621e-86
1.9930380040585e-87
5.8275294224779e-89
1.6347422339164e-90
4.3974749573169e-92
1.1337937409925e-93
2.8004144902737e-95
6.622814346217e-97
1.4988646961161e-98
3.2444591975438e-100
6.713287691959e-102
1.3270476627809e-103
2.5045705830176e-105
4.5102876209214e-107
7.744961986863e-109
1.267328134695e-110
1.974761123159e-112
2.9281048005576e-114
4.1284350733585e-116
5.53070136507e-118
7.034420152688e-120
8.487404897335e-122
9.706269546753e-124
1.0511853936859e-125
1.0771105858826e-127
1.0432411395815e-129
9.541708004068e-132
8.232682804876e-134
6.693752393293e-136
5.123082651573e-138
3.686610078829e-140
2.4913621765634e-142
1.5791296513803e-144
9.375701821261e-147
5.207191589172e-149
2.7014631802938e-151
1.3072050799524e-153
5.890614709631e-156
2.4679721815601e-158
9.597064398997e-161
3.457590408889e-163
1.1519248352457e-165
3.541813317469e-168
1.0029222740343e-170
2.609685522751e-173
6.225490705478e-176
1.3581579948351e-178
2.702599352117e-181
4.891726391234e-184
8.029917959998e-187
1.1916970054289e-189
1.5935801584453e-192
1.9133053413633e-195
2.0546481357824e-198
1.9654146563487e-201
1.6673341169495e-204
1.2484859130614e-207
8.209445752976e-211
4.714178704787e-214
2.34988490509e-217
1.0101568031649e-220
3.718105992339e-224
1.1626088041394e-227
3.061734631781e-231
6.726193724152e-235
1.219618140349e-238
1.8037541850267e-242
2.1470499785388e-246
2.0261794537891e-250
1.4901908766768e-254
8.375257298433e-259
3.516172280875e-263
1.0737793840359e-267
2.3114611127649e-272
3.377807770199e-277
3.200827261149e-282
1.8582220953591e-287
6.149719759658e-293
1.0561895524354e-298
8.291972455535e-305
2.486925996066e-311
2.174224031826e-318
3.543581315905e-326
4.564899980049e-335
5.099327432252e-346