0.0576857867501142
0.0573025733815443
0.0565437652287168
0.0554243476350901
0.0539661806780327
0.0521972895053852
0.0501509692055508
0.0478647441222849
0.045379226983511
0.042736926138342
0.039981049508264
0.037154351649083
0.034298065839662
0.031450956744394
0.028648521419907
0.025922357792872
0.023299710782024
0.0208031975081524
0.0184507050067896
0.0162554469198262
0.0142261600789908
0.0123674178764438
0.0106800349015848
0.0091615364588497
0.0078066671289316
0.0066079142859055
0.0055560251788634
0.0046404995493084
0.0038500435039015
0.0031729742331483
0.0025975689298536
0.0021123547291914
0.001706339526057
0.0013691860355998
0.00109133340708099
0.00086407207852251
0.00067957840296986
0.0005309159449901
0.00041201031331456
0.00031760404588885
0.00024319748192356
0.00018498082236299
0.00013976176737739
0.00010489228756503
0.000078197282381903
0.000057907139961116
0.000042595559981285
0.000031123448043932
0.000022589239792836
0.000016285662608061
0.000011662684108405
8.296218764749e-6
5.8620539382169e-6
4.1144015157533e-6
2.8684684681283e-6
1.9864577145216e-6
1.3664497925546e-6
9.336678487457e-7
6.3368692539998e-7
4.2720855460987e-7
2.8607980822816e-7
1.9028990492991e-7
1.2572590279699e-7
8.251129933868e-8
5.3787443714201e-8
3.4827824705548e-8
2.2400045478659e-8
1.4310265106763e-8
9.080751653338e-9
5.723614219398e-9
3.5833763976371e-9
2.2283689183646e-9
1.3764276853183e-9
8.444819895458e-10
5.1463236660263e-10
3.1151038375719e-10
1.8729047227747e-10
1.1184731249027e-10
6.634391632042e-11
3.908780622753e-11
2.2874155700097e-11
1.3295704763054e-11
7.676072743387e-12
4.4017678171383e-12
2.5071158188777e-12
1.4183380485128e-12
7.969701556258e-13
4.447952663042e-13
2.4656582295445e-13
1.3575600151523e-13
7.423991029684e-14
4.0324302706951e-14
2.1754349124711e-14
1.165665331086e-14
6.203674001076e-15
3.2792164720433e-15
1.7216146580464e-15
8.977290157169e-16
4.649397786009e-16
2.3916022254651e-16
1.2218577610556e-16
6.199982370112e-17
3.1246183870226e-17
1.564007575178e-17
7.77525526691e-18
3.839043013442e-18
1.8826187747882e-18
9.169199683561e-19
4.435357711331e-19
2.1308484841643e-19
1.0167207656504e-19
4.818085640169e-20
2.2676159940768e-20
1.0599494278425e-20
4.920620388466e-21
2.2686740014544e-21
1.038819894411e-21
4.72413995038e-22
2.1336244027928e-22
9.570271824396e-23
4.263242333331e-23
1.8860949341146e-23
8.286920709411e-24
3.615990096849e-24
1.5669819281135e-24
6.743754105671e-25
2.8822968641756e-25
1.2234132548187e-25
5.157074109443e-26
2.1588749927556e-26
8.975192019248e-27
3.705529826963e-27
1.5193063568051e-27
6.186243677791e-28
2.501459356353e-28
1.0044833809476e-28
4.005650362069e-29
1.5862892615408e-29
6.238337413963e-30
2.4362986260368e-30
9.448555059872e-31
3.638911668026e-31
1.3917039784185e-31
5.285541044796e-32
1.9934127216084e-32
7.465658990206e-33
2.776515836766e-33
1.0253949236231e-33
3.760443561815e-34
1.3694361111872e-34
4.952188112477e-35
1.778291688207e-35
6.340992001007e-36
2.2452131136802e-36
7.894086708209e-37
2.756055468422e-37
9.554622206167e-38
3.28909438498e-38
1.124279091239e-38
3.815967124731e-39
1.2860726499191e-39
4.303823420199e-40
1.4301089009431e-40
4.718534546386e-41
1.5458457483693e-41
5.028561491875e-42
1.6241927013396e-42
5.208888879181e-43
1.6586850516941e-43
5.24434919108e-44
1.6463630794839e-44
5.131726213282e-45
1.5881907329777e-45
4.880233660891e-46
1.488931759396e-46
4.510270735249e-47
1.356505232228e-47
4.050687706062e-48
1.200941472382e-48
3.535070354992e-49
1.0331294590408e-49
2.997707136113e-50
8.635723313606e-51
2.469906805325e-51
7.013454665234e-52
1.977198313503e-52
5.533915063778e-53
1.5377153811625e-53
4.242069801685e-54
1.1618102302112e-54
3.1589681528e-55
8.527173030647e-56
2.285134524232e-56
6.079423628036e-57
1.6056616413398e-57
4.210015338401e-58
1.0958430416213e-58
2.831685717758e-59
7.26391469058e-60
1.849789698312e-60
4.676240530989e-61
1.1735216259023e-61
2.923492662501e-62
7.229802582215e-63
1.774848269078e-63
4.325170259757e-64
1.0462829997916e-64
2.512441117873e-65
5.988804490248e-66
1.4170286573147e-66
3.328189908569e-67
7.759347914311e-68
1.795670632931e-68
4.124859033968e-69
9.405224004625e-70
2.128645690368e-70
4.781987097519e-71
1.0663033204212e-71
2.360027151275e-72
5.184580539974e-73
1.130491050656e-73
2.446661990421e-74
5.255700487503e-75
1.1205556911669e-75
2.371258416491e-76
4.980389391069e-77
1.0382048097336e-77
2.148000717481e-78
4.410763350766e-79
8.989122928535e-80
1.818198779327e-80
3.649909642253e-81
7.271697060211e-82
1.4378001875372e-82
2.821412217986e-83
5.494598062605e-84
1.0619468950755e-84
2.036869642919e-85
3.877156151197e-86
7.324011204244e-87
1.3729868031934e-87
2.554237990853e-88
4.715523841198e-89
8.639090920061e-90
1.57062158136e-90
2.833585804056e-91
5.072923531156e-92
9.012249912507e-93
1.588754872082e-93
2.779233858452e-94
4.824291687592e-95
8.309559645864e-96
1.420215124746e-96
2.408560670648e-97
4.05306915364e-98
6.767511594747e-99
1.1212130713898e-99
1.843134355685e-100
3.006291273492e-101
4.865257499043e-102
7.812261686628e-103
1.2446273696787e-103
1.967383077879e-104
3.085467057975e-105
4.800988251541e-106
7.411625017397e-107
1.1351796316728e-107
1.724961307451e-108
2.600476732982e-109
3.889382304301e-110
5.771085553258e-111
8.495300544659e-112
1.240621916032e-112
1.797358433722e-113
2.583208910144e-114
3.683061522265e-115
5.209283685824e-116
7.309061046386e-117
1.0173130978168e-117
1.404597977411e-118
1.923750095677e-119
2.613601123207e-120
3.522238760919e-121
4.708492312552e-122
6.243430126812e-123
8.211786609874e-124
1.0713212629147e-124
1.386321918726e-125
1.779366227607e-126
2.265259935096e-127
2.860333781184e-128
3.582249636617e-129
4.449691425946e-130
5.481927378667e-131
6.698235017382e-132
8.117187059246e-133
9.755804992344e-134
1.162859722134e-134
1.374650987847e-135
1.611582998035e-136
1.873709170475e-137
2.160404615409e-138
2.470276198612e-139
2.801092767828e-140
3.149742504249e-141
3.512223726151e-142
3.883674288339e-143
4.258443003289e-144
4.630204322755e-145
4.992114976935e-146
5.337008532744e-147
5.657621099315e-148
5.946838893946e-149
6.197956303421e-150
6.404931632667e-151
6.562627083965e-152
6.667019756565e-153
6.715371627669e-154
6.706348523263e-155
6.640080884861e-156
6.518162491838e-157
6.343586962017e-158
6.120625549002e-159
5.85465320157e-160
5.551932788465e-161
5.219369605806e-162
4.864249624225e-163
4.493975325073e-164
4.115812428152e-165
3.736659412891e-166
3.362849633092e-167
2.999993222846e-168
2.652863116719e-169
2.325326594262e-170
2.020321024594e-171
1.739870114199e-172
1.485135085566e-173
1.256493916798e-174
1.053641077816e-175
8.75700080818e-177
7.213415521797e-178
5.889003298638e-179
4.764861767556e-180
3.820839532869e-181
3.036403958833e-182
2.391359003677e-183
1.866408321686e-184
1.443568233797e-185
1.106442403762e-186
8.40375074155e-188
6.325026264702e-189
4.717242837765e-190
3.486123117468e-191
2.552804737151e-192
1.852271357436e-193
1.331666443967e-194
9.4859705299e-196
6.69507024591e-197
4.681737759606e-198
3.243613339806e-199
2.226447881683e-200
1.514079939296e-201
1.020068158379e-202
6.808397908791e-204
4.501810403836e-205
2.948812264125e-206
1.913444019594e-207
1.229940523665e-208
7.83146682768e-210
4.939507444357e-211
3.086004258857e-212
1.909732311206e-213
1.170583125689e-214
7.106838350568e-216
4.273518537637e-217
2.545190079274e-218
1.50131131732e-219
8.77056494721e-221
5.07435624374e-222
2.907509520904e-223
1.649826636421e-224
9.27091389816e-226
5.158980480271e-227
2.842839111633e-228
1.551235121534e-229
8.38165432553e-231
4.484338421856e-232
2.375599411625e-233
1.246074005183e-234
6.471423066598e-236
3.327595556144e-237
1.69404697245e-238
8.53834773965e-240
4.260542852053e-241
2.104688860215e-242
1.029275915898e-243
4.982940066778e-245
2.388022327877e-246
1.132866702481e-247
5.319805002007e-249
2.47273610108e-250
1.137662860501e-251
5.180738424663e-253
2.335072982742e-254
1.041665578138e-255
4.599000900902e-257
2.009528570099e-258
8.68977396103e-260
3.718727768693e-261
1.574852291487e-262
6.599828208083e-264
2.736910162051e-265
1.123081339574e-266
4.560077241992e-268
1.832023219074e-269
7.28240637358e-271
2.864120519592e-272
1.114467213342e-273
4.290323331121e-275
1.633978967758e-276
6.156352929161e-278
2.294605131625e-279
8.46031462027e-281
3.08564361871e-282
1.113197465722e-283
3.972393266913e-285
1.402077879155e-286
4.894609996988e-288
1.689959047473e-289
5.77075146316e-291
1.948823572624e-292
6.508522258295e-294
2.149550355335e-295
7.02026880493e-297
2.267180861381e-298
7.23986058309e-300
2.285972699381e-301
7.13663931846e-303
2.202841678024e-304
6.722402083095e-306
2.028159310371e-307
6.049237292446e-309
1.78362940431e-310
5.198743871052e-312
1.497842805837e-313
4.265718270769e-315
1.200770980064e-316
3.340828021837e-318
9.18666090138e-320
2.496631569818e-321
6.705449210065e-323
1.779759218504e-324
4.668074183824e-326
1.209874721976e-327
3.098504311383e-329
7.84071385567e-331
1.960349518251e-332
4.842485002517e-334
1.181795259158e-335
2.849295919841e-337
6.786349801362e-339
1.596688388829e-340
3.710829901067e-342
8.51864346764e-344
1.931522421542e-345
4.325538953794e-347
9.56693771696e-349
2.089675414581e-350
4.507530195527e-352
9.60136483744e-354
2.019492478424e-355
4.194176476775e-357
8.60055413923e-359
1.741250877351e-360
3.480416133797e-362
6.86776554613e-364
1.337807362638e-365
2.572436864985e-367
4.8825634146e-369
9.14706785956e-371
1.691318408456e-372
3.086432267247e-374
5.558457185729e-376
9.8786127371e-378
1.732445895291e-379
2.99794088719e-381
5.118745665808e-383
8.62299963592e-385
1.433126523233e-386
2.34973483746e-388
3.800475399762e-390
6.063426489583e-392
9.54191583271e-394
1.481038159765e-395
2.26717905111e-397
3.422707356156e-399
5.095576578728e-401
7.4805153291e-403
1.082827025204e-404
1.545434355794e-406
2.174604202375e-408
3.016630346485e-410
4.125246994732e-412
5.560800649434e-414
7.38852021323e-416
9.67572182094e-418
1.248785313466e-419
1.588338832963e-421
1.990772700771e-423
2.45864180194e-425
2.991820521911e-427
3.5868552191e-429
4.236441813781e-431
4.929109812556e-433
5.649188321463e-435
6.377112564724e-437
7.09010126482e-439
7.76319795423e-441
8.3706267458e-443
8.88737066586e-445
9.29084452937e-447
9.56251051737e-449
9.68927785134e-451
9.66454077466e-453
9.48874108927e-455
9.16938935511e-457
8.72053648234e-459
8.16174703412e-461
7.51667884455e-463
6.81141320353e-465
6.072700690438e-467
5.32628757132e-469
4.59546759595e-471
3.899968064885e-473
3.255233297826e-475
2.672120173711e-477
2.156975976363e-479
1.712033751999e-481
1.336038080206e-483
1.025005567509e-485
7.73028340655e-488
5.730425808629e-490
4.175040406229e-492
2.989347090425e-494
2.103260010331e-496
1.454015898437e-498
9.87558966404e-501
6.58919307748e-503
4.318509376161e-505
2.77987036724e-507
1.757358437326e-509
1.090929892411e-511
6.6495006413e-514
3.97915986084e-516
2.337533334111e-518
1.347850260419e-520
7.62773590187e-523
4.236156391302e-525
2.308459332395e-527
1.234233516477e-529
6.47362660075e-532
3.330602947683e-534
1.680629742437e-536
8.31655757108e-539
4.035387614975e-541
1.919747341349e-543
8.95295523247e-546
4.092587041421e-548
1.833511102624e-550
8.04947342085e-553
3.462526902106e-555
1.459161259142e-557
6.023373387351e-560
2.435251178025e-562
9.64174256685e-565
3.737787290918e-567
1.41859872212e-569
5.270214199341e-572
1.916274001325e-574
6.8184178338e-577
2.373785066955e-579
8.08472291143e-582
2.693320823256e-584
8.77490676761e-587
2.795501235631e-589
8.7070270962e-592
2.650955130779e-594
7.88833459889e-597
2.293748795003e-599
6.51643377079e-602
1.808433812304e-604
4.901708756752e-607
1.297380065331e-609
3.352610900758e-612
8.45698301323e-615
2.082011114578e-617
5.001537566034e-620
1.172177145741e-622
2.679582694622e-625
5.973637796451e-628
1.298436213085e-630
2.75120614358e-633
5.681404688556e-636
1.143210467871e-638
2.240994487816e-641
4.278624655389e-644
7.95462033546e-647
1.439753001597e-649
2.536351886905e-652
4.347924210445e-655
7.25106093073e-658
1.176149778936e-660
1.855058790304e-663
2.844312129417e-666
4.238478108645e-669
6.136804852021e-672
8.63095483083e-675
1.178804778965e-677
1.563045450383e-680
2.011527213364e-683
2.51177311003e-686
3.042343993695e-689
3.57339012611e-692
4.068787733563e-695
4.489808533245e-698
4.799896200628e-701
4.969783044926e-704
4.98198126451e-707
4.833708457312e-710
4.537578711229e-713
4.119854122131e-716
3.616586787141e-719
3.068439171223e-722
2.515223368141e-725
1.991184039068e-728
1.521787022807e-731
1.122359891386e-734
7.9849197959e-738
5.477590937792e-741
3.621643328668e-744
2.306912159162e-747
1.415056205366e-750
8.35481958308e-754
4.745916785521e-757
2.592489266779e-760
1.361184039733e-763
6.86600160177e-767
3.325500303087e-770
1.545786583514e-773
6.89206372198e-777
2.945900969824e-780
1.206457249708e-783
4.731296804855e-787
1.775684897632e-790
6.373900309896e-794
2.186892575e-797
7.16727867449e-801
2.24233254335e-804
6.69223150877e-808
1.903992298678e-811
5.160267700652e-815
1.331290053445e-818
3.266915127478e-822
7.61955018569e-826
1.687713140659e-829
3.547208324954e-833
7.06843805849e-837
1.334219674209e-840
2.383442824502e-844
4.025774602136e-848
6.423062143478e-852
9.67051439286e-856
1.372537382439e-859
1.834438451846e-863
2.306257254424e-867
2.724222397456e-871
3.01991392073e-875
3.137850646845e-879
3.052141869032e-883
2.775494998118e-887
2.356385744736e-891
1.865119372771e-895
1.374298865858e-899
9.41249084936e-904
5.982522120908e-908
3.522892539314e-912
1.91866203441e-916
9.64712861076e-921
4.469721470973e-925
1.904546526252e-929
7.44798195111e-934
2.667395297837e-938
8.72890100092e-943
2.603932039937e-947
7.063525532746e-952
1.737820299113e-956
3.867150823854e-961
7.76120242495e-966
1.400553782102e-970
2.265227218908e-975
3.272611344298e-980
4.208155887876e-985
4.797944630313e-990
4.83097787827e-995
4.277318698979e-1000
3.315011077855e-1005
2.238017397898e-1010
1.309334337196e-1015
6.601313179485e-1021
2.851088330013e-1026
1.048103540506e-1031
3.256914863429e-1037
8.49122985281e-1043
1.842377811665e-1048
3.297672243426e-1054
4.822687439369e-1060
5.702491027465e-1066
5.389257735967e-1072
4.019440611076e-1078
2.332748956601e-1084
1.037156807139e-1090
3.471379353896e-1097
8.576381764823e-1104
1.529647916003e-1110
1.920253153101e-1117
1.648033094478e-1124
9.349088656966e-1132
3.369988579242e-1139
7.366290671358e-1147
9.23159014561e-1155
6.194729668438e-1163
2.044606825642e-1171
2.979790778893e-1180
1.665457966207e-1189
2.949751527823e-1199
1.263089357723e-1209
8.687879170996e-1221
4.872762235505e-1233
6.033179941219e-1247
5.585305474474e-1264