0.1062692052511899
0.1038838584542294
0.0992724716971574
0.0927360710917558
0.0846849231890629
0.07559603027169
0.0659667049079757
0.0562704522493356
0.046920455540367
0.0382442458687936
0.0304710484381733
0.0237312674136807
0.0180659585934834
0.0134431612132591
0.0097776699339464
0.0069511335077434
0.00483008050993508
0.00328037316515028
0.00217747608906231
0.00141265264505206
0.00089569318771918
0.00055502755823063
0.000336116759931507
0.000198918207794723
0.000115041756619128
0.000065016017122801
0.0000359050750452664
0.0000193752851922891
0.0000102160439644867
5.2631386473762e-6
2.64922425267306e-6
1.30283179935924e-6
6.2594614647926e-7
2.93796937379466e-7
1.34710459312753e-7
6.033656871661e-8
2.6397695230646e-8
1.12807448976374e-8
4.70842379533e-9
1.91936830747973e-9
7.6412510838273e-10
2.9707884610564e-10
1.1278651420245e-10
4.1811643003952e-11
1.51344856898572e-11
5.3486424187836e-12
1.84543747327795e-12
6.215967012218e-13
2.043829609474e-13
6.5596340326206e-14
2.0548734257637e-14
6.2824922433541e-15
1.8745214308026e-15
5.457953369508e-16
1.55066804346297e-16
4.2985831737991e-17
1.1625627722563e-17
3.0673149996736e-18
7.894356629678e-19
1.9817834450663e-19
4.852221398211e-20
1.15859862074212e-20
2.6977118883869e-21
6.1247672804271e-22
1.3557371912768e-22
2.9255858662631e-23
6.1540387383724e-24
1.26175585246792e-24
2.5212441266463e-25
4.9094712761698e-26
9.3151446565623e-27
1.7220007920823e-27
3.101121238422e-28
5.439983170143e-29
9.2943812321103e-30
1.5464545179233e-30
2.5055097490928e-31
3.9522529527798e-32
6.0691704287618e-33
9.0718322214593e-34
1.3197318127866e-34
1.8682890695753e-35
2.5734257666999e-36
3.4484871449453e-37
4.4950434048903e-38
5.6985593771821e-39
7.0251956615641e-40
8.4207117026152e-41
9.812273828544e-42
1.1113555481526e-42
1.2232899994891e-43
1.3083619264006e-44
1.3594896937582e-45
1.3721430434319e-46
1.3450009082864e-47
1.2801713394162e-48
1.1829240554151e-49
1.0609820350768e-50
9.235044062256e-52
7.7994723547404e-53
6.3899937673677e-54
5.0775747258689e-55
3.9123943441622e-56
2.9225841549039e-57
2.1160948661242e-58
1.4847399603655e-59
1.0092855533153e-60
6.6454604923315e-62
4.2372110829563e-63
2.6156121287244e-64
1.5627753941678e-65
9.035225077975e-67
5.0534405991648e-68
2.7335374143989e-69
1.4296629316558e-70
7.22755343338e-72
3.5308012604147e-73
1.6662945846402e-74
7.594443182742e-76
3.3417317721289e-77
1.4191922668159e-78
5.8151901961368e-80
2.2982386174379e-81
8.757629963226e-83
3.2165202895899e-84
1.1382515002511e-85
3.8795585550125e-87
1.2730756552978e-88
4.0205478287446e-90
1.2215243337859e-91
3.5688387733323e-93
1.0022517271609e-94
2.7043560894953e-96
7.008013949328e-98
1.7432972391751e-99
4.1609169000048e-101
9.52439888423e-103
2.0897807771661e-104
4.3929455112286e-106
8.842468188872e-108
1.703403578209e-109
3.1386617411024e-111
5.528450390944e-113
9.303266481972e-115
1.4947675396676e-116
2.2916193020755e-118
3.3500973686979e-120
4.666859389736e-122
6.190713900536e-124
7.814328149979e-126
9.378920974873e-128
1.0695192377667e-129
1.1578470011583e-131
1.188996428517e-133
1.1571872354452e-135
1.0664331050625e-137
9.297565548624e-140
7.661151570316e-142
5.960401490168e-144
4.373852834185e-146
3.0240756260368e-148
1.967771502328e-150
1.2036601736626e-152
6.912780248732e-155
3.722812374999e-157
1.877522100311e-159
8.85513141724e-162
3.900088463396e-164
1.6016513437281e-166
6.123353894421e-169
2.1758023568679e-171
7.173049877248e-174
2.1900319069748e-176
6.18054176944e-179
1.6089995297614e-181
3.855807915961e-184
8.486550222621e-187
1.7114918032098e-189
3.154703887793e-192
5.300667491375e-195
8.095970087747e-198
1.1206646523994e-200
1.4014249484737e-203
1.5778995129864e-206
1.5937940431019e-209
1.438621301079e-212
1.1556302012428e-215
8.224540561034e-219
5.161045520081e-222
2.840818026495e-225
1.363919953017e-228
5.677076772654e-232
2.03500486057e-235
6.236736736691e-239
1.6212196416087e-242
3.543318859107e-246
6.448384207957e-250
9.666842598037e-254
1.179467622623e-257
1.1555441368869e-261
8.95270129541e-266
5.390650487853e-270
2.472811869573e-274
8.444752729516e-279
2.089879054296e-283
3.63037573902e-288
4.260813206392e-293
3.225204944458e-298
1.4863289669771e-303
3.876322002874e-309
5.200856163989e-315
3.156159399161e-321
7.220375680762e-328
4.731973953117e-335
5.642722434155e-343
5.122245079594e-352
3.7497174018568e-363