0.169886518440483
0.1602348079039643
0.1425423600657599
0.1195921059150799
0.0946250360989364
0.0706023492401317
0.0496703687445726
0.03294483017835048
0.02059805268498259
0.01213785954397217
0.00673990405258056
0.003525900050876537
0.001737361485193817
0.000806127135851233
0.0003521187001838558
0.0001447489489835673
0.0000559809644067924
0.00002036154722473212
6.96244972387181e-6
2.237267933931981e-6
6.75289780682784e-7
1.91371693858424e-7
5.08940093831178e-8
1.269491146789715e-8
2.968419704311738e-9
6.50275670601763e-10
1.33375166155706e-10
2.559590342363001e-11
4.59282647105456e-12
7.69984989303873e-13
1.205139476147009e-13
1.759486951096248e-14
2.394136757580006e-15
3.033367376488581e-16
3.575118859422019e-17
3.915593304988614e-18
3.98082394563221e-19
3.752461412663076e-20
3.275654428181443e-21
2.644590546663122e-22
1.971988562837627e-23
1.356150294533914e-24
8.58821495124447e-26
5.00015291321876e-27
2.671769428710967e-28
1.307834872719144e-29
5.85325078980037e-31
2.390168405621935e-32
8.88554269380641e-34
3.00009613178604e-35
9.17661564416041e-37
2.535995282935385e-38
6.31349088354454e-40
1.411523816164771e-41
2.824505654238123e-43
5.04028066796607e-45
7.98948618661508e-47
1.120172721838064e-48
1.38274526046597e-50
1.495195357133537e-52
1.408492038385298e-54
1.148894133555368e-56
8.06076025781737e-59
4.82876544592445e-61
2.44961588099441e-63
1.042759185309409e-65
3.686621076424019e-68
1.070008120007004e-70
2.516070833363548e-73
4.72129667244e-76
6.94707954120276e-79
7.85367974477125e-82
6.65882694473507e-85
4.113789983435979e-88
1.788040466179584e-91
5.2354686514639e-95
9.77515896204616e-99
1.083554416152624e-102
6.47632800992613e-107
1.822172776267359e-111
1.968170942393299e-116
5.8333713614299e-122
2.498089139821254e-128
2.997169049100692e-136