0.0932940822855159
0.0916778239619781
0.088528776156467
0.0840067375819971
0.0783344083304535
0.0717792416140102
0.0646326313740751
0.0571886800641103
0.0497246717464011
0.042484989027274
0.0356696387174357
0.0294278930784045
0.0238569155916626
0.0190047102936004
0.0148763702843842
0.0114424273863926
0.0086481111593678
0.0064224759705371
0.0046865991880183
0.00336033805489427
0.00236740985094108
0.00163879451334048
0.00111463102513337
0.00074488304393017
0.00048909125710546
0.00031552285966538
0.00019998844311453
0.000124539145923705
0.000076195145741091
0.000045799679207477
0.000027046078300973
0.0000156908209948258
8.9429139431497e-6
5.0072204427551e-6
2.7541694114826e-6
1.4881702314028e-6
7.8990358182828e-7
4.1185684167203e-7
2.109406006752e-7
1.06122252628671e-7
5.2441554868719e-8
2.545409378242e-8
1.21350785727297e-8
5.6822460997883e-9
2.6132401805331e-9
1.18034653326855e-9
5.2359976037083e-10
2.2810645415507e-10
9.7591538869062e-11
4.1002578357542e-11
1.6916956825124e-11
6.8538210845579e-12
2.7266526686655e-12
1.06512407613507e-12
4.0853606964815e-13
1.5385323490751e-13
5.688722855397e-14
2.0650968898491e-14
7.3598487423331e-15
2.5750467822759e-15
8.8445105162823e-16
2.9820799136915e-16
9.8697370181363e-17
3.2063905844036e-17
1.02243379331313e-17
3.1999629661381e-18
9.8294320071459e-19
2.9632480025684e-19
8.7668936651477e-20
2.5453256335795e-20
7.2517396496475e-21
2.0273247086005e-21
5.5611850146725e-22
1.4967683820797e-22
3.9524376486586e-23
1.0239487089611e-23
2.6023957077058e-24
6.4882750770032e-25
1.5868081274661e-25
3.8065969060922e-26
8.956624288557e-27
2.0669220721477e-27
4.6779224416282e-28
1.038263492562e-28
2.2597681230748e-29
4.8227812238346e-30
1.0092154133792e-30
2.0706067873419e-31
4.1649828841992e-32
8.213052227879e-33
1.5876151224259e-33
3.0082103547299e-34
5.5868383604622e-35
1.0169300380318e-35
1.8140730653739e-36
3.1712347678831e-37
5.4322861564657e-38
9.117750962853e-39
1.4993857277862e-39
2.4156209750314e-40
3.8124370700752e-41
5.8939062911462e-42
8.924791316401e-43
1.3235925863893e-43
1.9223769930057e-44
2.7341150384533e-45
3.8076273993036e-46
5.191781576601e-47
6.930538554923e-48
9.056697344577e-49
1.1584788842179e-49
1.4503882412059e-50
1.7771339322685e-51
2.1308703023599e-52
2.5000887424151e-53
2.8699564627045e-54
3.2231159300186e-55
3.5409178966834e-56
3.8049853165699e-57
3.9989363588291e-58
4.1100475140756e-59
4.1306249825104e-60
4.0588804021294e-61
3.8991732590546e-62
3.6615760537695e-63
3.360821909373e-64
3.0147875935261e-65
2.6427298103696e-66
2.2635174287158e-67
1.8940843501445e-68
1.5482734708757e-69
1.2361652091055e-70
9.63901259675e-72
7.339416652086e-73
5.456426840039e-74
3.9601971042891e-75
2.805626340122e-76
1.939944520888e-77
1.3089893277409e-78
8.618070358231e-80
5.535410685981e-81
3.468112679866e-82
2.1192228576078e-83
1.2628027995889e-84
7.336757235558e-86
4.155425539645e-87
2.2940422789633e-88
1.2342196398626e-89
6.470202852726e-91
3.3044997733726e-92
1.6439271916586e-93
7.964778816053e-95
3.757534776581e-96
1.725809543471e-97
7.71550288486e-99
3.35688573213e-100
1.4211100535446e-101
5.852669438243e-103
2.3443911724615e-104
9.132064167737e-106
3.458453254563e-107
1.2731467581438e-108
4.554768927125e-110
1.5832570038673e-111
5.346106882852e-113
1.7531820476172e-114
5.582381980257e-116
1.7254929076542e-117
5.176112578909e-119
1.50655429363e-120
4.253513243059e-122
1.1646134455069e-123
3.091530424761e-125
7.954396334669e-127
1.9831914835203e-128
4.789883440572e-130
1.1203780672206e-131
2.537215404869e-133
5.561271066104e-135
1.1794587101306e-136
2.4196264772027e-138
4.799905256615e-140
9.204376674866e-142
1.7056455956129e-143
3.053288184027e-145
5.278125775279e-147
8.807837772511e-149
1.4183304557142e-150
2.203134981365e-152
3.299843185243e-154
4.763901697052e-156
6.626344580269e-158
8.876605704271e-160
1.1447135699646e-161
1.4204769847047e-163
1.6953700958549e-165
1.945306656516e-167
2.144864051501e-169
2.271375438482e-171
2.309080334966e-173
2.252307019923e-175
2.106811877241e-177
1.888853188114e-179
1.622193983304e-181
1.3337986872374e-183
1.0493107054843e-185
7.89368790914e-188
5.674734127446e-190
3.896010519416e-192
2.552785535666e-194
1.5952530505398e-196
9.500747245835e-199
5.388659746387e-201
2.908506263663e-203
1.49274613406e-205
7.279098455866e-208
3.369627098124e-210
1.4795272551831e-212
6.156189120351e-215
2.425190119715e-217
9.036635677629e-220
3.18171816504e-222
1.0574529979898e-224
3.313890324674e-227
9.781556377385e-230
2.716229318875e-232
7.08743488748e-235
1.735521218882e-237
3.983090492573e-240
8.555921937486e-243
1.717715073355e-245
3.218303824435e-248
5.618486785923e-251
9.124768464065e-254
1.3762430115125e-256
1.92426275646e-259
2.489527143209e-262
2.974398959308e-265
3.275023466363e-268
3.316030391005e-271
3.080469987062e-274
2.619152715193e-277
2.033021809966e-280
1.4367751377685e-283
9.218494844786e-287
5.35351762169e-290
2.804968048191e-293
1.3214107315687e-296
5.576767243136e-300
2.100234071118e-303
7.02878666923e-307
2.081020727412e-310
5.424585163482e-314
1.2385116247281e-317
2.462898301767e-321
4.240076490834e-325
6.278029098957e-329
7.937458032116e-333
8.502454458719e-337
7.650290235915e-341
5.7275604311e-345
3.530780353082e-349
1.7714371775787e-353
7.139832207083e-358
2.278315771772e-362
5.661511887029e-367
1.0751773653442e-371
1.5271820783417e-376
1.5824245630921e-381
1.1617178349966e-386
5.837553343413e-392
1.9263795417285e-397
3.969636145168e-403
4.79855513294e-409
3.143225703498e-415
1.0060142113523e-421
1.3678933177724e-428
6.482319030025e-436
7.942302163896e-444
1.5350300299138e-452
1.8107002280057e-462
1.1248878239327e-474