0.1660467221920466
0.1570283744922004
0.1404320128795464
0.1187623848988255
0.0949715308332242
0.0718090018311719
0.0513329998195851
0.03468967323977217
0.02215823355261862
0.01337639007254853
0.00763028771300038
0.004112085633916984
0.002093221788732605
0.00100624613116471
0.000456692973882263
0.0001956418899723652
0.0000790849573281446
0.00003015699906087806
0.00001084432636092811
3.676083109467954e-6
1.174286758533102e-6
3.533428774516949e-7
1.001078549250902e-7
2.66928280979697e-8
6.69528231811377e-9
1.578963682418438e-9
3.499231986723857e-10
7.28326142565627e-11
1.422895809731745e-11
2.607602872341962e-12
4.479639261641472e-13
7.20898693793411e-14
1.085962689781577e-14
1.530127336438168e-15
2.01491415901871e-16
2.477575626421402e-17
2.842127187332152e-18
3.038713221127579e-19
3.025006166178814e-20
2.800849949749129e-21
2.409304072308201e-22
1.923160788693099e-23
1.422711624408934e-24
9.7413623207616e-26
6.16474727465092e-27
3.600472604778262e-28
1.937627830933362e-29
9.59235031354639e-31
4.360705768708537e-32
1.816985585615158e-33
6.92538123670658e-35
2.409419048825355e-36
7.63441804914373e-38
2.197794669538133e-39
5.73358916303202e-41
1.351749462550895e-42
2.871516904549829e-44
5.47888384461401e-46
9.35735226658951e-48
1.425252456605847e-49
1.928307335869893e-51
2.30743112896829e-53
2.430573125554485e-55
2.242290434153538e-57
1.801549405880764e-59
1.252861472256658e-61
7.4907171097897e-64
3.82170182168618e-66
1.650031783245711e-68
5.97308122782684e-71
1.794110804322758e-73
4.419089778794604e-76
8.80715234236181e-79
1.398604550455041e-81
1.738639539228235e-84
1.657250423835372e-87
1.181990562612537e-90
6.12611033960426e-94
2.22672046293842e-97
5.43190857095909e-101
8.4113401468634e-105
7.69030160093106e-109
3.76526283133129e-113
8.60237152738203e-118
7.45712133343478e-123
1.744606459649631e-128
5.74505875627564e-135
5.03517228834679e-143