0.0514673831470626
0.051195117544467
0.0506548988591009
0.049855238505119
0.0488086237232021
0.0475311932391967
0.0460423234196433
0.0443641397482523
0.042520970819784
0.040538763644088
0.038444479820967
0.036265492078313
0.034028999797169
0.031761480553333
0.029488192494804
0.027232739682721
0.025016709502341
0.022859388059403
0.020777556273252
0.018785366308406
0.0168942951794832
0.0151131699261261
0.0134482567621684
0.0119034051053832
0.010480236409579
0.0091783672411745
0.0079956560349834
0.0069284633762354
0.0059719164205735
0.005120169104221
0.0043666510319226
0.0037042992806405
0.0031257687473147
0.002623618032614
0.0021904691335975
0.0018191403728681
0.0015027529891188
0.0012348126353855
0.0010092676696873
0.00082054658090467
0.00066357718173487
0.00053379033756333
0.00042711100652273
0.00033993926560063
0.0002691238148088
0.00021193020979981
0.0001660057947473
0.00012934301103471
0.00010024245948749
0.00007727680742687
0.000059256366351011
0.000045196928140907
0.000034290241193896
0.000025877334336032
0.000019424755412005
0.000014503681325805
0.000010771774233351
7.957601171227e-6
5.8473979440921e-6
4.2739388460991e-6
3.1072681750133e-6
2.2470542244142e-6
1.6163386066702e-6
1.1564708931904e-6
8.230386224191e-7
5.826241046753e-7
4.1024091649343e-7
2.8732363543397e-7
2.0016361718812e-7
1.3870109355577e-7
9.559939144039e-8
6.554059843969e-8
4.4693589653645e-8
3.0315110294299e-8
2.0452747770554e-8
1.3725313531815e-8
9.16158229634e-9
6.082691565786e-9
4.0169616448063e-9
2.6386126224827e-9
1.7239676816079e-9
1.1203600232502e-9
7.242033777648e-10
4.656261883991e-10
2.9777457005506e-10
1.8941335968211e-10
1.1984111277347e-10
7.541759990967e-11
4.720746149312e-11
2.9391318159666e-11
1.8201088440534e-11
1.1211014948102e-11
6.86848838832e-12
4.185481748522e-12
2.5368638457504e-12
1.5293808807183e-12
9.17065395591e-13
5.469535706131e-13
3.2446321769149e-13
1.9144528416759e-13
1.1235370575124e-13
6.558325712459e-14
3.807682541966e-14
2.1988214566043e-14
1.2629320555953e-14
7.21489626365e-15
4.099581929315e-15
2.3169022246015e-15
1.302368178506e-15
7.281436192017e-16
4.049083971168e-16
2.2395060318017e-16
1.2319771545302e-16
6.740735359401e-17
3.668304149317e-17
1.9855281999125e-17
1.0689039029368e-17
5.723377047256e-18
3.04800971632e-18
1.6144694364135e-18
8.505346056364e-19
4.45658311496e-19
2.3225178911153e-19
1.2038221453818e-19
6.205988267834e-20
3.18202865329e-20
1.622709879646e-20
8.230391049573e-21
4.151853164248e-21
2.0830732836496e-21
1.0394587867991e-21
5.158806883812e-22
2.5464176537005e-22
1.2501077989511e-22
6.103821713776e-23
2.964093094501e-23
1.4315830035055e-23
6.876619334966e-24
3.285233521032e-24
1.5609513407842e-24
7.376381707142e-25
3.466788349818e-25
1.6204671373712e-25
7.533227749847e-26
3.482963678689e-26
1.6015583762962e-26
7.324223253974e-27
3.331227806946e-27
1.5068500219423e-27
6.778875082789e-28
3.032955946317e-28
1.349566834025e-28
5.972297888244e-29
2.628489431049e-29
1.1505027170755e-29
5.008234150338e-30
2.1681837251787e-30
9.33514183204e-31
3.997219949505e-31
1.702183389443e-31
7.208828771716e-32
3.036211404742e-32
1.2717656988023e-32
5.297718399908e-33
2.194704962809e-33
9.042068207712e-34
3.704781540555e-34
1.5095915243182e-34
6.117262709355e-35
2.465213085506e-35
9.879847672772e-36
3.937705928878e-36
1.5607464046407e-36
6.15199845326e-37
2.411535573162e-37
9.400770922772e-38
3.644385941511e-38
1.4049960254292e-38
5.386596017014e-39
2.053718998652e-39
7.786703907532e-40
2.935966103773e-40
1.1008593950096e-40
4.104826477256e-41
1.5220838321069e-41
5.612570900363e-42
2.058084843132e-42
7.504841689304e-43
2.721418142363e-43
9.813482182625e-44
3.519036391317e-44
1.2548614013052e-44
4.449772055684e-45
1.5690918877244e-45
5.502071111089e-46
1.918535420307e-46
6.65239191631e-47
2.293764301257e-47
7.864683920348e-48
2.681475507323e-48
9.091279723983e-49
3.065020400774e-49
1.0275368621623e-49
3.425434478749e-50
1.1354987038987e-50
3.742905370886e-51
1.2268197858818e-51
3.998534982423e-52
1.2958887140095e-52
4.176184340923e-53
1.3382437259074e-53
4.264153416172e-54
1.3510484249028e-54
4.256453836152e-55
1.3334056091329e-55
4.15348242077e-56
1.286461003555e-56
3.961990389258e-57
1.213280268107e-57
3.69435095446e-58
1.1185176144291e-58
3.367235739531e-59
1.0079258384658e-59
2.999896919209e-60
8.877794916661e-61
2.612301042574e-61
7.642914213472e-62
2.223364611351e-62
6.430972058748e-63
1.849503101572e-63
5.288643349517e-64
1.503635360052e-64
4.250578696827e-65
1.1947006831513e-65
3.338673198833e-66
9.276639424066e-67
2.562758110856e-67
7.039193939242e-68
1.922360379633e-68
5.219650493485e-69
1.409097191804e-69
3.782087238752e-70
1.0092792629265e-70
2.677802305321e-71
7.063682214121e-72
1.852539138797e-72
4.830424923628e-73
1.2522270543411e-73
3.227444005771e-74
8.270091482758e-75
2.106861272409e-75
5.336219069677e-76
1.343697437963e-76
3.363856723322e-77
8.372201556952e-78
2.071600744328e-78
5.096061269561e-79
1.2463023492053e-79
3.030193463366e-80
7.324423382316e-81
1.760072763142e-81
4.204746817577e-82
9.986172453106e-83
2.35779575555e-83
5.534254474007e-84
1.291385171218e-84
2.995670792293e-85
6.908310927762e-86
1.583751495557e-86
3.609420080339e-87
8.177506537267e-88
1.841769530524e-88
4.123617811493e-89
9.178000612138e-90
2.030682903277e-90
4.466406919737e-91
9.765497813834e-92
2.122502342131e-92
4.585824355153e-93
9.849174822591e-94
2.102776910798e-94
4.462674356734e-95
9.414636313677e-96
1.974312741198e-96
4.115570855951e-97
8.527929973552e-98
1.756524599163e-98
3.596330233406e-99
7.319092663174e-100
1.480624410966e-100
2.977283258984e-101
5.950871821543e-102
1.182289450248e-102
2.334787641836e-103
4.582989617681e-104
8.941818020772e-105
1.734106574225e-105
3.342691302713e-106
6.404493652957e-107
1.219660247632e-107
2.308638675467e-108
4.343437405931e-109
8.122114943433e-110
1.509593814214e-110
2.78871370778e-111
5.120330866851e-112
9.344149930029e-113
1.694831965727e-113
3.055314723777e-114
5.474255800255e-115
9.74835655455e-116
1.725330305332e-116
3.034903960378e-117
5.30575053209e-118
9.21881659374e-119
1.591942168585e-119
2.732124193991e-120
4.660064063686e-121
7.899486918359e-122
1.330817986786e-122
2.228170602326e-123
3.70753640311e-124
6.130936319572e-125
1.007557317286e-125
1.645551412041e-126
2.670847162942e-127
4.308039127963e-128
6.905583538271e-129
1.100039740671e-129
1.741408681398e-130
2.739519843239e-131
4.282788943683e-132
6.653565235549e-133
1.027199317761e-133
1.575885280962e-134
2.402487033687e-135
3.639662127066e-136
5.479256392278e-137
8.196711882533e-138
1.218462455664e-138
1.79984868857e-139
2.641849743186e-140
3.853234139217e-141
5.584505651759e-142
8.042350266743e-143
1.150845425211e-143
1.63637789115e-144
2.311956315003e-145
3.245651296446e-146
4.527381514124e-147
6.274976399822e-148
8.64158930251e-149
1.182465304552e-149
1.60765616539e-150
2.171723933215e-151
2.914871644686e-152
3.8871768134e-153
5.150458022042e-154
6.780328603138e-155
8.86840640591e-156
1.152462997786e-156
1.487960968149e-157
1.908691778294e-158
2.432519520706e-159
3.079992566538e-160
3.874470186263e-161
4.842178551851e-162
6.012174541206e-163
7.41619482465e-164
9.08836786456e-165
1.106476797646e-165
1.338279372559e-166
1.608035785038e-167
1.919488271074e-168
2.276210393239e-169
2.68146952992e-170
3.138073970997e-171
3.648208367793e-172
4.213262575627e-173
4.833660162749e-174
5.508693949625e-175
6.236376791635e-176
7.013316331879e-177
7.83462254294e-178
8.69385647837e-179
9.58302772212e-180
1.049264654526e-180
1.141183477848e-181
1.232849695168e-182
1.322955044248e-183
1.410121035463e-184
1.492932178559e-185
1.569972922769e-186
1.639867027586e-187
1.701317877213e-188
1.753148116792e-189
1.79433693554e-190
1.824053358611e-191
1.841684037897e-192
1.846854247729e-193
1.839441084258e-194
1.819578221181e-195
1.787651968974e-196
1.744288796263e-197
1.690334875584e-198
1.626828586853e-199
1.554967228376e-200
1.47606942871e-201
1.391534910073e-202
1.302803318325e-203
1.211313804982e-204
1.11846692914e-205
1.02559025257e-206
9.33908745493e-208
8.44520822409e-209
7.58380507412e-210
6.76285907044e-211
5.988738649471e-212
5.266204027831e-213
4.598463285095e-214
3.987272248224e-215
3.433069212106e-216
2.935135025133e-217
2.491769111241e-218
2.100472520216e-219
1.758130004595e-220
1.461184309653e-221
1.205797224936e-222
9.87993378124e-224
8.03784162355e-225
6.492704999448e-226
5.207243006792e-227
4.1464943315e-228
3.278237733741e-229
2.573244235241e-230
2.005385163808e-231
1.551621600714e-232
1.191900618236e-233
9.08982315904e-235
6.88219399212e-236
5.173082113403e-237
3.860270094944e-238
2.859741095556e-239
2.103154910204e-240
1.535486919162e-241
1.112874153346e-242
8.00692578072e-244
5.71873628186e-245
4.054558174866e-246
2.853585265507e-247
1.993593671119e-248
1.382533005131e-249
9.51704241727e-251
6.50295388355e-252
4.410583246534e-253
2.96928942411e-254
1.984150665698e-255
1.316002728293e-256
8.66349937949e-258
5.660811367057e-259
3.671192206154e-260
2.36305029537e-261
1.509629865083e-262
9.57180627836e-264
6.023340792517e-265
3.76179616209e-266
2.331640087487e-267
1.434268003855e-268
8.75579789116e-270
5.304589909855e-271
3.189279523936e-272
1.902882707445e-273
1.126689037328e-274
6.62007101591e-276
3.859949663642e-277
2.233340269103e-278
1.282260400504e-279
7.30532301609e-281
4.129887525388e-282
2.316681574126e-283
1.289488469427e-284
7.12172538223e-286
3.902682603426e-287
2.121998458818e-288
1.144785855708e-289
6.12765500287e-291
3.254233276808e-292
1.714671032776e-293
8.96363338544e-295
4.64891771987e-296
2.392089646935e-297
1.221108179796e-298
6.18408099575e-300
3.106946261121e-301
1.548542124599e-302
7.65660324606e-304
3.755486351807e-305
1.827284657039e-306
8.8196065626e-308
4.222679997581e-309
2.005469285751e-310
9.44768998025e-312
4.414788233246e-313
2.046263469328e-314
9.40748263079e-316
4.289811646365e-317
1.940209520201e-318
8.70356723554e-320
3.872369538761e-321
1.708754641474e-322
7.47822517721e-324
3.245829906685e-325
1.397184604379e-326
5.96451344769e-328
2.525118634314e-329
1.060147707277e-330
4.413885313899e-332
1.82237600187e-333
7.46121172434e-335
3.029195365904e-336
1.219505633249e-337
4.868228583256e-339
1.926995528366e-340
7.56318924877e-342
2.943307371986e-343
1.135702245177e-344
4.344935592271e-346
1.648101376209e-347
6.19809030774e-349
2.310983818351e-350
8.54264805797e-352
3.130662543775e-353
1.137416722111e-354
4.096698419189e-356
1.462752288758e-357
5.177514281229e-359
1.816673242322e-360
6.31871173606e-362
2.178550526185e-363
7.44535153138e-365
2.522158109045e-366
8.46876214497e-368
2.818506439275e-369
9.29737786986e-371
3.039730755113e-372
9.84994284457e-374
3.163348038011e-375
1.006851852903e-376
3.175997131458e-378
9.92844195402e-380
3.07580680958e-381
9.44287808346e-383
2.872813601431e-384
8.6608108211e-386
2.587306827672e-387
7.65888895806e-389
2.246478069588e-390
6.52900826669e-392
1.880142939077e-393
5.36442351489e-395
1.516469389063e-396
4.247295094696e-398
1.178553092046e-399
3.239913826104e-401
8.82378578714e-403
2.380691784282e-404
6.36308276513e-406
1.684758076305e-407
4.418780431928e-409
1.148025282672e-410
2.95443080297e-412
7.53110401557e-414
1.901494020647e-415
4.755232398986e-417
1.177817195335e-418
2.889363738648e-420
7.01994126532e-422
1.689119381797e-423
4.025051269317e-425
9.49850409385e-427
2.219730160202e-428
5.136824045369e-430
1.177137034231e-431
2.671070758842e-433
6.00147398881e-435
1.335158047219e-436
2.941017501503e-438
6.41417208159e-440
1.384999047036e-441
2.960819482068e-443
6.26636382777e-445
1.312949595801e-446
2.723307824777e-448
5.59176642842e-450
1.136559579914e-451
2.286722614207e-453
4.554072824435e-455
8.97715408595e-457
1.751525804047e-458
3.382364347108e-460
6.46453016375e-462
1.222792943616e-463
2.289047552104e-465
4.240617456724e-467
7.77431496728e-469
1.410393126094e-470
2.53191670965e-472
4.497548898029e-474
7.90506751795e-476
1.374751959813e-477
2.365472728494e-479
4.026911024974e-481
6.78222454966e-483
1.130065933298e-484
1.862739945919e-486
3.037405186823e-488
4.899371947728e-490
7.81718305895e-492
1.233721811304e-493
1.925866063321e-495
2.973455668958e-497
4.540544792504e-499
6.85725044794e-501
1.024169726558e-502
1.51271787606e-504
2.209490364072e-506
3.191232291821e-508
4.5576471547e-510
6.43609841609e-512
8.9864454298e-514
1.240566250645e-515
1.693175898575e-517
2.284638541626e-519
3.047539231176e-521
4.018652405755e-523
5.23834054082e-525
6.74950367796e-527
8.59601800333e-529
1.082063049485e-530
1.34623183057e-532
1.655317491637e-534
2.011494716765e-536
2.415541302939e-538
2.866485241426e-540
3.36129141694e-542
3.894621270494e-544
4.458698931407e-546
5.043313985404e-548
5.63598391482e-550
6.22228846881e-552
6.78637444261e-554
7.31161370641e-556
7.78138137868e-558
8.17990659105e-560
8.49313717532e-562
8.70955342963e-564
8.82086602917e-566
8.82253960078e-568
8.71409615669e-570
8.49917035389e-572
8.18530960477e-574
7.7835341362e-576
7.30769273449e-578
6.77366684184e-580
6.19848706944e-582
5.59943096019e-584
4.993168701344e-586
4.395015035314e-588
3.818332154249e-590
3.274111714248e-592
2.770746329639e-594
2.313984016293e-596
1.907044746996e-598
1.550867766311e-600
1.24445219688e-602
9.85251767752e-605
7.69586705854e-607
5.93041078725e-609
4.508210819106e-611
3.380578188115e-613
2.500460290553e-615
1.824172050805e-617
1.312510863753e-619
9.31334023085e-622
6.51699550367e-624
4.496788478728e-626
3.059454730394e-628
2.052321218565e-630
1.35731083424e-632
8.84949851855e-635
5.6876884403e-637
3.603320503814e-639
2.250048297899e-641
1.384759224109e-643
8.39888282811e-646
5.020011128467e-648
2.956613315892e-650
1.715779883125e-652
9.81015844439e-655
5.5259607667e-657
3.066383838445e-659
1.676106068378e-661
9.02405533697e-664
4.785154545804e-666
2.498921055288e-668
1.285107662122e-670
6.50765668647e-673
3.244705632201e-675
1.592790254875e-677
7.69734982931e-680
3.661757602853e-682
1.714627265843e-684
7.90218703208e-687
3.584162131244e-689
1.599763208877e-691
7.02612800953e-694
3.036217711539e-696
1.290833055878e-698
5.39872238162e-701
2.221051841343e-703
8.9874360422e-706
3.576716957388e-708
1.399802583614e-710
5.38696130503e-713
2.038340503692e-715
7.58273636967e-718
2.773011139685e-720
9.96812208074e-723
3.521845874572e-725
1.222872933647e-727
4.172578945291e-730
1.398935888173e-732
4.608062616167e-735
1.491155861543e-737
4.739888347222e-740
1.479821631514e-742
4.537347958122e-745
1.366158196856e-747
4.038873890339e-750
1.172286175672e-752
3.340212864149e-755
9.34188099938e-758
2.564284243842e-760
6.90750200636e-763
1.825785188486e-765
4.734807415463e-768
1.204560167583e-770
3.005918130552e-773
7.35692897343e-776
1.765771030454e-778
4.155636981901e-781
9.58854070944e-784
2.168826200298e-786
4.808384950075e-789
1.044768720489e-791
2.224492953584e-794
4.640604898431e-797
9.4840281637e-800
1.898571616934e-802
3.722352404265e-805
7.14667431073e-808
1.343461834459e-810
2.472404482711e-813
4.453728325683e-816
7.85189051203e-819
1.354585702721e-821
2.286414726989e-824
3.775316930873e-827
6.09725548431e-830
9.63007511622e-833
1.487202218873e-835
2.245356045899e-838
3.313630005915e-841
4.779188370292e-844
6.7353830199e-847
9.27372182766e-850
1.247251267511e-852
1.638269506987e-855
2.101214953885e-858
2.631058018232e-861
3.215770473428e-864
3.835773767182e-867
4.464282266649e-870
5.068706537909e-873
5.6131196842e-876
6.06159042983e-879
6.38198998176e-882
6.54973314557e-885
6.55086029507e-888
6.38393029209e-891
6.06037262396e-894
5.60320751063e-897
5.04433009515e-900
4.42080464542e-903
3.77077099986e-906
3.129596109689e-909
2.526808298592e-912
1.984161234086e-915
1.514939455771e-918
1.124393620941e-921
8.11027302746e-925
5.68373544424e-928
3.869000493657e-931
2.557487281661e-934
1.641190740611e-937
1.022149592103e-940
6.17669869237e-944
3.620423529649e-947
2.057763491572e-950
1.133794540737e-953
6.05401272652e-957
3.131749849423e-960
1.56901705695e-963
7.61069898501e-967
3.57301111867e-970
1.622971746586e-973
7.13025780813e-977
3.028761667359e-980
1.243470212189e-983
4.932393727187e-987
1.889602806032e-990
6.98889881075e-994
2.494617394041e-997
8.5898198004e-1001
2.852156354167e-1004
9.12834878952e-1008
2.814863022745e-1011
8.35951196e-1015
2.389854664839e-1018
6.5740491122e-1022
1.739261172323e-1025
4.423458695268e-1029
1.080972439541e-1032
2.536926997176e-1036
5.71507807845e-1040
1.235185250369e-1043
2.559806821571e-1047
5.084066815482e-1051
9.67168683738e-1055
1.761294700369e-1058
3.068642485876e-1062
5.111921286539e-1066
8.13725666197e-1070
1.236953176204e-1073
1.794436225023e-1077
2.482635197495e-1081
3.273487252252e-1085
4.110700835582e-1089
4.912637218803e-1093
5.58321615567e-1097
6.02966603248e-1101
6.18300689407e-1105
6.01523348098e-1109
5.547403835672e-1113
4.84550483529e-1117
4.005127580126e-1121
3.129868350285e-1125
2.310256309913e-1129
1.609154460103e-1133
1.056584860032e-1137
6.53328503122e-1142
3.800284444533e-1146
2.077203671813e-1150
1.065676736559e-1154
5.125582148918e-1159
2.308352777443e-1163
9.72195383297e-1168
3.824094534963e-1172
1.402935855368e-1176
4.793686095573e-1181
1.523313250521e-1185
4.495080755575e-1190
1.229785525017e-1194
3.114242814831e-1199
7.28728015092e-1204
1.572882912763e-1208
3.125653145327e-1213
5.707680331494e-1218
9.55822608875e-1223
1.464802408969e-1227
2.049786288222e-1232
2.613155495794e-1237
3.02761752688e-1242
3.179926891348e-1247
3.019677964509e-1252
2.585355565682e-1257
1.989859149006e-1262
1.372542373937e-1267
8.45701310862e-1273
4.638784805096e-1278
2.256892726578e-1283
9.70216848604e-1289
3.670371466772e-1294
1.216629223582e-1299
3.517377416065e-1305
8.82609234635e-1311
1.912235623309e-1316
3.557270516852e-1322
5.648103737274e-1328
7.60531307683e-1334
8.62519047826e-1340
8.17772654773e-1346
6.430184722948e-1352
4.156848879627e-1358
2.188516233586e-1364
9.28761584591e-1371
3.14145759347e-1377
8.36477783799e-1384
1.729606805591e-1390
2.735576185017e-1397
3.254319844083e-1404
2.857729517176e-1411
1.813656012308e-1418
8.12226641466e-1426
2.497778722689e-1433
5.112017972332e-1441
6.71491390168e-1449
5.425735897197e-1457
2.564542519536e-1465
6.67550483805e-1474
8.890439412299e-1483
5.528713041212e-1492
1.429324966191e-1501
1.319790008637e-1511
3.543737809052e-1522
2.067094699692e-1533
1.685665436053e-1545
9.2498435714e-1559
8.339515385463e-1574
3.193720632982e-1592