0.0667677906348616
0.0661739568540777
0.0650020823224886
0.0632830553503729
0.061061507046953
0.0583938867444612
0.0553460811132364
0.0519907169768508
0.0484043015180332
0.044664356055741
0.0408466912104901
0.037022953309356
0.0332585463071282
0.0296110028185659
0.0261288448107784
0.0228509418035878
0.0198063444983693
0.0170145465556342
0.0144861081173742
0.0122235623115312
0.0102225204301311
0.0084728922223695
0.0069601438305927
0.0056665260695329
0.0045722186192072
0.0036563498892576
0.0028978665652056
0.0022762401293631
0.0017720091931029
0.00136716579956254
0.00104540074447324
0.00079222744026209
0.00059500612123884
0.0004428905883367
0.00032671862317706
0.0002388650853998
0.00017307394568448
0.00012428245154406
0.000088447558926128
0.000062381901568485
0.000043604051823472
0.000030205727159479
0.000020736939020901
0.000014108848755793
9.5132456077077e-6
6.357035604906e-6
4.209862856946e-6
2.7629126574338e-6
1.7970111339279e-6
1.158289852813e-6
7.3988639585776e-7
4.6837374306786e-7
2.9383133995827e-7
1.8267541482445e-7
1.1254774608873e-7
6.871736274143e-8
4.1578362524185e-8
2.4930885096309e-8
1.4814111114321e-8
8.723268042784e-9
5.0903384134806e-9
2.9435809198148e-9
1.6868063193056e-9
9.578827982594e-10
5.3903306661142e-10
3.0058842200695e-10
1.6610426823494e-10
9.095758045504e-11
4.9356504567197e-11
2.6539642700918e-11
1.414127880732e-11
7.466601206923e-12
3.9065696543766e-12
2.0253691207949e-12
1.040510360102e-12
5.2968762434803e-13
2.671910963825e-13
1.3355199691077e-13
6.614583641814e-14
3.2462039324688e-14
1.5785838288008e-14
7.60633465065e-15
3.6315871241682e-15
1.7180193846214e-15
8.05318104255e-16
3.7403470205508e-16
1.7213078405181e-16
7.848823446574e-17
3.5460678946393e-17
1.5873879515813e-17
7.040600390073e-18
3.0940255255347e-18
1.3471707087208e-18
5.811695294802e-19
2.4840560576555e-19
1.0519501190139e-19
4.4136806827781e-20
1.8347438987001e-20
7.556409863657e-21
3.0833140812082e-21
1.2464615539226e-21
4.992240353085e-22
1.9809072433793e-22
7.787201029879e-23
3.0327996675572e-23
1.1701663666937e-23
4.472902874379e-24
1.6938138225225e-24
6.354370954972e-25
2.3616005530855e-25
8.694879405998e-26
3.1713205731141e-26
1.1458621241304e-26
4.101439940011e-27
1.454280614066e-27
5.108154126793e-28
1.7773775906482e-28
6.126201913496e-29
2.0916775663012e-29
7.074339214706e-30
2.3700667315229e-30
7.865287806645e-31
2.5854954091852e-31
8.418674983845e-32
2.7152523941194e-32
8.674386785355e-33
2.7448907197585e-33
8.60329016141e-34
2.6708703792408e-34
8.212686244518e-35
2.5012507633712e-35
7.545085735722e-36
2.2542463755357e-36
6.670587810944e-37
1.9550036749295e-37
5.67475314535e-38
1.6313886038403e-38
4.644874791935e-39
1.3097601513595e-39
3.657679924161e-40
1.011604447903e-40
2.7707782035643e-41
7.515772789085e-42
2.0189295659197e-42
5.370801351244e-43
1.4148881454759e-43
3.69117703557e-44
9.535906720718e-45
2.4395404170341e-45
6.180127694679e-46
1.5503321015073e-46
3.851095539858e-47
9.47262749734e-48
2.3071590719469e-48
5.564162176445e-49
1.3287135937192e-49
3.141712778012e-50
7.355279354186e-51
1.7049965217334e-51
3.913212571414e-52
8.892480710251e-53
2.000717866044e-53
4.45672686955e-54
9.828951839922e-55
2.1461156813817e-55
4.639246404891e-56
9.928502410346e-57
2.1035633297645e-57
4.412212972224e-58
9.161778877092e-59
1.8832977286391e-59
3.83236897512e-60
7.720013584822e-61
1.5394458966305e-61
3.038782069916e-62
5.937676356416e-63
1.1484401134089e-63
2.1987103074093e-64
4.166663237595e-65
7.815600641249e-66
1.4510509727536e-66
2.666502803867e-67
4.849904006832e-68
8.730689736561e-69
1.5555386618327e-69
2.742978298882e-70
4.787024402074e-71
8.268047329856e-72
1.4132746856723e-72
2.390720048558e-73
4.002225204051e-74
6.630359068203e-75
1.0869943944383e-75
1.7634543709641e-76
2.830998784962e-77
4.497233853888e-78
7.069249676888e-79
1.0995497650928e-79
1.6922392653487e-80
2.576946907869e-81
3.882732266732e-82
5.788273750463e-83
8.537517832192e-84
1.2458804052125e-84
1.7987649222638e-85
2.569312113773e-86
3.630736421865e-87
5.075734630112e-88
7.019727818099e-89
9.603943340675e-90
1.299803047409e-90
1.740182407966e-91
2.304580034765e-92
3.018971903645e-93
3.911893099694e-94
5.013786206045e-95
6.356027720079e-96
7.969609143176e-97
9.883472947464e-98
1.2122533996147e-98
1.4705452700707e-99
1.764226467931e-100
2.093200935552e-101
2.456053242527e-102
2.849865964106e-103
3.270094728222e-104
3.710520416775e-105
4.163294876952e-106
4.619091262139e-107
5.067362999608e-108
5.496706854626e-109
5.895316346245e-110
6.251502764166e-111
6.554253217808e-112
6.793789463655e-113
6.962088492385e-114
7.053326526632e-115
7.064212336234e-116
6.994183368646e-117
6.845448471293e-118
6.622872972802e-119
6.333714394985e-120
5.98722881748e-121
5.594177724507e-122
5.166272070617e-123
4.715593695575e-124
4.254033893924e-125
3.792785119028e-126
3.341915065323e-127
2.910043597858e-128
2.504133213698e-129
2.129393975494e-130
1.789295097481e-131
1.485668325683e-132
1.2188834030679e-133
9.880734197986e-135
7.913876168164e-136
6.262509120653e-137
4.896125747413e-138
3.781705336347e-139
2.885622237177e-140
2.175171686728e-141
1.619702918002e-142
1.1913799799758e-143
8.656125892138e-145
6.212125971522e-146
4.403371480209e-147
3.082787585008e-148
2.13157083491e-149
1.455587707331e-150
9.81621001985e-152
6.537330277466e-153
4.299245674961e-154
2.79192234595e-155
1.790265659353e-156
1.1334918314042e-157
7.085811895988e-159
4.373353147813e-160
2.664872424919e-161
1.603091575706e-162
9.520137201398e-164
5.581023158054e-165
3.229630217569e-166
1.844771533308e-167
1.0400769766063e-168
5.787668005781e-170
3.178622360457e-171
1.722872920502e-172
9.215696537125e-174
4.864577705625e-175
2.53387658671e-176
1.302357465617e-177
6.604809562553e-179
3.304886011701e-180
1.631545963144e-181
7.946376781258e-183
3.818090229168e-184
1.809715915838e-185
8.461387943199e-187
3.902288690972e-188
1.775101438969e-189
7.964016587065e-191
3.523914306091e-192
1.537735086411e-193
6.617276811579e-195
2.807999690612e-196
1.174932594718e-197
4.84735631175e-199
1.971745083286e-200
7.907294820539e-202
3.126178184663e-203
1.218386890838e-204
4.68079079724e-206
1.772524991438e-207
6.615778967059e-209
2.433667335057e-210
8.822850584999e-212
3.152098315998e-213
1.109708949073e-214
3.849568535102e-216
1.315780763031e-217
4.430963103588e-219
1.470043583831e-220
4.804562518954e-222
1.546830981195e-223
4.905358911556e-225
1.532183888302e-226
4.713420072192e-228
1.427970541547e-229
4.260225587679e-231
1.251550270695e-232
3.620246663087e-234
1.0310356714e-235
2.890853494805e-237
7.979326222294e-239
2.168026933325e-240
5.798179887797e-242
1.526220126506e-243
3.953763928155e-245
1.007956088226e-246
2.528591766951e-248
6.241523646207e-250
1.515812647704e-251
3.621690159878e-253
8.512466433433e-255
1.968090241595e-256
4.475554288401e-258
1.000984255566e-259
2.201670091536e-261
4.761978276634e-263
1.012739947504e-264
2.117622900408e-266
4.353152069503e-268
8.7968572006e-270
1.74736354154e-271
3.411411629315e-273
6.545499192797e-275
1.234159904201e-276
2.286556138854e-278
4.162319228512e-280
7.443767829935e-282
1.307719287649e-283
2.256630171813e-285
3.824633148204e-287
6.365926097555e-289
1.040481072803e-290
1.669803673416e-292
2.630950029167e-294
4.069420166623e-296
6.178477263423e-298
9.20693427096e-300
1.346444386506e-301
1.932218010221e-303
2.720646486376e-305
3.758285273943e-307
5.092860236051e-309
6.769245892335e-311
8.82423034927e-313
1.128034161557e-314
1.413926184134e-316
1.737560058275e-318
2.093198276436e-320
2.471647477738e-322
2.860327497363e-324
3.243730768967e-326
3.604289350233e-328
3.923607534907e-330
4.183955202244e-332
4.369862387833e-334
4.469620863974e-336
4.476493032526e-338
4.389456299963e-340
4.213369832891e-342
3.958531038312e-344
3.639677120895e-346
3.274566457961e-348
2.88233069657e-350
2.481811667715e-352
2.090084627848e-354
1.721325487031e-356
1.386114983502e-358
1.091200824005e-360
8.396731801337e-363
6.314602097999e-365
4.640242408828e-367
3.331363888801e-369
2.336236621684e-371
1.600112055417e-373
1.070155945187e-375
6.987630272819e-378
4.453698203313e-380
2.77038574486e-382
1.681541445758e-384
9.95728039015e-387
5.751171595939e-389
3.239437122189e-391
1.779074824556e-393
9.52450993058e-396
4.969648511577e-398
2.526693915767e-400
1.251501211542e-402
6.037647325666e-405
2.836393879068e-407
1.297270339173e-409
5.775115563473e-412
2.5018221316e-414
1.054423900798e-416
4.322477572204e-419
1.723069008787e-421
6.677544099168e-424
2.515155072597e-426
9.20522360982e-429
3.272736424663e-431
1.129999314693e-433
3.788060418117e-436
1.232554060323e-438
3.891543055297e-441
1.191896285583e-443
3.540196149175e-446
1.019429747159e-448
2.845080925149e-451
7.693124852978e-454
2.014848727122e-456
5.109417467565e-459
1.254135297875e-461
2.978606651096e-464
6.842679594885e-467
1.519948219384e-469
3.263343534588e-472
6.769656028924e-475
1.35636012573e-477
2.623729850437e-480
4.898083285007e-483
8.82103325092e-486
1.531856931956e-488
2.56411434464e-491
4.13511523663e-494
6.422069230112e-497
9.6006558105e-500
1.380899083014e-502
1.910071680097e-505
2.539512999055e-508
3.243734139356e-511
3.978409729808e-514
4.682877898421e-517
5.287116148822e-520
5.722488818462e-523
5.934198420144e-526
5.892429420042e-529
5.599111956565e-532
5.088225040728e-535
4.419348742798e-538
3.666144565514e-541
2.902863437395e-544
2.192336228001e-547
1.578120607378e-550
1.081945446353e-553
7.059479305092e-557
4.380281269418e-560
2.582514014841e-563
1.445549737628e-566
7.675378848449e-570
3.862404210195e-573
1.84038541892e-576
8.295485234869e-580
3.533715998778e-583
1.421145779523e-586
5.390235477471e-590
1.926051305616e-593
6.47635907705e-597
2.04687380969e-600
6.073284808678e-604
1.689601192073e-607
4.40156789532e-611
1.072274142948e-614
2.439319867834e-618
5.174408807684e-622
1.021927787045e-625
1.876108087631e-629
3.196354456362e-633
5.045002839647e-637
7.363664439355e-641
9.92050768001e-645
1.231188558782e-648
1.404653050214e-652
1.470033621938e-656
1.408032980494e-660
1.23137355186e-664
9.80774305452e-669
7.095845564564e-673
4.650363306929e-677
2.752596068481e-681
1.466979845607e-685
7.016281629148e-690
3.0011071724e-694
1.143788902743e-698
3.868992638813e-703
1.156712775252e-707
3.042961173236e-712
7.010452362206e-717
1.407227725581e-721
2.447826385633e-726
3.668138728687e-731
4.705575681744e-736
5.132318773334e-741
4.724249652596e-746
3.640630932856e-751
2.328289939676e-756
1.223910076562e-761
5.232905302886e-767
1.798787523534e-772
4.907784958149e-778
1.0477573896592e-783
1.72256910183e-789
2.142124247949e-795
1.974487119693e-801
1.318163046944e-807
6.206772594606e-814
1.998923442993e-820
4.247576791309e-827
5.707063739548e-834
4.607128292819e-841
2.099726935253e-848
5.00086906315e-856
5.642181671318e-864
2.652691878106e-872
4.36937458815e-881
1.971740467632e-890
1.681422130599e-900
1.4641027098612e-911
3.978276232099e-924
1.5690358543417e-939