0.0537363044059463
0.0534264606009345
0.0528121213376642
0.0519038297677243
0.0507170229217871
0.0492715953993203
0.0475913449003861
0.0457033211809393
0.043637103290448
0.041424032011534
0.03909642519892
0.036686803217075
0.034227149981418
0.031748232359127
0.029278997076367
0.026846060039952
0.024473298364816
0.022181550659909
0.019988426508355
0.0179082218014986
0.0159519328325815
0.0141273589615877
0.0124392813168474
0.0108897034405015
0.0094781390063863
0.0082019316914455
0.0070565928827067
0.0060361440434487
0.0051334521210466
0.0043405482253514
0.0036489218125822
0.0030497846570879
0.0025343008783101
0.0020937811278884
0.0017198406679503
0.001404522443348
0.0011403873454021
0.0009205746783051
0.00073883638285785
0.00058954886883204
0.00046770638874559
0.00036889978914994
0.00028928423971557
0.0002255392040136
0.00017482351488933
0.00013472798358769
0.0001032275321763
0.0000786344147101
0.000059553699913783
0.000044841837693714
0.000033568829716645
0.000024984272921273
0.000018487343381416
0.000013600633327186
9.947641684468e-6
7.233642612919e-6
5.2296112167806e-6
3.7588649146239e-6
2.6860772771066e-6
1.9083334302598e-6
1.3479180129852e-6
9.465545398545e-7
6.608459463341e-7
4.5869785139257e-7
3.1653703241397e-7
2.1716665431158e-7
1.4812623621942e-7
1.0044781609597e-7
6.772017871281e-8
4.5390418895215e-8
3.0246713215178e-8
2.0038235861637e-8
1.319797993808e-8
8.642144127954e-9
5.626016165724e-9
3.6412058832158e-9
2.3428993695613e-9
1.4987373016814e-9
9.531477153449e-10
6.026387356472e-10
3.7880467233435e-10
2.3671968178123e-10
1.4706640060166e-10
9.083472371718e-11
5.577620419745e-11
3.404896382686e-11
2.0664076158509e-11
1.2467646717386e-11
7.478398843921e-12
4.459515055294e-12
2.6437521865127e-12
1.5581424745417e-12
9.129481386611e-13
5.317858327157e-13
3.0794866114614e-13
1.7728416925819e-13
1.0146373395305e-13
5.772981046242e-14
3.2654044435311e-14
1.8362022897585e-14
1.0264785976402e-14
5.704587204444e-15
3.1516835992362e-15
1.7310282948743e-15
9.451657648507e-16
5.130422641151e-16
2.7684630077787e-16
1.4851276787242e-16
7.920040490881e-17
4.198832988938e-17
2.2129236274111e-17
1.159417643687e-17
6.038763991664e-18
3.1267264649773e-18
1.6094015034754e-18
8.23513239601e-19
4.188971624802e-19
2.1182336924307e-19
1.0648021161441e-19
5.320978100242e-20
2.6432638150139e-20
1.3053138765459e-20
6.40787049679e-21
3.127056558212e-21
1.5169801151045e-21
7.315517841845e-22
3.506954866246e-22
1.6712217124421e-22
7.916908308336e-23
3.728152484765e-23
1.74520749189e-23
8.121096166971e-24
3.756602509851e-24
1.7273790787905e-24
7.895700926048e-25
3.587592777501e-25
1.6204058134637e-25
7.275308568666e-26
3.247018626431e-26
1.4405310776451e-26
6.352778558188e-27
2.784881807475e-27
1.2135299729832e-27
5.25646343326e-28
2.2632623071743e-28
9.68663484504e-29
4.121036326409e-29
1.7427460402708e-29
7.325791853384e-30
3.061022375656e-30
1.2713599683514e-30
5.248791114699e-31
2.1539588117488e-31
8.786207503816e-32
3.562460616195e-32
1.435759934932e-32
5.751687840612e-33
2.290282585862e-33
9.064871991153e-34
3.566249032172e-34
1.3945612030191e-34
5.420482360676e-35
2.0941667001959e-35
8.041851015128e-36
3.069521977943e-36
1.164538638697e-36
4.391409720407e-37
1.645960369216e-37
6.131949880646e-38
2.270597013588e-38
8.356842117421e-39
3.057056152582e-39
1.1115323884634e-39
4.016952603431e-40
1.4428645184216e-40
5.151183617796e-41
1.8278455579047e-41
6.446460137862e-42
2.259699964416e-42
7.872746260621e-43
2.72612673367e-43
9.382281152824e-44
3.209310588937e-44
1.091074080856e-44
3.686669283236e-45
1.238083197838e-45
4.132372201873e-46
1.3708224818272e-46
4.519531439635e-47
1.4809289448797e-47
4.822828794527e-48
1.5609696850722e-48
5.021231757158e-49
1.6052674571905e-49
5.100397489692e-50
1.6105650511048e-50
5.054384426468e-51
1.5764207284665e-51
4.886388264762e-52
1.5052681326346e-52
4.608375937584e-53
1.4021295328593e-53
4.239675632004e-54
1.2740293237157e-54
3.804753676033e-55
1.1292029694299e-55
3.330533659153e-56
9.762251319632e-57
2.843665188743e-57
8.231845802323e-58
2.368122879584e-58
6.770136489101e-59
1.923422656719e-59
5.430427992258e-60
1.5236082771428e-60
4.248057731276e-61
1.1770182523214e-61
3.240780003121e-62
8.867216668049e-63
2.410984101565e-63
6.51431049175e-64
1.749071071522e-64
4.666692157483e-65
1.2372895064661e-65
3.25980603337e-66
8.534305822716e-67
2.22023223021e-67
5.739579767052e-68
1.4743853272923e-68
3.763473145799e-69
9.545776281992e-70
2.405891124437e-70
6.025327267224e-71
1.499418673245e-71
3.707664515016e-72
9.109841277553e-73
2.224086448507e-73
5.395361977534e-74
1.300514387235e-74
3.114819990939e-75
7.412616246792e-76
1.752783965002e-76
4.11813994665e-77
9.613624533944e-78
2.229893150585e-78
5.139126095902e-79
1.1767935639929e-79
2.677407884652e-80
6.052425775426e-81
1.359385114614e-81
3.033549319727e-82
6.725932676958e-83
1.481645328681e-83
3.242825984846e-84
7.051605849921e-85
1.523472940251e-85
3.270100566646e-86
6.973718697814e-87
1.477549302281e-87
3.110219570762e-88
6.50442466677e-89
1.351427455576e-89
2.789586450479e-90
5.720676112134e-91
1.1655006974457e-91
2.359024966375e-92
4.743561346544e-93
9.476012782922e-94
1.880585216038e-94
3.707693075745e-95
7.26197938502e-96
1.413005355703e-96
2.731286330328e-97
5.244720289944e-98
1.0004747737341e-98
1.895901115131e-99
3.569011522766e-100
6.674210976875e-101
1.239848416406e-101
2.287972934743e-102
4.194147865951e-103
7.637374251727e-104
1.381493314376e-104
2.482302840657e-105
4.430562506413e-106
7.855212648151e-107
1.38340337088e-107
2.420072243057e-108
4.205263798357e-109
7.25839082586e-110
1.244418341933e-110
2.119181484106e-111
3.584613319016e-112
6.02262191149e-113
1.0050662643724e-113
1.665966529791e-114
2.742817927699e-115
4.485216916812e-116
7.284878329759e-117
1.175195524969e-117
1.882970464547e-118
2.9965325386e-119
4.736233866594e-120
7.43502531602e-121
1.15921352038e-121
1.795033591652e-122
2.760618170268e-123
4.216587992596e-124
6.396368582395e-125
9.636508048608e-126
1.441837026961e-126
2.142492470219e-127
3.161734691986e-128
4.633731454058e-129
6.744222953539e-130
9.748210183186e-131
1.399284498219e-131
1.994672402515e-132
2.823694951071e-133
3.969545841118e-134
5.541621953861e-135
7.682492768599e-136
1.057627556766e-136
1.445855225346e-137
1.962792600389e-138
2.645925703949e-139
3.541853266017e-140
4.707921427886e-141
6.213976148052e-142
8.144186002362e-143
1.059886795217e-143
1.369622627725e-144
1.757389115361e-145
2.23901196292e-146
2.832449976741e-147
3.557798063703e-148
4.437203910568e-149
5.494679171341e-150
6.755786895462e-151
8.247189255041e-152
9.99604357228e-153
1.202924032575e-153
1.437248423268e-154
1.704922853295e-155
2.007948294807e-156
2.347852699794e-157
2.72555718048e-158
3.141242443037e-159
3.594221830304e-160
4.082828047178e-161
4.604321036474e-162
5.154824462792e-163
5.729297785347e-164
6.321549922742e-165
6.924299032174e-166
7.529280979859e-167
8.12740674688e-168
8.70896641208e-169
9.26387463186e-170
9.78194987117e-171
1.025321721819e-171
1.06682226227e-172
1.101834500262e-173
1.129609199879e-174
1.149536531346e-175
1.161168257351e-176
1.164234448545e-177
1.158653860155e-178
1.144537414583e-179
1.122184585681e-180
1.092072846445e-181
1.054840698751e-182
1.011265128092e-183
9.62234596783e-185
9.08718889062e-186
8.51737239308e-187
7.9232620521e-188
7.315086923781e-189
6.702654030958e-190
6.095097824651e-191
5.500672868149e-192
4.926595212288e-193
4.378935053881e-194
3.862560488211e-195
3.381129650354e-196
2.937126423851e-197
2.531933273138e-198
2.165933677486e-199
1.838636114984e-200
1.548811532119e-201
1.294636672664e-202
1.073836440857e-203
8.83819537177e-205
7.21802825645e-206
5.849211695157e-207
4.703207194697e-208
3.752347830272e-209
2.970423934099e-210
2.333104976534e-211
1.818212833502e-212
1.405865632532e-213
1.078513524086e-214
8.208882817e-216
6.198878966046e-217
4.644156249903e-218
3.451905875576e-219
2.545443016171e-220
1.862146928859e-221
1.351463833016e-222
9.73035256076e-224
6.94992476878e-225
4.924392778599e-226
3.461305745296e-227
2.413434624745e-228
1.669294565524e-229
1.145317280039e-230
7.79484585593e-232
5.262251339429e-233
3.523801176435e-234
2.340562996961e-235
1.542026158739e-236
1.007671357649e-237
6.531232046894e-239
4.19868758284e-240
2.677117511627e-241
1.692972395489e-242
1.061827543322e-243
6.60500002025e-245
4.074735334051e-246
2.493025435962e-247
1.51268211273e-248
9.10238465756e-250
5.431779099236e-251
3.214409669836e-252
1.886363258716e-253
1.097759316292e-254
6.334893421594e-256
3.625054229968e-257
2.056957451233e-258
1.157348786272e-259
6.456897117387e-261
3.571877721239e-262
1.959182175637e-263
1.065493846672e-264
5.745360404102e-266
3.071610097528e-267
1.628131955854e-268
8.55618166092e-270
4.457890598694e-271
2.302660502227e-272
1.179162194963e-273
5.986214818109e-275
3.012715349686e-276
1.503082578633e-277
7.43392811827e-279
3.64465508954e-280
1.771286491691e-281
8.53310653516e-283
4.074770374034e-284
1.928716109875e-285
9.04886690993e-287
4.20796669501e-288
1.939518873279e-289
8.86034674824e-291
4.011748818346e-292
1.800256201534e-293
8.00651774392e-295
3.529010476788e-296
1.541534473356e-297
6.67322224736e-299
2.862799756234e-300
1.217055301713e-301
5.127249811213e-303
2.140445994759e-304
8.85442680381e-306
3.629474083745e-307
1.474160082407e-308
5.932720166197e-310
2.365711926943e-311
9.34671672946e-313
3.658776777218e-314
1.419000937481e-315
5.452424327942e-317
2.075615975665e-318
7.82789315578e-320
2.924646423884e-321
1.082486400743e-322
3.969008841557e-324
1.44159110361e-325
5.186714412387e-327
1.84851309385e-328
6.52562855705e-330
2.2818200567e-331
7.90294925985e-333
2.711035557647e-334
9.21104376831e-336
3.099555458947e-337
1.032990100885e-338
3.409480950071e-340
1.114460913296e-341
3.607571189483e-343
1.156451517804e-344
3.671058324989e-346
1.153972018447e-347
3.591932286854e-349
1.107078777947e-350
3.378586225728e-352
1.020906765458e-353
3.054359603209e-355
9.04743768116e-357
2.65332615636e-358
7.70377262595e-360
2.214379985301e-361
6.30122114908e-363
1.775043932808e-364
4.949862587624e-366
1.366358262878e-367
3.733456634469e-369
1.009764962982e-370
2.703209106253e-372
7.16269653171e-374
1.878444395458e-375
4.875646904273e-377
1.252464412838e-378
3.184086320941e-380
8.01082992929e-382
1.994482764945e-383
4.913940833706e-385
1.198017283861e-386
2.890123085347e-388
6.89884139501e-390
1.629404537381e-391
3.807683959657e-393
8.8035584589e-395
2.013757013938e-396
4.557149786365e-398
1.020241132246e-399
2.259547113978e-401
4.950335970688e-403
1.072823296211e-404
2.299785874735e-406
4.876380925457e-408
1.02269016445e-409
2.121347789435e-411
4.351971155859e-413
8.82980997899e-415
1.771710215631e-416
3.515561124442e-418
6.8982953024e-420
1.338500346283e-421
2.568083055164e-423
4.871892379223e-425
9.13836288684e-427
1.694748010543e-428
3.107360815757e-430
5.632636569587e-432
1.009366334306e-433
1.788077575438e-435
3.131177156738e-437
5.419956727426e-439
9.27329155672e-441
1.568212137058e-442
2.621146267217e-444
4.329880015552e-446
7.06872518262e-448
1.140431731601e-449
1.818204104676e-451
2.864462644694e-453
4.459157129036e-455
6.85888025791e-457
1.042380064012e-458
1.565138773972e-460
2.321746380797e-462
3.402459908852e-464
4.925706744149e-466
7.04404641823e-468
9.95026512279e-470
1.38830978765e-471
1.913188434933e-473
2.603927632217e-475
3.500095392173e-477
4.646120767817e-479
6.09032424058e-481
7.88331955254e-483
1.0075716939e-484
1.271510735418e-486
1.5842375611e-488
1.948747427386e-490
2.366488326308e-492
2.836907280761e-494
3.3570367305e-496
3.921166107755e-498
4.520645060255e-500
5.143861080152e-502
5.77642495614e-504
6.40158258613e-506
7.00085217967e-508
7.55486346702e-510
8.04435262106e-512
8.45124601211e-514
8.75975051475e-516
8.95736033874e-518
9.03569191802e-520
8.99106978042e-522
8.82480674106e-524
8.54314914668e-526
8.15688914222e-528
7.68067731916e-530
7.1320968464e-532
6.53058096616e-534
5.89626721455e-536
5.248882842423e-538
4.606747020426e-540
3.985958157409e-542
3.39981168006e-544
2.858468086536e-546
2.368866220132e-548
1.934855315398e-550
1.557503485908e-552
1.235531026604e-554
9.65814283684e-557
7.4390913444e-559
5.64550933506e-561
4.220984127559e-563
3.109007306065e-565
2.255781257028e-567
1.612162894891e-569
1.134819329688e-571
7.86718295224e-574
5.370998547859e-576
3.610790533944e-578
2.39017070159e-580
1.557766860484e-582
9.99516895255e-585
6.31333496137e-587
3.925319995412e-589
2.402177085791e-591
1.446820023724e-593
8.57568843513e-596
5.001883325921e-598
2.870601528504e-600
1.620881965445e-602
9.00394717564e-605
4.920181351817e-607
2.644594331635e-609
1.39807202729e-611
7.26866916879e-614
3.716182679415e-616
1.868174772433e-618
9.23373309118e-621
4.486804299939e-623
2.14317247172e-625
1.006229479598e-627
4.643186702852e-630
2.105587349632e-632
9.38267598541e-635
4.108037211214e-637
1.767069272902e-639
7.4669149071e-642
3.099228574207e-644
1.263416758847e-646
5.057962415824e-649
1.988361228344e-651
7.67467406992e-654
2.908193190824e-656
1.081778519571e-658
3.949642623002e-661
1.415251336461e-663
4.976420365798e-666
1.71695550916e-668
5.81178708072e-671
1.929827848431e-673
6.28542398714e-676
2.007733161751e-678
6.28898300701e-681
1.931544893121e-683
5.81601351103e-686
1.716673826719e-688
4.966344011363e-691
1.408045152502e-693
3.911744973428e-696
1.064734445724e-698
2.839035239438e-701
7.41481090402e-704
1.896572774163e-706
4.750273205727e-709
1.164892889355e-711
2.796466203862e-714
6.57092210607e-717
1.511027401804e-719
3.40003088187e-722
7.48500676412e-725
1.611883806782e-727
3.395000997575e-730
6.99265644709e-733
1.408221839028e-735
2.7724009352e-738
5.334890725472e-741
1.003244880723e-743
1.843429953111e-746
3.309099507936e-749
5.80203884052e-752
9.9348663645e-755
1.661023700274e-757
2.711081951053e-760
4.318986787005e-763
6.71446892514e-766
1.018471544975e-768
1.506985739691e-771
2.174736467418e-774
3.060231350511e-777
4.198203573906e-780
5.61363789297e-783
7.3148522604e-786
9.2865432812e-789
1.148406259708e-791
1.38303750032e-794
1.621704429316e-797
1.851013346596e-800
2.0561110789e-803
2.222184544547e-806
2.336177208087e-809
2.388456441496e-812
2.3741418683e-815
2.29384368292e-818
2.153658507173e-821
1.964408430102e-824
1.740254099225e-827
1.496929553267e-830
1.249906738151e-833
1.012788852418e-836
7.96160262483e-840
6.07009162564e-843
4.487181485283e-846
3.215167955734e-849
2.232290936649e-852
1.501335921942e-855
9.7778881559e-859
6.16466898071e-862
3.761200801603e-865
2.219969311616e-868
1.267125802352e-871
6.99182149563e-875
3.728216236937e-878
1.920397191009e-881
9.55203475489e-885
4.586144722663e-888
2.124590398959e-891
9.49299231557e-895
4.0893335032e-898
1.697620069336e-901
6.78859729784e-905
2.613845830215e-908
9.68600568919e-912
3.452822606634e-915
1.183488208146e-918
3.898560310209e-922
1.233618304047e-925
3.747779406105e-929
1.092594571429e-932
3.054959781632e-936
8.18799077022e-940
2.102483674426e-943
5.169199603563e-947
1.216171891488e-950
2.736444513125e-954
5.884784651345e-958
1.208792864945e-961
2.370109309859e-965
4.43292306561e-969
7.90350182465e-973
1.342302593586e-976
2.170042211191e-980
3.336946536815e-984
4.877089811902e-988
6.76955494761e-992
8.91650486208e-996
1.113527922692e-999
1.317362361355e-1003
1.4750995194e-1007
1.56189402941e-1011
1.562376376703e-1015
1.475027660315e-1019
1.312979246236e-1023
1.100796767321e-1027
8.68323012077e-1032
6.43721206784e-1036
4.479788431943e-1040
2.923100562318e-1044
1.786165144028e-1048
1.020790921918e-1052
5.44897402843e-1057
2.713060204593e-1061
1.258207606996e-1065
5.426889306991e-1070
2.173641054889e-1074
8.07176876134e-1079
2.774413912032e-1083
8.81136613257e-1088
2.581076255746e-1092
6.96027749701e-1097
1.724515987285e-1101
3.917704364762e-1106
8.14307033651e-1111
1.545119014563e-1115
2.670127011295e-1120
4.192063067003e-1125
5.963846207281e-1130
7.66739733058e-1135
8.88283714906e-1140
9.24552174573e-1145
8.61807670721e-1150
7.17026996071e-1155
5.306051764661e-1160
3.479313663442e-1165
2.013632197866e-1170
1.024245382488e-1175
4.558510697556e-1181
1.766725508753e-1186
5.932483941498e-1192
1.716596927404e-1197
4.255400843463e-1203
8.98141727799e-1209
1.603131671371e-1214
2.402558834925e-1220
2.999622439939e-1226
3.093643446064e-1232
2.611494944659e-1238
1.786351770032e-1244
9.79350283022e-1251
4.251773234408e-1257
1.442432731098e-1263
3.768161121848e-1270
7.457096932255e-1277
1.097680911291e-1283
1.177388708593e-1290
8.99078969376e-1298
4.759891390399e-1305
1.694705907528e-1312
3.917120971124e-1320
5.639999374836e-1328
4.817162677416e-1336
2.301510487165e-1344
5.726182903944e-1353
6.787974540168e-1362
3.424350520936e-1371
6.342636908767e-1381
3.531968419796e-1391
4.45365691378e-1402
8.285342538926e-1414
1.1173512270768e-1426
2.775951215868e-1441
3.646838007692e-1459