0.1431021179327108
0.1373068872326817
0.1264100873422447
0.1116626847470305
0.0946372211252438
0.0769539646559993
0.0600343083593211
0.04493127532044512
0.03225943510207062
0.0222176648077223
0.01467727206713961
0.00929963613777113
0.00565100073450636
0.00329295179161012
0.001839943301782229
0.000985683832026472
0.000506216832204792
0.0002492008011463893
0.0001175765740294256
0.0000531608238159518
0.00002303029510318523
9.55823823616469e-6
3.799763859318146e-6
1.446644344135206e-6
5.27369985425966e-7
1.840498854503741e-7
6.14803210302278e-8
1.965290942685595e-8
6.01053514883215e-9
1.758312203613677e-9
4.91894393026982e-10
1.315626501985216e-10
3.363297376453662e-11
8.21584025971454e-12
1.917210811225087e-12
4.272586071290812e-13
9.09036637838837e-14
1.845876299897917e-14
3.576100870015926e-15
6.60773043470469e-16
1.164055280392342e-16
1.954387437284132e-17
3.126036194403018e-18
4.76153932313351e-19
6.90378913900435e-20
9.52409868370497e-21
1.249563616675738e-21
1.558421742538003e-22
1.846671344200161e-23
2.07801904269005e-24
2.21938767515244e-25
2.248535317160896e-26
2.159725900163283e-27
1.965483070467151e-28
1.693715697742224e-29
1.381115378099947e-30
1.064985639714887e-31
7.76025170126808e-33
5.33958207477824e-34
3.466616738688568e-35
2.121900740901532e-36
1.223499096704554e-37
6.63994660596325e-39
3.388553132353358e-40
1.624582352757509e-41
7.30999905686e-43
3.083840568023294e-44
1.218416021445054e-45
4.503357333630178e-47
1.555245484850517e-48
5.01236742810763e-50
1.505571441471979e-51
4.209001835377639e-53
1.093580105257148e-54
2.636682633647813e-56
5.88990324957477e-58
1.216946412756178e-59
2.321547336355102e-61
4.081435845055528e-63
6.59959983514486e-65
9.79446645281129e-67
1.331181078046764e-68
1.652958073536218e-70
1.870532938959916e-72
1.923922491003131e-74
1.793457615240804e-76
1.510615557702912e-78
1.145937413933542e-80
7.8017863255972e-83
4.74921526671732e-85
2.574462627887306e-87
1.237342703419363e-89
5.24779271185153e-92
1.95395588032262e-94
6.35145826853093e-97
1.79141657237553e-99
4.35483190769929e-102
9.0571457150456e-105
1.59849645615841e-107
2.37244160486538e-110
2.93122046322886e-113
2.98083428932068e-116
2.46315798862998e-119
1.62995485695247e-122
8.494260554429e-126
3.419366606809e-129
1.039514217367e-132
2.32379408014249e-136
3.6998456074121e-140
4.035835697788e-144
2.8745692152901e-148
1.25794724540248e-152
3.1244589038422e-157
3.9580171289762e-162
2.1988677026004e-167
4.2688500610681e-173
1.9913507829523e-179
1.0897690034651e-186
1.1119033563949e-195