0.0915350957360577
0.0900082711135824
0.0870305583491494
0.0827475741948855
0.0773628204939843
0.0711216794197905
0.0642929492174214
0.0571498468787168
0.0499523247103726
0.0429322420714103
0.036282464312082
0.030150410272428
0.0246360233029921
0.0197936731083989
0.0156371590381134
0.0121468043725155
0.0092776030020606
0.0069674798545118
0.005144915661088
0.0037354213489077
0.00266658673062961
0.00187164025507666
0.00129162111892515
0.00087637368050038
0.00058462860145433
0.00038344424972807
0.000247258093044855
0.000156754267315397
0.000097701905655458
0.000059868105334504
0.000036065387247836
0.0000213590462490296
0.0000124354819816706
7.1174760096371e-6
4.0046531747175e-6
2.2149910336023e-6
1.20431370089993e-6
6.43665258956e-7
3.3816235713156e-7
1.7463324938472e-7
8.8645477199534e-8
4.4228831089533e-8
2.1690251757603e-8
1.04550173046396e-8
4.9530930864983e-9
2.3062696899658e-9
1.05539640850521e-9
4.7466024362041e-10
2.0979802093602e-10
9.1129819164592e-11
3.8899971144272e-11
1.631760827549e-11
6.7262147508183e-12
2.7244588240327e-12
1.08435901369037e-12
4.2406949770437e-13
1.6295195749018e-13
6.1521649865565e-14
2.2820711730739e-14
8.316678617573e-15
2.9776702869448e-15
1.0473586036511e-15
3.6190300512851e-16
1.2284360684918e-16
4.0960177489079e-17
1.3415443370061e-17
4.3158555666567e-18
1.3637409953006e-18
4.2323752683071e-19
1.2900530731992e-19
3.8617636014225e-20
1.1352767559292e-20
3.2774698990363e-21
9.291358619694e-22
2.5864590560022e-22
7.0696819891771e-23
1.8973337311989e-23
4.9994073508418e-24
1.2933179674503e-24
3.2846174776056e-25
8.18912248664e-26
2.0042092066083e-26
4.8148366043462e-27
1.1353564188102e-27
2.6276895303473e-28
5.9687816464972e-29
1.330593592524e-29
2.9109261061511e-30
6.2491436019311e-31
1.3164081999475e-31
2.7209352438836e-32
5.5179759799262e-33
1.097871242246e-33
2.142933309436e-34
4.1032387226202e-35
7.70691613113e-36
1.4198570681388e-36
2.565622651838e-37
4.5467249750109e-38
7.901972319146e-39
1.346715845049e-39
2.2505692252266e-40
3.6877083754625e-41
5.92433961745e-42
9.330683206013e-43
1.4406136801965e-43
2.1802797240757e-44
3.234275481634e-45
4.702306621029e-46
6.700119709637e-47
9.355346928196e-48
1.2800014900829e-48
1.7159368599224e-49
2.2537143108763e-50
2.8998070267834e-51
3.6549160957241e-52
4.51220323073e-53
5.455908858301e-54
6.460654117042e-55
7.491692429051e-56
8.506286284219e-57
9.456242507921e-58
1.0291462333926e-58
1.0964180255613e-59
1.1433413520632e-60
1.166905679029e-61
1.1655058812086e-62
1.1391218097152e-63
1.0893320327504e-64
1.0191580243786e-65
9.327600966734e-67
8.350276930895e-68
7.311203449663e-69
6.260193617268e-70
5.241440290931e-71
4.290716321686e-72
3.4338139095225e-73
2.6862238997656e-74
2.0538846431888e-75
1.5347135260223e-76
1.1205834969309e-77
7.994182807856e-79
5.57138684054e-80
3.792778367265e-81
2.5217447741557e-82
1.6373365703479e-83
1.0380317863004e-84
6.424819115042e-86
3.881766576427e-87
2.2890530323481e-88
1.3172822398982e-89
7.396664244894e-91
4.05194466248e-92
2.1651947209073e-93
1.1284191344085e-94
5.734782523583e-96
2.841635001324e-97
1.372634893198e-98
6.462588323964e-100
2.9651774767424e-101
1.3256056581735e-102
5.773282705642e-104
2.4490638125946e-105
1.0117395968254e-106
4.06958273959e-108
1.5935406314644e-109
6.073326605452e-111
2.2524591421852e-112
8.127724057404e-114
2.852830939804e-115
9.738449324933e-117
3.232363344184e-118
1.0429782731632e-119
3.270855719711e-121
9.967425472479e-123
2.95081932324e-124
8.484784388517e-126
2.3690602563126e-127
6.42162530521e-129
1.6894357843316e-130
4.312790929479e-132
1.0680337220782e-133
2.565127140013e-135
5.973313782194e-137
1.34830123763e-138
2.94919736579e-140
6.249475315881e-142
1.2825695194685e-143
2.548519476928e-145
4.90155488739e-147
9.12189124379e-149
1.6421174241052e-150
2.858590072016e-152
4.810439063999e-154
7.822691173803e-156
1.2288992950388e-157
1.8642814876899e-159
2.730137445408e-161
3.858107319046e-163
5.259153584184e-165
6.912578368091e-167
8.75736856858e-169
1.0689043408747e-170
1.2564739257884e-172
1.4217741903801e-174
1.5480268456275e-176
1.6210642465637e-178
1.631900846648e-180
1.5785254755383e-182
1.4664273425775e-184
1.3076803716238e-186
1.1187927354307e-188
9.178531112888e-191
7.216625771575e-193
5.43485188481e-195
3.918155705086e-197
2.702443291198e-199
1.782153516103e-201
1.1229795740253e-203
6.756985173473e-206
3.87967858284e-208
2.124214063041e-210
1.1082787108616e-212
5.505873282489e-215
2.602541737099e-217
1.1695536548765e-219
4.992736326091e-222
2.022954161443e-224
7.772889534618e-227
2.829662701216e-229
9.750684857096e-232
3.177324255669e-234
9.780835732907e-237
2.841344840949e-239
7.780967836526e-242
2.006387234429e-244
4.865838598982e-247
1.1084912065355e-249
2.369116750857e-252
4.744006994734e-255
8.888108385692e-258
1.5557974297096e-260
2.540524099274e-263
3.864004162142e-266
5.464895964362e-269
7.174783522335e-272
8.728407703195e-275
9.820621067704e-278
1.0199006841744e-280
9.756296210766e-284
8.577603240827e-287
6.915051541471e-290
5.099326778197e-293
3.430821117465e-296
2.100227840441e-299
1.1664418502536e-302
5.859454361335e-306
2.653595265133e-309
1.0796697531943e-312
3.93207611507e-316
1.2767755293056e-319
3.680744594828e-323
9.378201675145e-327
2.101617109106e-330
4.120614113571e-334
7.028890593667e-338
1.0367320384959e-341
1.3134409675611e-345
1.4189588223572e-349
1.2968864219091e-353
9.941011306948e-358
6.329891398145e-362
3.312822072067e-366
1.4083900292677e-370
4.800195771816e-375
1.29237741969e-379
2.703086945549e-384
4.309357669875e-389
5.123554896003e-394
4.429634700302e-399
2.703813684517e-404
1.1251947225715e-409
3.061507227451e-415
5.175534624494e-421
5.102870799293e-427
2.708019244183e-433
6.965928054275e-440
7.538930519354e-447
2.809285118356e-454
2.664008750413e-462
3.898152234698e-471
3.364709898378e-481
1.4324633598439e-493