0.064101601515824
0.0635760031967363
0.0625376965475513
0.0610119362611849
0.0590353210431834
0.0566543350932762
0.0539235328754564
0.0509034660471
0.0476584622746344
0.044254369092343
0.040756372043114
0.037226985733784
0.033724300292104
0.030300545538288
0.0270010127007627
0.0238633504770752
0.0209172303222789
0.0181843564532789
0.0156787802672743
0.0134074673714043
0.0113710584887242
0.0095647630407685
0.0079793257822799
0.0066020118058785
0.0054175627139294
0.0044090858771159
0.0035588485881029
0.0028489587851116
0.0022619232118012
0.0017810819099203
0.0013909244981224
0.0010772986297765
0.00082752434649149
0.00063042987115064
0.00047632491635994
0.00035692707256117
0.00026525555451576
0.00019550478852731
0.00014290825293401
0.000103600840225228
0.000074485945515519
0.000053111612820562
0.000037558455433083
0.000026340741391214
0.000018321002462414
0.000012637767043265
8.6455019396273e-6
5.8655357890037e-6
3.9465863035428e-6
2.6334844745982e-6
1.7427453843355e-6
1.1437468031306e-6
7.4441882140202e-7
4.8050177629657e-7
3.075824313209e-7
1.9526103104949e-7
1.2292940471518e-7
7.675041343851e-8
4.7521373483429e-8
2.9179584635306e-8
1.7768452507945e-8
1.0729981609972e-8
6.4257775514902e-9
3.8161740468995e-9
2.2475266540464e-9
1.3126656036926e-9
7.602812805244e-10
4.3668046171553e-10
2.4872578044723e-10
1.4048944667128e-10
7.869202357964e-11
4.3709925168544e-11
2.407631131197e-11
1.3150993030604e-11
7.12334535813e-12
3.8261714546668e-12
2.0379706200156e-12
1.076421933971e-12
5.637886430789e-13
2.9281767041768e-13
1.5080765738146e-13
7.701806700334e-14
3.9003436137093e-14
1.9586284395003e-14
9.75299598331e-15
4.8156917360853e-15
2.3578261010594e-15
1.1447090270507e-15
5.510695909372e-16
2.6305315622111e-16
1.2450993894469e-16
5.84366926878e-17
2.7194807289678e-17
1.2548814715813e-17
5.741605890229e-18
2.6048070490739e-18
1.1717279096299e-18
5.226181959333e-19
2.3112465939054e-19
1.013466712025e-19
4.406274520547e-20
1.8994586941835e-20
8.118611296932e-21
3.4405237376113e-21
1.4456247531847e-21
6.02243419974e-22
2.4875467662663e-22
1.0187094862943e-22
4.136247560181e-23
1.6650869494864e-23
6.64566798624e-24
2.6297155524215e-24
1.03167847633e-24
4.012753154519e-25
1.5473907162978e-25
5.91580640171e-26
2.2422357278248e-26
8.425560993122e-27
3.1387988930837e-27
1.1592366170734e-27
4.24445003795e-28
1.5406651628176e-28
5.544078049977e-29
1.9777953332266e-29
6.994569164472e-30
2.4522505281586e-30
8.522942451285e-31
2.9365114515738e-31
1.0029696796341e-31
3.395895975226e-32
1.1397980077027e-32
3.792318365692e-33
1.2507815637085e-33
4.089350268788e-34
1.3253166289858e-34
4.257687506291e-35
1.3558541938624e-35
4.279898793187e-36
1.3391570611262e-36
4.153394691484e-37
1.276864151328e-37
3.890918045661e-38
1.1752261112347e-38
3.518428788173e-39
1.0440710967576e-39
3.070869134308e-40
8.952377590796e-41
2.5867663421225e-41
7.408215115855e-42
2.1028260569469e-42
5.915919682902e-43
1.6495522546017e-43
4.558589369595e-44
1.2485648862964e-44
3.38925020951e-45
9.118084288115e-46
2.4311210142386e-46
6.424037467046e-47
1.6823003573285e-47
4.366047190838e-48
1.1229440640904e-48
2.862252784604e-49
7.229917291572e-50
1.8097951802409e-50
4.489433234728e-51
1.1036078864278e-51
2.688403285645e-52
6.489713127687e-53
1.5523981507242e-53
3.679783800039e-54
8.643269447146e-55
2.0117097240279e-55
4.639583581718e-56
1.0602639216459e-56
2.400850312363e-57
5.386753306325e-58
1.1975529773746e-58
2.637926714034e-59
5.757390881576e-60
1.2450256987581e-60
2.667565518158e-61
5.662791575243e-62
1.1910205173223e-62
2.481849988843e-63
5.123819503507e-64
1.0480173510335e-64
2.123702995007e-65
4.263477713235e-66
8.479560331605e-67
1.6707672522462e-67
3.26126412109e-68
6.306341116519e-69
1.2080486769483e-69
2.292455287073e-70
4.309438670236e-71
8.024866283816e-72
1.4802872703475e-72
2.704824461522e-73
4.895654712092e-74
8.77717525607e-75
1.5587077321818e-75
2.741789580158e-76
4.777014923449e-77
8.243764953113e-78
1.4090764607999e-78
2.385485904208e-79
3.99986940499e-80
6.642548076481e-81
1.0925385251852e-81
1.7796932036909e-82
2.87113073145e-83
4.587259398382e-84
7.258370684142e-85
1.1373744152853e-85
1.764977324159e-86
2.712308046755e-87
4.127583698659e-88
6.220173365508e-89
9.282212113346e-90
1.371625350621e-90
2.006998707873e-91
2.90789525672e-92
4.171794862137e-93
5.926141743024e-94
8.335244698582e-95
1.1607913622248e-95
1.6005589762844e-96
2.18505835274e-97
2.953386772815e-98
3.952169492189e-99
5.236012889834e-100
6.867642183762e-101
8.917605445019e-102
1.1463421434082e-102
1.4588054688746e-103
1.837761999306e-104
2.291825190596e-105
2.829212438718e-106
3.457267014224e-107
4.181912661711e-108
5.007062096814e-109
5.934009306478e-110
6.960843509586e-111
8.081928892509e-112
9.28749780302e-113
1.0563405067255e-113
1.1891086814466e-114
1.3247758330605e-115
1.46068721449e-116
1.593884042633e-117
1.721200598642e-118
1.839382535528e-119
1.945220743906e-120
2.03569342196e-121
2.108107775545e-122
2.160232197515e-123
2.190409944153e-124
2.197646270733e-125
2.181662656714e-126
2.142914013744e-127
2.082567429262e-128
2.002443811192e-129
1.90492650155e-130
1.792843266317e-131
1.669329832006e-132
1.537684176119e-133
1.401221017698e-134
1.263135408591e-135
1.1263830883135e-136
9.935834929249e-138
8.669492018236e-139
7.482433846541e-140
6.387646846964e-141
5.393571262352e-142
4.504411955707e-143
3.720612963522e-144
3.039443395342e-145
2.455642636292e-146
1.962077174275e-147
1.550368727261e-148
1.211462543134e-149
9.361146583486e-151
7.152865406346e-152
5.40444128424e-153
4.037652934627e-154
2.98264929077e-155
2.178501717105e-156
1.573198482262e-157
1.123223830727e-158
7.928544254296e-160
5.532889884099e-161
3.817060035807e-162
2.603221981127e-163
1.755033500499e-164
1.169602405328e-165
7.70470926141e-167
5.016788963392e-168
3.228741568274e-169
2.053831447803e-170
1.291238437712e-171
8.023136428555e-173
4.926787476625e-174
2.989861811189e-175
1.793046834939e-176
1.062602550723e-177
6.222632124916e-179
3.600697823722e-180
2.058702543766e-181
1.163000423255e-182
6.491279864701e-184
3.579560411159e-185
1.950125411205e-186
1.049574612035e-187
5.580412935156e-189
2.930932238393e-190
1.520602432091e-191
7.792556262305e-193
3.944412587017e-194
1.971997989157e-195
9.73723870727e-197
4.748470157005e-198
2.286879802415e-199
1.087646405252e-200
5.108222041916e-202
2.369038859026e-203
1.084869651146e-204
4.905330982528e-206
2.189912276415e-207
9.65239023973e-209
4.200245954019e-210
1.804380193184e-211
7.652026687736e-213
3.203328274172e-214
1.323683775495e-215
5.398908692701e-217
2.173439700465e-218
8.635546908448e-220
3.386205603967e-221
1.310383547455e-222
5.004093264199e-224
1.885707187425e-225
7.011724930636e-227
2.572509010488e-228
9.31214726915e-230
3.325699056313e-231
1.171750986291e-232
4.072732327305e-234
1.396410988674e-235
4.722761180264e-237
1.575477956507e-238
5.183706099746e-240
1.682123840016e-241
5.383227914934e-243
1.698917179985e-244
5.287172774397e-246
1.622458672143e-247
4.909071950447e-249
1.464459296536e-250
4.307087311685e-252
1.248804869905e-253
3.569323137009e-255
1.005618198327e-256
2.792619128996e-258
7.643578466221e-260
2.061878359651e-261
5.481321164591e-263
1.435944654135e-264
3.706760124259e-266
9.42821364245e-268
2.36274064906e-269
5.833479538257e-271
1.418852662174e-272
3.399520325833e-274
8.023080531372e-276
1.865004929202e-277
4.26978497969e-279
9.62699584664e-281
2.137497382454e-282
4.673275578951e-284
1.006025158045e-285
2.132250788655e-287
4.449177617875e-289
9.13908936686e-291
1.847894614189e-292
3.677660312758e-294
7.203687583565e-296
1.388658100899e-297
2.634274423205e-299
4.917219343008e-301
9.03105181469e-303
1.631864943722e-304
2.900840084699e-306
5.072513998136e-308
8.72465826061e-310
1.475926486447e-311
2.455484470948e-313
4.017264754072e-315
6.462621803943e-317
1.022199979694e-318
1.589553792434e-320
2.429907804591e-322
3.651254489304e-324
5.392550866885e-326
7.827226201531e-328
1.116462658232e-329
1.564818365574e-331
2.154901111244e-333
2.915373609977e-335
3.874573042888e-337
5.057956063563e-339
6.484942349179e-341
8.16535073249e-343
1.009574786597e-344
1.225614288962e-346
1.46075373475e-348
1.709085222798e-350
1.962768381691e-352
2.212317915807e-354
2.447107900332e-356
2.656067844653e-358
2.828514667018e-360
2.955038107615e-362
3.028340114023e-364
3.0439255511e-366
3.000554177892e-368
2.900391271736e-370
2.748832698853e-372
2.554023448632e-374
2.326129356056e-376
2.076452993611e-378
1.8165013921e-380
1.557113067943e-382
1.307735739932e-384
1.07591793609e-386
8.67043159511e-389
6.843007383518e-391
5.28858542764e-393
4.001832766393e-395
2.964456450937e-397
2.149497337905e-399
1.525360653793e-401
1.059227279309e-403
7.196528465647e-406
4.783101117495e-408
3.109446574338e-410
1.976865328107e-412
1.228920955972e-414
7.468873668171e-417
4.437117776811e-419
2.576266588051e-421
1.461681962096e-423
8.1024125138e-426
4.387339011731e-428
2.320268620349e-430
1.198254962005e-432
6.041663899293e-435
2.973592596882e-437
1.428380497069e-439
6.695184711148e-442
3.061644521595e-444
1.365640871358e-446
5.940491664068e-449
2.519565213784e-451
1.041736488543e-453
4.197874516911e-456
1.648348555272e-458
6.30556246603e-461
2.349412918449e-463
8.52431579432e-466
3.011109878757e-468
1.035287777381e-470
3.463871134174e-473
1.127523125559e-475
3.569828530814e-478
1.099057941157e-480
3.289549036174e-483
9.56938183705e-486
2.704894202693e-488
7.427122354525e-491
1.980512605005e-493
5.127456491847e-496
1.288463154482e-498
3.141692057837e-501
7.431052512391e-504
1.704524194667e-506
3.79044834626e-509
8.16917828377e-512
1.705805972704e-514
3.449885161787e-517
6.755551385439e-520
1.280420309906e-522
2.348179390061e-525
4.165289373911e-528
7.143963850037e-531
1.18428193914e-533
1.896840970502e-536
2.93427828389e-539
4.382250168951e-542
6.316051339117e-545
8.78152540862e-548
1.177305725416e-550
1.521312748325e-553
1.893949318849e-556
2.270622695132e-559
2.620293338929e-562
2.909242518285e-565
3.106181408048e-568
3.187698604933e-571
3.142769936065e-574
2.975148686152e-577
2.702935254285e-580
2.355362232462e-583
1.967582432718e-586
1.574755094566e-589
1.206821482407e-592
8.85036446491e-596
6.207238455198e-599
4.160815472573e-602
2.663894993298e-605
1.627879233815e-608
9.48840323176e-612
5.271335384481e-615
2.789242822831e-618
1.404631024519e-621
6.726832808365e-625
3.061140736774e-628
1.322577950927e-631
5.420686739151e-635
2.105718469206e-638
7.745773794473e-642
2.695506653503e-645
8.86555873364e-649
2.753129817381e-652
8.064026968314e-656
2.225441021147e-659
5.780117693281e-663
1.411282767568e-666
3.235416439023e-670
6.955813303274e-674
1.400585827954e-677
2.63776871774e-681
4.640100163824e-685
7.613006972673e-689
1.16324877282e-692
1.652718752155e-696
2.179863679485e-700
2.66457303271e-704
3.013184019237e-708
3.146452117671e-712
3.028136282279e-716
2.680471191051e-720
2.177757615035e-724
1.620345338327e-728
1.101526263002e-732
6.825117250348e-737
3.844479385433e-741
1.963371869028e-745
9.06499088028e-750
3.772470294709e-754
1.410580727269e-758
4.72306267689e-763
1.411094920254e-767
3.747607522496e-772
8.811967302474e-777
1.826650583178e-781
3.322931988351e-786
5.279038230081e-791
7.286018577717e-796
8.687557138833e-801
8.895371362484e-806
7.77093732986e-811
5.751522965861e-816
3.579280849635e-821
1.857505125093e-826
7.96674725055e-832
2.796265864555e-837
7.945747173795e-843
1.806275532062e-848
3.241967175411e-854
4.527416442528e-860
4.839521957139e-866
3.88754318775e-872
2.298425964636e-878
9.767236460467e-885
2.903192992192e-891
5.848532020112e-898
7.695862152474e-905
6.331896325904e-912
3.091095170468e-919
8.399395573708e-927
1.1735091135588e-934
7.621884503748e-943
2.017473192725e-951
1.821193440325e-960
4.355460067723e-970
1.884383038576e-980
7.836879782853e-992
9.267610379218e-1005
1.3310285347409e-1020