0.0671940479907309
0.0665887870588069
0.0653945671245362
0.0636432626719231
0.0613809075257724
0.0586656852296785
0.055565445407717
0.0521548939137555
0.0485126187228408
0.044718115741381
0.0408489694067665
0.036978323490031
0.0331727500762251
0.0294905919805321
0.025980818809892
0.0226824023919739
0.0196241859390626
0.0168251951405399
0.0142953197708661
0.0120362820344623
0.0100428027311576
0.008303877805034
0.0068040848648187
0.005524850468306
0.0044456228515049
0.0035449098867253
0.0028011570573189
0.0021934540683528
0.001702070594086
0.00130883112344508
0.00099734572017926
0.00075311782645976
0.00056355225677096
0.00041788662769715
0.00030706808807697
0.00022359480434261
0.00016133863951178
0.000115362204849894
0.000081740249875717
0.000057392398808477
0.00003993167336926
0.000027531130147664
0.000018809299054091
0.000012733911820874
8.5426044516811e-6
5.6787994834464e-6
3.7407532125612e-6
2.4417227171858e-6
1.5793079966112e-6
1.0122060682156e-6
6.4283723340913e-7
4.0453996544481e-7
2.522600453802e-7
1.5586923433625e-7
9.543231634013e-8
5.7896439794594e-8
3.4803886787142e-8
2.0731048183663e-8
1.2235747178018e-8
7.1557227961182e-9
4.1465635505198e-9
2.3808549460711e-9
1.3545196035211e-9
7.635602618301e-10
4.2648610814535e-10
2.3603035289386e-10
1.2942853272655e-10
7.032167083186e-11
3.7856726223735e-11
2.0192465560246e-11
1.0671506598863e-11
5.5879156783144e-12
2.8990737586846e-12
1.4902240132289e-12
7.589693568407e-13
3.8297886000066e-13
1.9146997697763e-13
9.484169356877e-14
4.6544462657377e-14
2.2631022761201e-14
1.0901972442689e-14
5.2031695320515e-15
2.4603114833026e-15
1.1525734625415e-15
5.349346007619e-16
2.4597072663855e-16
1.120505231714e-16
5.056955305093e-17
2.2610288147908e-17
1.0015249862564e-17
4.3949415690302e-18
1.9106314587292e-18
8.228678264932e-19
3.510826576314e-19
1.4839236900683e-19
6.213458096154e-20
2.5773385703823e-20
1.0590647305523e-20
4.3110500904172e-21
1.7384000387516e-21
6.944148270983e-22
2.7478140084789e-22
1.0770880396969e-22
4.182221122727e-23
1.6086110614571e-23
6.128859916341e-24
2.3130722332351e-24
8.647205513434e-25
3.2021055177814e-25
1.1745321665127e-25
4.267364226237e-26
1.5357343214661e-26
5.47431856897e-27
1.9328476182621e-27
6.759501525301e-28
2.3414080995056e-28
8.033056075233e-29
2.7297414691351e-29
9.187450857197e-30
3.0626477230827e-30
1.0111678066105e-30
3.306505257583e-31
1.0708547649668e-31
3.434810914491e-32
1.0911425374995e-32
3.432906479402e-33
1.0696450511754e-33
3.3007298243699e-34
1.0087142320922e-34
3.0528780418784e-35
9.150168816024e-36
2.7159530892504e-36
7.983329281475e-37
2.3238575761394e-37
6.698748577062e-38
1.9121921154543e-38
5.405277127407e-39
1.5130311736262e-39
4.193880770491e-40
1.1511113854434e-40
3.128573842556e-41
8.419725542595e-42
2.2437090962701e-42
5.920342388065e-43
1.5467968630965e-43
4.001477655929e-44
1.0249497729923e-44
2.5994065704343e-45
6.527240241394e-46
1.6227925378108e-46
3.994557115248e-47
9.735105306461e-48
2.3489466902699e-48
5.611257573138e-49
1.3270759557706e-49
3.107233058692e-50
7.202582382008e-51
1.6528476592451e-51
3.754925986842e-52
8.444765891237e-53
1.8801183523719e-53
4.143694307677e-54
9.040422387791e-55
1.9524580824862e-55
4.174073869455e-56
8.833185100958e-57
1.8503191152485e-57
3.836553853444e-58
7.873983801691e-59
1.5995559151132e-59
3.216244833152e-60
6.400833901239e-61
1.2608248140016e-61
2.458083109036e-62
4.743018644099e-63
9.057791546876e-64
1.7119525988568e-64
3.202253529757e-65
5.927981362848e-66
1.086019432391e-66
1.9689761653675e-67
3.532708458972e-68
6.272373746362e-69
1.1020596385869e-69
1.9161058009706e-70
3.29660723167e-71
5.612292615432e-72
9.454330068988e-73
1.5759066071679e-73
2.59914969133e-74
4.241553757861e-75
6.84862242007e-76
1.094101618434e-76
1.7293378255342e-77
2.704339710647e-78
4.184015474726e-79
6.404235376268e-80
9.697828840298e-81
1.452801086818e-81
2.153046048945e-82
3.156509028025e-83
4.577815282755e-84
6.567466778428e-85
9.32001683614e-86
1.3082942247747e-86
1.8165807599588e-87
2.494911343882e-88
3.389199468023e-89
4.55377057995e-90
6.051562025719e-91
7.953831600487e-92
1.0339225518402e-92
1.3292063478835e-93
1.6899722390691e-94
2.124904408996e-95
2.642175730279e-96
3.248898911513e-97
3.95050423968e-98
4.750072593018e-99
5.647663330908e-100
6.639686245279e-101
7.718373594207e-102
8.871410969603e-103
1.0081783229486e-103
1.1327883219709e-104
1.2583916383201e-105
1.3820614191933e-106
1.5006244987156e-107
1.61078843313e-108
1.709288094734e-109
1.793043159818e-110
1.859316160869e-111
1.905859947619e-112
1.931043567839e-113
1.933946784681e-114
1.914415621622e-115
1.87307428179e-116
1.811292241082e-117
1.731108915451e-118
1.635121681542e-119
1.526345841036e-120
1.4080570846607e-121
1.2836279557315e-122
1.1563696796322e-123
1.029389582486e-124
9.054723459151e-126
7.869907927061e-127
6.758490718626e-128
5.734583162344e-129
4.807423537872e-130
3.981690741324e-131
3.258017141843e-132
2.633636737642e-133
2.103104670017e-134
1.65902957954e-135
1.2927697616569e-136
9.95055983688e-138
7.565165798309e-139
5.680926732595e-140
4.21342040641e-141
3.086385713289e-142
2.232801938609e-143
1.595215842362e-144
1.1254921743518e-145
7.841581422415e-147
5.394947476504e-148
3.66502774774e-149
2.458429412304e-150
1.628217622897e-151
1.0646945820675e-152
6.87351723231e-154
4.380843591686e-155
2.756413756827e-156
1.712072105126e-157
1.0497202177895e-158
6.353041139697e-160
3.795149910417e-161
2.2376789137e-162
1.302178166844e-163
7.47874850332e-165
4.238920125587e-166
2.370997287259e-167
1.308693553843e-168
7.127830110404e-170
3.83063170421e-171
2.031225654749e-172
1.0626775732183e-173
5.485056365373e-175
2.793041546657e-176
1.403042140728e-177
6.952502604473e-179
3.39835422576e-180
1.638448862249e-181
7.791362682834e-183
3.654176823391e-184
1.69020906516e-185
7.709832485802e-187
3.46802177389e-188
1.538259293555e-189
6.727697045585e-191
2.901152280501e-192
1.233444745193e-193
5.170012367158e-195
2.136306610998e-196
8.701876000539e-198
3.493948136078e-199
1.382773337371e-200
5.393777218338e-202
2.073570110203e-203
7.856048568184e-205
2.933087849562e-206
1.079088260317e-207
3.911786186369e-209
1.397186872042e-210
4.91665657366e-212
1.704494964653e-213
5.821116033715e-215
1.958282844605e-216
6.488986671317e-218
2.117795578008e-219
6.807223271799e-221
2.154803051534e-222
6.71690695153e-224
2.061709572685e-225
6.230946049272e-227
1.8540459073e-228
5.431231297432e-230
1.566240529549e-231
4.446022626972e-233
1.242248026654e-234
3.416162009511e-236
9.245530328217e-238
2.462395542797e-239
6.453353848435e-241
1.664115720317e-242
4.222020199891e-244
1.053813676723e-245
2.587508196456e-247
6.249442684e-249
1.484599791049e-250
3.46858683581e-252
7.969607879005e-254
1.800645773809e-255
4.000294043007e-257
8.737612601287e-259
1.876270410986e-260
3.960627193632e-262
8.217923323438e-264
1.675919106817e-265
3.358920255123e-267
6.615526126983e-269
1.280292108365e-270
2.434418287045e-272
4.547616054511e-274
8.345173374447e-276
1.504215169874e-277
2.662975342154e-279
4.629839752231e-281
7.904327970276e-283
1.325019133561e-284
2.180695631763e-286
3.523227031785e-288
5.587471198465e-290
8.697109215331e-292
1.328540535367e-293
1.991451262188e-295
2.928961632201e-297
4.226300347762e-299
5.982223662386e-301
8.305635562666e-303
1.130948228796e-304
1.5101610321e-306
1.977264983275e-308
2.538150126056e-310
3.193961003076e-312
3.939582062307e-314
4.762407957568e-316
5.641646712214e-318
6.548385526146e-320
7.446584542585e-322
8.29505460943e-324
9.05033279192e-326
9.67021582287e-328
1.011757519084e-329
1.036398761373e-331
1.039269487706e-333
1.020046887877e-335
9.79809635985e-338
9.20939168291e-340
8.468860772125e-342
7.618335025021e-344
6.703034156378e-346
5.767576781249e-348
4.852429465116e-350
3.99117956451e-352
3.208859898101e-354
2.521377680721e-356
1.935939767746e-358
1.452247351927e-360
1.064170118919e-362
7.616036017126e-365
5.322540196703e-367
3.631652677963e-369
2.418840281935e-371
1.572347294662e-373
9.97350349589e-376
6.171962135123e-378
3.725563018376e-380
2.193154632609e-382
1.258836659586e-384
7.043766626324e-387
3.841378995642e-389
2.041388341925e-391
1.056886789552e-393
5.329692701412e-396
2.617288430386e-398
1.251353158884e-400
5.823559942761e-403
2.637407523326e-405
1.162100912097e-407
4.980631041862e-410
2.075835508334e-412
8.411272233339e-415
3.312689790703e-417
1.267763523247e-419
4.713245827681e-422
1.701806056323e-424
5.966088734551e-427
2.030197358473e-429
6.703978072242e-432
2.147568999589e-434
6.67196588811e-437
2.009657365439e-439
5.867031823801e-442
1.659613949732e-444
4.547252752382e-447
1.206431820088e-449
3.098299879058e-452
7.699514336816e-455
1.850851190367e-457
4.302231475316e-460
9.66657424776e-463
2.098683423647e-465
4.401008340231e-468
8.91086914938e-471
1.741319390983e-473
3.282851496952e-476
5.968405630136e-479
1.04596070234e-481
1.766174632065e-484
2.872234843379e-487
4.496518764959e-490
6.773300460627e-493
9.81259900898e-496
1.366515873769e-498
1.828411761062e-501
2.349298750136e-504
2.897195899178e-507
3.427341073381e-510
3.887182308392e-513
4.224374762577e-516
4.396276978455e-519
4.378656774539e-522
4.171199389956e-525
3.798119266934e-528
3.303538914611e-531
2.742842436774e-534
2.172360129571e-537
1.640070001045e-540
1.179433272594e-543
8.073019209456e-547
5.255467359673e-550
3.251247712464e-553
1.909817010582e-556
1.064301225596e-559
5.621918813857e-563
2.812258734485e-566
1.33096601538e-569
5.953825321014e-573
2.514806372032e-576
1.001933750183e-579
3.761231471307e-583
1.328897422326e-586
4.413866398325e-590
1.376545315797e-593
4.025900176168e-597
1.102740672621e-600
2.825117034355e-604
6.759952923492e-608
1.5085579542e-611
3.134962116688e-615
6.057142780271e-619
1.086306710164e-622
1.805256882645e-626
2.774898217095e-630
3.937865676352e-634
5.149050566813e-638
6.190877954175e-642
6.829667415049e-646
6.897416370167e-650
6.361812567409e-654
5.345615986253e-658
4.081266673969e-662
2.823377227792e-666
1.764613488182e-670
9.93334028998e-675
5.01980221403e-679
2.26944478916e-683
9.145315781357e-688
3.272111613293e-692
1.035148595367e-696
2.882687076003e-701
7.033247952472e-706
1.495809938377e-710
2.758018983654e-715
4.383078813067e-720
5.966038627303e-725
6.908138764897e-730
6.754624709797e-735
5.532563250756e-740
3.763079207377e-745
2.105250788376e-750
9.586378556712e-756
3.512190169728e-761
1.0221652937486e-766
2.329749349008e-772
4.092990671456e-778
5.44450007948e-784
5.37384948771e-790
3.846154430039e-796
1.944036292101e-802
6.73013308401e-809
1.539672764662e-815
2.231027092449e-822
1.946087036352e-829
9.604597204152e-837
2.483289784689e-844
3.050352204289e-852
1.566731724109e-860
2.830912590006e-869
1.4086172788576e-878
1.333412359141e-888
1.3008651543118e-899
4.017276260311e-912
1.8507241945715e-927