0.1443047325568219
0.1383632940930854
0.1272032646604305
0.1121259457931408
0.0947620936045812
0.0767839973279661
0.0596482768180365
0.0444218304550581
0.03171343404121839
0.02170260721771374
0.01423549329835004
0.00894935709117864
0.00539179210164514
0.003112835793702323
0.001721937219062487
0.000912576164179764
0.000463298279388885
0.0002252876499130213
0.0001049157887412007
0.0000467852464771886
0.00001997448427961243
8.16339572892669e-6
3.193160700829155e-6
1.195218455539566e-6
4.280240333232081e-7
1.466212307268287e-7
4.80333117993953e-8
1.504561072472953e-8
4.50504156969304e-9
1.289154151500361e-9
3.524670480029068e-10
9.20503432960201e-11
2.295651895344655e-11
5.46557242491337e-12
1.241892899001493e-12
2.69225265971283e-13
5.56659004260393e-14
1.097380057749055e-14
2.061891547225745e-15
3.691099053875011e-16
6.29303802034968e-17
1.021425380957552e-17
1.577663556775565e-18
2.317907632738188e-19
3.237850444660943e-20
4.298267466137846e-21
5.4199458738537e-22
6.48846041485548e-23
7.37063679130169e-24
7.94048764153721e-25
8.10812883501265e-26
7.84273946607889e-27
7.18158685296511e-28
6.22155950453987e-29
5.09581259196437e-30
3.943301223580526e-31
2.880865490156921e-32
1.985515678145171e-33
1.289934484366003e-34
7.89310362423531e-36
4.54506338450619e-37
2.460671968682e-38
1.251357318265132e-39
5.97168016562594e-41
2.671489911475713e-42
1.119143658421072e-43
4.385357106048755e-45
1.605458516634464e-46
5.48443041113853e-48
1.745979466191011e-49
5.17285709545062e-51
1.42424260881358e-52
3.638695376496535e-54
8.6124578202433e-56
1.885395520018119e-57
3.810711461355288e-59
7.0978870958344e-61
1.215951402959114e-62
1.911885358707774e-64
2.752997728845999e-66
3.621837123493381e-68
4.342574531161514e-70
4.73267728961209e-72
4.67494816585848e-74
4.172936089118775e-76
3.355009026807983e-78
2.421153979060094e-80
1.562444035797059e-82
8.98030040759695e-85
4.57712401172034e-87
2.059038964459814e-89
8.13365128646909e-92
2.805670291340896e-94
8.39990740663564e-97
2.16820544368453e-99
4.78986592787307e-102
8.98287911398324e-105
1.41729133783821e-107
1.86243364714871e-110
2.01544824101382e-113
1.77332048924357e-116
1.25032235790636e-119
6.9478271719925e-123
2.98478151873221e-126
9.6929322223371e-130
2.31713636772866e-133
3.9500869580646e-137
4.6200788957697e-141
3.5343528859456e-145
1.66449578573327e-149
4.4598017285522e-154
6.1124469771185e-159
3.687657326736e-164
7.8129154695458e-170
4.0050379979219e-176
2.4347218836087e-183
2.8183264404978e-192