0.0724951556831696
0.071735354274258
0.0702395494677142
0.0680540997353856
0.0652455386617202
0.0618972129681369
0.0581051807637991
0.0539736511956991
0.0496102663360779
0.0451215204967135
0.0406085831188681
0.036163743102016
0.031867630677004
0.0277873043470888
0.0239752217389843
0.0204690504960995
0.0172922234383275
0.0144551043214536
0.0119566081075652
0.0097861124744568
0.0079255036913091
0.0063512172755072
0.0050361587328472
0.0039514187279948
0.0030677270195282
0.0023566177263032
0.00179130296430514
0.00134727135866181
0.00100264187313019
0.00073831190911118
0.00053794227927431
0.00038782133275478
0.00027664721934008
0.00019526205637883
0.0001363655362814
0.000094229055147024
0.000064425332568052
0.000043583112759104
0.000029172095864883
0.000019319809744918
0.000012659654267008
8.2077201220801e-6
5.2650533777927e-6
3.3416453986526e-6
2.0984229859151e-6
1.3037624984642e-6
8.014461501564e-7
4.8743667359564e-7
2.9331047453818e-7
1.7462239086886e-7
1.0285672413514e-7
5.9940892648636e-8
3.4559606319027e-8
1.9713633438953e-8
1.1125359879333e-8
6.2116660016017e-9
3.4311984600768e-9
1.8750994988233e-9
1.0137724843047e-9
5.4223967589886e-10
2.8692840640007e-10
1.5020488474611e-10
7.778924539478e-11
3.9854441846447e-11
2.0200038400732e-11
1.0128438889121e-11
5.0239370170851e-12
2.4652085341811e-12
1.196650501761e-12
5.7462101829064e-13
2.7295589030429e-13
1.2826153260828e-13
5.9619663235208e-14
2.7413711578687e-14
1.2468879115755e-14
5.610017439418e-15
2.4967446932757e-15
1.0991400471418e-15
4.7862643675274e-16
2.0615829364546e-16
8.783367913601e-17
3.7014600900435e-17
1.5428806573365e-17
6.361130949221e-18
2.59402694934e-18
1.0462804772508e-18
4.1739816060345e-19
1.6469367745397e-19
6.427209582735e-20
2.4807455567391e-20
9.470027262438e-21
3.5753983799876e-21
1.335047572307e-21
4.9301820921079e-22
1.800602511002e-22
6.503634197042e-23
2.3231237562374e-23
8.206559563598e-24
2.8669289664769e-24
9.904537116131e-25
3.3838198090645e-25
1.1432214021418e-25
3.8194228935774e-26
1.2618379075409e-26
4.1223217418355e-27
1.3317008873408e-27
4.2539453800632e-28
1.3436662231045e-28
4.1966132113765e-29
1.2960096909366e-29
3.9574273657157e-30
1.1948313707411e-30
3.5668326152191e-31
1.0527729159811e-31
3.072245225828e-32
8.864199358429e-33
2.5285922382502e-33
7.131269417974e-34
1.9883676039364e-34
5.481018374767e-35
1.4936658736956e-35
4.024075105952e-36
1.0717459071863e-36
2.8217813849732e-37
7.344347656636e-38
1.8896174803302e-38
4.805933666587e-39
1.2082509973671e-39
3.0026471344987e-40
7.37583723696e-41
1.7908957457687e-41
4.298067342324e-42
1.0195580296362e-42
2.390442554078e-43
5.539416512237e-44
1.2687051733009e-44
2.8718379078732e-45
6.424703883361e-46
1.4204686465977e-46
3.1037505462393e-47
6.702082524597e-48
1.4301830675017e-48
3.0159448287555e-49
6.284865114594e-50
1.2941962954808e-50
2.6334597538706e-51
5.295002695574e-52
1.0519841115762e-52
2.0651238495017e-53
4.005597287646e-54
7.676494833554e-55
1.4535275610356e-55
2.7191818149079e-56
5.025714628669e-57
9.176812035279e-58
1.6554269133418e-58
2.950135585356e-59
5.193704679518e-60
9.032443485061e-61
1.551726902071e-61
2.6332771018595e-62
4.414059320875e-63
7.308513964626e-64
1.195248432689e-64
1.9306974908673e-65
3.080249373865e-66
4.853574001933e-67
7.553182634848e-68
1.1608582015607e-68
1.7619655306153e-69
2.641026496056e-70
3.909247580336e-71
5.714082314492e-72
8.247463779595e-73
1.175445606259e-73
1.6541706689257e-74
2.2984819205791e-75
3.153349279049e-76
4.271302776477e-77
5.712061684345e-78
7.541478478822e-79
9.829645933211e-80
1.2648050379227e-80
1.6065715071015e-81
2.0144365289385e-82
2.493275824102e-83
3.04604483467e-84
3.673138993386e-85
4.371789838268e-86
5.135557862148e-87
5.953986754719e-88
6.812480826429e-89
7.692456878266e-90
8.571803463439e-91
9.425655321842e-92
1.0227460831417e-92
1.0950288684403e-93
1.15682904081e-94
1.2058211749819e-95
1.240083189213e-96
1.2582207553306e-97
1.2594610412927e-98
1.2437070410078e-99
1.2115471964592e-100
1.1642191246553e-101
1.1035305454768e-102
1.0317444544644e-103
9.514387292243e-105
8.653523430606e-106
7.762309893347e-107
6.866841835852e-108
5.99063974024e-109
5.153725651542e-110
4.37202844707e-111
3.657124283248e-112
3.016287912886e-113
2.452806476924e-114
1.966491521118e-115
1.5543179562684e-116
1.2111198732523e-117
9.302810238065e-119
7.043703049542e-120
5.256874766057e-121
3.866994904913e-122
2.803615111132e-123
2.003278077982e-124
1.410656099266e-125
9.78896824091e-127
6.693713339546e-128
4.510140376156e-129
2.994221166415e-130
1.958512889079e-131
1.2621046607164e-132
8.012500753958e-134
5.010969133535e-135
3.086975707842e-136
1.873178635529e-137
1.1195309023106e-138
6.58991833323e-140
3.820207268833e-141
2.180883142172e-142
1.2260037536113e-143
6.786412121801e-145
3.698728901384e-146
1.984737844174e-147
1.0484951716237e-148
5.452759243492e-150
2.791428404177e-151
1.40659908959e-152
6.976232162192e-154
3.405266110585e-155
1.635811293483e-156
7.732848961889e-158
3.597011954435e-159
1.646310661067e-160
7.413451622873e-162
3.284269254113e-163
1.43132157287e-164
6.136009743516e-166
2.587349368782e-167
1.0730348328116e-168
4.376545200898e-170
1.755402248213e-171
6.92337618754e-173
2.684870222204e-174
1.023671038496e-175
3.837042078427e-177
1.413834647513e-178
5.120744187233e-180
1.822913362357e-181
6.377686082962e-183
2.192752784527e-184
7.408161826034e-186
2.459177703652e-187
8.020325515867e-189
2.569687023955e-190
8.087563309381e-192
2.500155337376e-193
7.590847637476e-195
2.263336922461e-196
6.626817048319e-198
1.905102238976e-199
5.377114982047e-201
1.489902248246e-202
4.052311419289e-204
1.081790293234e-205
2.834240395215e-207
7.286872753134e-209
1.83828817847e-210
4.549989058981e-212
1.104809315745e-213
2.631478357966e-215
6.147555582849e-217
1.408475807033e-218
3.164419461462e-220
6.97090656178e-222
1.505522416194e-223
3.187421356817e-225
6.614497990329e-227
1.3452705998e-228
2.681187995758e-230
5.235986661153e-232
1.0017780809668e-233
1.877558999387e-235
3.446762302469e-237
6.196844339652e-239
1.090979053011e-240
1.880585478487e-242
3.173540507437e-244
5.242180271479e-246
8.474978199274e-248
1.340802762929e-249
2.075539155052e-251
3.143227809756e-253
4.65626758405e-255
6.746126263e-257
9.557885643695e-259
1.324022659466e-260
1.793038554368e-262
2.373437746661e-264
3.070382029526e-266
3.881187516899e-268
4.793190374893e-270
5.782313951151e-272
6.812767310885e-274
7.838214521143e-276
8.804568050759e-278
9.654297762626e-280
1.033185294407e-281
1.078953011585e-283
1.099294952684e-285
1.092528039844e-287
1.058950142937e-289
1.0008281490065e-291
9.221459718328e-294
8.281511756693e-296
7.24772130795e-298
6.179962673101e-300
5.133005619984e-302
4.152088032157e-304
3.270213004661e-306
2.507288213615e-308
1.870912689214e-310
1.35838962127e-312
9.594347828152e-315
6.590580228815e-317
4.401936956786e-319
2.858043710199e-321
1.803390035297e-323
1.105592274031e-325
6.583722023411e-328
3.807181317079e-330
2.137338811192e-332
1.164556969865e-334
6.156630360096e-337
3.157150918644e-339
1.569964872507e-341
7.568270562713e-344
3.535758419081e-346
1.600339279451e-348
7.015305055574e-351
2.977450824107e-353
1.223099156116e-355
4.861274360076e-358
1.868784114541e-360
6.945995248469e-363
2.495275800495e-365
8.66064398632e-368
2.903117083872e-370
9.394919109078e-373
2.934020592801e-375
8.83890249859e-378
2.567543931962e-380
7.188474618428e-383
1.938944708448e-385
5.036279287347e-388
1.259131188412e-390
3.028622117032e-393
7.005241843938e-396
1.557366369444e-398
3.326045806411e-401
6.820400350577e-404
1.342159740822e-406
2.533223821075e-409
4.583253120493e-412
7.94427542171e-415
1.318430470751e-417
2.093716015328e-420
3.179534480793e-423
4.614390371991e-426
6.395607907773e-429
8.459977964362e-432
1.06726162162e-434
1.283133800488e-437
1.469088270973e-440
1.600531298846e-443
1.65796634243e-446
1.631647852074e-449
1.524223870068e-452
1.350401922598e-455
1.13364488322e-458
9.00917864306e-462
6.771238865572e-465
4.808303045618e-468
3.222604009515e-471
2.036329210746e-474
1.211804381497e-477
6.783599223973e-481
3.56789267132e-484
1.760954845741e-487
8.145343135543e-491
3.526248757208e-494
1.426767041704e-497
5.38764554359e-501
1.895804933976e-504
6.20657215773e-508
1.887376554191e-511
5.321906895383e-515
1.388985143459e-518
3.349139205302e-522
7.445936107556e-526
1.523211022342e-529
2.86098559433e-533
4.922651553645e-537
7.740565513141e-541
1.109543447693e-544
1.445982760144e-548
1.708499631904e-552
1.824806930355e-556
1.756354915474e-560
1.518320564816e-564
1.174749797374e-568
8.104707261283e-573
4.966086491461e-577
2.691143149062e-581
1.283925651213e-585
5.366858687666e-590
1.955336541806e-594
6.174737760902e-599
1.679954603596e-603
3.912326036634e-608
7.744124837251e-613
1.292964169673e-617
1.805743384588e-622
2.090359218234e-627
1.985797831628e-632
1.531121309139e-637
9.46554036462e-643
4.628611528521e-648
1.763360825623e-653
5.14536734114e-659
1.1279926152577e-664
1.81751249516e-670
2.098871260994e-676
1.687159832148e-682
9.123464310129e-689
3.18747090883e-695
6.854322296457e-702
8.55193787669e-709
5.753110312869e-716
1.901264149932e-723
2.73326334811e-731
1.4500628648452e-739
2.248726820875e-748
7.169574945754e-758
2.623287174817e-768
3.585605030669e-780
1.0046078693584e-794