0.1796020400949434
0.1682192372402227
0.147567962361234
0.1212371631728505
0.093275910346105
0.0671960134112098
0.0453205708472528
0.02861210695816073
0.0169051358716131
0.00934545355271437
0.00483259118683971
0.002336840091551823
0.001056341685704382
0.0004462200711045391
0.0001760722677893566
0.0000648698050181799
0.00002230492647070711
7.15395153558902e-6
2.139151968813137e-6
5.95982548970392e-7
1.546141184310533e-7
3.732473409899207e-8
8.37846545731626e-9
1.747509882714217e-9
3.383820701256296e-10
6.07784375941589e-11
1.011681200996036e-11
1.559054925557483e-12
2.222015112579002e-13
2.925605143647143e-14
3.554282435947667e-15
3.979305182822139e-16
4.100134990528874e-17
3.882430320265741e-18
3.373359351158721e-19
2.685162669158463e-20
1.954685011818029e-21
1.298913098424023e-22
7.86366814380244e-24
4.328104674958323e-25
2.160824494904258e-26
9.76207615629718e-28
3.980533073397346e-29
1.460858693829522e-30
4.81107879811915e-32
1.417234042776683e-33
3.721262531622594e-35
8.67656992233586e-37
1.789098717763641e-38
3.247966925155139e-40
5.16613737880101e-42
7.16116393197302e-44
8.60050095161595e-46
8.89172216805113e-48
7.85725739356041e-50
5.88754679105742e-52
3.707903879385445e-54
1.943266077500385e-56
8.38038097572807e-59
2.936092369015625e-61
8.23541027386447e-64
1.81824399010953e-66
3.097990873554499e-69
3.979481478887527e-72
3.747637917449285e-75
2.501109614942877e-78
1.134257022243645e-81
3.314478362699754e-85
5.82409377713714e-89
5.60694476759579e-93
2.593666826170412e-97
4.73400811052884e-102
2.46534261036084e-107
1.973019523518407e-113
4.99412824425976e-121