0.0707103358414559
0.0700051834879685
0.0686158978561348
0.0665834766810656
0.0639668873641021
0.0608402267196514
0.0572892402405952
0.0534074287078344
0.0492919879370309
0.04503982561757
0.040743878765324
0.0364899191977474
0.0323539868574877
0.0284005367331303
0.0246813297137883
0.0212350457670807
0.0180875533282091
0.0152527345752083
0.0127337438924259
0.0105245665529321
0.008611745600389
0.0069761553096087
0.0055947170995244
0.0044419757544968
0.0034914777168993
0.0027169167719498
0.0020930338393197
0.00159627554685564
0.00120523008224773
0.00090086830366265
0.00066662346605904
0.00048834471725067
0.0003541584522525
0.00025426847415342
0.00018072146336155
0.000127159186614788
0.000088573737013546
0.000061077295949321
0.000041693713715236
0.000028175757290672
0.000018849207759677
0.000012483066737134
8.183862522614e-6
5.3113180462594e-6
3.4123321862983e-6
2.1702178111754e-6
1.3663323113943e-6
8.5154630659097e-7
5.2535998399579e-7
3.2084873172379e-7
1.9397066726441e-7
1.1608120849109e-7
6.8766290008597e-8
4.0325031724415e-8
2.3407599578095e-8
1.3449917520972e-8
7.6499823871897e-9
4.307018792665e-9
2.4003026893721e-9
1.3241144286608e-9
7.2302378544901e-10
3.9079091747113e-10
2.0907319206444e-10
1.1071625868135e-10
5.8033761323497e-11
3.0109486962886e-11
1.5462378995417e-11
7.859529487924e-12
3.9542211989542e-12
1.9690937970463e-12
9.705316043822e-13
4.7346463648501e-13
2.2861077625192e-13
1.0925310466539e-13
5.1676776139953e-14
2.4192353566233e-14
1.120929784293e-14
5.1403503509941e-15
2.3330145460031e-15
1.0479701862621e-15
4.6589006603727e-16
2.0498271875897e-16
8.925786718803e-17
3.8465142606568e-17
1.6404985425258e-17
6.92417494594e-18
2.8922768669501e-18
1.1956037189818e-18
4.8910946877726e-19
1.9801227231993e-19
7.933066914528e-20
3.1452038164975e-20
1.2339875421341e-20
4.7909610913462e-21
1.8406869203929e-21
6.998066946535e-22
2.632767795881e-22
9.801187007417e-23
3.6105365710112e-23
1.3160943270197e-23
4.747004751532e-24
1.6942005660938e-24
5.982980030396e-25
2.0906092514183e-25
7.22812603403e-26
2.4726975019845e-26
8.369577200095e-27
2.8029675905372e-27
9.287725488741e-28
3.0448931225363e-28
9.876446436618e-29
3.1694935832472e-29
1.0063151510586e-29
3.1610220134761e-30
9.82346595999e-31
3.0202296216387e-31
9.186443107596e-32
2.7642745621492e-32
8.228779263766e-33
2.4232829060392e-33
7.059618850093e-34
2.0345141342301e-34
5.800111172896e-35
1.6356931503872e-35
4.563005133794e-36
1.2591495447402e-36
3.4369598725239e-37
9.279741886475e-38
2.4783066486592e-38
6.546742410794e-39
1.7105659286025e-39
4.420709233949e-40
1.1299905201127e-40
2.8568105530065e-41
7.143398527833e-42
1.7665992791215e-42
4.320895962209e-43
1.0452133561921e-43
2.5004846211557e-44
5.915945478887e-45
1.3841955339192e-45
3.20284943547e-46
7.328816014854e-47
1.6583709197995e-47
3.710841049776e-48
8.211037648884e-49
1.7965977794734e-49
3.887074197132e-50
8.315835961749e-51
1.759105892463e-51
3.679364673543e-52
7.609220708799e-53
1.5559142471642e-53
3.145580580854e-54
6.287487330141e-55
1.242527379433e-55
2.4276085065604e-56
4.689066488735e-57
8.954066612574e-58
1.6903299553341e-58
3.154502329516e-59
5.819548446583e-60
1.0612985721024e-60
1.9132266655251e-61
3.409309520719e-62
6.005208843219e-63
1.0455430131561e-63
1.7992774299535e-64
3.0604623549e-65
5.145158785333e-66
8.549159270243e-67
1.4039475383776e-67
2.2786155750777e-68
3.654885042172e-69
5.793600301735e-70
9.075802977958e-71
1.4049885426645e-71
2.1493199653841e-72
3.249071003822e-73
4.853291101683e-74
7.16343883565e-75
1.0447293934884e-75
1.5054695315839e-76
2.1434570256628e-77
3.01523309624e-78
4.190625408661e-79
5.754095462855e-80
7.805556559838e-81
1.0460380658438e-81
1.384828533364e-82
1.8110790362694e-83
2.339696694849e-84
2.9857279533e-85
3.76354455566e-86
4.685841217366e-87
5.762476374495e-88
6.999211485575e-89
8.396428763039e-90
9.947928950197e-91
1.1639926466732e-91
1.3450365568933e-92
1.5348675283955e-93
1.7296061020063e-94
1.924639671499e-95
2.114773482581e-96
2.294439600983e-97
2.45795413665e-98
2.599807419096e-99
2.714967233947e-100
2.79917229889e-101
2.849192372019e-102
2.863033001922e-103
2.840066908955e-104
2.781079985955e-105
2.68822730544e-106
2.564902502307e-107
2.415531561058e-108
2.245308505447e-109
2.059895053376e-110
1.865108500633e-111
1.6666217825191e-112
1.4696969996093e-113
1.2789691293967e-114
1.0982908281367e-115
9.306429053585e-117
7.781089674453e-118
6.419075103356e-119
5.224708505781e-120
4.195579576965e-121
3.323875089363e-122
2.597781593741e-123
2.002847967136e-124
1.5232204563817e-125
1.1426910302179e-126
8.455276455948e-128
6.170796510427e-129
4.441711573753e-130
3.153089556801e-131
2.207394727548e-132
1.523919986659e-133
1.0374408175517e-134
6.964081341602e-136
4.609393806655e-137
3.008037200666e-138
1.935359876909e-139
1.2276057934334e-140
7.676338309349e-142
4.731799873244e-143
2.875110913247e-144
1.721937889837e-145
1.0164674063427e-146
5.913719970411e-148
3.390762566219e-149
1.915936464478e-150
1.0668158671581e-151
5.853286426126e-153
3.164383427514e-154
1.685521389112e-155
8.845285577688e-157
4.572968491589e-158
2.328999533667e-159
1.1684261432279e-160
5.773901518627e-162
2.810276362272e-163
1.347147919576e-164
6.35979197341e-166
2.95669420171e-167
1.353567783265e-168
6.101514593001e-170
2.708027105357e-171
1.18331246736e-172
5.090378017476e-174
2.155646654727e-175
8.985754362923e-177
3.686830030104e-178
1.488830180246e-179
5.917009120081e-181
2.314171683795e-182
8.906274664518e-184
3.372673873492e-185
1.256610302317e-186
4.606221281341e-188
1.661026111625e-189
5.892028249902e-191
2.05578997294e-192
7.054832921466e-194
2.380986470546e-195
7.902365190878e-197
2.579019517872e-198
8.275924799815e-200
2.611015420524e-201
8.09840622104e-203
2.469179839553e-204
7.400044791926e-206
2.17976381471e-207
6.310192024313e-209
1.795138299814e-210
5.018098374512e-212
1.378255162185e-213
3.7190508137e-215
9.858458133414e-217
2.566978246989e-218
6.564975715295e-220
1.648932047162e-221
4.067162830833e-223
9.850527742444e-225
2.34242686146e-226
5.468524155091e-228
1.253228354627e-229
2.819059021088e-231
6.223710143272e-233
1.348411924219e-234
2.866685766265e-236
5.979674533292e-238
1.223686147454e-239
2.456473479492e-241
4.836793542443e-243
9.340276564583e-245
1.768769714357e-246
3.284310753175e-248
5.979019264907e-250
1.067036153698e-251
1.866559437197e-253
3.20012814965e-255
5.376559093923e-257
8.851174873639e-259
1.42759189435e-260
2.255590979863e-262
3.490723597233e-264
5.290714836032e-266
7.85237773243e-268
1.141088432405e-269
1.62334658251e-271
2.2605740092e-273
3.080935386969e-275
4.109063132603e-277
5.362144273229e-279
6.845541727642e-281
8.548463458478e-283
1.044036127702e-284
1.246882645754e-286
1.455970547274e-288
1.661995790445e-290
1.854342301893e-292
2.021919375843e-294
2.154179638001e-296
2.242194419087e-298
2.279637952611e-300
2.263531777671e-302
2.194628883415e-304
2.077369899784e-306
1.919411408922e-308
1.730795632732e-310
1.522887050154e-312
1.307233497819e-314
1.094511312327e-316
8.936873587878e-319
7.114829529993e-321
5.521673342422e-323
4.176539299376e-325
3.078313796708e-327
2.210390012072e-329
1.545938772595e-331
1.05290466488e-333
6.981737810297e-336
4.506282070895e-338
2.830443081302e-340
1.729699856007e-342
1.028169086387e-344
5.943347144951e-347
3.340132956118e-349
1.824541903349e-351
9.6847993447e-354
4.994146268659e-356
2.501213156602e-358
1.216302780599e-360
5.741358624487e-363
2.629951245675e-365
1.168735941371e-367
5.037254713895e-370
2.104993640601e-372
8.526188524128e-375
3.346351169035e-377
1.272221994014e-379
4.68369442022e-382
1.669186855218e-384
5.756592884182e-387
1.920527233524e-389
6.196076656933e-392
1.932404524335e-394
5.823772104931e-397
1.695400391935e-399
4.765786423933e-402
1.293064645497e-404
3.384965767873e-407
8.545896531376e-410
2.079921663713e-412
4.877919646142e-415
1.101865054631e-417
2.396245908512e-420
5.014663731972e-423
1.009375893578e-425
1.95322708738e-428
3.631816217231e-431
6.485497902901e-434
1.111686492769e-436
1.828125742069e-439
2.88252745846e-442
4.355488970544e-445
6.302924797366e-448
8.730270782228e-451
1.156711401243e-453
1.465067914829e-456
1.772726526959e-459
2.047785814548e-462
2.256758429307e-465
2.371009859598e-468
2.373067104923e-471
2.260923718144e-474
2.048904346428e-477
1.764685529329e-480
1.44331676753e-483
1.120035604855e-486
8.239346310967e-490
5.740458012408e-493
3.784267728758e-496
2.358159878633e-499
1.387651696211e-502
7.702783922079e-506
4.029051296377e-509
1.983610065308e-512
9.18122590328e-516
3.990333636457e-519
1.626428667599e-522
6.208831745683e-526
2.216884450466e-529
7.392986252357e-533
2.299325859463e-536
6.659141532573e-540
1.792990278365e-543
4.480786373973e-547
1.03750369322e-550
2.221735822391e-554
4.391716115735e-558
7.997383039113e-562
1.338826655207e-565
2.055937857777e-569
2.889370805961e-573
3.707245103103e-577
4.331574504408e-581
4.596411410781e-585
4.41711228269e-589
3.832681171107e-593
2.993191992184e-597
2.096887869477e-601
1.313036314277e-605
7.321402891557e-610
3.620570859156e-614
1.581095075826e-618
6.069355571322e-623
2.037960861021e-627
5.954257360093e-632
1.505136171645e-636
3.271803501114e-641
6.075687753631e-646
9.56963363531e-651
1.268566301491e-655
1.403370146701e-660
1.283665242383e-665
9.610343964785e-671
5.82332715345e-676
2.820769020743e-681
1.0773206975245e-686
3.194604082038e-692
7.228830611294e-698
1.2240447028744e-703
1.51677811318e-709
1.340684023273e-715
8.206074698637e-722
3.359586200298e-728
8.829756803846e-735
1.418201962661e-741
1.3109730002962e-748
6.473828907001e-756
1.553647177167e-763
1.6014389395e-771
5.998471162051e-780
6.442677173411e-789
1.3875118829027e-798
3.312438161195e-809
2.800449027264e-821
4.380379044309e-836