0.061447210477168
0.0609841544499933
0.0600684820058498
0.058720681178181
0.056970526514914
0.0548559860055109
0.0524218528605441
0.0497181709394481
0.046798530968677
0.043718318202273
0.04053299081437
0.037296462399769
0.034059652129875
0.030869253249063
0.02776675574386
0.0247877432851938
0.0219614690179138
0.0193107004297122
0.0168518111759569
0.0145950879500022
0.0125452136091002
0.0107018838903871
0.0090605140539156
0.0076129933597634
0.0063484489760273
0.0052539861917181
0.0043153781089349
0.0035176847634029
0.0028457883771925
0.0022848377706689
0.0018206005406703
0.0014397262424431
0.00112992738976429
0.00088008759740354
0.00068030769331379
0.00052190124037402
0.00039735078016953
0.00030023541202605
0.00022513921816379
0.00016754869777568
0.00012374591620087
0.000090702621927811
0.000065979218370552
0.000047631257012211
0.000034125077307608
0.000024263370088046
0.000017120782589208
0.000011989200612516
8.3320153478112e-6
5.7464838291495e-6
3.9331966882633e-6
2.6716497606087e-6
1.800954666077e-6
1.2047985358186e-6
7.998590255675e-7
5.2698565330596e-7
3.4456359782526e-7
2.2357547872997e-7
1.4396668838104e-7
9.19987242879e-8
5.8342145433939e-8
3.6716613745824e-8
2.2930910316537e-8
1.4212065979674e-8
8.741161672479e-9
5.3352633737595e-9
3.2315886903149e-9
1.9424440370234e-9
1.1586489259566e-9
6.858431350802e-10
4.0287096132549e-10
2.3484104345831e-10
1.3584620679225e-10
7.798033548907e-11
4.4420692011356e-11
2.5110000812159e-11
1.4085356630214e-11
7.840561920095e-12
4.3309506721119e-12
2.3739657970588e-12
1.2912766381152e-12
6.969733446607e-13
3.733047236124e-13
1.9840820281439e-13
1.0464125569894e-13
5.476357374706e-14
2.8439663728298e-14
1.4655453596649e-14
7.494013633237e-15
3.8024923767665e-15
1.9145165083216e-15
9.565000095265e-16
4.74180979561e-16
2.3325702594236e-16
1.1385574164534e-16
5.514458334723e-17
2.6501875160802e-17
1.2637880592472e-17
5.97989898275e-18
2.8075883913737e-18
1.307949665782e-18
6.045950916323e-19
2.7730146448894e-19
1.2619775085771e-19
5.698504489076e-20
2.5531592437401e-20
1.1350121685602e-20
5.0064120744e-21
2.1910584439489e-21
9.514378694656e-22
4.099244226984e-22
1.7523538477187e-22
7.432453694028e-23
3.1277550056462e-23
1.3059334547804e-23
5.409969816976e-24
2.2235748783144e-24
9.067538775383e-25
3.668642816116e-25
1.4726426093717e-25
5.864929147532e-26
2.3173902884794e-26
9.084564350587e-27
3.533255307741e-27
1.3633563433005e-27
5.21920827422e-28
1.9822487971253e-28
7.469084501695e-29
2.7920913132616e-29
1.0354812329483e-29
3.809803072399e-30
1.3906178193655e-30
5.03564702629e-31
1.8090152811118e-31
6.447121662874e-32
2.2794147686213e-32
7.994878577327e-33
2.7818169223845e-33
9.602194201099e-34
3.288022480571e-34
1.1169107799838e-34
3.763731479479e-35
1.2581494496327e-35
4.172114947506e-36
1.3724220488233e-36
4.478405606611e-37
1.4496407289642e-37
4.65474008466e-38
1.4826049085847e-38
4.684326950018e-39
1.4681063929021e-39
4.564079420322e-40
1.4074433763248e-40
4.305141796427e-41
1.3062294367795e-41
3.931186169191e-42
1.1735362963478e-42
3.474840042205e-43
1.0205518196112e-43
2.972992458273e-44
8.59028508658e-45
2.461913914689e-45
6.998196454905e-46
1.9730760007053e-46
5.517499761926e-47
1.5303051354288e-47
4.209662723698e-48
1.1485408391901e-48
3.10793372223e-49
8.341026168317e-50
2.22016821087e-50
5.860938183638e-51
1.5344736661981e-51
3.984363199285e-52
1.0260338661354e-52
2.620377426483e-53
6.636841322578e-54
1.6670570890837e-54
4.152665558223e-55
1.0258570436611e-55
2.513194315847e-56
6.105771206749e-57
1.4710454295391e-57
3.514621648468e-58
8.327100659868e-59
1.9564446299085e-59
4.558222912379e-60
1.0531094691326e-60
2.412665479581e-61
5.481027488782e-62
1.2347065073349e-62
2.758023471447e-63
6.108860195877e-64
1.3416706909724e-64
2.921801272941e-65
6.309135478764e-66
1.3508243477479e-66
2.867696121442e-67
6.036260046343e-68
1.2597913529395e-68
2.606876434382e-69
5.348458707063e-70
1.0879737767118e-70
2.19424417528e-71
4.387562916876e-72
8.698186833821e-73
1.7096064092273e-73
3.331352555397e-74
6.435719325133e-75
1.2325955186033e-75
2.340377835442e-76
4.405428403251e-77
8.220948663326e-78
1.5208351577493e-78
2.789096453606e-79
5.070617264827e-80
9.13836968176e-81
1.6326077679126e-81
2.891311260195e-82
5.075773816155e-83
8.832804757655e-84
1.5236262596667e-84
2.605170601194e-85
4.415360843781e-86
7.417591656819e-87
1.2351527200555e-87
2.038607914886e-88
3.335003640247e-89
5.407576682946e-90
8.690544676883e-91
1.3842781604397e-91
2.185374552983e-92
3.419389558305e-93
5.302558439108e-94
8.14949099123e-95
1.2413022837267e-95
1.873788386837e-96
2.803194769915e-97
4.155942481056e-98
6.106087744014e-99
8.890526951325e-100
1.2827929375219e-100
1.834187854639e-101
2.598859593987e-102
3.64894300198e-103
5.076800101786e-104
6.999148116506e-105
9.561495174514e-106
1.2942711260212e-106
1.735948411253e-107
2.307032389837e-108
3.037869201857e-109
3.96347460724e-110
5.123512479082e-111
6.562015547933e-112
8.32678651084e-113
1.0468422749674e-113
1.3038919427593e-114
1.608982442999e-115
1.966994473027e-116
2.382263681739e-117
2.858275248976e-118
3.397335333814e-119
4.000234944916e-120
4.665925634783e-121
5.391229457402e-122
6.170607408682e-123
6.996010685435e-124
7.856837240771e-125
8.740012117844e-126
9.630203936704e-127
1.0510181935826e-127
1.1361308599271e-128
1.2164152803768e-129
1.289919842363e-130
1.354761434321e-131
1.409204474652e-132
1.45173741737e-133
1.481142074371e-134
1.496551344909e-135
1.497491550603e-136
1.48390650139e-137
1.456161594298e-138
1.415027576186e-139
1.361644970664e-140
1.297471460162e-141
1.224215615814e-142
1.143761188794e-143
1.0580866535885e-144
9.691847973496e-146
8.789868871727e-147
7.892953600532e-148
7.017281377232e-149
6.176766591363e-150
5.382786445796e-151
4.644055530964e-152
3.966637536908e-153
3.354076665021e-154
2.807625852597e-155
2.326545843125e-156
1.908448361122e-157
1.549657919914e-158
1.245569695595e-159
9.909849477815e-161
7.804101422997e-162
6.083107490252e-163
4.69315239083e-164
3.583687792755e-165
2.70839318419e-166
2.025810894118e-167
1.499620162673e-168
1.098621952703e-169
7.965064247358e-171
5.714702114067e-172
4.057424328698e-173
2.850682903619e-174
1.981883372477e-175
1.363411474816e-176
9.28077719586e-178
6.250850299655e-179
4.165622519823e-180
2.746600004781e-181
1.791736536799e-182
1.156390631258e-183
7.383716671191e-185
4.66416387126e-186
2.914667904759e-187
1.801809820979e-188
1.101847304096e-189
6.665218271891e-191
3.988188260688e-192
2.360439942008e-193
1.381827751514e-194
8.001032649414e-196
4.582017872695e-197
2.595215629455e-198
1.453728414739e-199
8.053291164461e-201
4.41195262699e-202
2.390245569131e-203
1.280546240281e-204
6.78384298076e-206
3.553617641309e-207
1.840630010311e-208
9.42648078837e-210
4.773162804399e-211
2.389585956872e-212
1.182728005405e-213
5.787338290107e-215
2.79956439786e-216
1.338768183436e-217
6.328623195235e-219
2.957246460192e-220
1.365921057695e-221
6.23603767165e-223
2.813986702767e-224
1.255019696075e-225
5.531961099157e-227
2.409863970874e-228
1.037469670384e-229
4.413796088818e-231
1.855613290848e-232
7.708773458899e-234
3.164388561772e-235
1.283467940084e-236
5.143453124663e-238
2.036492431646e-239
7.966226310192e-241
3.078560820566e-242
1.175307172798e-243
4.432479497634e-245
1.651265054094e-246
6.076372783916e-248
2.208575790787e-249
7.928719349801e-251
2.811247205209e-252
9.84424787228e-254
3.404361434793e-255
1.162626856386e-256
3.920833478395e-258
1.30566401348e-259
4.293198115621e-261
1.39382481123e-262
4.467806521661e-264
1.413905562404e-265
4.417404104109e-267
1.362433053873e-268
4.148059569633e-270
1.246627928205e-271
3.698033820692e-273
1.082746999189e-274
3.128851306782e-276
8.92327430973e-278
2.51144873481e-279
6.975323074203e-281
1.911715512546e-282
5.169873590673e-284
1.379472057174e-285
3.631621815984e-287
9.43237916248e-289
2.416867299537e-290
6.109041463321e-292
1.523209474129e-293
3.746190457389e-295
9.08742605879e-297
2.174150883133e-298
5.12994773534e-300
1.193677931683e-301
2.738978488267e-303
6.197169132029e-305
1.382538247591e-306
3.040994331704e-308
6.594533065018e-310
1.409800192432e-311
2.97105713876e-313
6.171901202734e-315
1.26373437029e-316
2.550325380074e-318
5.072384733573e-320
9.94212345682e-322
1.920303152134e-323
3.654745616291e-325
6.853524878371e-327
1.266230592135e-328
2.304760411931e-330
4.1326142319e-332
7.299307828891e-334
1.269894267231e-335
2.175973289986e-337
3.672065447712e-339
6.102510805167e-341
9.98661062254e-343
1.609195847771e-344
2.552997597747e-346
3.987601877884e-348
6.131431734991e-350
9.28045406701e-352
1.382617152176e-353
2.027345936643e-355
2.925596701873e-357
4.154596451873e-359
5.80547528355e-361
7.98192514523e-363
1.079703413403e-364
1.436791970274e-366
1.88079370126e-368
2.421648751946e-370
3.066679101851e-372
3.819238510718e-374
4.677353095262e-376
5.632506595153e-378
6.668747391197e-380
7.76229654216e-382
8.88181173546e-384
9.98940888025e-386
1.104246376469e-387
1.199611883535e-389
1.28063176995e-391
1.343309852375e-393
1.384381365533e-395
1.401592026032e-397
1.393901338854e-399
1.361584839427e-401
1.306221508753e-403
1.230566479418e-405
1.13832323402e-407
1.033841571409e-409
9.21775809141e-412
8.06740829249e-414
6.930013902326e-416
5.842232742773e-418
4.833047175758e-420
3.922950209419e-422
3.123961534929e-424
2.440341439309e-426
1.869811502857e-428
1.405066920338e-430
1.035373670253e-432
7.48077261575e-435
5.298984434598e-437
3.679447502919e-439
2.504162869473e-441
1.670236689215e-443
1.091625595507e-445
6.990265143213e-448
4.385115890619e-450
2.694501613846e-452
1.621539114648e-454
9.55583999527e-457
5.513695659175e-459
3.114500254298e-461
1.722042736055e-463
9.31851889824e-466
4.934393784256e-468
2.556467595024e-470
1.295689800007e-472
6.423175407213e-475
3.114004802914e-477
1.47618671369e-479
6.841425035913e-482
3.099308658628e-484
1.372223059048e-486
5.936818739884e-489
2.50944983551e-491
1.036153809698e-493
4.178448849972e-496
1.645409854299e-498
6.325910163654e-501
2.374009283371e-503
8.69503936437e-506
3.107480596482e-508
1.083452049488e-510
3.684602747349e-513
1.221983319098e-515
3.951354715289e-518
1.245500615731e-520
3.82620846333e-523
1.145323324404e-525
3.339864599864e-528
9.48583963884e-531
2.62344585464e-533
7.063491202385e-536
1.851047382064e-538
4.720245311671e-541
1.170999700144e-543
2.825456314085e-546
6.629068747646e-549
1.511955897807e-551
3.351482489824e-554
7.218259903404e-557
1.510115589669e-559
3.067977691536e-562
6.051158395112e-565
1.158368820396e-567
2.1515555071e-570
3.876399529521e-573
6.772440976394e-576
1.147018767633e-578
1.882650337185e-581
2.993678772761e-584
4.610381610719e-587
6.874190824712e-590
9.9200363071e-593
1.385041549533e-595
1.870328816784e-598
2.44187418468e-601
3.081200505464e-604
3.756174565317e-607
4.422164940098e-610
5.025948675089e-613
5.512161275316e-616
5.831354681071e-619
5.948118026576e-622
5.847456896857e-625
5.537863884216e-628
5.050232267266e-631
4.432775157489e-634
3.743105224207e-637
3.039290066897e-640
2.3718256929e-643
1.778055670695e-646
1.279781776943e-649
8.83944180988e-653
5.85567048679e-656
3.718345453665e-659
2.262019309018e-662
1.317534388769e-665
7.343202672756e-669
3.913801056932e-672
1.993545238827e-675
9.69804919195e-679
4.502798354276e-682
1.993981298676e-685
8.4157373266e-689
3.382819766862e-692
1.294061444555e-695
4.707434699728e-699
1.627125068868e-702
5.339591618746e-706
1.662178992883e-709
4.904003316029e-713
1.370046792312e-716
3.62099144794e-720
9.04502019499e-724
2.133290948091e-727
4.74573092233e-731
9.9473463024e-735
1.962388600981e-738
3.639502812076e-742
6.338203916294e-746
1.035205462531e-749
1.583698354426e-753
2.266378772459e-757
3.029794931997e-761
3.778314340872e-765
4.388801336053e-769
4.741215114399e-773
4.755921990231e-777
4.422393409188e-781
3.805422899255e-785
3.02471038925e-789
2.216549336755e-793
1.494596193969e-797
9.25387378304e-802
5.249698934349e-806
2.722505904338e-810
1.2876288968e-814
5.540025153151e-819
2.162656573454e-823
7.638596646597e-828
2.433998132444e-832
6.975380332006e-837
1.792012623475e-841
4.112843138048e-846
8.402032292288e-851
1.521892065306e-855
2.434170876661e-860
3.422793913253e-865
4.21154088488e-870
4.511914113231e-875
4.18616012409e-880
3.344355269771e-885
2.286489622079e-890
1.328912505248e-895
6.518852339207e-901
2.67799680613e-906
9.135587566401e-912
2.564145504766e-917
5.861990314377e-923
1.07952269322e-928
1.581974059748e-934
1.820026566748e-940
1.619342689688e-946
1.09568316374e-952
5.532383968325e-959
2.040511779647e-965
5.365258883802e-972
9.779666828972e-979
1.196385410133e-985
9.45732039828e-993
4.618740275879e-1000
1.320534539342e-1007
2.069851788081e-1015
1.639409814097e-1023
5.915861825975e-1032
8.495216787374e-1041
4.04233070999e-1050
4.916355325482e-1060
1.0324509875766e-1070
1.953934328294e-1082
9.520798229871e-1096
4.657686676262e-1112