0.1369858817630391
0.131897617265436
0.1222803978811748
0.1091517520604641
0.093810485352669
0.0776263717177148
0.0618432703486851
0.0474336416762477
0.03502470837366886
0.02489644634195593
0.01703543576318419
0.01122013257937478
0.00711287037647456
0.004339750442015156
0.002548154904039974
0.001439772212349745
0.000782765599576314
0.0004094492886669742
0.0002060424763087226
0.0000997371055814035
0.0000464357535354627
0.00002079187112356097
8.95213820461213e-6
3.705919929042485e-6
1.474831297487824e-6
5.64161915614607e-7
2.074031357521523e-7
7.32670916566111e-8
2.486643212707431e-8
8.10689397903514e-9
2.538366526864168e-9
7.63188775935609e-10
2.202941574314804e-10
6.10350632216139e-11
1.622817554193779e-11
4.13979329205888e-12
1.012994962874798e-12
2.377128825131098e-13
5.34820576162731e-14
1.153353707922898e-14
2.383421208760949e-15
4.71849481958726e-16
8.94636535372358e-17
1.624058654611917e-17
2.821859918968197e-18
4.69147804280543e-19
7.46072796816142e-20
1.134492332097369e-20
1.648985859123816e-21
2.290170845935257e-22
3.038010063257811e-23
3.84777534635291e-24
4.65106020772693e-25
5.36330012051472e-26
5.89738601284665e-27
6.18068769298102e-28
6.1710500039027e-29
5.86697252301832e-30
5.30861979011863e-31
4.56912929823223e-32
3.738803886778838e-33
2.90692338468783e-34
2.146253918479985e-35
1.503870580325167e-36
9.99417000491493e-38
6.29512440447342e-39
3.75566166507147e-40
2.12072667591857e-41
1.132604467269042e-42
5.71654324106251e-44
2.7246021556186e-45
1.225252224237754e-46
5.19426431821843e-48
2.07398766274842e-49
7.79224332214777e-51
2.75211093174914e-52
9.12789310440952e-54
2.83994881413373e-55
8.27940057294068e-57
2.25905249812445e-58
5.76181860556046e-60
1.37195562069923e-61
3.04566473939217e-63
6.29464306890613e-65
1.20937682630121e-66
2.15662759877568e-68
3.56367139080307e-70
5.4472463229114e-72
7.6881200772829e-74
9.9997653882385e-76
1.19619229771447e-77
1.31315850578496e-79
1.31991430216725e-81
1.21180698603616e-83
1.01358652750497e-85
7.7025792892511e-88
5.3025991665761e-90
3.2965626417746e-92
1.84459527180293e-94
9.2565729493148e-97
4.1498703435386e-99
1.65520037136035e-101
5.8472410928852e-104
1.8206541025599e-106
4.970393400397e-109
1.18289976321836e-111
2.4387932005657e-114
4.3259829477636e-117
6.5522311196972e-120
8.403362686039e-123
9.041476268409e-126
8.0768384306833e-129
5.9210744354157e-132
3.5156266350486e-135
1.6655172935452e-138
6.1885715153569e-142
1.7681239484964e-145
3.7953843346264e-149
5.9557260859178e-153
6.6118276096523e-157
4.9901714641629e-161
2.4371701732752e-165
7.235749668076e-170
1.2037826266489e-174
1.0054879352872e-179
3.6106425035775e-185
4.4134808255051e-191
1.2493431187164e-197
3.9166071131467e-205
2.0464246613791e-214