0.0891454188218669
0.0877347450815935
0.0849799786420753
0.0810090743227239
0.0760015130790734
0.0701748688555241
0.0637691883589639
0.0570307397741167
0.0501966465897112
0.0434817042407806
0.037068324208902
0.0311001225130926
0.0256792318443204
0.0208670274555012
0.0166876601224723
0.0131336092576928
0.0101724093893902
0.0077537498698277
0.0058162746259862
0.0042935837885726
0.0031191300190057
0.002229882122516
0.00156877779609034
0.00108609568411747
0.00073994204881806
0.00049607340821898
0.00032727156629555
0.000212461366746193
0.000135723836849154
0.000085316229181316
0.000052771720998492
0.000032118811787598
0.0000192353735850544
0.0000113349306147093
6.5721602276776e-6
3.7494037875259e-6
2.1046245981672e-6
1.16235502041473e-6
6.3160832707757e-7
3.3767178285724e-7
1.776120159574e-7
9.1912196087009e-8
4.6793932644795e-8
2.3437631783666e-8
1.15488212591178e-8
5.5982606223017e-9
2.6696335372035e-9
1.25234684772405e-9
5.7791397215734e-10
2.6233624158798e-10
1.17138767419241e-10
5.1449455764381e-11
2.2227417257044e-11
9.4452920427787e-12
3.9477516446563e-12
1.6228633587029e-12
6.5614711072301e-13
2.6091367091965e-13
1.02037025226489e-13
3.9243962124583e-14
1.4843302976752e-14
5.5210186359681e-15
2.0194212018732e-15
7.2634256730546e-16
2.5689200205105e-16
8.9339095304379e-17
3.0549319319729e-17
1.0271111574889e-17
3.395282656745e-18
1.1034773305567e-18
3.5258680461443e-19
1.1075663959414e-19
3.4202687159693e-20
1.0382999647702e-20
3.0984376385423e-21
9.088765235534e-22
2.6205584592575e-22
7.4266683570529e-23
2.0686619416061e-23
5.6632295918406e-24
1.5237072184329e-24
4.0288850869602e-25
1.0468808216293e-25
2.673137770508e-26
6.7071747147516e-27
1.6536143430466e-27
4.0057795132455e-28
9.534098229299e-29
2.2294269544815e-29
5.1216381373548e-30
1.1558652852717e-30
2.5625278747814e-31
5.580499502399e-32
1.1937142588528e-32
2.5080138887342e-33
5.1753631993861e-34
1.0488462643814e-34
2.0874754616642e-35
4.0798816271258e-36
7.830115113831e-37
1.4755724823447e-37
2.7302463346679e-38
4.9598519987914e-39
8.845809025215e-40
1.5487608174495e-40
2.6618570364601e-41
4.4906988956873e-42
7.436128062168e-43
1.2085315564397e-43
1.9276201079232e-44
3.0172474884298e-45
4.6344667461243e-46
6.984910840024e-47
1.0329200915858e-47
1.4986127714132e-48
2.1330480652405e-49
2.978321628264e-50
4.0791820500553e-51
5.479935864717e-52
7.220190665938e-53
9.329580406027e-54
1.1821832526996e-54
1.4688764183902e-55
1.7894992605648e-56
2.1374263320938e-57
2.5028292487491e-58
2.8728853086092e-59
3.2323502517001e-60
3.5644878614133e-61
3.8522945230397e-62
4.0799038311145e-63
4.234015167023e-64
4.305170154331e-65
4.288708096204e-66
4.185266971752e-67
4.0007556923339e-68
3.7457964125439e-69
3.4347099044141e-70
3.0841790502748e-71
2.7117645543962e-72
2.3344569450364e-73
1.9674296824401e-74
1.6231152004942e-75
1.3106685831666e-76
1.035823632486e-77
8.010938369719e-79
6.062338418766e-80
4.488590779378e-81
3.251217368502e-82
2.3035652259221e-83
1.596339022432e-84
1.0818590225701e-85
7.169471803997e-87
4.645407465231e-88
2.9425850069064e-89
1.822008175803e-90
1.1026417005185e-91
6.521193762351e-93
3.768541600242e-94
2.1277325885205e-95
1.1735493889085e-96
6.32220266046e-98
3.326283935762e-99
1.7088905281862e-100
8.571805872241e-102
4.197316085218e-103
2.0060850155454e-104
9.357099858258e-106
4.258751720025e-107
1.8910640160693e-108
8.191162784435e-110
3.46044285962e-111
1.4255904534254e-112
5.726163925591e-114
2.2421586561722e-115
8.557143876952e-117
3.182557757019e-118
1.1532737157897e-119
4.071171662547e-121
1.3997749217541e-122
4.686710883827e-124
1.5278023323353e-125
4.848100076583e-127
1.4972563422747e-128
4.499394611267e-130
1.3153969941201e-131
3.740367252256e-133
1.034270986961e-134
2.780503191731e-136
7.265840143943e-138
1.845118237384e-139
4.552386050194e-141
1.0910109032716e-142
2.539164162645e-144
5.737445907363e-146
1.2583598489391e-147
2.678178935611e-149
5.529814864069e-151
1.1073968357826e-152
2.150307883696e-154
4.047465919254e-156
7.382932052436e-158
1.3047068626164e-159
2.233099048808e-161
3.700698816633e-163
5.936180036581e-165
9.213864493627e-167
1.3834032636688e-168
2.008563624993e-170
2.819074382885e-172
3.823512848039e-174
5.009577291944e-176
6.338199918629e-178
7.741002114579e-180
9.122860847002e-182
1.0370501053007e-183
1.136661972079e-185
1.2007417648546e-187
1.2220077462575e-189
1.1976202324885e-191
1.1297832215563e-193
1.0254323664076e-195
8.950654248594e-198
7.509880838354e-200
6.053840137905e-202
4.686319535454e-204
3.481876432403e-206
2.481684673821e-208
1.695885318181e-210
1.110506643523e-212
6.964209686218e-215
4.180155716285e-217
2.400045162348e-219
1.3172894418567e-221
6.907138143439e-224
3.457657083993e-226
1.651335419771e-228
7.518854177748e-231
3.261479229743e-233
1.3467826661533e-235
5.290089232335e-238
1.974978867357e-240
7.002215977104e-243
2.355642633018e-245
7.512741584547e-248
2.269359462735e-250
6.486497505584e-253
1.752631364741e-255
4.471977628318e-258
1.0764057243617e-260
2.441409673817e-263
5.211898047083e-266
1.0459823139293e-268
1.971004828384e-271
3.482776521005e-274
5.763076014404e-277
8.91795576758e-280
1.2886160073439e-282
1.736064750742e-285
2.177206210586e-288
2.537462598635e-291
2.74351505013e-294
2.746802680936e-297
2.541709272236e-300
2.16933549215e-303
1.704155978726e-306
1.2294330518502e-309
8.126295159011e-313
4.909030226818e-316
2.703192187337e-319
1.3531108383319e-322
6.138906573178e-326
2.516508855759e-329
9.290090243935e-333
3.077708858946e-336
9.115751156592e-340
2.404224986671e-343
5.622298126033e-347
1.1604126185101e-350
2.103416581274e-354
3.330742499226e-358
4.581033063921e-362
5.438624040102e-366
5.535818167167e-370
4.795600266457e-374
3.50732312818e-378
2.146564132603e-382
1.0887336508942e-386
4.527252982919e-391
1.5250642887951e-395
4.106560543226e-400
8.707325052465e-405
1.4293420812908e-409
1.7817221601705e-414
1.6495523234992e-419
1.1055191403236e-424
5.204802655328e-430
1.6613429506554e-435
3.445436100799e-441
4.408038827052e-447
3.262342823974e-453
1.2872049699216e-459
2.434114591452e-466
1.9101800371839e-473
5.07346290248e-481
3.353187336033e-489
3.314899762465e-498
1.8422674569664e-508
4.603203617147e-521