0.086668578735112
0.0853719409932219
0.0828365430364029
0.0791738576599946
0.0745408295708648
0.0691287351354517
0.0631501255509571
0.0568250909974039
0.0503680710361103
0.0439762859277805
0.0378206046138456
0.0320393404432499
0.026735122892136
0.0219746772703636
0.0177910902565221
0.0141879692200172
0.0111448251099447
0.0086230161233305
0.0065716659685048
0.0049330937935994
0.0036474385921496
0.00265630713109078
0.00190540401206466
0.00134620438188382
0.00093679929557026
0.00064208138620105
0.00043344874964967
0.0002881944434306
0.000188725025307064
0.00012172089316781
0.000077319327395964
0.000048371960952596
0.000029804184262177
0.00001808563558988
0.0000108083204239406
6.3612914421109e-6
3.6871398169255e-6
2.1046775698583e-6
1.18311633262183e-6
6.5495178583777e-7
3.570467983745e-7
1.9167640199536e-7
1.01328926393292e-7
5.274884413301e-8
2.7039610106306e-8
1.3648626889512e-8
6.783775617173e-9
3.3200200724898e-9
1.5998867408826e-9
7.5911830407994e-10
3.5464480857448e-10
1.6312995590884e-10
7.3879112834006e-11
3.2941939097357e-11
1.4461312106957e-11
6.2501238747313e-12
2.6593964890718e-12
1.1139919922155e-12
4.5938450908001e-13
1.8649041924042e-13
7.4526894024875e-14
2.9318116386101e-14
1.1353132120019e-14
4.3275465924865e-15
1.6236929401016e-15
5.9964139324786e-16
2.1796869638837e-16
7.7983108069616e-17
2.7459948481037e-17
9.51656752563e-18
3.2458680307376e-18
1.0895309252079e-18
3.5991049210851e-19
1.1699937796542e-19
3.7427804046409e-20
1.1781872782633e-20
3.6494777946604e-21
1.1123220571945e-21
3.335804554065e-22
9.842999164497e-23
2.857573838501e-23
8.162003430209e-24
2.2935662861347e-24
6.3405468670442e-25
1.7243621970274e-25
4.6131954151727e-26
1.2140366173135e-26
3.142700930218e-27
8.00203001879e-28
2.0040448292309e-28
4.936383121773e-29
1.1958817743853e-29
2.8492407083965e-30
6.67597699905e-31
1.5382550841698e-31
3.4853990269764e-32
7.765506623877e-33
1.7012278633701e-33
3.6644818916454e-34
7.760716182514e-35
1.6158893099673e-35
3.3076776819102e-36
6.656063118184e-37
1.3166640518536e-37
2.5602133837755e-38
4.8932909553778e-39
9.192409615481e-40
1.6972296742315e-40
3.0797392792372e-41
5.491971084554e-42
9.624142538317e-43
1.6572713258933e-43
2.8041477201921e-44
4.6618841971242e-45
7.614698155041e-46
1.2219445344164e-46
1.9263470098431e-47
2.9831705830973e-48
4.5379337693043e-49
6.780322336867e-50
9.950156776452e-51
1.4340748551885e-51
2.0297875934749e-52
2.8212426370714e-53
3.8504827698412e-54
5.159983169843e-55
6.78910953973e-56
8.769633967181e-57
1.1120556926618e-57
1.3842672097142e-58
1.6913486841859e-59
2.0283237964756e-60
2.3872781241208e-61
2.7574052989828e-62
3.1253587776716e-63
3.4759237245962e-64
3.7929807427272e-65
4.060687702012e-66
4.264765452364e-67
4.393745691004e-68
4.440031093384e-69
4.400632344422e-70
4.277483149765e-71
4.077287617798e-72
3.810916061427e-73
3.492424914841e-74
3.1378240048851e-75
2.7637421153246e-76
2.3861457815251e-77
2.0192472357347e-78
1.6747002315393e-79
1.3611348503152e-80
1.0840331801331e-81
8.459050563124e-83
6.46692722761e-84
4.843181160458e-85
3.552861748599e-86
2.5526930556791e-87
1.7961755685801e-88
1.2376146126012e-89
8.349576036526e-91
5.514942584034e-92
3.565904280717e-93
2.2568584576097e-94
1.397970633456e-95
8.474288864475e-97
5.026568831811e-98
2.917118498787e-99
1.6561540080585e-100
9.197312455452e-102
4.995549835174e-103
2.6534782501315e-104
1.3781756287553e-105
6.998362979119e-107
3.474052913227e-108
1.6856553328842e-109
7.993499100295e-111
3.704105768478e-112
1.6770641706713e-113
7.417822378486e-115
3.204817039384e-116
1.3522865431293e-117
5.571991867796e-119
2.241635654118e-120
8.803753087487e-122
3.374841158741e-123
1.2625678796157e-124
4.60897306017e-126
1.6414686204558e-127
5.702558300965e-129
1.9321647079866e-130
6.38385617103e-132
2.0564235695329e-133
6.457393663326e-135
1.9762437133408e-136
5.893648729613e-138
1.7124151137232e-139
4.846564766987e-141
1.3359087016717e-142
3.585530607367e-144
9.368682903088e-146
2.382676348019e-147
5.896907264455e-149
1.419926672157e-150
3.325813055259e-152
7.575759935242e-154
1.6778586473205e-155
3.612333292213e-157
7.558299588043e-159
1.5366071149466e-160
3.0345941281e-162
5.820119938218e-164
1.0838000939311e-165
1.959036606499e-167
3.436370402056e-169
5.847995840667e-171
9.652660607507e-173
1.5449011166361e-174
2.396879779578e-176
3.603789129354e-178
5.249440328469e-180
7.405891474434e-182
1.0116254293011e-183
1.3375332732812e-185
1.711170538944e-187
2.117600801003e-189
2.534031562467e-191
2.931222453269e-193
3.276443129364e-195
3.537678000581e-197
3.688389909113e-199
3.711893106588e-201
3.604354857394e-203
3.375688345497e-205
3.048070089563e-207
2.65238212635e-209
2.223371384735e-211
1.794586035467e-213
1.3941183900747e-215
1.041885197991e-217
7.487235028119e-220
5.171250871352e-222
3.431056373492e-224
2.185737274454e-226
1.3362251369807e-228
7.835023995746e-231
4.403935538388e-233
2.371568259086e-235
1.2228450023874e-237
6.033759524321e-240
2.847196243956e-242
1.2840550614709e-244
5.530984058685e-247
2.273948602363e-249
8.916947799874e-252
3.332709841347e-254
1.1863228563473e-256
4.018837237421e-259
1.2946345208821e-261
3.962679081769e-264
1.1514877426823e-266
3.173800512465e-269
8.290063077475e-272
2.050161684343e-274
4.795678547798e-277
1.0600051498205e-279
2.211617359885e-282
4.350981595948e-285
8.062188239088e-288
1.4054043524791e-290
2.302006464532e-293
3.538520293746e-296
5.097735903101e-299
6.873536740667e-302
8.661877120975e-305
1.0186555171858e-307
1.1162267620112e-310
1.1378450111935e-313
1.0771664383209e-316
9.453233769968e-320
7.676579510744e-323
5.757012802778e-326
3.979042872574e-329
2.52916033882e-332
1.475046737187e-335
7.874617326156e-339
3.83842479302e-342
1.703807797488e-345
6.86767241499e-349
2.50625355744e-352
8.254547629718e-356
2.445428603494e-359
6.493173918198e-363
1.539372405952e-366
3.245238083839e-370
6.057217246393e-374
9.963087727714e-378
1.4369038111118e-381
1.807275710107e-385
1.970815623706e-389
1.851585298185e-393
1.4884426815867e-397
1.0161513972832e-401
5.843415161375e-406
2.805147113856e-410
1.1130831687228e-414
3.611008642947e-419
9.46181287938e-424
1.975430761311e-428
3.236370687732e-433
4.089447299465e-438
3.907892818537e-443
2.761178144229e-448
1.4053245253593e-453
4.997167989319e-459
1.1974115872024e-464
1.8514853638665e-470
1.7524267105002e-476
9.509744818596e-483
2.722828798638e-489
3.690612391477e-496
2.0451697598222e-503
3.764845809659e-511
1.6831068062289e-519
1.0880316465771e-528
3.752724789995e-539
5.262741822198e-552