0.0887178437410611
0.0873273129374508
0.0846112599240416
0.0806946654944369
0.0757529530009488
0.0699989768760859
0.0636678717677627
0.0570012588472028
0.0502322716276523
0.0435726583774722
0.0372028831662848
0.0312657393334579
0.0258635691169616
0.0210588072656075
0.0168772770075018
0.01331348772011
0.0103371196663942
0.0078999199586659
0.0059423511779049
0.004399499426287
0.003205931367728
0.00229936373343115
0.00162315484753467
0.00112773533383201
0.00077116150260552
0.00051900338644554
0.00034377741236761
0.000224110496575997
0.000143787126623105
0.000090791629683156
0.000056420182407117
0.000034504895135701
0.00002076724987768
0.0000123005244579846
7.1698283651765e-6
4.1127121972558e-6
2.3215393993803e-6
1.28957183396235e-6
7.049042538506e-7
3.7916043749072e-7
2.0068604747575e-7
1.04521447970849e-7
5.356490385539e-8
2.7010605570031e-8
1.34016909883573e-8
6.5425669736384e-9
3.1426199590087e-9
1.4851908808764e-9
6.9057494322794e-10
3.1591387436045e-10
1.4218275604661e-10
6.2955880295647e-11
2.7423785927766e-11
1.1751969079807e-11
4.9542300106101e-12
2.0545369241078e-12
8.3813455534953e-13
3.3632959937342e-13
1.3275696111453e-13
5.1544162600505e-14
1.9684325240069e-14
7.3938238225561e-15
2.7315781350736e-15
9.925270188495e-16
3.5468532493744e-16
1.2465337341322e-16
4.3083633101476e-17
1.4643853271173e-17
4.8946343297113e-18
1.6087694052892e-18
5.1995121819106e-19
1.6523917107188e-19
5.16334482461e-20
1.5863639391707e-20
4.7919659318582e-21
1.4231450740309e-21
4.1552226449216e-22
1.192707517074e-22
3.3655244319636e-23
9.3354447865e-24
2.5454515604946e-24
6.8222248399024e-25
1.7972236919267e-25
4.6534647896772e-26
1.1842187172805e-26
2.9617699763e-27
7.279760520172e-28
1.7583745207141e-28
4.1736504201061e-29
9.73447969907e-30
2.2309133192873e-30
5.0235060081097e-31
1.1113890947182e-31
2.4156872486433e-32
5.1583492405866e-33
1.0820716422675e-33
2.2297490705673e-34
4.5132544225977e-35
8.972972046093e-36
1.752160902981e-36
3.3603227876447e-37
6.329001290351e-38
1.1706148869639e-38
2.1261540400039e-39
3.7918752364714e-40
6.640005462463e-41
1.1416001437434e-41
1.9269325337613e-42
3.1930174298373e-43
5.1938972320063e-44
8.29310796924e-45
1.2997129026966e-45
1.9992059551833e-46
3.0180129457599e-47
4.4710669826815e-48
6.499806497114e-49
9.271736910858e-50
1.2976722699499e-50
1.7819011585968e-51
2.4004233279634e-52
3.1721101236448e-53
4.1118282581142e-54
5.227783914492e-55
6.518766747583e-56
7.971630254399e-57
9.559408358278e-58
1.124047948893e-58
1.2959132373577e-59
1.4647756013325e-60
1.623067825376e-61
1.7629437247651e-62
1.8769025836612e-63
1.9584445733528e-64
2.0026789904527e-65
2.0068069391691e-66
1.9704126240922e-67
1.8955213553216e-68
1.7864139537403e-69
1.6492210521403e-70
1.4913508279623e-71
1.320824711977e-72
1.1456041818054e-73
9.729869878435e-75
8.091347939022e-76
6.587700450782e-77
5.25052817279e-78
4.096233632195e-79
3.1277694339884e-80
2.337265481993e-81
1.7090665288704e-82
1.2227596207983e-83
8.5586892038e-85
5.860161340038e-86
3.924635956825e-87
2.5705569615138e-88
1.6464285906447e-89
1.0310870582712e-90
6.312954683074e-92
3.778350074362e-93
2.2102954493708e-94
1.2636378559398e-95
7.059334210784e-97
3.853163298223e-98
2.0545960519657e-99
1.0701205378354e-100
5.443485169706e-102
2.7039544354262e-103
1.3114101570639e-104
6.209153509251e-106
2.869575799915e-107
1.2942856638925e-108
5.696450039382e-110
2.4460965794497e-111
1.0246377381682e-112
4.186254537499e-114
1.6678974205578e-115
6.479330117126e-117
2.4537782637033e-118
9.05755607346e-120
3.258231938027e-121
1.1420144171308e-122
3.899435861864e-124
1.2968601027138e-125
4.200149158342e-127
1.3244455650579e-128
4.065531859051e-130
1.2145878711908e-131
3.530869514408e-133
9.98588898015e-135
2.746968069325e-136
7.348353301975e-138
1.9111814325188e-139
4.831626639401e-141
1.1870433360445e-142
2.833490704843e-144
6.569877587285e-146
1.4793442057733e-147
3.234087456118e-149
6.862727893294e-151
1.4131686390701e-152
2.823129486514e-154
5.470061939552e-156
1.0276871904787e-157
1.871617123189e-159
3.303223674354e-161
5.648052798232e-163
9.353442048529e-165
1.4997727403587e-166
2.327700871117e-168
3.495747369169e-170
5.078370907773e-172
7.134071622502e-174
9.687976043926e-176
1.2713398675171e-177
1.61164825153e-179
1.972886872263e-181
2.331293884842e-183
2.658217449922e-185
2.923575638136e-187
3.100245441356e-189
3.168538628112e-191
3.119765466519e-193
2.958006481039e-195
2.699603491852e-197
2.370440346924e-199
2.001638486924e-201
1.624665163374e-203
1.2669288644652e-205
9.487100818514e-208
6.818432511069e-210
4.700845168991e-212
3.10721924715e-214
1.968021658782e-216
1.1937142155044e-218
6.929894079335e-221
3.848081060575e-223
2.04258885511e-225
1.0357533351452e-227
5.013964605496e-230
2.315568590294e-232
1.0194784098925e-234
4.275876287995e-237
1.707148866941e-239
6.483037248371e-242
2.339898022252e-244
8.019831711757e-247
2.608012816957e-249
8.039768631133e-252
2.347287562086e-254
6.484300675442e-257
1.693183988974e-259
4.174874802055e-262
9.70998145512e-265
2.127887295716e-267
4.388691514439e-270
8.508614947415e-273
1.548746466128e-275
2.643245775778e-278
4.224206790857e-281
6.312377086807e-284
8.807326821648e-287
1.1456021768657e-289
1.3869705618131e-292
1.56033392797e-295
1.628260329316e-298
1.573217366027e-301
1.4046748336728e-304
1.1566628342122e-307
8.76513209709e-311
6.099009774593e-314
3.887637803346e-317
2.264425972217e-320
1.2020869138789e-323
5.799797275658e-327
2.535778943319e-330
1.0015587459094e-333
3.56178880573e-337
1.1364607424549e-340
3.241170560525e-344
8.22935933403e-348
1.852166538033e-351
3.678256242403e-355
6.413576623902e-359
9.76645738764e-363
1.2913647050153e-366
1.4734140636122e-370
1.4408551369841e-374
1.1987469635973e-378
8.416657764126e-383
4.943213779704e-387
2.404910566739e-391
9.587832371752e-396
3.095022278453e-400
7.981941147698e-405
1.6200014343058e-409
2.543848726452e-414
3.031230744053e-419
2.680649779036e-424
1.7146412165612e-429
7.697391143691e-435
2.34036779434e-440
4.617983037075e-446
5.613927306462e-452
3.941935602236e-458
1.47307057782e-464
2.632743096307e-471
1.9477642301547e-478
4.861715472391e-486
3.007299741985e-494
2.766541084794e-503
1.4181656769184e-513
3.2133045204614e-526