0.0683287665176409
0.0676923752782047
0.0664373134844255
0.0645982029029625
0.062224980065427
0.0593806446461483
0.0561384841524782
0.0525789453459635
0.048786338217804
0.044845559648474
0.0408390116842462
0.0368438654329783
0.0329297886219252
0.0291572161824917
0.0255762023816926
0.0222258534348014
0.0191343041935556
0.0163191737112588
0.0137884137138914
0.0115414518576342
0.0095705279122176
0.0078621247713938
0.0063984060451288
0.005158586221952
0.0041201762000201
0.0032600646562979
0.0025554127705617
0.0019843550859461
0.00152651198175523
0.00116332893787033
0.00087826439623812
0.00065685175687547
0.00048666226190944
0.00035719471721855
0.00025971571927667
0.00018707082406459
0.00013348338838874
0.000094354021119005
0.000066069996407401
0.000045830800771658
0.00003149332220232
0.000021438081359062
0.000014456336936219
9.6568165511475e-6
6.3901565663859e-6
4.1887959340725e-6
2.7199783332521e-6
1.7495990539906e-6
1.1148251296918e-6
7.0366884748673e-7
4.399683723804e-7
2.7249862147576e-7
1.6718411145088e-7
1.0160418960423e-7
6.1166298373462e-8
3.6474954200287e-8
2.1545533505142e-8
1.2606589716093e-8
7.3065732723836e-9
4.1947248398073e-9
2.3854187675922e-9
1.3436772920909e-9
7.497081776437e-10
4.143373992951e-10
2.2681840604206e-10
1.2298788604431e-10
6.6054717177489e-11
3.5139884502705e-11
1.8516091034537e-11
9.663806458511e-12
4.9956786154457e-12
2.5579113157195e-12
1.297234621121e-12
6.516147781207e-13
3.241902255082e-13
1.5975067935357e-13
7.796801625069e-14
3.7689324652169e-14
1.8044523217703e-14
8.55647125093e-15
4.0184929360121e-15
1.8691661695352e-15
8.610843997145e-16
3.9287420180401e-16
1.7752851327187e-16
7.944861380889e-17
3.5213150525615e-17
1.5456832376017e-17
6.719389665794e-18
2.8928738159147e-18
1.2334344148711e-18
5.208181027219e-19
2.1778903227767e-19
9.019081395704e-20
3.6988044632012e-20
1.5022062301678e-20
6.041755873469e-21
2.4063482524065e-21
9.490993986457e-22
3.7069694128115e-22
1.4337602020973e-22
5.491365323582e-23
2.0826988955835e-23
7.821876622721e-24
2.9089061202573e-24
1.0712198623748e-24
3.9061916419729e-25
1.4104259790083e-25
5.042717401118e-26
1.7852220865501e-26
6.257902933679e-27
2.172050698939e-27
7.464680492979e-28
2.5400843336073e-28
8.558076484811e-29
2.8548988506726e-29
9.429468038471e-30
3.0836202235647e-30
9.984057513653e-31
3.2005232039116e-31
1.0157755945408e-31
3.1917772563286e-32
9.929341653198e-33
3.0581334130195e-33
9.324712764888e-34
2.8148319642879e-34
8.412059278085e-35
2.4887416978338e-35
7.289197734715e-36
2.1134732290382e-36
6.066323056623e-37
1.7236960248295e-37
4.848380901307e-38
1.3499826275036e-38
3.720912516641e-39
1.0152078123838e-39
2.7418202558109e-40
7.329862322821e-41
1.9396334958935e-41
5.080479606876e-42
1.3171797017343e-42
3.380139860409e-43
8.585540126931e-44
2.1584292318152e-44
5.370801685851e-45
1.322712148586e-45
3.224112929198e-46
7.777992488776e-47
1.8570807997446e-47
4.388273238605e-48
1.0262416068577e-48
2.3751559166336e-49
5.440196304435e-50
1.2331340500736e-50
2.766129759698e-51
6.14037018894e-52
1.3488679924673e-52
2.932177879264e-53
6.307396916227e-54
1.3425854798171e-54
2.827864221766e-55
5.893764855538e-56
1.2154510026011e-56
2.4801913993651e-57
5.00758869662e-58
1.0003693379312e-58
1.9773012881345e-59
3.866860481437e-60
7.481861826069e-61
1.4322494804552e-61
2.71254957943e-62
5.082517234781e-63
9.421374558526e-64
1.7277301618537e-64
3.134409413536e-65
5.625298200047e-66
9.987048926961e-67
1.7539706258195e-67
3.047141342416e-68
5.236481683695e-69
8.901327262498e-70
1.4966820405293e-70
2.489174011123e-71
4.094710059493e-72
6.66230356253e-73
1.0721366492121e-73
1.7064412849404e-74
2.686203932856e-75
4.181998708041e-76
6.438976935193e-77
9.804571157917e-78
1.4764192835711e-78
2.198622757459e-79
3.237740817564e-80
4.714918129604e-81
6.789491100369e-82
9.667662351416e-83
1.3611845549554e-83
1.8950202551108e-84
2.608566628392e-85
3.550349319137e-86
4.777614019336e-87
6.356404379753e-88
8.361073216576e-89
1.0873066911175e-89
1.3978835776582e-90
1.7766756136098e-91
2.232300566627e-92
2.772641280716e-93
3.404240144506e-94
4.131626787928e-95
4.956614891556e-96
5.877615511036e-97
6.889023669902e-98
7.98074057477e-99
9.137894198748e-100
1.0340815058923e-100
1.156531126235e-101
1.2783267559046e-102
1.3963568336874e-103
1.5073316196816e-104
1.6079288651389e-105
1.694954873637e-106
1.765510413889e-107
1.817149669868e-108
1.848020194058e-109
1.856972763826e-110
1.84363209514e-111
1.808422371778e-112
1.752545210435e-113
1.677911624455e-114
1.587033353416e-115
1.4828821886651e-116
1.3687283088398e-117
1.2479699163042e-118
1.1239665427104e-119
9.998873202574e-121
8.785834748348e-122
7.62491568012e-123
6.535709341259e-124
5.532756744415e-125
4.62558796818e-126
3.819038715275e-127
3.113780652681e-128
2.506996702327e-129
1.993132251807e-130
1.564659182418e-131
1.2128000490302e-132
9.281728601876e-134
7.013309069794e-135
5.231854338377e-136
3.85310474538e-137
2.801381745859e-138
2.010590994002e-139
1.424454656975e-140
9.961628187958e-142
6.876255669475e-143
4.684861143896e-144
3.150266674019e-145
2.090674926307e-146
1.369294433148e-147
8.850355028529e-149
5.644952236401e-150
3.552856123203e-151
2.20645263603e-152
1.352050563563e-153
8.174366653486e-155
4.875952792924e-156
2.869394304892e-157
1.665817090041e-158
9.540069365956e-160
5.389438235762e-161
3.003195705379e-162
1.650639247993e-163
8.948065089214e-165
4.78403530632e-166
2.522478851323e-167
1.311620054738e-168
6.725354131829e-170
3.400383441827e-171
1.695216132462e-172
8.332691840277e-174
4.038192551559e-175
1.929338205955e-176
9.087141815139e-178
4.21911716402e-179
1.930939728803e-180
8.710558223023e-182
3.872847971495e-183
1.697066735689e-184
7.328717568233e-186
3.118846376905e-187
1.307895401235e-188
5.404318338339e-190
2.200256504856e-191
8.825626211769e-193
3.487648110639e-194
1.357717857686e-195
5.206557905336e-197
1.966665374014e-198
7.316828197458e-200
2.681029589412e-201
9.67475966809e-203
3.438046724094e-204
1.203065488085e-205
4.145197898181e-207
1.406216154061e-208
4.6965798866e-210
1.544208232405e-211
4.997996208114e-213
1.592292933428e-214
4.992956223387e-216
1.54088678126e-217
4.679850597879e-219
1.398657279534e-220
4.113183926654e-222
1.190149563854e-223
3.388053738995e-225
9.488395226942e-227
2.6139483525e-228
7.083218932793e-230
1.887822042597e-231
4.948289326387e-233
1.275496587003e-234
3.232956426838e-236
8.05716936448e-238
1.974206516751e-239
4.755487730729e-241
1.126041719674e-242
2.620806420076e-244
5.995151212291e-246
1.347762375331e-247
2.977400912286e-249
6.463004710753e-251
1.378372826674e-252
2.887988456237e-254
5.944039629838e-256
1.201671958174e-257
2.385987426599e-259
4.652516036741e-261
8.908490410406e-263
1.674847840992e-264
3.091431104061e-266
5.601627166554e-268
9.96313784093e-270
1.739248904398e-271
2.979660522533e-273
5.009178445831e-275
8.26257710262e-277
1.33711235099e-278
2.122643572139e-280
3.305185826725e-282
5.047502356572e-284
7.559108770653e-286
1.110015391831e-287
1.598092878641e-289
2.255481325022e-291
3.120251273899e-293
4.230592833909e-295
5.621105254051e-297
7.318091062589e-299
9.33416646871e-301
1.166272938578e-302
1.427303379625e-304
1.710675199944e-306
2.007691248358e-308
2.306994237597e-310
2.595120898026e-312
2.857397212444e-314
3.07910957113e-316
3.246832320323e-318
3.349751181862e-320
3.380804594408e-322
3.337477471554e-324
3.222124571466e-326
3.041767389172e-328
2.807387335499e-330
2.532813947128e-332
2.233365291181e-334
1.924427670773e-336
1.620158574075e-338
1.33246306815e-340
1.070338255961e-342
8.396154914177e-345
6.430688705779e-347
4.808117592137e-349
3.508769789244e-351
2.498717982354e-353
1.736126019763e-355
1.176696903474e-357
7.77828208764e-360
5.013643287639e-362
3.150557054706e-364
1.929734142927e-366
1.151845841053e-368
6.698645068612e-371
3.794745965526e-373
2.09356938573e-375
1.124618009082e-377
5.880823418355e-380
2.992866406299e-382
1.482011151984e-384
7.138838847552e-387
3.34434274217e-389
1.523330937542e-391
6.744802267772e-394
2.902183098539e-396
1.213243767515e-398
4.926334448103e-401
1.942383366697e-403
7.434668911747e-406
2.761734891121e-408
9.95340437654e-411
3.47939532228e-413
1.179367005735e-415
3.875031396504e-418
1.233808651633e-420
3.80565337077e-423
1.136787037112e-425
3.287412064123e-428
9.20042663048e-431
2.491099559968e-433
6.523051028383e-436
1.651319013955e-438
4.039914799904e-441
9.54797791107e-444
2.17912364688e-446
4.8007945562e-449
1.020541698065e-451
2.092456030983e-454
4.13625474555e-457
7.879463538867e-460
1.445882755718e-462
2.554586236189e-465
4.343685241405e-468
7.104617422326e-471
1.117266485942e-473
1.688458607913e-476
2.45086832019e-479
3.415215267837e-482
4.56616335167e-485
5.854376157488e-488
7.193823890167e-491
8.467135868606e-494
9.5400678407e-497
1.028343241494e-499
1.059796483155e-502
1.043573093896e-505
9.81181838758e-509
8.80246175557e-512
7.529737371985e-515
6.137060671159e-518
4.762338209172e-521
3.515795774758e-524
2.467314879957e-527
1.644622057863e-530
1.040351067409e-533
6.240016840802e-537
3.54560974903e-540
1.906731947004e-543
9.69532549404e-547
4.656668229278e-550
2.110470829598e-553
9.015912412536e-557
3.626475139834e-560
1.371845652586e-563
4.874764483761e-567
1.62514700656e-570
5.076500962187e-574
1.483848338466e-577
4.052893415138e-581
1.032914875124e-584
2.452645750703e-588
5.41746328135e-592
1.111319329848e-595
2.113603568388e-599
3.720293325409e-603
6.049118166155e-607
9.068243143632e-611
1.250793452951e-614
1.583988327556e-618
1.837592801888e-622
1.948299046134e-626
1.883200633403e-630
1.655165134087e-634
1.319161920543e-638
9.506256230504e-643
6.175144573372e-647
3.604172545412e-651
1.883631512908e-655
8.782911020882e-660
3.639605782515e-664
1.334923695924e-668
4.314585443776e-673
1.223112143571e-677
3.025928174833e-682
6.497976842457e-687
1.204235350427e-691
1.91403326089e-696
2.591587633936e-701
2.967495840355e-706
2.850869681725e-711
2.278101870563e-716
1.499931915231e-721
8.053153609349e-727
3.485703461734e-732
1.201016650724e-737
3.248110427604e-743
6.787434505864e-749
1.0767039967253e-754
1.270921238566e-760
1.0911397292846e-766
6.637802131491e-773
2.775844603594e-779
7.701946774673e-786
1.359630769688e-792
1.45211150995e-799
8.824745031991e-807
2.827848552385e-814
4.337701815668e-822
2.807094183982e-830
6.459870348017e-839
4.149180624628e-848
5.159365042289e-858
6.773943140951e-869
2.922205135821e-881
2.0199803237629e-896