0.1017157192194652
0.0996229567159718
0.0955656321791257
0.0897871555332692
0.0826219933961398
0.0744636843931484
0.065729267138159
0.0568245624151461
0.0481142452087324
0.0398995823320581
0.0324053372943913
0.0257759272085547
0.0200797004351803
0.0153193582074999
0.0114461424386799
0.0083754350178075
0.0060017688798318
0.0042118067340961
0.00289446347573322
0.00194791935380647
0.00128371763473883
0.00082842966058589
0.00052350509900032
0.000323933948376956
0.000196269579979033
0.000116439622022824
0.000067637836389365
0.000038468848419587
0.0000214214185310992
0.0000116787241172186
6.2335986752289e-6
3.2573636058805e-6
1.66634474658374e-6
8.3449069394831e-7
4.0909344771676e-7
1.96315161697821e-7
9.2214858839794e-8
4.2398325822706e-8
1.90801497399019e-8
8.4039639463345e-9
3.6227595076348e-9
1.52837831481169e-9
6.3101677187349e-10
2.5494808937911e-10
1.0079641947966e-10
3.8994387199747e-11
1.47605796288053e-11
5.4667498793818e-12
1.9808843813601e-12
7.022185847598e-13
2.4352715388465e-13
8.2615671442465e-14
2.7415426343954e-14
8.8986086807729e-15
2.8250114948598e-15
8.7713259507099e-16
2.6633764582065e-16
7.9085511432076e-17
2.2963208916141e-17
6.5194827132947e-18
1.8097211191058e-18
4.9113464747443e-19
1.30302195769201e-19
3.3793748387251e-20
8.5669271516704e-21
2.1226961456959e-21
5.1403651668221e-22
1.2165001857226e-22
2.8132639325718e-23
6.3570587222073e-24
1.4035118669564e-24
3.0273041814268e-25
6.3788357864635e-26
1.3129154053493e-26
2.6394040267245e-27
5.1821732244174e-28
9.9361299248308e-29
1.8603021400135e-29
3.4007243292403e-30
6.0693353451369e-31
1.0574305320969e-31
1.7982993779752e-32
2.9848958268275e-33
4.8351522888061e-34
7.642946636473e-35
1.1787893733605e-35
1.7737419742757e-36
2.6036148814334e-37
3.7277554688094e-38
5.2053964490932e-39
7.0883691319505e-40
9.411836460254e-41
1.2183901103141e-41
1.5375515951286e-42
1.8912577662789e-43
2.2672255909367e-44
2.6485363429547e-45
3.0145842758359e-46
3.3427291084036e-47
3.6105055156718e-48
3.7981101338448e-49
3.8907939914263e-50
3.8807642344237e-51
3.7682573980159e-52
3.5615807179719e-53
3.2761010269114e-54
2.9323515150163e-55
2.553580959832e-56
2.1631532403192e-57
1.7822012613936e-58
1.4278555852302e-59
1.1122301349469e-60
8.421919215138e-62
6.19805092399e-63
4.4324806590212e-64
3.0796723391052e-65
2.0784746374501e-66
1.3623300705374e-67
8.670225472918e-69
5.3567337897868e-70
3.2121857317488e-71
1.8691298941303e-72
1.0551687075239e-73
5.777649397266e-75
3.067810208933e-76
1.579256973795e-77
7.879903189579e-79
3.8100193189627e-80
1.7846940674808e-81
8.096929236295e-83
3.5570012603728e-84
1.5126532209168e-85
6.225415310568e-87
2.4788488946954e-88
9.546867704467e-90
3.5552842293166e-91
1.2798549883047e-92
4.452332317366e-94
1.4963007817436e-95
4.856413038281e-97
1.5217214637808e-98
4.601839716171e-100
1.3426254667929e-101
3.7779124091097e-103
1.0248614382459e-104
2.6793738507726e-106
6.748244935141e-108
1.6366954560186e-109
3.821115122242e-111
8.583781144804e-113
1.8545975526052e-114
3.852250748814e-116
7.689168135208e-118
1.4741608487753e-119
2.713352946535e-121
4.792399528376e-123
8.118362695348e-125
1.3183469786346e-126
2.0511975113679e-128
3.0560859147404e-130
4.357734366342e-132
5.943503112172e-134
7.749122703772e-136
9.652162625812e-138
1.1478474085469e-139
1.3024101438837e-141
1.4090389053567e-143
1.4524719970488e-145
1.425575059788e-147
1.3312126732269e-149
1.1818064428275e-151
9.966480648252e-154
7.977683341746e-156
6.055938920485e-158
4.355848819975e-160
2.965880073959e-162
1.9099057159665e-164
1.1620379954942e-166
6.673211103373e-169
3.613218876103e-171
1.8425486401762e-173
8.839139110287e-176
3.984261241516e-178
1.6853544106615e-180
6.681530725483e-183
2.479209228459e-185
8.597813148209e-188
2.782645141324e-190
8.391709978205e-193
2.354302012159e-195
6.134165189707e-198
1.4816879851209e-200
3.31172118493e-203
6.83585220868e-206
1.3003940386891e-208
2.274856990643e-211
3.651166050225e-214
5.363556691363e-217
7.192878093414e-220
8.78213078296e-223
9.734007651864e-226
9.764436706221e-229
8.835890385859e-232
7.187727265131e-235
5.236716403705e-238
3.403517241655e-241
1.9649385922365e-244
1.0030784572248e-247
4.505523212105e-251
1.7712040711053e-254
6.059020157323e-258
1.7923758531597e-261
4.553953296315e-265
9.863833663688e-269
1.8065585638219e-272
2.772680453556e-276
3.530754100401e-280
3.689378504491e-284
3.124598729598e-288
2.1152770649465e-292
1.1268457763288e-296
4.640210324348e-301
1.4471011499489e-305
3.337816922338e-310
5.538667438389e-315
6.398968882477e-320
4.949246920782e-325
2.443166564145e-330
7.254892328018e-336
1.2021174395192e-341
1.007738352497e-347
3.744033301653e-354
5.111720137309e-361
1.933673679907e-368
1.2704892510333e-376
5.913016613024e-386
1.9313499298832e-397