0.0537048883059181
0.0533955870445385
0.0527823172856666
0.0518755916404327
0.050690802859819
0.0492477892734564
0.0475702825126004
0.0456852589892586
0.043622219866733
0.041412426310932
0.039088117590211
0.036681739101618
0.034225205721368
0.031749223148269
0.02928268632302
0.026852169793108
0.024481520302361
0.02219155717022
0.01999988143125
0.0179207904476173
0.015965290967311
0.0141412005156858
0.0124533246658853
0.0109036961744516
0.009491861184896
0.0082151976461379
0.0070692516826942
0.0060480787825491
0.005144578214316
0.0043508109186907
0.0036582931132957
0.0030582598868677
0.0025418950351034
0.0021005252215838
0.0017257781689603
0.0014097059550308
0.0011448755827071
0.00092442980761632
0.00074212175295293
0.00059232714105954
0.0004700380564595
0.00037084206234714
0.00029089026064225
0.0002268575529775
0.00017589796221891
0.00013559744310702
0.00010392617315893
0.00007919189248185
0.000059995469569518
0.00004518952031239
0.000033840605609008
0.000025195281512596
0.000018650074083541
0.000013725296030319
0.00001004250920564
7.305360535638e-6
5.2834730491868e-6
3.7990524173189e-6
2.7158672239229e-6
1.9302730351387e-6
1.3639718581008e-6
9.582261477049e-7
6.69277220285e-7
4.6474952617044e-7
3.2085308046214e-7
2.202253285443e-7
1.5028012829747e-7
1.0195499736147e-7
6.876818658812e-8
4.6114567042241e-8
3.074394637319e-8
2.0377523595633e-8
1.3428048348047e-8
8.797179797035e-9
5.729839949574e-9
3.7103025657443e-9
2.388599448823e-9
1.5287759366351e-9
9.727700543633e-10
6.153776482335e-10
3.8702385081708e-10
2.4199006540188e-10
1.5042514479156e-10
9.296205669809e-11
5.711532781774e-11
3.4886753846149e-11
2.1185008753669e-11
1.2789577209247e-11
7.676131859999e-12
4.580222737885e-12
2.7169893152474e-12
1.6023066681829e-12
9.394181250765e-13
5.475540743555e-13
3.172846553287e-13
1.8277815042249e-13
1.0467713173862e-13
5.959788371347e-14
3.3733430179099e-14
1.8981912020552e-14
1.0618626068587e-14
5.905337779943e-15
3.2648882515547e-15
1.7944781130574e-15
9.805130422379e-16
5.326145621241e-16
2.8761811024437e-16
1.544052349554e-16
8.240422364803e-17
4.371974632486e-17
2.3059269499638e-17
1.209072207863e-17
6.302266084768e-18
3.265713248125e-18
1.6822679823899e-18
8.614838145572e-19
4.385638804517e-19
2.2194806796193e-19
1.1166102517244e-19
5.584477449788e-20
2.7764707740426e-20
1.3722468437404e-20
6.742157134801e-21
3.293001367827e-21
1.598859382951e-21
7.717077171228e-22
3.70269992992e-22
1.7660629144275e-22
8.373647399279e-23
3.946779567154e-23
1.849224434725e-23
8.612986445354e-24
3.987806896217e-24
1.8353948556518e-24
8.397282070834e-25
3.819096328909e-25
1.7266086446091e-25
7.759565693787e-26
3.466489511074e-26
1.5393950903175e-26
6.795427476005e-27
2.981869838002e-27
1.3006622186124e-27
5.639531516558e-28
2.4306526327325e-28
1.0413646495737e-28
4.434876332055e-29
1.8774034983824e-29
7.900049698814e-30
3.304431634809e-30
1.373906288117e-30
5.678184216209e-31
2.3326656612064e-31
9.525434154453e-32
3.866383516029e-32
1.5599531051405e-32
6.256093035733e-33
2.493896750049e-33
9.881796727519e-34
3.892011271616e-34
1.5236721483338e-34
5.929072544523e-35
2.293286492749e-35
8.81667198331e-36
3.369181228244e-36
1.2797226758817e-36
4.831451654151e-37
1.8130432100268e-37
6.762478051376e-38
2.507085944685e-38
9.238397548364e-39
3.383658800799e-39
1.2317920054883e-39
4.457049919767e-40
1.6029327500451e-40
5.729796119864e-41
2.035717282018e-41
7.188669869243e-42
2.523078365522e-42
8.801615550608e-43
3.051699912024e-43
1.0516405871296e-43
3.601946296866e-44
1.226167481459e-44
4.148616551123e-45
1.39507000244e-45
4.662578530717e-46
1.5487881350331e-46
5.11318832205e-47
1.677736304244e-47
5.471242436349e-48
1.77327769851e-48
5.712079751495e-49
1.828675553243e-49
5.818380240362e-50
1.839876743612e-50
5.782220955692e-51
1.806001396072e-51
5.606050874986e-52
1.7294564877884e-52
5.302418265902e-53
1.6156531693372e-53
4.892492440259e-54
1.4723739021307e-54
4.403621836828e-55
1.308892275588e-55
3.866319921811e-56
1.1349838027243e-56
3.311139830824e-57
9.599737006165e-58
2.765878300468e-58
7.919480003313e-59
2.253450748725e-59
6.37213845268e-60
1.790630496721e-60
5.000440791165e-61
1.387682229744e-61
3.826917172122e-62
1.0487772469684e-62
2.856212112711e-63
7.729804252579e-64
2.07881191085e-64
5.555566696553e-65
1.4753864782628e-65
3.893545707126e-66
1.0210442631439e-66
2.660733824024e-67
6.889910841837e-68
1.772877842424e-68
4.53309453286e-69
1.1517525815381e-69
2.907834970605e-70
7.294980452724e-71
1.818527976051e-71
4.504586842948e-72
1.1087322944196e-72
2.711644835802e-73
6.589779680012e-74
1.59125050524e-74
3.817977479682e-75
9.102336384902e-76
2.156227893028e-76
5.075235892587e-77
1.1869573667403e-77
2.758219524021e-78
6.368466205454e-79
1.461001487508e-79
3.330226095495e-80
7.542259680027e-81
1.697193563262e-81
3.794554746739e-82
8.429216843648e-83
1.860407042506e-83
4.079626864558e-84
8.888367239945e-85
1.924021675102e-85
4.137916121999e-86
8.841673475476e-87
1.877005853587e-87
3.958880847233e-88
8.295683068198e-89
1.727038593985e-89
3.572064903845e-90
7.340088040986e-91
1.498459578775e-91
3.039119808944e-92
6.123599950459e-93
1.2257987097222e-93
2.437709844912e-94
4.81606668855e-95
9.452522352383e-96
1.843082472524e-96
3.570102940144e-97
6.869935890406e-98
1.31328097151e-98
2.493978300438e-99
4.704947194793e-100
8.817407196505e-101
1.641527193823e-101
3.035800789079e-102
5.57716389166e-103
1.0178069762067e-103
1.845126858831e-104
3.322712189077e-105
5.943767089088e-106
1.0561613401748e-106
1.864210796312e-107
3.268532939003e-108
5.692468245192e-109
9.847705714612e-110
1.692205003804e-110
2.888358600825e-111
4.89695608778e-112
8.246601124451e-113
1.379412481507e-113
2.29181934384e-114
3.782076792053e-115
6.19927189124e-116
1.0092715581734e-116
1.632033257169e-117
2.621200156818e-118
4.181365681569e-119
6.624901942825e-120
1.0425109688779e-120
1.629364324291e-121
2.529231964287e-122
3.899316504663e-123
5.970547268053e-124
9.079502668438e-125
1.371287974495e-125
2.056886664701e-126
3.06410417897e-127
4.533196271026e-128
6.660543843215e-129
9.718860635972e-130
1.408373400574e-130
2.026811461555e-131
2.89666470855e-132
4.111200758624e-133
5.794566374973e-134
8.110566683086e-135
1.127341866885e-135
1.55607458756e-136
2.132905722247e-137
2.903190269731e-138
3.924081566043e-139
5.266902907746e-140
7.019778540341e-141
9.29048428911e-142
1.220945132104e-142
1.59328248523e-143
2.064544374299e-144
2.656356811739e-145
3.393714234099e-146
4.305134250563e-147
5.422712433581e-148
6.782046304862e-149
8.421996551905e-150
1.03842541625e-150
1.27126850184e-151
1.545242891271e-152
1.864873820387e-153
2.234555248596e-154
2.658381961995e-155
3.139958986512e-156
3.682192802691e-157
4.287070757263e-158
4.955436937572e-159
5.686774474152e-160
6.479005612674e-161
7.328321795239e-162
8.229056269966e-163
9.17361128936e-164
1.015245068342e-164
1.115416647605e-165
1.216562528785e-166
1.31721966361e-167
1.41580610717e-168
1.510659161185e-169
1.600079741295e-170
1.682381438574e-171
1.755942379906e-172
1.81925771419e-173
1.870990386785e-174
1.910017831144e-175
1.935472313728e-176
1.946772915283e-177
1.943647507332e-178
1.926143566246e-179
1.894627228617e-180
1.849770595086e-181
1.792527895377e-182
1.724101695128e-183
1.645900817984e-184
1.559492042842e-185
1.466547892995e-186
1.368792948039e-187
1.267951078261e-188
1.165695833037e-189
1.063605927078e-190
9.63127386556e-192
8.65543471734e-193
7.71953016733e-194
6.83257353498e-195
6.001555456553e-196
5.231472742399e-197
4.525424096707e-198
3.884760845692e-199
3.309279540192e-200
2.797442909428e-201
2.346616057235e-202
1.953305879073e-203
1.613393276918e-204
1.322349686569e-205
1.07543153648e-206
8.67848372655e-208
6.949023782803e-209
5.520987874568e-210
4.352281708501e-211
3.404227201513e-212
2.641894703729e-213
2.034238906256e-214
1.554074799833e-215
1.17792972258e-216
8.85805350119e-218
6.608799790733e-219
4.891771429053e-220
3.592219225345e-221
2.617016384582e-222
1.891432134802e-223
1.356155665203e-224
9.64620502064e-226
6.806522316115e-227
4.764414438766e-228
3.308284615921e-229
2.278761296353e-230
1.557008431305e-231
1.055292232858e-232
7.09475848056e-234
4.731283782005e-235
3.129610283613e-236
2.05335829451e-237
1.336274629141e-238
8.62534497227e-240
5.522048361004e-241
3.506388999771e-242
2.208255283275e-243
1.379306714977e-244
8.54452386934e-246
5.249565304022e-247
3.198602330285e-248
1.932820478648e-249
1.158270616769e-250
6.88348957078e-252
4.0567680902e-253
2.370922559379e-254
1.37408291507e-255
7.89695328069e-257
4.500387262799e-258
2.543176379034e-259
1.425055879088e-260
7.9178746738e-262
4.362135191659e-263
2.382845007225e-264
1.290598049298e-265
6.9306994425e-267
3.690168917349e-268
1.948008143819e-269
1.019536561905e-270
5.290229129965e-272
2.721434461015e-273
1.387921893633e-274
7.01726542244e-276
3.517211165479e-277
1.747626121253e-278
8.60815322133e-280
4.203147289003e-281
2.034389566666e-282
9.76068284243e-284
4.641993006775e-285
2.188258066823e-286
1.022477816391e-287
4.73545835794e-289
2.173773744828e-290
9.89013477797e-292
4.459816041931e-293
1.993195054107e-294
8.82860278027e-296
3.87556138569e-297
1.686043669016e-298
7.26918306855e-300
3.105817688991e-301
1.315015270529e-302
5.51748267821e-304
2.294020576462e-305
9.45127787981e-307
3.858436282317e-308
1.560811067857e-309
6.25601968945e-311
2.484535174647e-312
9.77646628982e-314
3.811524893653e-315
1.472265138944e-316
5.634222163658e-318
2.136155039089e-319
8.02366086662e-321
2.985681069995e-322
1.100614728311e-323
4.019187013948e-325
1.453924868088e-326
5.209983785436e-328
1.84931617506e-329
6.50213556097e-331
2.264438461685e-332
7.81113610106e-334
2.668741591885e-335
9.03081337253e-337
3.026666370407e-338
1.00463619406e-339
3.302545785469e-341
1.075161565899e-342
3.466350688796e-344
1.106710675339e-345
3.49902794865e-347
1.09547188425e-348
3.396129924344e-350
1.042522031169e-351
3.168784028732e-353
9.53663113095e-355
2.841716092454e-356
8.38374534684e-358
2.448811811185e-359
7.08142819467e-361
2.02732090982e-362
5.745771463942e-364
1.612079005597e-365
4.4773831291e-367
1.230976915141e-368
3.350047288488e-370
9.02432907139e-372
2.406186893139e-373
6.35011571422e-375
1.658666536723e-376
4.287942072359e-378
1.097079878831e-379
2.777884227831e-381
6.96087012994e-383
1.726129078227e-384
4.235747966787e-386
1.028538893017e-387
2.471335202067e-389
5.875561644115e-391
1.382166240371e-392
3.21699662161e-394
7.40809469575e-396
1.687773280527e-397
3.804164716335e-399
8.48258072956e-401
1.87113846214e-402
4.082993928635e-404
8.81316633064e-406
1.881702907654e-407
3.973940181339e-409
8.300953634e-411
1.714968490433e-412
3.504215329503e-414
7.08136178927e-416
1.415203516388e-417
2.796931151552e-419
5.466255663454e-421
1.056398556515e-422
2.018736519806e-424
3.814429811639e-426
7.12626236173e-428
1.31631580944e-429
2.40385513614e-431
4.340003296742e-433
7.74620415306e-435
1.366747664441e-436
2.383809487704e-438
4.109809546486e-440
7.0036077071e-442
1.179654336232e-443
1.963827366731e-445
3.231097279476e-447
5.25384686033e-449
8.44243564525e-451
1.340612487269e-452
2.103613501859e-454
3.261652700397e-456
4.996895873716e-458
7.56371738572e-460
1.131160255101e-461
1.671275777624e-463
2.439430060154e-465
3.517433297301e-467
5.010042785895e-469
7.04880866199e-471
9.79555906561e-473
1.344504573549e-474
1.822615487838e-476
2.440099541342e-478
3.226112981389e-480
4.2120236487e-482
5.430261076965e-484
6.91271428009e-486
8.68867632052e-488
1.07823814979e-489
1.321023663189e-491
1.597790773686e-493
1.90774807028e-495
2.248496121538e-497
2.615840628809e-499
3.003697931349e-501
3.404118644173e-503
3.807448185832e-505
4.202632530445e-507
4.577664432387e-509
4.920150860091e-511
5.217968064584e-513
5.459958425208e-515
5.63661473007e-517
5.74069430126e-519
5.76770821953e-521
5.71623992612e-523
5.58806193096e-525
5.388037706564e-527
5.123815979926e-529
4.805344141946e-531
4.444244021058e-533
4.053104865538e-535
3.644753781376e-537
3.23156266913e-539
2.824843369996e-541
2.434370520343e-543
2.068056328095e-545
1.73178517909e-547
1.42940065306e-549
1.162824835224e-551
9.32280876888e-554
7.36585086655e-556
5.73474312149e-558
4.399373841011e-560
3.32524983127e-562
2.476193473002e-564
1.816526862888e-566
1.312700961135e-568
9.34385259135e-571
6.55075729305e-573
4.523048456213e-575
3.075485613244e-577
2.059240596218e-579
1.357623328769e-581
8.81247395184e-584
5.63157615264e-586
3.54276627412e-588
2.19382502027e-590
1.337132906224e-592
8.02095506022e-595
4.735021419366e-597
2.750598779574e-599
1.572195965281e-601
8.84147172151e-604
4.891531270203e-606
2.662140882941e-608
1.425103176513e-610
7.50331868566e-613
3.885211058606e-615
1.978298811724e-617
9.90482258919e-620
4.875735131429e-622
2.359569210641e-624
1.122495791084e-626
5.248749290256e-629
2.412155526739e-631
1.089411482077e-633
4.834750609467e-636
2.108188939142e-638
9.03141206065e-641
3.800750033424e-643
1.571110838605e-645
6.37858041403e-648
2.54317497821e-650
9.9567640489e-653
3.827402913014e-655
1.444401132775e-657
5.350843410449e-660
1.945628819546e-662
6.94309374416e-665
2.431379372429e-667
8.35429594928e-670
2.816271821203e-672
9.31314579847e-675
3.020815843835e-677
9.60962337442e-680
2.997715025737e-682
9.1690239558e-685
2.749482093159e-687
8.08200760533e-690
2.328482737138e-692
6.57440288796e-695
1.818915451235e-697
4.930423751661e-700
1.30922227966e-702
3.405187448969e-705
8.67376106367e-708
2.163476428462e-710
5.283404100863e-713
1.263078265917e-715
2.955550844034e-718
6.76821958165e-721
1.516608477621e-723
3.324833060107e-726
7.13012097705e-729
1.495502209171e-731
3.06740961948e-734
6.15150683614e-737
1.205995598226e-739
2.310962182595e-742
4.327631140353e-745
7.91852377169e-748
1.415467860818e-750
2.471392327562e-753
4.213977559243e-756
7.01573810455e-759
1.140264840628e-761
1.808875523544e-764
2.800272774331e-767
4.229582968831e-770
6.23183374808e-773
8.95508020726e-776
1.254790611135e-778
1.714086179933e-781
2.282252464502e-784
2.961235314592e-787
3.743410288406e-790
4.609488691495e-793
5.527552369808e-796
6.45372022701e-799
7.33474947914e-802
8.11254948493e-805
8.7301895496e-808
9.13860227932e-811
9.30292258686e-814
9.20734557494e-817
8.85757547916e-820
8.28034979849e-823
7.52007077056e-826
6.63313073171e-829
5.68094290744e-832
4.722883358302e-835
3.810275763971e-838
2.982244002409e-841
2.263811992401e-844
1.666166458575e-847
1.18862599921e-850
8.21648913856e-854
5.501794551538e-857
3.567463920638e-860
2.239284620884e-863
1.360216375206e-866
7.99295328343e-870
4.542089569876e-873
2.495161881585e-876
1.324581394267e-879
6.79257517018e-883
3.36357980866e-886
1.60772813093e-889
7.41473417691e-893
3.298188408912e-896
1.414403124636e-899
5.84528706884e-903
2.326946069676e-906
8.91914782739e-910
3.290192933845e-913
1.167562736719e-916
3.983778662838e-920
1.306341584641e-923
4.114815602381e-927
1.244389813685e-930
3.611187332935e-934
1.005080046911e-937
2.681465502836e-941
6.85366190415e-945
1.677273542272e-948
3.927908785218e-952
8.79699037622e-956
1.883016789522e-959
3.849875344205e-963
7.51327417448e-967
1.398659363187e-970
2.48197236304e-974
4.195445147756e-978
6.75057149417e-982
1.033143732554e-985
1.502815513094e-989
2.076025186644e-993
2.721377432869e-997
3.382289576085e-1001
3.982210964474e-1005
4.437550717793e-1009
4.67595248468e-1013
4.654725603926e-1017
4.373123223235e-1021
3.873696794369e-1025
3.231796806677e-1029
2.536764300198e-1033
1.871333215176e-1037
1.295858976788e-1041
8.41362533191e-1046
5.115549094219e-1050
2.908911768302e-1054
1.544981409288e-1058
7.65374840544e-1063
3.531543277939e-1067
1.515485150354e-1071
6.039038982128e-1076
2.231097468889e-1080
7.62923870485e-1085
2.410478948318e-1089
7.02426404947e-1094
1.884325435842e-1098
4.644244848577e-1103
1.049510822978e-1107
2.169898137807e-1112
4.095408013074e-1117
7.03945525742e-1122
1.099244426139e-1126
1.555389887344e-1131
1.988812295128e-1136
2.291483306794e-1141
2.371926936806e-1146
2.1987221262e-1151
1.819157546418e-1156
1.338644498506e-1161
8.72830475958e-1167
5.022754688423e-1172
2.540233496161e-1177
1.124040625645e-1182
4.331101621291e-1188
1.445826541319e-1193
4.158890553973e-1199
1.024843317955e-1204
2.150042417151e-1210
3.814457352406e-1216
5.681645545029e-1222
7.049805215903e-1228
7.225430771084e-1234
6.060894451152e-1240
4.119438752931e-1246
2.243883960657e-1252
9.67808717339e-1259
3.261638286626e-1265
8.46353562659e-1272
1.6635390661e-1278
2.431845394361e-1285
2.590173268891e-1292
1.963833227117e-1299
1.032157675647e-1306
3.647750059877e-1314
8.367836681844e-1322
1.195550091206e-1329
1.013074973212e-1337
4.801027795341e-1346
1.184554799471e-1354
1.392136701733e-1363
6.960429543036e-1373
1.277273192046e-1382
7.043583005894e-1393
8.790547965625e-1404
1.617408624691e-1415
2.155148584924e-1428
5.282185429911e-1443
6.825925983667e-1461