0.0619709970295567
0.0614960151782134
0.0605569423908035
0.0591751454667819
0.0573816591080184
0.0552160276411083
0.0527248567857331
0.0499601494684726
0.046977508494286
0.043834292427563
0.040587809281081
0.037293625937528
0.034004060351434
0.03076690948335
0.027624449757261
0.0246127298271734
0.0217611587731616
0.0190923775765369
0.016622388703436
0.0143609084627113
0.0123118998339971
0.0104742397549058
0.0088424742416292
0.0074076168266397
0.0061579501198934
0.0050797962416734
0.0041582288161967
0.0033777065615415
0.0027226157368759
0.0021777153824208
0.0017284850938064
0.0013613798100961
0.00106399967394583
0.00082518544976293
0.00063505134506802
0.00048496751056781
0.00036750416827567
0.00027634842045058
0.00020620350809957
0.00015267878331915
0.00011217707737856
0.000081784599627593
0.000059167074225536
0.000042474566739737
0.000030256399871423
0.000021386715084065
0.000015000596979602
0.000010440221101461
7.2101880131236e-6
4.9410386227179e-6
3.3598793164952e-6
2.2670539855697e-6
1.5178601645954e-6
1.0083988081615e-6
6.6475630383209e-7
4.3483158786572e-7
2.8223252791809e-7
1.8176876779301e-7
1.1615997624631e-7
7.365761211548e-8
4.6344843544008e-8
2.8933877760863e-8
1.7923881057479e-8
1.1017330653906e-8
6.71952142322e-9
4.066461065625e-9
2.441798804959e-9
1.4548451237365e-9
8.600741589682e-10
5.0450548069022e-10
2.936333028007e-10
1.6957144554186e-10
9.716428562965e-11
5.5241523021563e-11
3.1162203571435e-11
1.7441855452884e-11
9.686294314306e-12
5.337298848694e-12
2.9179823982797e-12
1.5828489957992e-12
8.519033637208e-13
4.5491844962731e-13
2.4102797568553e-13
1.2670400291447e-13
6.608463092521e-14
3.419763731363e-14
1.7558016858433e-14
8.944102171682e-15
4.5204133963583e-15
2.2667197314657e-15
1.1277008373287e-15
5.566272960974e-16
2.7258861014084e-16
1.3244073644013e-16
6.384166261712e-17
3.0531878921655e-17
1.4486638166749e-17
6.819372398652e-18
3.1847978131335e-18
1.4756314997324e-18
6.783135064734e-19
3.0934093171968e-19
1.3995761980755e-19
6.282113440364e-20
2.7974535126301e-20
1.235849667836e-20
5.416413814912e-21
2.3550449018572e-21
1.0158402657108e-21
4.346985794467e-22
1.845377623291e-22
7.771666429619e-23
3.2469271346204e-23
1.3457302489082e-23
5.533095101924e-24
2.2568383159501e-24
9.131717495868e-25
3.665402659687e-25
1.4595049903837e-25
5.765030262511e-26
2.2589526610801e-26
8.78050697878e-27
3.38560545911e-27
1.2949551686554e-27
4.913286284234e-28
1.8492075034015e-28
6.903871972396e-29
2.5567634867887e-29
9.392394799487e-30
3.422530033721e-30
1.2370877372119e-30
4.435403922416e-31
1.5774020433396e-31
5.564488540429e-32
1.9470575634684e-32
6.757717687065e-33
2.3264087026704e-33
7.943898268564e-34
2.6905432180522e-34
9.038613799953e-35
3.01173073335e-35
9.953590503806e-36
3.262793252393e-36
1.0608214900122e-36
3.420856159648e-37
1.0941171448568e-37
3.47077185209e-38
1.0919889453248e-38
3.407509063902e-39
1.0545788148001e-39
3.236986769927e-40
9.854151843359e-41
2.975161709809e-41
8.908640416963e-42
2.645564226217e-42
7.791618572241e-43
2.2758099600662e-43
6.592340768046e-44
1.893803998828e-44
5.395335882752e-45
1.5243557786683e-45
4.271052254333e-46
1.1867531068359e-46
3.270085057978e-47
8.935669558985e-48
2.421367446518e-48
6.506628106904e-49
1.7338401838887e-49
4.581587791803e-50
1.200529610355e-50
3.119433035478e-51
8.037488553274e-52
2.0535388660699e-52
5.202585945207e-53
1.3069689273408e-53
3.255643013705e-54
8.041362308509e-55
1.9694257289621e-55
4.782582443322e-56
1.1515795024218e-56
2.749347775346e-57
6.508267269995e-58
1.527554275275e-58
3.554831983768e-59
8.202159696443e-60
1.8763748175626e-60
4.255873296296e-61
9.570419060627e-62
2.133741513743e-62
4.716465133518e-63
1.0335958706176e-63
2.24563687013e-64
4.83702350604e-65
1.0329088745882e-65
2.18668470442e-66
4.589293580924e-67
9.548522182226e-68
1.969482942987e-68
4.02706914545e-69
8.162849146375e-70
1.6402319219557e-70
3.267190824059e-71
6.451257870334e-72
1.2627280683811e-72
2.449997438227e-73
4.712014130495e-74
8.983125176263e-75
1.6975514611477e-75
3.179711763631e-76
5.9035942904e-77
1.086435126239e-77
1.981728685801e-78
3.582879600632e-79
6.4204036361e-80
1.1403258944337e-80
2.007366045658e-81
3.502268594724e-82
6.056084525711e-83
1.0378827187315e-83
1.762839357749e-84
2.967423201582e-85
4.950427170861e-86
8.18458010588e-87
1.3410183831057e-87
2.177467464924e-88
3.503815308709e-89
5.587239050539e-90
8.829044392419e-91
1.3825612716674e-91
2.145374468565e-92
3.298857924136e-93
5.026429576749e-94
7.589003225224e-95
1.1353574888214e-95
1.683049317084e-96
2.47212766612e-97
3.597893129263e-98
5.188267481924e-99
7.412873142595e-100
1.0493834647092e-100
1.471833160119e-101
2.045280596751e-102
2.815855360109e-103
3.840820836266e-104
5.190235909862e-105
6.948523359005e-106
9.215805512097e-107
1.2108835108308e-107
1.576132023867e-108
2.032342088382e-109
2.596018564574e-110
3.284870575784e-111
4.117379401503e-112
5.112205260853e-113
6.287427800751e-114
7.659626261287e-115
9.24281884708e-116
1.1047296096156e-116
1.3078398959553e-117
1.533530751812e-118
1.78099191634e-119
2.048590394981e-120
2.333802805142e-121
2.63318324679e-122
2.942374244517e-123
3.256166329695e-124
3.56860910316e-125
3.873173285743e-126
4.162959553946e-127
4.430946166079e-128
4.670263848122e-129
4.874483476273e-130
5.037900084178e-131
5.155795891478e-132
5.224665551581e-133
5.242388682456e-134
5.208337873104e-135
5.123414518918e-136
4.99000969082e-137
4.81189236958e-138
4.594032328988e-139
4.342369296316e-140
4.06354338377e-141
3.764603899207e-142
3.452714364429e-143
3.134870889767e-144
2.817649103317e-145
2.506991854892e-146
2.208046233463e-147
1.925054420158e-148
1.661298915944e-149
1.419099066279e-150
1.19985281928e-151
1.0041154766306e-152
8.317059093205e-154
6.818303023094e-155
5.532138734037e-156
4.442320324255e-157
3.530339223969e-158
2.776530185112e-159
2.161012667932e-160
1.664449628977e-161
1.268620805107e-162
9.568197884691e-164
7.140931222626e-165
5.27345310315e-166
3.853363092257e-167
2.785982428212e-168
1.992963337065e-169
1.410559986997e-170
9.87742762924e-172
6.842973248737e-173
4.690110493425e-174
3.180145719752e-175
2.133167997166e-176
1.415485678332e-177
9.29129989173e-179
6.032900457493e-180
3.874739740018e-181
2.4615775855e-182
1.546774339166e-183
9.61325704431e-185
5.909244359401e-186
3.592515711775e-187
2.16002198392e-188
1.284392529696e-189
7.552743072908e-191
4.392038381744e-192
2.525626057372e-193
1.436152004162e-194
8.075083615605e-196
4.489475714473e-197
2.467929881773e-198
1.341359230076e-199
7.208068065507e-201
3.829485532451e-202
2.01138839048e-203
1.044411053371e-204
5.361088091114e-206
2.720359030703e-207
1.364510949617e-208
6.765360503561e-210
3.315533843144e-211
1.606016320909e-212
7.688925531759e-214
3.638192615186e-215
1.701355434706e-216
7.862825234164e-218
3.591047470357e-219
1.620717208663e-220
7.228054303187e-222
3.185282808941e-223
1.386983347668e-224
5.96726399456e-226
2.536553197828e-227
1.065273795339e-228
4.419882745945e-230
1.811657258891e-231
7.335682479376e-233
2.934184885318e-234
1.159311155802e-235
4.52440133812e-237
1.744028706791e-238
6.6398798295e-240
2.496683126158e-241
9.27140665288e-243
3.400079396266e-244
1.231333748631e-245
4.40339573235e-247
1.554914867637e-248
5.42143273076e-250
1.866343245673e-251
6.343372564671e-253
2.128537335971e-254
7.051079438723e-256
2.305812469917e-257
7.443325064522e-259
2.37172878763e-260
7.459304464626e-262
2.315511629712e-263
7.093993641047e-265
2.144912138512e-266
6.400038774427e-268
1.884470759151e-269
5.47531391394e-271
1.569713510521e-272
4.440197169031e-274
1.239176410967e-275
3.411861378533e-277
9.26734025572e-279
2.48314601036e-280
6.563122967917e-282
1.71102938848e-283
4.399672335349e-285
1.115773936929e-286
2.790628103799e-288
6.882943780334e-290
1.67405375396e-291
4.014797790695e-293
9.49364538797e-295
2.213365333898e-296
5.087441755445e-298
1.152782259202e-299
2.574966606839e-301
5.669531199345e-303
1.230405961669e-304
2.631780572922e-306
5.547852245217e-308
1.152518168105e-309
2.359347005519e-311
4.759158828867e-313
9.45879551553e-315
1.852172274703e-316
3.573050796845e-318
6.79018102865e-320
1.271099827922e-321
2.343719392424e-323
4.256282244402e-325
7.612459288566e-327
1.340787354429e-328
2.325441816102e-330
3.971290694763e-332
6.677411893803e-334
1.105361359735e-335
1.801312340477e-337
2.889555755568e-339
4.562456961488e-341
7.090226765599e-343
1.084383149372e-344
1.632051953295e-346
2.417022641023e-348
3.52200159627e-350
5.049247631043e-352
7.12127750617e-354
9.87981269564e-356
1.348230447326e-357
1.809542681859e-359
2.388510067734e-361
3.100292874734e-363
3.956937706964e-365
4.965460990817e-367
6.125850642378e-369
7.429196870689e-371
8.85620558349e-373
1.037636281521e-374
1.194799597729e-376
1.351941212156e-378
1.503118629606e-380
1.641953414532e-382
1.762054977663e-384
1.857494600736e-386
1.923282485569e-388
1.955795410202e-390
1.953104567001e-392
1.915162652993e-394
1.843825251466e-396
1.74270172358e-398
1.616852102623e-400
1.472365459772e-402
1.315868878319e-404
1.15402248797e-406
9.93054269639e-409
8.38379273336e-411
6.943334454634e-413
5.640351527819e-415
4.493706255932e-417
3.510854595894e-419
2.689547546117e-421
2.020001600687e-423
1.487227807716e-425
1.073255350553e-427
7.59056624174e-430
5.260607094997e-432
3.572172491307e-434
2.376333348185e-436
1.548472275706e-438
9.88240362731e-441
6.176265657989e-443
3.779496032204e-445
2.264257650219e-447
1.327823768694e-449
7.62106073954e-452
4.280432462042e-454
2.352301885759e-456
1.264639246904e-458
6.650319417242e-461
3.42021726389e-463
1.720015353978e-465
8.45686658872e-468
4.064575699093e-470
1.90931917119e-472
8.76450414669e-475
3.930868247596e-477
1.722216065316e-479
7.36969199576e-482
3.079618760351e-484
1.256471535395e-486
5.004231147808e-489
1.945229069856e-491
7.3785531072e-494
2.730585619417e-496
9.85689760266e-499
3.470075204618e-501
1.191145059934e-503
3.985924139492e-506
1.299995997791e-508
4.131541318626e-511
1.279222881019e-513
3.857888881538e-516
1.1329905853e-518
3.239500277538e-521
9.01581945597e-524
2.44177942531e-526
6.433961631555e-529
1.648983247365e-531
4.109725290735e-534
9.95770379853e-537
2.345009296011e-539
5.36606505241e-542
1.192829139062e-544
2.575101019284e-547
5.397399826116e-550
1.098063573988e-552
2.167698597498e-555
4.151187609999e-558
7.70937089672e-561
1.388056510516e-563
2.422160294648e-566
4.095145554717e-569
6.706052727983e-572
1.063293896795e-574
1.631860582968e-577
2.423303273632e-580
3.480775107385e-583
4.834292442574e-586
6.48963991162e-589
8.41739214943e-592
1.054481175165e-594
1.275368856294e-597
1.488662114896e-600
1.67626852657e-603
1.820111308131e-606
1.904911718676e-609
1.920815653599e-612
1.865251567869e-615
1.743542113342e-618
1.568080876219e-621
1.356245372467e-624
1.127533949604e-627
9.00585709245e-631
6.907193776073e-634
5.084296563821e-637
3.589867447308e-640
2.429986563345e-643
1.576015931881e-646
9.78803363591e-650
5.817662365387e-653
3.307142109295e-656
1.796942857257e-659
9.32633344188e-663
4.620544736863e-666
2.183650272713e-669
9.83726103656e-673
4.221347914675e-676
1.724206523912e-679
6.698140670217e-683
2.472871996705e-686
8.6691475574e-690
2.883450536846e-693
9.09143434474e-697
2.714853990437e-700
7.671008720537e-704
2.048966905165e-707
5.168500536822e-711
1.229978442839e-714
2.7585105914e-718
5.82399413584e-722
1.156230400035e-725
2.155933598515e-729
3.771079116772e-733
6.179982765342e-737
9.47614349912e-741
1.357713943827e-744
1.815113031278e-748
2.260892330619e-752
2.619830154439e-756
2.819631338482e-760
2.813956217751e-764
2.599544419566e-768
2.21895455595e-772
1.74683695235e-776
1.265766440563e-780
8.42474790127e-785
5.139549094021e-789
2.867314614371e-793
1.459408852836e-797
6.760006128271e-802
2.842150969987e-806
1.081629782512e-810
3.71516806957e-815
1.148190064021e-819
3.182558042903e-824
7.884535968203e-829
1.7395403927e-833
3.404679793193e-838
5.887365181662e-843
8.95515654683e-848
1.192645700249e-852
1.383808221304e-857
1.391407164041e-862
1.20549572694e-867
8.944227128906e-873
5.645608174201e-878
3.009975313814e-883
1.345035057316e-888
4.995342883482e-894
1.527816629379e-899
3.80970080816e-905
7.660153929144e-911
1.226974928837e-916
1.544707687558e-922
1.50582936198e-928
1.117802949655e-934
6.200893760477e-941
2.516579677828e-947
7.293168117624e-954
1.467888074519e-960
1.986772922998e-967
1.741433925522e-974
9.453289936179e-982
3.012417407772e-989
5.278990001094e-997
4.691141518166e-1005
1.907074284231e-1013
3.100161520591e-1022
1.679739385393e-1031
2.343244195992e-1041
5.697961085062e-1052
1.2651068635319e-1063
7.379304608219e-1077
4.491798174296e-1093