0.0618268191547497
0.0613551401503618
0.0604225473065506
0.0590501626062356
0.057268669781192
0.0551171743023886
0.0526417775528292
0.0498939377167793
0.046928698602225
0.043802871146713
0.040573250715652
0.037294946845037
0.034019891501019
0.030795578181756
0.027664068395231
0.0246612853998185
0.0218165987482333
0.0191526881639991
0.0166856624431789
0.0144253990130588
0.0123760628311133
0.010536759549526
0.0089022771449579
0.0074638721684874
0.0062100609137841
0.005127381555865
0.004201100074028
0.0034158399595047
0.0027561228033984
0.00220681343857
0.001753469054336
0.0013825964128978
0.00108182487727839
0.00084000541299127
0.00064724712686593
0.00049490338884488
0.00037551931265214
0.00028275153003915
0.00021126995989861
0.00015664981230996
0.00011526051967204
0.000084156765569971
0.000060975370535967
0.000043840547819163
0.000031278992057042
0.000022145418990411
0.000015558528803132
0.000010846901839822
7.5040290491153e-6
5.1515030018019e-6
3.5093208814105e-6
2.372252290947e-6
1.5912789476073e-6
1.0592009576766e-6
6.9960991170186e-7
4.5854081596593e-7
2.9822455331508e-7
1.9246467007628e-7
1.2325363063652e-7
7.83228231627e-8
4.9387343661947e-8
3.0901567883983e-8
1.9185876505488e-8
1.182000893389e-8
7.225829718054e-9
4.3831880686356e-9
2.6382967167662e-9
1.5757487892484e-9
9.338535696907e-10
5.4915843894533e-10
3.2043667595014e-10
1.8552866959084e-10
1.0658661160989e-10
6.075970147784e-11
3.436754185872e-11
1.9288553745568e-11
1.0741568148233e-11
5.935413600845e-12
3.2542281045459e-12
1.7703417268277e-12
9.556012617376e-13
5.11805772458e-13
2.719824251718e-13
1.4341085300125e-13
7.502862839333e-14
3.8947006261882e-14
2.0059564059071e-14
1.0251029119679e-14
5.197688130443e-15
2.6148568990459e-15
1.3052050838388e-15
6.463992559915e-16
3.1762327361388e-16
1.5485001808686e-16
7.490240261893e-17
3.5947097657991e-17
1.7116443685383e-17
8.086169941463e-18
3.7900924056162e-18
1.7625128652249e-18
8.13182999066e-19
3.7223370398469e-19
1.6904891751015e-19
7.616864959007e-20
3.4049059520496e-20
1.510069048306e-20
6.644298056944e-21
2.900412659913e-21
1.2561069264108e-21
5.396936202424e-22
2.3004855671906e-22
9.728389977403e-23
4.081401423403e-23
1.6987214077477e-23
7.014183436074e-24
2.873239105895e-24
1.167625744321e-24
4.707283217582e-25
1.8826486376788e-25
7.469610893519e-26
2.940044466226e-26
1.1479803766306e-26
4.446692332597e-27
1.7086736865811e-27
6.513253320666e-28
2.4629235230757e-28
9.238794515351e-29
3.43786163101e-29
1.2690169890196e-29
4.64675383869e-30
1.6878439300742e-30
6.081524670691e-31
2.1736387985602e-31
7.706445742409e-32
2.7102528806715e-32
9.454781983701e-33
3.271721170496e-33
1.1230035529236e-33
3.823517219101e-34
1.2912757973144e-34
4.325595969938e-35
1.437278026136e-35
4.736967429475e-36
1.548537220877e-36
5.021128860251e-37
1.6148655057241e-37
5.15137774437e-38
1.6298935233529e-38
5.114940531153e-39
1.5920773157199e-39
4.915034787607e-40
1.5049585898451e-40
4.570404358068e-41
1.3766178644045e-41
4.112419684919e-42
1.2184374316265e-42
3.580365012062e-43
1.0434367056636e-43
3.015894082643e-44
8.645171958049e-45
2.457735485428e-45
6.929420943762e-46
1.9375609234127e-46
5.372874496224e-47
1.4775670219849e-47
4.029703337633e-48
1.0898846860986e-48
2.923248817303e-49
7.775438816922e-50
2.0509450907297e-50
5.364746836443e-51
1.3915747799103e-51
3.579496949052e-52
9.130436817496e-53
2.309463887001e-53
5.792643145209e-54
1.4407354381022e-54
3.553279919931e-55
8.689767264356e-56
2.1072506577559e-56
5.066981719094e-57
1.2081011199277e-57
2.856102158599e-58
6.695088879506e-59
1.5561330956903e-59
3.586249544264e-60
8.194702737687e-61
1.8566085968267e-61
4.170589581761e-62
9.28880722875e-63
2.051177602585e-63
4.490790413154e-64
9.747962832128e-65
2.097837357506e-65
4.476018969974e-66
9.468243546505e-67
1.985635508836e-67
4.128358678919e-68
8.509386181135e-69
1.7388297634744e-69
3.522483620724e-70
7.074064454712e-71
1.4083550224984e-71
2.77954263014e-72
5.438103962235e-73
1.0547014074341e-73
2.027749201242e-74
3.86452791671e-75
7.300807870577e-76
1.3672010297336e-76
2.537905853247e-77
4.669764282535e-78
8.516974370848e-79
1.5397181178551e-79
2.759034476621e-80
4.900355090772e-81
8.626744584073e-82
1.5052536939285e-82
2.603215992108e-83
4.462135678678e-84
7.580566995754e-85
1.2763835624574e-85
2.129979921053e-86
3.522725227056e-87
5.774110608632e-88
9.379691859748e-89
1.5100217981053e-89
2.409145456688e-90
3.809096111552e-91
5.968343940227e-92
9.267286971839e-93
1.4259754511995e-93
2.174332313788e-94
3.285397675469e-95
4.919169643996e-96
7.298457993789e-97
1.0729993695212e-97
1.563113084661e-98
2.256302880275e-99
3.227111025951e-100
4.573338232478e-101
6.421684863701e-102
8.934169931007e-103
1.2315221594791e-103
1.681923573385e-104
2.275828028984e-105
3.050948570863e-106
4.052151237046e-107
5.331933475966e-108
6.950644366565e-109
8.976346013603e-110
1.1484209940209e-110
1.455534422043e-111
1.827495867237e-112
2.272979849124e-113
2.80048123738e-114
3.417906957589e-115
4.132100022293e-116
4.948310178164e-117
5.869632749e-118
6.89644438066e-119
8.025870646127e-120
9.251325071204e-121
1.0562161330609e-121
1.1943479478942e-122
1.337612265675e-123
1.483689256949e-124
1.629900035104e-125
1.773275475736e-126
1.910647293863e-127
2.038758158539e-128
2.154385954312e-129
2.254475863216e-130
2.336272890912e-131
2.39744692209e-132
2.436202447733e-133
2.451365791408e-134
2.442443943709e-135
2.409650903936e-136
2.353899582972e-137
2.276759659043e-138
2.18038409549e-139
2.067409124506e-140
1.940834192931e-141
1.803889516522e-142
1.659899413959e-143
1.512149469709e-144
1.363764846976e-145
1.217605834771e-146
1.0761851054359e-147
9.416093446662e-149
8.155460657384e-150
6.992146918575e-151
5.933995174748e-152
4.984810353469e-153
4.144813924184e-154
3.411194224663e-155
2.778707665204e-156
2.240289728017e-157
1.78764085936e-158
1.411760013758e-159
1.10340687651e-160
8.534818857311e-162
6.533204788999e-163
4.949040717014e-164
3.709949031838e-165
2.752049934598e-166
2.020111466331e-167
1.467283860514e-168
1.054536878466e-169
7.499066192348e-171
5.276418797894e-172
3.673218612153e-173
2.529987883388e-174
1.72402226143e-175
1.162274174661e-176
7.751826364263e-178
5.114669356056e-179
3.338392752599e-180
2.155518727925e-181
1.37672993092e-182
8.697937314363e-184
5.435534378976e-185
3.35980807418e-186
2.054095540624e-187
1.242076543081e-188
7.428226457547e-190
4.393578307082e-191
2.570013324714e-192
1.486700038662e-193
8.504903869913e-195
4.811279054619e-196
2.691433565159e-197
1.488762962753e-198
8.142783923337e-200
4.403645090779e-201
2.354670964896e-202
1.2448385578e-203
6.506493118701e-205
3.362158645868e-206
1.717563275681e-207
8.67394220236e-209
4.330273638671e-210
2.136952581559e-211
1.042415181705e-212
5.026183282412e-214
2.395372169071e-215
1.128313993878e-216
5.252841993651e-218
2.416857557369e-219
1.09896780645e-220
4.938337860518e-222
2.192921730421e-223
9.62268847716e-225
4.172391141367e-226
1.78761131439e-227
7.567365872695e-229
3.165073919897e-230
1.30789917405e-231
5.339487988025e-233
2.1534927826e-234
8.58003507657e-236
3.37691226526e-237
1.312860719833e-238
5.041602961171e-240
1.912284634054e-241
7.163957291571e-243
2.650650690057e-244
9.68575357439e-246
3.495247478903e-247
1.245569839604e-248
4.383144144246e-250
1.523044737256e-251
5.225530230759e-253
1.770191544903e-254
5.920570866755e-256
1.954975835545e-257
6.372863059582e-259
2.050802724456e-260
6.514631305868e-262
2.042738763337e-263
6.322270134997e-265
1.931303440105e-266
5.82270870527e-268
1.732512395103e-269
5.087258887229e-271
1.474099529629e-272
4.214871533963e-274
1.18914642885e-275
3.310232407893e-277
9.09143194115e-279
2.463400648693e-280
6.584834434154e-282
1.736359333643e-283
4.516447543515e-285
1.158762475128e-286
2.932305521349e-288
7.318437953949e-290
1.801352775693e-291
4.372471106803e-293
1.046596534288e-294
2.470199035299e-296
5.748583266582e-298
1.318990310458e-299
2.98366269005e-301
6.653656561451e-303
1.462677329132e-304
3.169486308256e-306
6.769488997907e-308
1.425029164306e-309
2.956421979104e-311
6.04446099458e-313
1.217785061981e-314
2.417568351391e-316
4.728842121398e-318
9.11321053461e-320
1.730218094653e-321
3.236049756473e-323
5.961920438864e-325
1.081895373602e-326
1.933675587052e-328
3.403706375756e-330
5.900125381717e-332
1.007120225867e-333
1.692708797502e-335
2.801132511387e-337
4.563571047314e-339
7.31921827252e-341
1.155531876818e-342
1.795662866401e-344
2.746383994316e-346
4.133889868138e-348
6.123292075973e-350
8.92496177083e-352
1.279939938632e-353
1.805929552969e-355
2.50671974547e-357
3.422708508455e-359
4.596827505573e-361
6.072049052188e-363
7.88797121105e-365
1.007655658053e-366
1.265724406909e-368
1.56318114527e-370
1.897951681926e-372
2.265316022603e-374
2.657675250878e-376
3.064543001744e-378
3.472809700999e-380
3.867301345845e-382
4.231619768451e-384
4.549212348812e-386
4.804581868005e-388
4.984518082046e-390
5.079217520794e-392
5.083160988275e-394
4.995640399504e-396
4.820865697282e-398
4.567633223507e-400
4.248591338239e-402
3.879188664785e-404
3.47642723886e-406
3.057561490663e-408
2.638882149367e-410
2.234703232177e-412
1.856634865578e-414
1.513181505476e-416
1.209661582851e-418
9.4840735054e-421
7.291774939705e-423
5.497021242366e-425
4.062797742104e-427
2.9435657155e-429
2.090352014644e-431
1.454815660808e-433
9.92165937257e-436
6.629681598745e-438
4.339867665742e-440
2.782777134617e-442
1.747593262835e-444
1.074739861723e-446
6.471540148123e-449
3.814983255067e-451
2.201389307542e-453
1.243248546431e-455
6.870885706059e-458
3.71532661244e-460
1.96537625021e-462
1.016934100046e-464
5.146018196912e-467
2.546321473196e-469
1.231826519445e-471
5.825191792619e-474
2.692304479393e-476
1.215959772829e-478
5.365646418956e-481
2.312907663624e-483
9.73761010682e-486
4.003386968217e-488
1.606963161982e-490
6.296631189985e-493
2.407987019533e-495
8.98590561351e-498
3.271510710292e-500
1.161794271574e-502
4.023636433927e-505
1.3587190449e-507
4.47273727364e-510
1.435026076071e-512
4.486392238471e-515
1.366446217922e-517
4.053693583989e-520
1.171051379883e-522
3.293590137537e-525
9.01637415926e-528
2.401936415166e-530
6.22522327874e-533
1.569303677355e-535
3.846897156341e-538
9.16762050592e-541
2.123411146705e-543
4.778921181265e-546
1.044789361847e-548
2.218264569647e-551
4.572609098274e-554
9.14869325414e-557
1.776127310894e-559
3.344895252375e-562
6.108790699862e-565
1.081584870647e-567
1.855941640281e-570
3.085527374155e-573
4.968394968098e-576
7.74607740396e-579
1.168909818995e-581
1.706730899403e-584
2.41036192481e-587
3.291377557112e-590
4.344033292672e-593
5.539453508804e-596
6.822347638993e-599
8.11194670898e-602
9.30825065137e-605
1.030353682129e-607
1.099763749107e-610
1.131416971996e-613
1.121417483404e-616
1.070384993504e-619
9.83428749143e-623
8.69307460486e-626
7.389653285804e-629
6.037850237548e-632
4.739477434949e-635
3.572277877515e-638
2.584031693316e-641
1.792889859599e-644
1.192536982129e-647
7.59986002039e-651
4.6376858963e-654
2.70831275128e-657
1.512623213168e-660
8.07462914038e-664
4.11710654217e-667
2.003776334443e-670
9.30241461233e-674
4.11646650146e-677
1.735082514253e-680
6.960769362388e-684
2.655835229959e-687
9.62956944137e-691
3.315270623122e-694
1.082856601767e-697
3.352622753896e-701
9.83037438492e-705
2.72724574869e-708
7.152062693774e-712
1.771174217002e-715
4.137802295786e-719
9.10955084171e-723
1.887848833065e-726
3.678645071214e-730
6.732070367603e-734
1.155634500186e-737
1.858466713908e-741
2.796289449558e-745
3.931074218942e-749
5.156176417149e-753
6.300759279164e-757
7.1621255983e-761
7.56106272994e-765
7.401069836022e-769
6.705404284047e-773
5.61292858377e-777
4.332799164331e-781
3.078260434508e-785
2.008646761662e-789
1.201225447247e-793
6.568773989773e-798
3.276805002916e-802
1.487438574366e-806
6.127869595833e-811
2.284871866915e-815
7.688315140331e-820
2.327462991664e-824
6.3183901429e-829
1.532886772513e-833
3.311408765305e-838
6.345079021904e-843
1.073989061909e-847
1.598833148437e-852
2.083639503386e-857
2.365349112568e-862
2.32651326474e-867
1.971374550062e-872
1.43025961423e-877
8.825995120973e-883
4.599436601805e-888
2.008478067764e-893
7.287664263637e-899
2.177087503625e-904
5.30106176945e-910
1.040532513176e-915
1.626564111278e-921
1.997845212382e-927
1.89943555194e-933
1.374643147887e-939
7.431656703561e-946
2.938095003468e-952
8.290808479229e-959
1.623988743994e-965
2.138015970328e-972
1.821718670023e-979
9.606806063681e-987
2.971723465309e-994
5.05096482247e-1002
4.3492314922e-1010
1.711295299519e-1018
2.688992466905e-1027
1.406046341124e-1036
1.889128063268e-1046
4.41289545593e-1057
9.37849652224e-1069
5.207451036991e-1082
2.985643207188e-1098