0.1236090209985691
0.1198633774527965
0.112708823489323
0.1027689258803908
0.090864525508888
0.0779023243794743
0.0647624916282927
0.0522042718879294
0.0408026979482244
0.0309215847137248
0.022720244754105
0.0161856344701348
0.0111788634640939
0.00748516173433225
0.00485873726164574
0.00305735635335754
0.00186487403732931
0.001102586697538097
0.000631849185758435
0.000350935893328664
0.000188899438075538
0.000098536125531338
0.0000498074408193882
0.0000243948104319133
0.000011576418591146
5.32221175725118e-6
2.37037649217326e-6
1.02262015324327e-6
4.27313131975047e-7
1.72931651714056e-7
6.77733566661881e-8
2.57192352216212e-8
9.4499239672404e-9
3.36143557019652e-9
1.15744616952009e-9
3.85751793622501e-10
1.24421695138404e-10
3.88341116946754e-11
1.17275158206346e-11
3.42624583661847e-12
9.6826321362729e-13
2.64649713991911e-13
6.9950565332874e-14
1.787679094365e-14
4.41673279939737e-15
1.05477189554945e-15
2.43440223106026e-16
5.4291373686457e-17
1.16976912125032e-17
2.4345806303977e-18
4.8935541109073e-19
9.4977341594444e-20
1.7796218519611e-20
3.21856128127812e-21
5.6173803929884e-22
9.459167677298e-23
1.53647463681846e-23
2.40688213294202e-24
3.6353140590859e-25
5.2927885072431e-26
7.4263845842173e-27
1.00395056593204e-27
1.30730746969174e-28
1.63930182679128e-29
1.978963291314e-30
2.29928379241578e-31
2.57038537889985e-32
2.7639222965069e-33
2.8578709727916e-34
2.8406121400463e-35
2.7132702333957e-36
2.4896654695594e-37
2.19384763927082e-38
1.85581906260756e-39
1.50650305047929e-40
1.17313042041337e-41
8.75983950415e-43
6.269689821072e-44
4.2994916794369e-45
2.8237407946599e-46
1.77532923241491e-47
1.06802891879259e-48
6.1451792100953e-50
3.3800599493666e-51
1.77638317579126e-52
8.9155535620345e-54
4.2709947351141e-55
1.9518245687411e-56
8.5042787803079e-58
3.5307317947578e-59
1.39591611043366e-60
5.252292843518e-62
1.8795404017865e-63
6.3925715108119e-65
2.0649916214259e-66
6.3309126564446e-68
1.8407494530697e-69
5.071847999668e-71
1.32321699290073e-72
3.266072894237e-74
7.6203194338971e-76
1.6791156725861e-77
3.4909216845704e-79
6.8411162199409e-81
1.2624057955921e-82
2.1912672873358e-84
3.5738445013664e-86
5.4703936970528e-88
7.8491157479034e-90
1.0543751826157e-91
1.3242499324494e-93
1.5529107005548e-95
1.6978436940629e-97
1.7280894455524e-99
1.6347905365172e-101
1.4350290363187e-103
1.1668093089118e-105
8.7715737765661e-108
6.0848266766734e-110
3.8870488418636e-112
2.2816582532948e-114
1.227844206258e-116
6.0428553415699e-119
2.7128600941702e-121
1.1079213967506e-123
4.1041252952995e-126
1.3747147599361e-128
4.1499555991775e-131
1.1250474927891e-133
2.7286082415988e-136
5.8962732209504e-139
1.1302289001871e-141
1.9126759859541e-144
2.8429273076944e-147
3.6907188498636e-150
4.1594156431182e-153
4.0424073093356e-156
3.3632977847139e-159
2.3763997233247e-162
1.4133368988402e-165
7.005836193844e-169
2.8627252934413e-172
9.524347362809e-176
2.5442538090565e-179
5.370989334784e-183
8.798420208374e-187
1.0951162477996e-190
1.0104842222162e-194
6.713950309778e-199
3.10223733642e-203
9.554640714679e-208
1.8611724826754e-212
2.145271492199e-217
1.3416166438893e-222
4.049242502112e-228
4.99848827544e-234
1.9669442285295e-240
1.6349596890842e-247
1.3041535939871e-255
1.3129305397434e-265