0.22792088322788107
0.20490871177338485
0.16559981501591423
0.12027508931592495
0.07847783981190351
0.045978813889354174
0.0241732521041189
0.011395877807434486
0.004812868705752717
0.0018190665842030764
0.000614553726972195
0.00018533007239769118
0.00004981271596855145
0.00001191232924731893
2.5297850142327705e-6
4.760767641836999e-7
7.920499353876343e-8
1.1619214278627463e-8
1.4986355561050978e-9
1.6940433392992634e-10
1.6723593784919278e-11
1.4362003723050517e-12
1.068318855139861e-13
6.850149207931426e-15
3.7660828360044305e-16
1.7647313333962555e-17
7.001068361030381e-19
2.3339160328684054e-20
6.482735757989897e-22
1.4859465721519632e-23
2.780009179112668e-25
4.19178025918715e-27
5.019934094427988e-29
4.693558872978025e-31
3.35745818482703e-33
1.7934288277345965e-35
6.945640108300159e-38
1.8803612804682105e-40
3.3979613434850317e-43
3.859958997824129e-46
2.542588333949611e-49
8.668622708166729e-53
1.29026307367395e-56
6.340884055269703e-61
6.048791108600088e-66
2.904278079328489e-72