0.0499867345471564
0.0497372769467403
0.049242089644916
0.0485085357598019
0.0475474314887231
0.046372780804523
0.0450014360813122
0.0434526961399318
0.041747855101308
0.039909716761928
0.037962089916877
0.035929280140596
0.033835593013004
0.031704862696817
0.029560018203844
0.027422697726717
0.02531291916481
0.023248812553714
0.021246417632106
0.01931954735869
0.017479715925206
0.0157361277841622
0.014095722488718
0.0125632687735285
0.0111415003149629
0.0098312850022615
0.0086318193147058
0.0075408395044619
0.0065548416883673
0.0056693036032752
0.0048789016217775
0.0041777175994025
0.0035594311731431
0.003017494200914
0.0025452850749588
0.0021362416198087
0.0017839721662746
0.0014823451552693
0.0012255582558479
0.0010081884756472
0.0008252251008386
0.00067208753453778
0.00054463021954966
0.00043913684864818
0.0003523060003951
0.00028123020849193
0.00022337029518765
0.00017652659053064
0.0001388084337317
0.00010860312296979
0.00008454525571287
0.000065487190812253
0.000050471171817148
0.000038703481681647
0.00002953085407843
0.000022419246210161
0.000016934981489031
0.000012728196054268
9.51846855984e-6
7.08247540083e-6
5.2434908387846e-6
3.8625406464771e-6
2.8310163853017e-6
2.0645629521504e-6
1.4980625690873e-6
1.0815522267704e-6
7.769273268853e-7
5.553007876154e-7
3.9490333333688e-7
2.7942647285447e-7
1.9672436518386e-7
1.3780412591705e-7
9.604601654978e-8
6.660535711242e-8
4.5956952765047e-8
3.1550419240604e-8
2.1551151126271e-8
1.4646937003662e-8
9.904526724253e-9
6.663935422198e-9
4.461054479844e-9
2.9713480240109e-9
1.9691477894264e-9
1.2984087633682e-9
8.518290264839e-10
5.560333388683e-10
3.6112383449695e-10
2.3335543284273e-10
1.5003259927936e-10
9.59751524401e-11
6.108533337064e-11
3.868294598072e-11
2.4372836665597e-11
1.5279039078676e-11
9.529912412321e-12
5.914038557608e-12
3.651583488022e-12
2.2432600256917e-12
1.371130380373e-12
8.338311035848e-13
5.045184718604e-13
3.0372121671665e-13
1.8191633560385e-13
1.0840921523362e-13
6.427736324937e-14
3.791810884683e-14
2.2255197587737e-14
1.299606305831e-14
7.550698510126e-15
4.36472415852e-15
2.5102686953893e-15
1.4364044093113e-15
8.177597504037e-16
4.631978970363e-16
2.6103493367219e-16
1.4635960944221e-16
8.164578249043e-17
4.531432481354e-17
2.5022220640346e-17
1.3746878417657e-17
7.513971829428e-18
4.086218427659e-18
2.2108508660777e-18
1.1900973180108e-18
6.373675681694e-19
3.396105658249e-19
1.8003438477243e-19
9.495373166096e-20
4.982533197601e-20
2.6011728819017e-20
1.3510404377953e-20
6.981469525475e-21
3.589252090547e-21
1.8358573660827e-21
9.342239693886e-22
4.729763223021e-22
2.3823378056991e-22
1.1938287983603e-22
5.951887806365e-23
2.952164834529e-23
1.456796365531e-23
7.152019139751e-24
3.493246597814e-24
1.6974608205659e-24
8.206148731857e-25
3.946819694493e-25
1.8885245173166e-25
8.990100778556e-26
4.257672308474e-26
2.0060640120101e-26
9.403323061657e-27
4.385115853317e-27
2.0344314136841e-27
9.390017827822e-28
4.311717235226e-28
1.9696711368536e-28
8.951500909555e-29
4.047210370143e-29
1.8204240365174e-29
8.146016450326e-30
3.62637752073e-30
1.6060343071836e-30
7.076031416244e-31
3.101536289364e-31
1.352431275795e-31
5.866834067932e-32
2.531871711554e-32
1.0869958927359e-32
4.642601872674e-33
1.9726104268796e-33
8.338089516213e-34
3.506195484336e-34
1.4667261432148e-34
6.103855695748e-35
2.526974020454e-35
1.0407287714354e-35
4.2639644282e-36
1.7379119496344e-36
7.046591569453e-37
2.84227769783e-37
1.1404832931453e-37
4.552451105776e-38
1.8077339597944e-38
7.140942282128e-39
2.806126317911e-39
1.0969542129063e-39
4.265778173938e-40
1.6501955311262e-40
6.350366602175e-41
2.431013182832e-41
9.257630065348e-42
3.506995288397e-42
1.3215763140334e-42
4.954158074538e-43
1.847425188086e-43
6.853021276005e-44
2.528799182402e-44
9.282446701817e-45
3.389418966561e-45
1.2311232077075e-45
4.448258815338e-46
1.5987834099519e-46
5.716089945336e-47
2.032905001723e-47
7.191880963388e-48
2.530894438162e-48
8.859525421577e-49
3.084966955996e-49
1.0685453088878e-49
3.681598841362e-50
1.2617688646301e-50
4.301517385075e-51
1.4586825906871e-51
4.920348429695e-52
1.650918178754e-52
5.509961440724e-53
1.829209992027e-53
6.040449191696e-54
1.984103090987e-54
6.482569978598e-55
2.106768530013e-55
6.8103855577e-56
2.189830378239e-56
7.003768404665e-57
2.228097633009e-57
7.0504430079e-58
2.21910036409e-58
6.947273960615e-59
2.163353215078e-59
6.700613164906e-60
2.064307229482e-60
6.325652886373e-61
1.927996183075e-61
5.844876220845e-62
1.762427823703e-62
5.285824821248e-63
1.57680546636e-63
4.678492170538e-64
1.3806851135988e-64
4.052684736051e-65
1.1831748559152e-65
3.435670114133e-66
9.922677359318e-67
2.850359486569e-67
8.14370837127e-68
2.314168877643e-68
6.540584848189e-69
1.838591514288e-69
5.140430301401e-70
1.429412812214e-70
3.953286098655e-71
1.0874257140592e-71
2.974953079364e-72
8.094652205147e-73
2.190545061745e-73
5.895769273069e-74
1.578197728301e-74
4.201586831616e-75
1.1124861348909e-75
2.929567682412e-76
7.672527483179e-77
1.998470172694e-77
5.177015855025e-78
1.333773922017e-78
3.417465497102e-79
8.708503366718e-80
2.20698127347e-80
5.562471153964e-81
1.39427726968e-81
3.475689867788e-82
8.616712798116e-83
2.124463003738e-83
5.209090447582e-84
1.270217239132e-84
3.080318921346e-85
7.428705307027e-86
1.78167515225e-86
4.249521519605e-87
1.0079658559193e-87
2.377628730776e-88
5.577413368232e-89
1.301098974628e-89
3.018385240803e-90
6.963441805425e-91
1.597556718829e-91
3.64476701256e-92
8.269180932232e-93
1.865660135164e-93
4.18579496627e-94
9.338923367137e-95
2.071987645129e-95
4.571377008927e-96
1.0029388994223e-96
2.188101630475e-97
4.747053115272e-98
1.0240997972942e-98
2.196949363985e-99
4.686572856455e-100
9.941369765399e-101
2.096962054843e-101
4.39831527274e-102
9.173425159394e-103
1.902497082063e-103
3.923392057646e-104
8.045305874803e-105
1.640455501797e-105
3.326023253311e-106
6.705372673664e-107
1.344173227136e-107
2.679292340671e-108
5.310254720445e-109
1.046499035994e-109
2.050635007897e-110
3.995413888763e-111
7.740283408142e-112
1.490978655405e-112
2.855638651722e-113
5.43813661572e-114
1.029697780354e-114
1.938563332263e-115
3.628762193253e-116
6.753719998301e-117
1.249773593685e-117
2.299434785683e-118
4.206394575202e-119
7.65060477433e-120
1.383490079822e-120
2.487416559972e-121
4.446423630498e-122
7.902429706715e-123
1.39635410235e-123
2.453088576012e-124
4.284609486848e-125
7.440244520428e-126
1.28451360221e-126
2.204770131767e-127
3.762344854545e-128
6.382959808422e-129
1.076592589179e-129
1.80527745054e-130
3.009520744704e-131
4.987800134163e-132
8.218197134146e-133
1.346162099661e-133
2.192143223284e-134
3.548858722471e-135
5.711552338851e-136
9.13824313937e-137
1.453489090502e-137
2.298257954482e-138
3.612610103917e-139
5.645158260294e-140
8.76922538534e-141
1.35417185662e-141
2.078792411616e-142
3.172273214008e-143
4.812264498256e-144
7.256799908623e-145
1.087814534551e-145
1.620973442803e-146
2.401074008923e-147
3.535420340238e-148
5.174634425546e-149
7.528676397017e-150
1.08881763436e-150
1.565259780842e-151
2.236709918918e-152
3.17703528134e-153
4.485601770851e-154
6.295103092754e-155
8.78143667297e-156
1.21760387417e-156
1.678113385149e-157
2.298838770365e-158
3.130147050709e-159
4.236303394019e-160
5.698656968231e-161
7.619354198921e-162
1.012560608577e-162
1.337451758729e-163
1.755846145204e-164
2.29109455001e-165
2.971288077899e-166
3.82991082082e-167
4.906498383652e-168
6.24727589464e-169
7.9057423076e-170
9.94316086713e-171
1.242890895962e-171
1.544063471546e-172
1.906416324939e-173
2.339309297855e-174
2.852802272125e-175
3.457535392044e-176
4.164561994924e-177
4.985130650517e-178
5.930414384794e-179
7.01118730809e-180
8.23745144914e-181
9.61801954551e-182
1.116006274825e-182
1.286863551643e-183
1.474619322209e-184
1.679212094586e-185
1.900229439031e-186
2.136869553699e-187
2.387910640835e-188
2.651690387583e-189
2.92609767474e-190
3.208578329895e-191
3.496156299776e-192
3.78547105079e-193
4.072831336209e-194
4.354284722602e-195
4.625701483606e-196
4.882870689126e-197
5.12160558924e-198
5.33785476139e-199
5.527815001145e-200
5.688041628916e-201
5.815551785879e-202
5.907916418725e-203
5.963337007267e-204
5.980703659544e-205
5.959631959626e-206
5.900476864378e-207
5.804322957358e-208
5.672951423538e-209
5.508785147398e-210
5.31481429945e-211
5.094505608054e-212
4.85169916877e-213
4.59049708865e-214
4.315148478061e-215
4.029935283177e-216
3.739063208209e-217
3.446561531666e-218
3.156195010653e-219
2.871390334995e-220
2.595178787474e-221
2.330155937699e-222
2.078458392848e-223
1.841756891368e-224
1.621264390682e-225
1.417757292419e-226
1.231607584133e-227
1.062823459741e-228
9.1109590762e-230
7.75848812697e-231
6.56290287726e-232
5.514632060096e-233
4.602932271372e-234
3.816329630762e-235
3.143012995937e-236
2.571172459879e-237
2.08928016731e-238
1.686313386345e-239
1.351922178406e-240
1.076545880689e-241
8.51483947036e-243
6.68927513991e-244
5.219584222399e-245
4.045223998589e-246
3.113827813612e-247
2.380605765748e-248
1.807659930826e-249
1.363257249718e-250
1.021095079967e-251
7.5958654091e-253
5.61185513385e-254
4.117647226276e-255
3.000548653637e-256
2.171482816384e-257
1.560671929761e-258
1.113939561101e-259
7.89590088199e-261
5.558108750724e-262
3.885374640229e-263
2.69720815918e-264
1.859374624326e-265
1.27287380971e-266
8.65296482152e-268
5.841182262884e-269
3.915505882368e-270
2.606281691628e-271
1.722646620294e-272
1.130595900311e-273
7.36800570723e-275
4.767808279115e-276
3.063436026248e-277
1.954406701712e-278
1.238032468377e-279
7.78672668403e-281
4.862710874704e-282
3.015069827672e-283
1.856121804898e-284
1.134489491934e-285
6.88452684927e-287
4.147840186903e-288
2.481069229584e-289
1.47339545981e-290
8.68676249716e-292
5.084512447872e-293
2.954527058112e-294
1.704387862187e-295
9.76079483329e-297
5.549229468983e-298
3.131881782803e-299
1.754678740957e-300
9.75896624464e-302
5.387884863018e-303
2.952809287161e-304
1.606384011896e-305
8.67470037852e-307
4.64991432584e-308
2.474087005117e-309
1.306648263832e-310
6.84967970688e-312
3.564049877429e-313
1.840658797882e-314
9.43523789366e-316
4.800389416551e-317
2.424030664477e-318
1.214875337675e-319
6.04298057464e-321
2.983255386495e-322
1.461649579225e-323
7.10728133461e-325
3.429769506176e-326
1.642560195861e-327
7.80667854978e-329
3.68208339404e-330
1.723442934477e-331
8.00515542944e-333
3.689825071025e-334
1.687712527287e-335
7.66022212931e-337
3.450070066616e-338
1.541883508593e-339
6.83763173415e-341
3.008733398412e-342
1.313647642098e-343
5.69094708082e-345
2.446211082463e-346
1.0432784891e-347
4.414654253937e-349
1.853430903869e-350
7.72026961541e-352
3.190494227472e-353
1.308114963679e-354
5.320951575242e-356
2.147242480881e-357
8.59635170122e-359
3.414140825669e-360
1.345165396928e-361
5.257626537874e-363
2.038526310093e-364
7.84057940139e-366
2.991423564464e-367
1.132134974191e-368
4.250124299338e-370
1.582634859549e-371
5.84558520012e-373
2.141587838062e-374
7.78210047479e-376
2.804808353144e-377
1.002645238107e-378
3.554851213737e-380
1.250022501015e-381
4.359419856824e-383
1.507808479613e-384
5.172046085782e-386
1.759419381909e-387
5.93552519544e-389
1.985746000465e-390
6.58802022525e-392
2.16742814512e-393
7.07106578085e-395
2.287532162914e-396
7.33809675742e-398
2.334131040806e-399
7.3618038703e-401
2.302247680998e-402
7.13871710441e-404
2.194724997962e-405
6.68995648512e-407
2.02181354839e-408
6.05793864439e-410
1.799558115635e-411
5.29974956971e-413
1.547335397714e-414
4.478621248246e-416
1.285067804698e-417
3.655279548438e-419
1.030668390429e-420
2.880792847245e-422
7.98161300351e-424
2.192025803003e-425
5.96716098932e-427
1.610080639356e-428
4.306018646122e-430
1.141413901809e-431
2.99874745656e-433
7.80830128421e-435
2.015039478572e-436
5.15360604125e-438
1.306260539073e-439
3.281176137266e-441
8.16771507603e-443
2.014804918326e-444
4.925120284961e-446
1.19300444785e-447
2.863509106213e-449
6.81045609742e-451
1.604961891654e-452
3.747605437321e-454
8.67028251163e-456
1.987432872112e-457
4.513578841388e-459
1.015566546858e-460
2.263830504036e-462
4.999388711535e-464
1.093746359466e-465
2.370457779977e-467
5.08923867261e-469
1.082349282264e-470
2.280158453904e-472
4.758110134887e-474
9.83477966262e-476
2.013465544856e-477
4.08283530116e-479
8.19985559592e-481
1.631044272124e-482
3.213134745494e-484
6.2687959894e-486
1.211210511988e-487
2.317520758838e-489
4.391210661779e-491
8.23928642618e-493
1.530832203144e-494
2.816346782106e-496
5.13042127814e-498
9.25371270774e-500
1.652580881555e-501
2.922003438354e-503
5.11513948884e-505
8.86503364697e-507
1.521026375501e-508
2.583531527906e-510
4.344087622013e-512
7.23066455797e-514
1.191350705687e-515
1.942985989587e-517
3.136570886179e-519
5.01167168513e-521
7.92572071476e-523
1.240537930422e-524
1.921687879433e-526
2.946072752464e-528
4.469697099194e-530
6.7107772797e-532
9.97042482882e-534
1.465839787594e-535
2.132441615751e-537
3.069525815071e-539
4.371741962246e-541
6.16044844729e-543
8.58875264221e-545
1.184658294199e-546
1.616540201752e-548
2.18220419444e-550
2.914101539982e-552
3.849454870334e-554
5.02995119108e-556
6.50104108736e-558
8.31076789979e-560
1.05080682532e-561
1.314051462648e-563
1.625151196133e-565
1.987701249388e-567
2.404187320335e-569
2.875604383311e-571
3.401083399867e-573
3.977555785754e-575
4.599488608269e-577
5.25872398454e-579
5.9444534209e-581
6.64335156018e-583
7.33988404779e-585
8.01679148921e-587
8.65573669557e-589
9.23808693449e-591
9.74578831908e-593
1.016227746863e-594
1.047336772055e-596
1.066804468498e-598
1.073910949068e-600
1.06836176865e-602
1.050307673101e-604
1.020338395486e-606
9.79450792665e-609
9.28993711577e-611
8.70593842761e-613
8.06068265435e-615
7.3733027127e-617
6.66295298389e-619
5.94793414344e-621
5.24493830741e-623
4.568455466546e-625
3.93036576089e-627
3.339725052875e-629
2.802735275065e-631
2.322877648629e-633
1.901177119062e-635
1.536560739767e-637
1.226271229973e-639
9.66299071131e-642
7.51801488484e-644
5.774835162e-646
4.379240567064e-648
3.278375029947e-650
2.422683656613e-652
1.767219379471e-654
1.27238088892e-656
9.04177641104e-659
6.34128364854e-661
4.388984217231e-663
2.997717528579e-665
2.020381864551e-667
1.343594714695e-669
8.81598766743e-672
5.70712121519e-674
3.644869711979e-676
2.296364588438e-678
1.427146309989e-680
8.7486221321e-683
5.28967228242e-685
3.154351103081e-687
1.855057724557e-689
1.075832568842e-691
6.1524104063e-694
3.469225265021e-696
1.928764861289e-698
1.057203005268e-700
5.71271148042e-703
3.043008802185e-705
1.59776571173e-707
8.26882197177e-710
4.217608436438e-712
2.12007918912e-714
1.050199914755e-716
5.12621150983e-719
2.465448874623e-721
1.168262447028e-723
5.45380332698e-726
2.508086860113e-728
1.136158231371e-730
5.06940518835e-733
2.227745686081e-735
9.64123798003e-738
4.108908053474e-740
1.72430460871e-742
7.12463610793e-745
2.898273527322e-747
1.160674777987e-749
4.575540293269e-752
1.77541831639e-754
6.7803317174e-757
2.54834497287e-759
9.42512803505e-762
3.430065556028e-764
1.228196020007e-766
4.326599066998e-769
1.499348290094e-771
5.11090876126e-774
1.713546373206e-776
5.65012081905e-779
1.832083803877e-781
5.84143883677e-784
1.831226107702e-786
5.64380573355e-789
1.709897020947e-791
5.09207847663e-794
1.490412271392e-796
4.287088465855e-799
1.21177280749e-801
3.365427525603e-804
9.18283187171e-807
2.461426931258e-809
6.4807797219e-812
1.675919413701e-814
4.25617627171e-817
1.061405171803e-819
2.598913896282e-822
6.24748347248e-825
1.474258880845e-827
3.414680830125e-830
7.76222001232e-833
1.731539505892e-835
3.79000731403e-838
8.1387711354e-841
1.714502453919e-843
3.542636464013e-846
7.1791387443e-849
1.426667653136e-851
2.779871754316e-854
5.31036387637e-857
9.94412981596e-860
1.825143377157e-862
3.282909329977e-865
5.78623100222e-868
9.99194804819e-871
1.690300332079e-873
2.800773065813e-876
4.544985959984e-879
7.22216158952e-882
1.12362275867e-884
1.711316502849e-887
2.551135979185e-890
3.721914989975e-893
5.31329712392e-896
7.42097406865e-899
1.013888785949e-901
1.354830069361e-904
1.770418731835e-907
2.262009477418e-910
2.825333419163e-913
3.449295922673e-916
4.115325946338e-919
4.797528683401e-922
5.46381432416e-925
6.07804140677e-928
6.60304090944e-931
7.00420799445e-934
7.25320127186e-937
7.33121265997e-940
7.23129082492e-943
6.95932384323e-946
6.53349384548e-949
5.98226797787e-952
5.34123350766e-955
4.649268405812e-958
3.944624481674e-961
3.261474021691e-964
2.627345322283e-967
2.06168183766e-970
1.575549822967e-973
1.172335302962e-976
8.49145970416e-980
5.98581981084e-983
4.10557507588e-986
2.739239545321e-989
1.777405464617e-992
1.121337956181e-995
6.87655997376e-999
4.098075409303e-1002
2.372739259604e-1005
1.334340974718e-1008
7.28641165723e-1012
3.862530397497e-1015
1.987103777518e-1018
9.91828371325e-1022
4.801694160614e-1025
2.254066805e-1028
1.025707060981e-1031
4.523053115472e-1035
1.932221042698e-1038
7.9939443411e-1042
3.201875122168e-1045
1.241205394058e-1048
4.655144303454e-1052
1.688590037341e-1055
5.92195718588e-1059
2.007250632102e-1062
6.57317863612e-1066
2.078862266406e-1069
6.34728611122e-1073
1.870228661202e-1076
5.31586910454e-1080
1.456974013024e-1083
3.849005696538e-1087
9.79674749972e-1091
2.401404306677e-1094
5.66640928169e-1098
1.286515137348e-1101
2.809226747392e-1105
5.89684503718e-1109
1.189337376496e-1112
2.303718522687e-1116
4.283258757356e-1120
7.64040073066e-1124
1.306850516623e-1127
2.14224490982e-1131
3.363608914782e-1135
5.055787795124e-1139
7.27054199184e-1143
9.99725118709e-1147
1.313605420179e-1150
1.648342858502e-1154
1.974008968247e-1158
2.254669609626e-1162
2.454451812444e-1166
2.544846150156e-1170
2.511269362056e-1174
2.356842207554e-1178
2.102058920329e-1182
1.780323066054e-1186
1.430688108987e-1190
1.089998388627e-1194
7.86635317073e-1199
5.37289875188e-1203
3.470091562087e-1207
2.117228300972e-1211
1.219196732704e-1215
6.61958820993e-1220
3.385300715043e-1224
1.628981932272e-1228
7.3674399155e-1233
3.128319236421e-1237
1.245649651118e-1241
4.645687822097e-1246
1.620817207247e-1250
5.283107082977e-1255
1.606709735515e-1259
4.552795132664e-1264
1.2002980857e-1268
2.939845359291e-1273
6.6790294464e-1278
1.405266001103e-1282
2.733600262283e-1287
4.907816123552e-1292
8.11769396728e-1297
1.234665715416e-1301
1.723393642228e-1306
2.203163221018e-1311
2.573978420671e-1316
2.742115692543e-1321
2.657484345819e-1326
2.33718394379e-1331
1.860517981387e-1336
1.336964671971e-1341
8.64804752889e-1347
5.0203221112e-1352
2.607325494229e-1357
1.207452319131e-1362
4.968633701464e-1368
1.810052464396e-1373
5.814789801376e-1379
1.640459666974e-1384
4.046461003751e-1390
8.68625539352e-1396
1.614636633024e-1401
2.585206764295e-1407
3.54510314845e-1413
4.138432078647e-1419
4.085860208822e-1425
3.387859881953e-1431
2.341409782278e-1437
1.337796090544e-1443
6.263486554337e-1450
2.379989481658e-1456
7.26286353189e-1463
1.759654508813e-1469
3.342392642142e-1476
4.908640811682e-1483
5.488518063195e-1490
4.593081794107e-1497
2.822248337025e-1504
1.246176591415e-1511
3.859026292719e-1519
8.15141043483e-1527
1.137615374654e-1534
1.010918065367e-1542
5.477789032123e-1551
1.719537479856e-1559
2.940531781979e-1568
2.541440599494e-1577
1.011371976008e-1586
1.646246542204e-1596
9.389090116957e-1607
1.521558863235e-1617
5.204700677664e-1629
2.397674953249e-1641
7.058374022326e-1655
3.153474260183e-1670
5.141043162929e-1689