0.0695911790147616
0.0689189234679997
0.0675938254802402
0.0656537802244835
0.0631533651563963
0.0601612907289289
0.0567572676821239
0.0530284899570572
0.0490659490700943
0.0449607956583639
0.040800947750659
0.0366681154464871
0.0326353715299999
0.0287653512254178
0.0251091161585011
0.0217056717349976
0.0185820870732316
0.0157541349251985
0.0132273472255433
0.01099837048037
0.0090565036254535
0.0073853079279254
0.0059641921070483
0.0047698939523603
0.0037778001325251
0.0029630666088199
0.0023015214266404
0.001770348424504
0.00134856380680426
0.00101730725193466
0.00075997533025993
0.0005622278384808
0.00041189776442889
0.00029883362455452
0.00021469952685085
0.00015275411805926
0.000107625097426318
0.000075091626814758
0.000051883024648379
0.000035498771866951
0.000024052157978249
0.000016137855107122
0.000010722275103816
7.0546542307803e-6
4.5963216492381e-6
2.9654402997407e-6
1.8945680354067e-6
1.198592588748e-6
7.5088149754509e-7
4.6580878950224e-7
2.8613988734329e-7
1.7405300020136e-7
1.0483707958783e-7
6.252827681995e-8
3.6928695346859e-8
2.1596093414205e-8
1.2505696497932e-8
7.1706695479553e-9
4.0712550448112e-9
2.2888181135172e-9
1.2741078053812e-9
7.0228032289838e-10
3.8328490535507e-10
2.0712725150833e-10
1.1082926486591e-10
5.8717921744625e-11
3.0802303535738e-11
1.599886791539e-11
8.227843830918e-12
4.189582105468e-12
2.112225853864e-12
1.0543675762553e-12
5.211020499734e-13
2.5499375163138e-13
1.235404652888e-13
5.9259602945198e-14
2.8143290870389e-14
1.323288197456e-14
6.160190601766e-15
2.8391654288534e-15
1.2955098615602e-15
5.852491839078e-16
2.6175050183634e-16
1.1589837272769e-16
5.0805029872968e-17
2.2048144245345e-17
9.472610529338e-18
4.02898763074e-18
1.6964733971233e-18
7.071625379157e-19
2.9181570842619e-19
1.1920965242406e-19
4.820849449413e-20
1.9299280365655e-20
7.648213751268e-21
3.000379439527e-21
1.1651597188939e-21
4.4790268499564e-22
1.7043804569846e-22
6.419922776775e-23
2.3936965369382e-23
8.834459957781e-24
3.2274393976112e-24
1.1670752367349e-24
4.1773197777789e-25
1.4799603784943e-25
5.189807970591e-26
1.8013437794995e-26
6.188441114993e-27
2.1042650333713e-27
7.081891205471e-28
2.358971879881e-28
7.777069640907e-29
2.5376041572783e-29
8.194856070814e-30
2.6191670004196e-30
8.284842254674e-31
2.5935774452072e-31
8.035312922464e-32
2.4637099674561e-32
7.475739124645e-33
2.2448688120255e-33
6.671054805895e-34
1.9618199570005e-34
5.709251960435e-35
1.6441784760066e-35
4.685571834143e-36
1.3213390830628e-36
3.687211802526e-37
1.0181412609148e-37
2.7818781413224e-38
7.521114135881e-39
2.0120284133651e-39
5.325834537109e-40
1.3948791238638e-40
3.614718446925e-41
9.268190676041e-42
2.3512107137808e-42
5.901436122612e-43
1.4655033998056e-43
3.600578135529e-44
8.751997859e-45
2.1046743864736e-45
5.007241170133e-46
1.1785310976121e-46
2.7441353162618e-47
6.320986549335e-48
1.4403629271603e-48
3.246829764043e-49
7.240029533613e-50
1.5970078194568e-50
3.484594224758e-51
7.5208747469e-52
1.6056390053834e-52
3.390652160066e-53
7.08217468468e-54
1.4631549343662e-54
2.989829541192e-55
6.042644468065e-56
1.2078810089487e-56
2.387974478824e-57
4.669124671616e-58
9.028867680502e-59
1.7266917959775e-59
3.265665469011e-60
6.107949360681e-61
1.1297373353832e-61
2.0663754343674e-62
3.737506602262e-63
6.684776784902e-64
1.1822659635717e-64
2.0675586991425e-65
3.575245436762e-66
6.112939644931e-67
1.0334307674781e-67
1.7273900455959e-68
2.854748222351e-69
4.664489546365e-70
7.535113614223e-71
1.2034144429376e-71
1.900074564653e-72
2.965830089348e-73
4.576486486093e-74
6.981012284109e-75
1.052676274316e-75
1.5691024592422e-76
2.311945195676e-77
3.367155427462e-78
4.847275765212e-79
6.897165845301e-80
9.699991024964e-81
1.3483075478023e-81
1.8523059313319e-82
2.514963211249e-83
3.374696117634e-84
4.475181671292e-85
5.864734777453e-86
7.595151345817e-87
9.719935304712e-88
1.2291860827676e-88
1.5359869930998e-89
1.8965369282563e-90
2.3138065192e-91
2.789155639307e-92
3.321898206112e-93
3.908908741489e-94
4.544311035047e-95
5.21928996114e-96
5.92206400578e-97
6.638047962671e-98
7.350222681368e-99
8.039712425139e-100
8.686551655123e-101
9.270603742519e-102
9.772576382145e-103
1.0175064554814e-103
1.0463543729594e-104
1.0627235029485e-105
1.0659770931719e-106
1.0559604424974e-107
1.0330125135711e-108
9.979470673612e-110
9.520047669315e-111
8.967801799646e-112
8.341296791585e-113
7.660676768526e-114
6.946592965914e-115
6.219174388341e-116
5.497112989263e-117
4.796918876527e-118
4.132381954225e-119
3.514255684038e-120
2.950158641244e-121
2.444672278431e-122
1.999600268525e-123
1.614346778331e-124
1.2863681361112e-125
1.0116541079521e-126
7.8520044228e-128
6.014422743936e-129
4.546271331165e-130
3.391154938585e-131
2.496051388846e-132
1.812823751624e-133
1.2990809274307e-134
9.184967344171e-136
6.407105300341e-137
4.409311857802e-138
2.993547666782e-139
2.004884991073e-140
1.3245306534053e-141
8.631474227182e-143
5.54803671091e-144
3.517271049424e-145
2.199201897595e-146
1.356118109794e-147
8.246758592023e-149
4.945411155267e-150
2.924385944973e-151
1.705138794955e-152
9.80295353696e-154
5.556553550218e-155
3.105162946001e-156
1.710694204391e-157
9.290691137803e-159
4.973815181395e-160
2.624673939779e-161
1.365158436245e-162
6.998265240783e-164
3.535695162361e-165
1.760408683984e-166
8.637407794754e-168
4.176007817478e-169
1.98940689394e-170
9.33784381143e-172
4.318234760909e-173
1.967334836851e-174
8.829542115603e-176
3.903562767285e-177
1.699895369197e-178
7.291148471755e-180
3.080043416214e-181
1.281383193599e-182
5.249722694697e-184
2.11788532688e-185
8.412993548907e-187
3.290438018464e-188
1.267023386034e-189
4.803034659867e-191
1.792334630846e-192
6.583647394455e-194
2.380288590621e-195
8.469922364034e-197
2.96610734017e-198
1.0221683936573e-199
3.46622207159e-201
1.156534345345e-202
3.796631316417e-204
1.226154611057e-205
3.895541111259e-207
1.217403555537e-208
3.742085157458e-210
1.131287101332e-211
3.363407137466e-213
9.833326826347e-215
2.826848520535e-216
7.990093180264e-218
2.220313046627e-219
6.065338584808e-221
1.628693494599e-222
4.298646502696e-224
1.115055087165e-225
2.842476382821e-227
7.120273082775e-229
1.752502022762e-230
4.2378432947e-232
1.006740831932e-233
2.349299390123e-235
5.38477962828e-237
1.212179398374e-238
2.679756149432e-240
5.817181103501e-242
1.239874798896e-243
2.594475127448e-245
5.329489183801e-247
1.074591699644e-248
2.126571963107e-250
4.130015855856e-252
7.870714324596e-254
1.471711089774e-255
2.699799788367e-257
4.858420986028e-259
8.575643436417e-261
1.484564434425e-262
2.520253944848e-264
4.19521262078e-266
6.846662588269e-268
1.095391430293e-269
1.717808411336e-271
2.640243009296e-273
3.976719700927e-275
5.869016861824e-277
8.486169308537e-279
1.202015035743e-280
1.667650869859e-282
2.265905381837e-284
3.014833928662e-286
3.927469128894e-288
5.008779119374e-290
6.252616687731e-292
7.639110767785e-294
9.133016921363e-296
1.068352699842e-297
1.222591986515e-299
1.368521352898e-301
1.498167722926e-303
1.60377275796e-305
1.678543055748e-307
1.717363000617e-309
1.71736793684e-311
1.678289356498e-313
1.602514984988e-315
1.494849766501e-317
1.36201056353e-319
1.211928548589e-321
1.052960592966e-323
8.931193977504e-326
7.394209135876e-328
5.974203025561e-330
4.709710411926e-332
3.622038176622e-334
2.716900228453e-336
1.987339522742e-338
1.417302660567e-340
9.85276833937e-343
6.675296587989e-345
4.406659003681e-347
2.833892017169e-349
1.77500224447e-351
1.082583504435e-353
6.427975876817e-356
3.714831469554e-358
2.08908432853e-360
1.142938632437e-362
6.081856608456e-365
3.146951708178e-367
1.582985586749e-369
7.739040862293e-372
3.676282290964e-374
1.696399738203e-376
7.602021192784e-379
3.307448838841e-381
1.39668895401e-383
5.723025809288e-386
2.274812661779e-388
8.768624135289e-391
3.276819487905e-393
1.186794465653e-395
4.164514422423e-398
1.415403248632e-400
4.657803253964e-403
1.483619013881e-405
4.572524083764e-408
1.363109786659e-410
3.92909434457e-413
1.094669519747e-415
2.946735734955e-418
7.661291249571e-421
1.923076912729e-423
4.658570231219e-426
1.088662768052e-428
2.453229130566e-431
5.328462269579e-434
1.115052512105e-436
2.247110480635e-439
4.359036608917e-442
8.135607808787e-445
1.460206336754e-447
2.519122421528e-450
4.175185492386e-453
6.644598140238e-456
1.014839204575e-458
1.486703507156e-461
2.087886260816e-464
2.809278616799e-467
3.619358845014e-470
4.462246771268e-473
5.261256983578e-476
5.928715942164e-479
6.380874154866e-482
6.554702891138e-485
6.422074569106e-488
5.99700393433e-491
5.333443396334e-494
4.514017751933e-497
3.632943120751e-500
2.778052680272e-503
2.016714476406e-506
1.388654305036e-509
9.061519945947e-513
5.598395603902e-516
3.271648446827e-519
1.80667835213e-522
9.418070044351e-526
4.629667989211e-529
2.143720207335e-532
9.339481253666e-536
3.823856268885e-539
1.469511378223e-542
5.29401280619e-546
1.785517807019e-549
5.630076684503e-553
1.657353073566e-556
4.548000821255e-560
1.161603503164e-563
2.756928946026e-567
6.070037869922e-571
1.237629972407e-574
2.332516221311e-578
4.055616993202e-582
6.492503552664e-586
9.549330983738e-590
1.287587015954e-593
1.587859892753e-597
1.786556898551e-601
1.829245057986e-605
1.699802243068e-609
1.429395883887e-613
1.084476628353e-617
7.399651022185e-622
4.525357414504e-626
2.471624677742e-630
1.200990506645e-634
5.170784252453e-639
1.964030186827e-643
6.550901989792e-648
1.909236338617e-652
4.836282638979e-657
1.0586957390799e-661
1.990486608057e-666
3.192873470887e-671
4.338135462726e-676
4.95355417354e-681
4.713140589942e-686
3.701889230319e-691
2.375744622973e-696
1.231768286951e-701
5.095385526423e-707
1.658447318924e-712
4.181671919365e-718
8.026597276205e-724
1.1499014738674e-729
1.2021476386333e-735
8.937075783175e-742
4.58531186925e-748
1.56769846308e-754
3.426627974191e-761
4.555943064767e-768
3.467929970138e-775
1.4017056443571e-782
2.73417775432e-790
2.271791313537e-798
6.790992410474e-807
5.748711235668e-816
9.600588173182e-826
1.7377624647164e-836
1.0759536831106e-848
1.1532123501497e-863