0.1320564673091591
0.1274946440532046
0.1188377879415137
0.1069408676035168
0.092908110682022
0.0779249748293983
0.0630962049033186
0.0493198568407671
0.03721507627209202
0.02710685556442812
0.01905834201976566
0.01293354234031142
0.00847139484700931
0.00535518015380636
0.003267003634361198
0.001923331435193289
0.001092592401560222
0.000598866793915257
0.0003166916981700594
0.0001615629476473489
0.0000795074098873704
0.00003773932423836594
0.00001727662992171942
7.62707157501634e-6
3.24671155042789e-6
1.332501137332338e-6
5.27203192149321e-7
2.0105793324156e-7
7.38993965338197e-8
2.61744974880208e-8
8.93248652201499e-9
2.93669709885698e-9
9.29977207297237e-10
2.83623852800481e-10
8.32911206807072e-11
2.35486269992322e-11
6.40864167546777e-12
1.67849315681877e-12
4.23002604222172e-13
1.025533928044599e-13
2.39139363833674e-14
5.36232912712061e-15
1.156009095030825e-15
2.39538362316776e-16
4.76971168841732e-17
9.12443606078781e-18
1.6765123190405e-18
2.95787945475258e-19
5.00967451008205e-20
8.1427702362756e-21
1.26982150693217e-21
1.89928854860889e-22
2.72384604082443e-23
3.74436807237343e-24
4.93213821772792e-25
6.22306296819001e-26
7.51851249169185e-27
8.6948035759362e-28
9.6210778760363e-29
1.01824953437001e-29
1.03032898248038e-30
9.9633987763369e-32
9.2036797589238e-33
8.1179041260681e-34
6.8336717111368e-35
5.48762531219199e-36
4.20165171306072e-37
3.06576219006836e-38
2.13063653075392e-39
1.4095945818828e-40
8.8724977733755e-42
5.3101686526718e-43
3.02006306808167e-44
1.63114937197257e-45
8.3609563027404e-47
4.06449313989646e-48
1.8725675732265e-49
8.1701469402922e-51
3.37327437680932e-52
1.31691574029545e-53
4.8572466753495e-55
1.69112229443544e-56
5.5529543867792e-58
1.71803835827918e-59
5.0035661839687e-61
1.37032900089798e-62
3.5254109171289e-64
8.5105064865647e-66
1.92557949507796e-67
4.078539849661e-69
8.0767709745657e-71
1.49343870386581e-72
2.57485549012219e-74
4.1333672489946e-76
6.168495096266e-78
8.5444341173746e-80
1.09669253643535e-81
1.30200853046234e-83
1.42711261841382e-85
1.44132278900486e-87
1.3384968965683e-89
1.14042970794343e-91
8.8940512437321e-94
6.3333523011428e-96
4.1070130364753e-98
2.4185707501141e-100
1.28953485424249e-102
6.2052866515809e-105
2.6857200874149e-107
1.04168918786139e-109
3.6064815225921e-112
1.10982678105962e-114
3.0217845107322e-117
7.2436109338082e-120
1.5205197177982e-122
2.7786134797165e-125
4.3921919609708e-128
5.9634955958235e-131
6.9012638499555e-134
6.7491939597503e-137
5.5251921483416e-140
3.7463827409122e-143
2.0791173318005e-146
9.317751574973e-150
3.3210041379317e-153
9.25003237173e-157
1.9730198603446e-160
3.147414248796e-164
3.6514436376761e-168
2.9793464277691e-172
1.6414872059919e-176
5.806349823293e-181
1.2369605762226e-185
1.4602583160922e-190
8.537394704403e-196
2.1090745930544e-201
1.7336294184456e-207
3.1962899799451e-214
6.208989281651e-222
1.8247367378881e-231