0.05240401999003
0.0521166330291954
0.0515465777406006
0.0507031625236484
0.0496000327278238
0.0482548034806735
0.0466885919630945
0.0449254664786072
0.042991832381637
0.040915776711366
0.038726394164109
0.036453116825343
0.034125068922645
0.031770465851684
0.029416074007772
0.027086744694863
0.024805031769912
0.022590898908029
0.020461518632336
0.018431161715946
0.0165111723815911
0.0147100220157806
0.0130334319623863
0.0114845544120877
0.0100641994701158
0.0087710961433826
0.0076021751894236
0.0065528624414946
0.0056173722789657
0.0047889922534299
0.004060351409976
0.0034236664647461
0.0028709616274012
0.0023942594157145
0.0019857412388564
0.0016378777813247
0.0013435302718633
0.0010960245568825
0.00088920051477685
0.00071743975609513
0.00057567477331878
0.00045938275765714
0.00036456721703264
0.00028773033898759
0.00022583877383777
0.00017628519433891
0.00013684764271512
0.00010564832471852
0.00008111317000284
0.000061933160994562
0.000047028147276946
0.000035513614446037
0.000026670667679975
0.00001991932070769
0.000014795048466598
0.000010928463203912
8.027904998742e-6
5.8646941630757e-6
4.2607701573043e-6
3.0784351592345e-6
2.2119262508294e-6
1.5805548091798e-6
1.1231721148924e-6
7.937439726061e-7
5.5784234482461e-7
3.8988717585793e-7
2.7099568631232e-7
1.8731875836737e-7
1.2876419934559e-7
8.802447787506e-8
5.984194993656e-8
4.0457724126776e-8
2.7201325497385e-8
1.8187418397209e-8
1.2093273574358e-8
7.996647953281e-9
5.258511137664e-9
3.4388067916678e-9
2.2363631991022e-9
1.4463250265244e-9
9.302033079355e-10
5.949461745625e-10
3.784118149523e-10
2.393526840123e-10
1.5055594168257e-10
9.417656670926e-11
5.858312433721e-11
3.6239841071034e-11
2.2293767508932e-11
1.3638399928663e-11
8.297083855345e-12
5.019598347825e-12
3.019904468293e-12
1.8067476596692e-12
1.0749324132278e-12
6.359800213358e-13
3.741827224201e-13
2.1892794982402e-13
1.2737822210737e-13
7.369956286759e-14
4.240427598341e-14
2.426211469552e-14
1.3804514852642e-14
7.810635560106e-15
4.394642513101e-15
2.4588492237709e-15
1.3680772454962e-15
7.569355707275e-16
4.164625699742e-16
2.2785626986671e-16
1.2396900501743e-16
6.707049908322e-17
3.608406111556e-17
1.9304736645657e-17
1.0270133656759e-17
5.43314363843e-18
2.85817147998e-18
1.4951559630645e-18
7.777588193627e-19
4.023117572683e-19
2.0693737292116e-19
1.0584556117368e-19
5.38347817699e-20
2.7227572388266e-20
1.3693346682222e-20
6.848004793475e-21
3.405425011204e-21
1.6839548232301e-21
8.280192377246e-22
4.048557509088e-22
1.968380724422e-22
9.516249089253e-23
4.574771420988e-23
2.1868494354126e-23
1.0394730363483e-23
4.913052486116e-24
2.3090448501976e-24
1.0790835548611e-24
5.014394082879e-25
2.3169756385592e-25
1.064542525246e-25
4.86342274046e-26
2.2093137445716e-26
9.97948280293e-27
4.482216511034e-27
2.0017538265685e-27
8.889153719071e-28
3.925011585659e-28
1.7232611729188e-28
7.522977163622e-29
3.265545227033e-29
1.4094439543366e-29
6.048739601524e-30
2.581105446077e-30
1.0951388608057e-30
4.620128038856e-31
1.9380233105132e-31
8.083192495806e-32
3.352158564472e-32
1.3822374367509e-32
5.667035901785e-33
2.310166234577e-33
9.363607186904e-34
3.773588583394e-34
1.5120844041795e-34
6.024296581409e-35
2.386405136915e-35
9.399142025129e-36
3.680756869525e-36
1.4331432423311e-36
5.548099953843e-37
2.135501148617e-37
8.172498275885e-38
3.109624802027e-38
1.1764077900767e-38
4.42489683261e-39
1.6547880147951e-39
6.152818950543e-40
2.274558128582e-40
8.36006497402e-41
3.054995239801e-41
1.109936798035e-41
4.009325662403e-42
1.4398867151257e-42
5.141238470341e-43
1.8251061191575e-43
6.44151391002e-44
2.260298144488e-44
7.885331335009e-45
2.734948046074e-45
9.430866515268e-46
3.233150757178e-46
1.1019721063389e-46
3.734083055448e-47
1.2579532436193e-47
4.213185653932e-48
1.4028804843724e-48
4.6440098074e-49
1.528362411112e-49
5.000560786057e-50
1.626554368642e-50
5.259861712797e-51
1.690963696023e-51
5.404391394623e-52
1.717157707522e-52
5.424038575785e-53
1.703267493942e-53
5.317270391045e-54
1.650208108674e-54
5.091327659896e-55
1.5615791531253e-55
4.761412810249e-56
1.443260719382e-56
4.348996949001e-57
1.3027677298579e-57
3.879508179898e-58
1.1484612412671e-58
3.37974704046e-59
9.887315944024e-60
2.875392655299e-60
8.312632788964e-61
2.388915950562e-61
6.824677262784e-62
1.938119123121e-62
5.471344106573e-63
1.53539778871e-63
4.283109754839e-64
1.1877006356002e-64
3.273876842673e-65
8.970637558335e-66
2.443362778479e-66
6.615372529431e-67
1.780411502642e-67
4.763039969606e-68
1.2666126237414e-68
3.348090137967e-69
8.797154002525e-70
2.297613319896e-70
5.96484737196e-71
1.539243491635e-71
3.948197287794e-72
1.0066345158187e-72
2.551080433663e-73
6.426192746424e-74
1.609009069437e-74
4.004389008602e-75
9.905694201225e-76
2.435579511024e-76
5.952320202541e-77
1.445888042116e-77
3.490963177445e-78
8.37752813376e-79
1.998224771079e-79
4.737272610178e-80
1.1162610686657e-80
2.61429321647e-81
6.085435623329e-82
1.407912411254e-82
3.237456249249e-83
7.399019796575e-84
1.680676676552e-84
3.794298896117e-85
8.51361398526e-86
1.898580753732e-86
4.207988440111e-87
9.269322144426e-88
2.02930349362e-88
4.415391554983e-89
9.547995916645e-90
2.051982183951e-90
4.382792097836e-91
9.303398586089e-92
1.962652432975e-92
4.114847093663e-93
8.573734932718e-94
1.775374377193e-94
3.653514799915e-95
7.471886962608e-96
1.518607957812e-96
3.067287249094e-97
6.156785975213e-98
1.228123127954e-98
2.434531575676e-99
4.79592022263e-100
9.388774331884e-101
1.826516598623e-101
3.531128038077e-102
6.78384254613e-103
1.295113480847e-103
2.457010223716e-104
4.632020452582e-105
8.677519814025e-106
1.615398450607e-106
2.988270168165e-107
5.493048560006e-108
1.0033619256756e-108
1.821166271102e-109
3.284630876552e-110
5.886616030325e-111
1.0482965832371e-111
1.854979436409e-112
3.261576922019e-113
5.698320364762e-114
9.892223221811e-115
1.706341079793e-115
2.924554682995e-116
4.980496736819e-117
8.427555574787e-118
1.416914562628e-118
2.366986508861e-119
3.928755229159e-120
6.479152579972e-121
1.061652649582e-121
1.728401510284e-122
2.795771686908e-123
4.49314625431e-124
7.174441376905e-125
1.138180627681e-125
1.793976347589e-126
2.809321921851e-127
4.370814804975e-128
6.756102326024e-129
1.037527806248e-129
1.582959357742e-130
2.399402138401e-131
3.613235951974e-132
5.405630277307e-133
8.034332507671e-134
1.18632424928e-134
1.740218720689e-135
2.535991238087e-136
3.671400723378e-137
5.280226890295e-138
7.544087971095e-139
1.070756845399e-139
1.509737717337e-140
2.114634126971e-141
2.942311120226e-142
4.06684944027e-143
5.583933575765e-144
7.616080468062e-145
1.031878116049e-145
1.38876040384e-146
1.856627262457e-147
2.465568121561e-148
3.252374641961e-149
4.261591100616e-150
5.546601851979e-151
7.170716427786e-152
9.20820037653e-153
1.174518680751e-153
1.488039050685e-154
1.872553436583e-155
2.340538783924e-156
2.905731053585e-157
3.583019223722e-158
4.388268506496e-159
5.338063548168e-160
6.449364439273e-161
7.739071349173e-162
9.22349752969e-163
1.09177552505e-163
1.283506479944e-164
1.498600278286e-165
1.737771228819e-166
2.00131036379e-167
2.289008002593e-168
2.600082680155e-169
2.93312060675e-170
3.28602991404e-171
3.656013791074e-172
4.039566199083e-173
4.432493165956e-174
4.82996171042e-175
5.226577262407e-176
5.616489081211e-177
5.993521696613e-178
6.351328895889e-179
6.683565347e-180
6.984069684404e-181
7.247051883904e-182
7.4672770998e-183
7.64023789525e-184
7.7623070031e-185
7.83086341816e-186
7.8443857184e-187
7.80250798686e-188
7.70603547407e-189
7.55691909527e-190
7.35818987738e-191
7.11385642957e-192
6.828770285097e-193
6.50846544222e-194
6.158979530046e-195
5.786664681203e-196
5.397996380617e-197
4.999388283421e-198
4.597020292681e-199
4.196686124172e-200
3.803665246856e-201
3.422622573652e-202
3.057537692703e-203
2.711663876567e-204
2.387515677481e-205
2.0868826866e-206
1.81086605901e-207
1.559933717051e-208
1.333989752014e-209
1.132453437648e-210
9.54343419608e-212
7.98363010709e-213
6.629830519622e-214
5.465194390857e-215
4.472031094908e-216
3.632409861559e-217
2.928670399457e-218
2.343832279202e-219
1.861905689688e-220
1.468110167425e-221
1.149010795097e-222
8.92583211251e-224
6.88219667047e-225
5.266884488959e-226
4.00058421377e-227
3.015994037267e-228
2.256677395789e-229
1.675849011376e-230
1.235154100947e-231
9.03488563675e-233
6.558942315281e-234
4.725512844046e-235
3.378799228812e-236
2.397554083381e-237
1.688345331197e-238
1.179872869586e-239
8.18246968233e-241
5.631226681459e-242
3.845786379515e-243
2.606303217691e-244
1.752735654148e-245
1.169643814705e-246
7.74516292328e-248
5.089102182934e-249
3.31802303613e-250
2.146540712491e-251
1.377888993201e-252
8.77603862831e-254
5.546075882724e-255
3.477521564184e-256
2.163437340056e-257
1.335374142398e-258
8.17785501923e-260
4.968751418171e-261
2.995160716976e-262
1.791230739461e-263
1.062759471454e-264
6.255527716781e-266
3.65285028046e-267
2.116080270727e-268
1.216068694631e-269
6.93271111727e-271
3.920671048737e-272
2.199496414198e-273
1.224009719423e-274
6.75675849274e-276
3.699789150737e-277
2.009526273846e-278
1.082633812206e-279
5.78540378528e-281
3.066499670215e-282
1.612138144174e-283
8.40629361985e-285
4.347530833972e-286
2.230023312624e-287
1.13448174741e-288
5.724001232532e-290
2.86423532132e-291
1.421402511628e-292
6.99547897714e-294
3.414305474059e-295
1.652587018102e-296
7.93223919301e-298
3.775627867109e-299
1.782119611776e-300
8.34124976523e-302
3.871366517549e-303
1.781675360955e-304
8.13047961794e-306
3.678910337833e-307
1.650554164744e-308
7.34243216937e-310
3.23848349763e-311
1.416207748636e-312
6.14027296698e-314
2.639463597915e-315
1.124871116512e-316
4.752703243516e-318
1.990770416047e-319
8.26677009487e-321
3.403112804981e-322
1.388782342366e-323
5.618247696241e-325
2.253034708232e-326
8.95625769397e-328
3.529135401773e-329
1.378428972148e-330
5.336616945724e-332
2.047879589804e-333
7.78916098332e-335
2.936404556495e-336
1.097162771223e-337
4.063003165488e-339
1.49119722641e-340
5.424075046166e-342
1.955283601679e-343
6.98518679438e-345
2.472983179191e-346
8.67620464783e-348
3.016438357687e-349
1.039215607776e-350
3.547756797417e-352
1.200132978639e-353
4.022745536463e-355
1.336052941468e-356
4.396659945654e-358
1.433541652822e-359
4.631013515579e-361
1.482211138232e-362
4.700048318675e-364
1.476531336298e-365
4.595374533415e-367
1.416859525624e-368
4.327628601158e-370
1.309423347898e-371
3.924701429471e-373
1.165249910077e-374
3.42694268797e-376
9.98295792543e-378
2.880484436583e-379
8.23218087731e-381
2.330217546411e-382
6.53279855755e-384
1.813895521132e-385
4.987976151827e-387
1.358389722714e-388
3.663541117966e-390
9.78460025621e-392
2.587849599498e-393
6.77762320838e-395
1.757707850376e-396
4.513726141256e-398
1.147707559459e-399
2.889502017108e-401
7.20275437815e-403
1.777649315186e-404
4.343635883854e-406
1.050771887995e-407
2.516511839727e-409
5.96640479287e-411
1.400352190044e-412
3.253570269265e-414
7.48288220063e-416
1.703533918859e-417
3.838778821888e-419
8.56215336692e-421
1.890199359357e-422
4.130036732864e-424
8.93117945875e-426
1.911433215171e-427
4.048476007945e-429
8.48579943804e-431
1.760148195415e-432
3.612829072786e-434
7.33793121165e-436
1.474735488699e-437
2.93261488244e-439
5.77008720912e-441
1.123264648663e-442
2.163415832551e-444
4.122321307647e-446
7.77093392675e-448
1.449171045369e-449
2.673415984899e-451
4.878644700426e-453
8.80648879797e-455
1.572397726134e-456
2.776917753392e-458
4.850533071389e-460
8.37966207449e-462
1.431722159701e-463
2.419194032572e-465
4.04246959739e-467
6.6799190182e-469
1.091511106159e-470
1.763606442573e-472
2.817576116934e-474
4.450757005159e-476
6.95120368348e-478
1.073340654067e-479
1.638513338215e-481
2.472751611625e-483
3.68903061153e-485
5.44036812472e-487
7.93069878e-489
1.142732299271e-490
1.62745892053e-492
2.290817635427e-494
3.18689883101e-496
4.381527049341e-498
5.9531142886e-500
7.99293614324e-502
1.060458352824e-503
1.390233165558e-505
1.800818234985e-507
2.304738324792e-509
2.91423134992e-511
3.640475229966e-513
4.492671091857e-515
5.47702015362e-517
6.59565211787e-519
7.84558240196e-521
9.21779134065e-523
1.069652775196e-524
1.225893930844e-526
1.387512102307e-528
1.550864996615e-530
1.711763967035e-532
1.865630380162e-534
2.007696943341e-536
2.13324308228e-538
2.237849084591e-540
2.317650507721e-542
2.369572787751e-544
2.391526407516e-546
2.38254548432e-548
2.34285705102e-550
2.273874203507e-552
2.178113037542e-554
2.059040135546e-556
1.920863503222e-558
1.768284597537e-560
1.60623191671e-562
1.439597277612e-564
1.272994407117e-566
1.110556110666e-568
9.55781557374e-571
8.11439772723e-573
6.79529928631e-575
5.61294079749e-577
4.572740923039e-579
3.67401941723e-581
2.911114113796e-583
2.274594154221e-585
1.752464559366e-587
1.331277794044e-589
9.97092575743e-592
7.36245417863e-594
5.35923467198e-596
3.845461339459e-598
2.719767772063e-600
1.895941010129e-602
1.302564069692e-604
8.81913561257e-607
5.88405464243e-609
3.868315931943e-611
2.505718411489e-613
1.599108434225e-615
1.005376717562e-617
6.2266525292e-620
3.798609671911e-622
2.28248516765e-624
1.350744555178e-626
7.87206820279e-629
4.517757370073e-631
2.552954853391e-633
1.420420579318e-635
7.78057049532e-638
4.195592759966e-640
2.227045033817e-642
1.163548505657e-644
5.9830893169e-647
3.027731050364e-649
1.507734476186e-651
7.38775989639e-654
3.561600542671e-656
1.689219101377e-658
7.88131188993e-661
3.616977613016e-663
1.632640326311e-665
7.24761002265e-668
3.163883645285e-670
1.358091236105e-672
5.73166875974e-675
2.378139994869e-677
9.69969330941e-680
3.888682169052e-682
1.532250966011e-684
5.93333748653e-687
2.257709718368e-689
8.44101721249e-692
3.10053288966e-694
1.118792422565e-696
3.965432350705e-699
1.380432432463e-701
4.719310424495e-704
1.58429258128e-706
5.22203543931e-709
1.689839293229e-711
5.3679094157e-714
1.673676773541e-716
5.121492136095e-719
1.537911079288e-721
4.531337607248e-724
1.309881985826e-726
3.714479164894e-729
1.033171728286e-731
2.818409594963e-734
7.53945988652e-737
1.977551253528e-739
5.085256050356e-742
1.281861047047e-744
3.167064468745e-747
7.66839980752e-750
1.819398415073e-752
4.229301853049e-755
9.63095127008e-758
2.148178534675e-760
4.692588885928e-763
1.003771937642e-765
2.102212622404e-768
4.309978265829e-771
8.64902842028e-774
1.698593487502e-776
3.264199307168e-779
6.1371008174e-782
1.128710573336e-784
2.030332210005e-787
3.57148030988e-790
6.14266101509e-793
1.03281244093e-795
1.697350223271e-798
2.726051008608e-801
4.277946700474e-804
6.55844543409e-807
9.8209785321e-810
1.436216641186e-812
2.050776621932e-815
2.858713668079e-818
3.889522881565e-821
5.164325589091e-824
6.69020592196e-827
8.45453301282e-830
1.042025607799e-832
1.252330035402e-835
1.467311983062e-838
1.675712872723e-841
1.864914755229e-844
2.022124468416e-847
2.135758137888e-850
2.196826485085e-853
2.200095675144e-856
2.144818278091e-859
2.034894466664e-862
1.878422826249e-865
1.686711377877e-868
1.472916828315e-871
1.250541040212e-874
1.032025215078e-877
8.27644302613e-881
6.44829146461e-884
4.879524596839e-887
3.585292685212e-890
2.55720861865e-893
1.770028006814e-896
1.188617964969e-899
7.74151640914e-903
4.888801797668e-906
2.992540721025e-909
1.775027344009e-912
1.019907725871e-915
5.67503355242e-919
3.056932435988e-922
1.593560050969e-925
8.03653171488e-929
3.919548179466e-932
1.848063509199e-935
8.42082412151e-939
3.706714726079e-942
1.575641087922e-945
6.46535337531e-949
2.559904704422e-952
9.77637757637e-956
3.599789278739e-959
1.277437208674e-962
4.366966211317e-966
1.437501044563e-969
4.554393846934e-973
1.388189249948e-976
4.068735809454e-980
1.146186693182e-983
3.101871178033e-987
8.06022399815e-991
2.010030515621e-994
4.807975153317e-998
1.102534183033e-1001
2.422438053458e-1005
5.096811406233e-1009
1.026308701694e-1012
1.9766641557e-1016
3.639136842541e-1020
6.40033615376e-1024
1.074650311443e-1027
1.721492630713e-1031
2.629194143568e-1035
3.825757603439e-1039
5.300038022963e-1043
6.9853469006e-1047
8.75217656344e-1051
1.041658708036e-1054
1.176707313311e-1058
1.260628590344e-1062
1.279713962218e-1066
1.229888956773e-1070
1.118033051318e-1074
9.60451506113e-1079
7.78954089955e-1083
5.95846132369e-1087
4.294360399293e-1091
2.913040947695e-1095
1.857824684669e-1099
1.112712926577e-1103
6.25136924288e-1108
3.290458419722e-1112
1.620630061792e-1116
7.45924706723e-1121
3.204102991053e-1125
1.282665251151e-1129
4.778456796893e-1134
1.654159399813e-1138
5.312570811186e-1143
1.580392932399e-1147
4.347354735643e-1152
1.103878062192e-1156
2.582601335101e-1161
5.556534015599e-1166
1.097222580457e-1170
1.984380101241e-1175
3.27980819658e-1180
4.942830394269e-1185
6.77594724267e-1190
8.42839004782e-1195
9.48766026557e-1200
9.6386350682e-1205
8.81158532002e-1210
7.22683803686e-1215
5.300298243433e-1220
3.464452087669e-1225
2.010906645235e-1230
1.032577052718e-1235
4.671731229867e-1241
1.854395988453e-1246
6.428711086978e-1252
1.937054906075e-1257
5.046802968188e-1263
1.130715048759e-1268
2.165653518925e-1274
3.523490744971e-1280
4.836682132109e-1286
5.560622152688e-1292
5.311954682554e-1298
4.18028392273e-1304
2.684841080219e-1310
1.393051988528e-1316
5.774451569758e-1323
1.889005885927e-1329
4.811445592621e-1336
9.40049212264e-1343
1.38561552395e-1349
1.512461501201e-1356
1.197301110287e-1363
6.713269665255e-1371
2.595241497443e-1378
6.706525250714e-1386
1.117692824051e-1393
1.151927942989e-1401
6.98588034685e-1410
2.348568190911e-1418
4.069903628536e-1427
3.321411355938e-1436
1.138024962983e-1445
1.408976825046e-1455
5.144496905005e-1466
4.152599868384e-1477
4.793689874821e-1489
3.84243498029e-1502
5.31059048594e-1517
3.419316443017e-1535