0.0501904541827354
0.0499379369992605
0.0494367069754273
0.0486942774485097
0.0477216833915104
0.0465332085741412
0.045146036669499
0.0435798382122206
0.041856307272135
0.039998663068905
0.03803113247366
0.035978429411861
0.033865246618616
0.031715774054653
0.029553256645225
0.027399601953551
0.025275046057142
0.023197883379698
0.021184263663894
0.019248056766337
0.01740078361908
0.0156516096198493
0.0140073949540084
0.0124727949621517
0.0110504026731979
0.0097409250278114
0.0085433841055307
0.0074553348091427
0.006473090906563
0.0055919520293725
0.0048064251183851
0.0041104348286806
0.0034975184995645
0.0029610024036243
0.0024941570648666
0.0020903304386166
0.0017430586443654
0.0014461547154224
0.0011937764635251
0.0009804750482488
0.00080122619315533
0.00065144621198807
0.00052699511223144
0.00042416904634663
0.0003396843010436
0.00027065487055799
0.00021456546906755
0.00016924161676839
0.00013281819850753
0.00010370765574958
0.00008056874214281
0.000062276557717034
0.000047894382177855
0.000036647657170144
0.000027900322294567
0.000021133590135896
0.000015927150518031
0.000011942721728088
8.90981409466e-6
6.613536309754e-6
4.8842544016054e-6
3.5889045135982e-6
2.6237610222264e-6
1.9084686944908e-6
1.3811595085601e-6
9.944897306777e-7
7.124494659934e-7
5.0781409183502e-7
3.6012392072981e-7
2.5409454477417e-7
1.7837519816519e-7
1.2458591672343e-7
8.657617333229e-8
5.985802161967e-8
4.1175648968013e-8
2.818073037765e-8
1.9189219276654e-8
1.3000354652338e-8
8.762852214462e-9
5.876621511646e-9
3.9210415721814e-9
2.6029522885034e-9
1.71918074514e-9
1.129709988316e-9
7.385876164957e-10
4.804256824071e-10
3.1091312937731e-10
2.0018893378832e-10
1.2824154129404e-10
8.173433686356e-11
5.182830401043e-11
3.2697577166272e-11
2.0523420662331e-11
1.2816486601966e-11
7.962927477414e-12
4.922214352099e-12
3.0271345561377e-12
1.8521911998995e-12
1.1275147560834e-12
6.828737415669e-13
4.114715199677e-13
2.4667194549001e-13
1.471227261023e-13
8.730099706611e-14
5.153917749629e-14
3.0271504071271e-14
1.7689198051829e-14
1.0283934509897e-14
5.948217668546e-15
3.422868135848e-15
1.9596053507472e-15
1.1161474150814e-15
6.324822566662e-16
3.565728984501e-16
1.9999579023909e-16
1.1160027155205e-16
6.195564071632e-17
3.421897382757e-17
1.8802818580741e-17
1.0278934208699e-17
5.590384488125e-18
3.024844338113e-18
1.6282887972527e-18
8.720194631882e-19
4.646078470114e-19
2.4627016150337e-19
1.2986771809905e-19
6.813245607768e-20
3.556063895652e-20
1.8464901306143e-20
9.538620966877e-21
4.902127407899e-21
2.5063587168006e-21
1.2748547799385e-21
6.451137157832e-22
3.247649224731e-22
1.6265163753653e-22
8.104074909427e-23
4.017013826116e-23
1.9808758799703e-23
9.717721238297e-24
4.742682119335e-24
2.3026883783162e-24
1.1122362670136e-24
5.344521371609e-25
2.554874739587e-25
1.2150064240597e-25
5.748239250492e-26
2.70543761109e-26
1.2667349580213e-26
5.900361851065e-27
2.73410570389e-27
1.2603606020179e-27
5.779846351154e-28
2.636809839907e-28
1.1966894166655e-28
5.40285466057e-29
2.426628987455e-29
1.0842284487766e-29
4.819195997856e-30
2.1309035875507e-30
9.373191087667e-31
4.101518106958e-31
1.7853949957413e-31
7.731353482084e-32
3.330483571314e-32
1.4272124183532e-32
6.084130056407e-33
2.580096247104e-33
1.0884283735536e-33
4.567613098965e-34
1.9067916593683e-34
7.918458049797e-35
3.271149530881e-35
1.3442545782169e-35
5.495192937368e-36
2.234619561749e-36
9.039458322722e-37
3.637460610183e-37
1.4560295483331e-37
5.797716610267e-38
2.296453124308e-38
9.048381168147e-39
3.546465809271e-39
1.3827100996004e-39
5.362605302701e-40
2.06884873273e-40
7.939418713906e-41
3.030781247489e-41
1.1508672621453e-41
4.347098467976e-42
1.633338298629e-42
6.104555719298e-43
2.269509695495e-43
8.392839040943e-44
3.087332594367e-44
1.1296773123684e-44
4.11169267624e-45
1.4886099415749e-45
5.360854052837e-46
1.920342158472e-46
6.842480502809e-47
2.425144324061e-47
8.549671325195e-48
2.998111587847e-48
1.0457585786735e-48
3.628265563867e-49
1.2521299307143e-49
4.298145664118e-50
1.4675501824977e-50
4.984063634553e-51
1.683649414791e-51
5.657126485998e-52
1.890666460037e-52
6.28503085219e-53
2.078126692374e-53
6.83450998445e-54
2.235692825305e-54
7.274194337908e-55
2.35409670909e-55
7.577552359877e-56
2.426037109644e-56
7.725531657684e-57
2.446923227157e-57
7.708536262351e-58
2.415358925296e-58
7.527455160361e-59
2.333296753525e-59
7.193589023674e-60
2.205838200938e-60
6.727482875949e-61
2.040708566713e-61
6.15683235449e-62
1.847481633392e-62
5.513760400496e-63
1.636662379243e-63
4.831836617856e-64
1.418749713584e-64
4.143221993997e-65
1.2033942931747e-65
3.476269741302e-66
9.98741751505e-67
2.853813524089e-67
8.110153055204e-68
2.292250079458e-68
6.44351489551e-69
1.801399216678e-69
5.008662682382e-70
1.385021968936e-70
3.809017566374e-71
1.0418113591559e-71
2.833892395456e-72
7.666446767147e-73
2.062622410665e-73
5.518976030619e-74
1.468617747554e-74
3.886590962125e-75
1.0229090087696e-75
2.677389569405e-76
6.969326524696e-77
1.804151548579e-77
4.644686899349e-78
1.1891574312834e-78
3.027749891906e-79
7.666490691605e-80
1.930489445189e-80
4.834267473015e-81
1.2038837653144e-81
2.981448294638e-82
7.342721266823e-83
1.798340911827e-83
4.379962618995e-84
1.060841125805e-84
2.55511242038e-85
6.119945405996e-86
1.457676294243e-86
3.452619916664e-87
8.132212320977e-88
1.904754523884e-88
4.436472424441e-89
1.0275503659107e-89
2.366644850536e-90
5.420330592074e-91
1.234466289864e-91
2.795706148574e-92
6.295941414383e-93
1.409888400555e-93
3.139508931497e-94
6.951678001406e-95
1.530616937855e-95
3.351122613521e-96
7.29556685469e-97
1.579321900714e-97
3.399563288468e-98
7.276363949177e-99
1.548611390978e-99
3.277216793532e-100
6.896051608941e-101
1.442867184171e-101
3.0017922598e-102
6.209565705803e-103
1.277220904764e-103
2.612118521715e-104
5.311774981242e-105
1.073999897227e-105
2.159158034738e-106
4.315966559127e-107
8.57793951153e-108
1.695106401203e-108
3.330564293643e-109
6.506438656417e-110
1.263779461549e-110
2.440615962328e-111
4.686251111269e-112
8.946380462639e-113
1.698097414531e-113
3.204564294611e-114
6.012626682291e-115
1.121620790523e-115
2.08023361779e-116
3.835836573307e-117
7.032142646023e-118
1.281718028345e-118
2.322588131569e-119
4.18431558095e-120
7.494571383898e-121
1.334556355723e-121
2.362611866791e-122
4.158251714538e-123
7.275949476919e-124
1.265687939124e-124
2.188866258901e-125
3.763266449537e-126
6.432227470401e-127
1.092964407549e-127
1.846274819119e-128
3.100486660308e-129
5.176116714885e-130
8.590459484021e-131
1.41730827283e-131
2.32458423485e-132
3.790152831715e-133
6.143219648954e-134
9.89830102841e-135
1.585433233792e-135
2.524383455292e-136
3.995582743249e-137
6.286656400504e-138
9.83266981784e-139
1.528736565002e-139
2.362656771715e-140
3.629716510054e-141
5.543016360447e-142
8.414305489947e-143
1.269656728412e-143
1.904353388594e-144
2.839220940509e-145
4.207639127725e-146
6.198158014542e-147
9.07546459087e-148
1.320852556002e-148
1.910804435579e-149
2.747588732389e-150
3.926973277052e-151
5.578687468968e-152
7.877186075893e-153
1.105534423716e-153
1.542171314703e-154
2.138204480407e-155
2.946586387606e-156
4.035891668042e-157
5.49423508989e-158
7.433946214621e-159
9.9970770124e-160
1.336180414744e-160
1.774976414133e-161
2.343432548097e-162
3.074975542691e-163
4.010117961533e-164
5.19751589106e-165
6.695062053588e-166
8.57097805232e-167
1.090485845081e-167
1.37886077884e-168
1.732720000071e-169
2.163917878775e-170
2.685680814982e-171
3.312577562815e-172
4.060434786936e-173
4.946188014006e-174
5.98765894545e-175
7.20325160032e-176
8.61156202774e-177
1.023089939948e-177
1.207872014851e-178
1.417098138351e-179
1.652142494392e-180
1.91408089578e-181
2.203610935335e-182
2.52097191257e-183
2.865867790089e-184
3.237396807529e-185
3.633991614954e-186
4.053373846484e-187
4.492526909338e-188
4.947690393898e-189
5.414378909735e-190
5.887427328445e-191
6.361063390082e-192
6.82900744555e-193
7.28459781735e-194
7.72093893245e-195
8.13106809006e-196
8.50813555365e-197
8.84559167999e-198
9.13737408882e-199
9.3780874951e-200
9.56316881131e-201
9.68903049885e-202
9.75317590081e-203
9.75428139086e-204
9.69224157206e-205
9.5681753793e-206
9.38439268882e-207
9.14432281842e-208
8.85240800871e-209
8.51396651161e-210
8.13503118965e-211
7.72217048062e-212
7.28229915824e-213
6.82248650009e-214
6.34976926177e-215
5.870976280345e-216
5.39257063986e-217
4.920514195098e-218
4.460157945299e-219
4.016160361982e-220
3.592434388025e-221
3.192122516642e-222
2.817598194895e-223
2.470490828987e-224
2.151730932289e-225
1.861611469223e-226
1.599861208556e-227
1.36572589347e-228
1.158053235064e-229
9.7537810407e-231
8.16004790087e-232
6.78083774254e-233
5.596810768399e-234
4.588388565029e-235
3.736265197267e-236
3.021821210985e-237
2.427442794037e-238
1.93675190441e-239
1.534755815572e-240
1.207926277932e-241
9.44219426519e-243
7.33047786981e-244
5.652153740324e-245
4.32826075784e-246
3.291744091216e-247
2.486264398115e-248
1.864972945253e-249
1.389303389717e-250
1.027818244015e-251
7.55136610693e-253
5.509599032487e-254
3.99204094297e-255
2.87240546491e-256
2.052425873681e-257
1.456315215983e-258
1.02613530348e-259
7.17976698639e-261
4.988473454899e-262
3.441689362323e-263
2.357856821856e-264
1.603983840129e-265
1.083463696999e-266
7.26700650772e-268
4.839700761894e-269
3.200355245816e-270
2.101306964902e-271
1.369895168952e-272
8.86720102489e-274
5.698781395681e-275
3.636373426896e-276
2.303778767619e-277
1.449084272508e-278
9.0494424093e-280
5.610738235823e-281
3.453686237217e-282
2.110595881267e-283
1.280504908227e-284
7.71269143226e-286
4.611835187389e-287
2.737658360295e-288
1.61330648881e-289
9.43802555599e-291
5.481084617978e-292
3.159856617639e-293
1.808331930384e-294
1.027290315642e-295
5.79304417393e-297
3.242749447066e-298
1.801802271613e-299
9.93761787968e-301
5.440428384125e-302
2.956335561015e-303
1.594550710444e-304
8.53652357102e-306
4.536030268601e-307
2.392308015373e-308
1.252271585662e-309
6.50600261693e-311
3.354734704332e-312
1.716818174604e-313
8.7197994349e-315
4.3954022844e-316
2.198844602936e-317
1.091661570595e-318
5.378644623018e-320
2.629921330187e-321
1.276119789718e-322
6.14486825121e-324
2.936295682959e-325
1.392344404808e-326
6.55159135444e-328
3.059100158848e-329
1.417362223171e-330
6.51630988601e-332
2.972690847626e-333
1.345607161534e-334
6.04366955105e-336
2.69333466728e-337
1.190913993956e-338
5.224733968958e-340
2.274232566445e-341
9.82167681982e-343
4.208328229569e-344
1.788956828622e-345
7.54482993198e-347
3.156831496073e-348
1.310384271597e-349
5.396152326309e-351
2.204453195827e-352
8.93390996502e-354
3.591691955211e-355
1.43240618693e-356
5.66677048903e-358
2.223822297895e-359
8.65669687138e-361
3.342601643149e-362
1.28023555543e-363
4.863629928596e-365
1.83269003553e-366
6.84964105566e-368
2.539155535376e-369
9.3356775757e-371
3.404315035001e-372
1.23121320812e-373
4.416198990714e-375
1.570970478671e-376
5.54221751128e-378
1.939042581849e-379
6.7277741534e-381
2.31487600155e-382
7.89856649574e-384
2.672544480811e-385
8.96704967187e-387
2.983417160274e-388
9.84260196657e-390
3.219801523002e-391
1.044391141035e-392
3.358951757204e-394
1.071130592247e-395
3.38665268759e-397
1.061646515399e-398
3.299602824894e-400
1.016733663795e-401
3.106045794334e-403
9.40708082143e-405
2.824486268199e-406
8.40722713642e-408
2.480766626169e-409
7.256545111e-411
2.104145342138e-412
6.04803576799e-414
1.723203727105e-415
4.866686611886e-417
1.362370981729e-418
3.780187543948e-420
1.0396278872e-421
2.833868554912e-423
7.65612877803e-425
2.050014736595e-426
5.44018141991e-428
1.430766591836e-429
3.729181395137e-431
9.6324725076e-433
2.465651992289e-434
6.2543996874e-436
1.572133390232e-437
3.915913184902e-439
9.66510448042e-441
2.363740271404e-442
5.72799279514e-444
1.375322090289e-445
3.271864394866e-447
7.7119588369e-449
1.800952184703e-450
4.166747754197e-452
9.55078774488e-454
2.168789853365e-455
4.878893284863e-457
1.087276331318e-458
2.400283004244e-460
5.2490163827e-462
1.137038994634e-463
2.439740641716e-465
5.18527363397e-467
1.091561447056e-468
2.275945646728e-470
4.700038308518e-472
9.61291877294e-474
1.947206383503e-475
3.906249067544e-477
7.76045941253e-479
1.526802032405e-480
2.974637078669e-482
5.73890835032e-484
1.096368728424e-485
2.073977124884e-487
3.884714419454e-489
7.20459887459e-491
1.322951012468e-492
2.405185412151e-494
4.329240451537e-496
7.71472811116e-498
1.361014174354e-499
2.376977255646e-501
4.109556154907e-503
7.03330415822e-505
1.191531279227e-506
1.99811258989e-508
3.316574252843e-510
5.44880745114e-512
8.86016438163e-514
1.425926695537e-515
2.271193556508e-517
3.580131274633e-519
5.58493141296e-521
8.62178044675e-523
1.31711086643e-524
1.991039608546e-526
2.978211214794e-528
4.40793163663e-530
6.45510924264e-532
9.35292084004e-534
1.340760657295e-535
1.90152004665e-537
2.667972923865e-539
3.703206119123e-541
5.08481668833e-543
6.90650838652e-545
9.27923943039e-547
1.23316578884e-548
1.620952710624e-550
2.107382834118e-552
2.709723990725e-554
3.445873985402e-556
4.333616895767e-558
5.38967257319e-560
6.62855435624e-562
8.06127141182e-564
9.69393562375e-566
1.152635641495e-567
1.355072762471e-569
1.575052555142e-571
1.809974351599e-573
2.056258324174e-575
2.309370530588e-577
2.563910950898e-579
2.81376724391e-581
3.052331668204e-583
3.272772854567e-585
3.468348453863e-587
3.632739750052e-589
3.760385740027e-591
3.846792457898e-593
3.888793802261e-595
3.884742911403e-597
3.834618057735e-599
3.740033666742e-601
3.604154757373e-603
3.431521054919e-605
3.227794405562e-607
2.999449147991e-609
2.753429159859e-611
2.49679702182e-613
2.23640003871e-615
1.978574917808e-617
1.72890816708e-619
1.492063357098e-621
1.271679992937e-623
1.070342563239e-625
8.89612976915e-628
7.30115509434e-630
5.91660811158e-632
4.733945281859e-634
3.739565200068e-636
2.916382568202e-638
2.245283880465e-640
1.706393094952e-642
1.280104608311e-644
9.47867598681e-647
6.92728137889e-649
4.99652201406e-651
3.556634986289e-653
2.498352903349e-655
1.731759358984e-657
1.184449737237e-659
7.99313063164e-662
5.32186679016e-664
3.495693245547e-666
2.265166071826e-668
1.447901982409e-670
9.12904602101e-673
5.67718772488e-675
3.482066095531e-677
2.106253779085e-679
1.25640052814e-681
7.39031244999e-684
4.286354348987e-686
2.451190005987e-688
1.381981788272e-690
7.68133388841e-693
4.208741293727e-695
2.273113407249e-697
1.210082592878e-699
6.34900169691e-702
3.282944941356e-704
1.672863133521e-706
8.39975313766e-709
4.155777583074e-711
2.025759107431e-713
9.72843115125e-716
4.602425862545e-718
2.144810608411e-720
9.84505437197e-723
4.450849059163e-725
1.981670435896e-727
8.68863851794e-730
3.751209818805e-732
1.594621353952e-734
6.6738634254e-737
2.749775028863e-739
1.115278592666e-741
4.452478353018e-744
1.749516548527e-746
6.7654588928e-749
2.57456727387e-751
9.64058640981e-754
3.551885409511e-756
1.287461973971e-758
4.590850384052e-761
1.610267514263e-763
5.55535205324e-766
1.884932903485e-768
6.28944955946e-771
2.06358838252e-773
6.65714529617e-776
2.111387388111e-778
6.58298243138e-781
2.017492215817e-783
6.07707361108e-786
1.798991788412e-788
5.2332809207e-791
1.495845536984e-793
4.200726956578e-796
1.158894318801e-798
3.140516390685e-801
8.35895159339e-804
2.184998880874e-806
5.60859281666e-809
1.413559110137e-811
3.497719256838e-814
8.49610404179e-817
2.02568084317e-819
4.740131577864e-822
1.088501971151e-824
2.452664616004e-827
5.42209731138e-830
1.175888396692e-832
2.501401416271e-835
5.21876048199e-838
1.067740156684e-840
2.142026880215e-843
4.213001416701e-846
8.12290135068e-849
1.535071038688e-851
2.843070534831e-854
5.15979036291e-857
9.17496507934e-860
1.598257119498e-862
2.727092702074e-865
4.557267940422e-868
7.45761954827e-871
1.194883777784e-873
1.874212561334e-876
2.877510253199e-879
4.323704783131e-882
6.3572851699e-885
9.14530843967e-888
1.286973532887e-890
1.771406080062e-893
2.384380830003e-896
3.138143801035e-899
4.037751226032e-902
5.07813845308e-905
6.24159406372e-908
7.49616604567e-911
8.79551343165e-914
1.008059224403e-916
1.128332695568e-919
1.233209471261e-922
1.315849447886e-925
1.370456189347e-928
1.39294006594e-931
1.381419240193e-934
1.336474187892e-937
1.261108833087e-940
1.160419623635e-943
1.041022936494e-946
9.10330545525e-950
7.75784225797e-953
6.44160017064e-956
5.21031607565e-959
4.104467641416e-962
3.148295473062e-965
2.350833366489e-968
1.70842579805e-971
1.208083188762e-974
8.31037897777e-978
5.55985106966e-981
3.616738475339e-984
2.287041855012e-987
1.405476967484e-990
8.3917703494e-994
4.866865310912e-997
2.740908608305e-1000
1.498548486169e-1003
7.95165353909e-1007
4.093847858061e-1010
2.044412321427e-1013
9.90011984547e-1017
4.647483330738e-1020
2.114309070052e-1023
9.31874997951e-1027
3.977847589093e-1030
1.643993145989e-1033
6.57613351724e-1037
2.545156978896e-1040
9.52760089045e-1044
3.448468876316e-1047
1.206392233325e-1050
4.077676648658e-1054
1.331184957122e-1057
4.195670724638e-1061
1.276245912489e-1064
3.74512542124e-1068
1.059797365576e-1071
2.890849326573e-1075
7.59787336004e-1079
1.923253158201e-1082
4.686713354497e-1086
1.098988999672e-1089
2.478634055919e-1093
5.37430324167e-1097
1.119733081872e-1100
2.240662807245e-1104
4.304178050079e-1108
7.93291107923e-1112
1.402087583875e-1115
2.375111130479e-1119
3.85406709651e-1123
5.98736224382e-1127
8.89981471059e-1131
1.265020134121e-1134
1.718384030479e-1138
2.229347476346e-1142
2.760523028538e-1146
3.260430959157e-1150
3.670582246781e-1154
3.93613118905e-1158
4.017620283356e-1162
3.900447097252e-1166
3.598973004434e-1170
3.153731208057e-1174
2.622443528793e-1178
2.06759931334e-1182
1.544323287504e-1186
1.091801068197e-1190
7.29949194436e-1195
4.610881531963e-1199
2.749181240928e-1203
1.545694394542e-1207
8.18660476566e-1212
4.080268019008e-1216
1.911648151311e-1220
8.40960544478e-1225
3.469677795268e-1229
1.340999727019e-1233
4.849044793309e-1238
1.638379408083e-1242
5.165664921632e-1247
1.517724500841e-1251
4.149481099516e-1256
1.054106259886e-1260
2.484251276868e-1265
5.422901245275e-1270
1.094635855232e-1274
2.039655467949e-1279
3.501945375381e-1284
5.529814333776e-1289
8.01509223332e-1294
1.06417779403e-1298
1.291513066314e-1303
1.429523721256e-1308
1.439712653647e-1313
1.316097250128e-1318
1.089211402049e-1323
8.13912297233e-1329
5.475885182681e-1334
3.307111802764e-1339
1.787308071879e-1344
8.61530107184e-1350
3.691024929791e-1355
1.400322053898e-1360
4.686180858095e-1366
1.377605437806e-1371
3.541927917009e-1377
7.9275306409e-1383
1.53695964614e-1388
2.567511773722e-1394
3.674759535514e-1400
4.478977058372e-1406
4.618880292791e-1412
4.001877642378e-1418
2.89124080589e-1424
1.727657166434e-1430
8.46343645386e-1437
3.366521385021e-1443
1.076005358328e-1449
2.731941491229e-1456
5.441143271445e-1463
8.38396457187e-1470
9.84198596803e-1477
8.65315394796e-1484
5.590268895368e-1491
2.597365615141e-1498
8.47078173472e-1506
1.886159086557e-1513
2.777694079675e-1521
2.607556798389e-1529
1.49446776178e-1537
4.968773370602e-1546
9.01327686309e-1555
8.277607201425e-1564
3.507189957642e-1573
6.091978379731e-1583
3.717680211535e-1593
6.467471788683e-1604
2.384492068179e-1615
1.190214432192e-1627
3.82408102113e-1641
1.885575453655e-1656
3.465842550777e-1675