0.20898430851629274
0.1911635802786621
0.1599399275545479
0.12237883847025714
0.08561685077984334
0.054750665778332076
0.03199174358337146
0.017073105881727845
0.008317385036934136
0.0036965702725171136
0.0014977892627292286
0.0005528480287792543
0.00018573262875095736
0.00005673885668754674
0.000015744241598181687
3.963733234174356e-6
9.042164554274839e-7
1.866454797098833e-7
3.4807738736531225e-8
5.854960930249298e-9
8.866955292594116e-10
1.2066201440627574e-10
1.4722456305780617e-11
1.6069042876497924e-12
1.56493699276179e-13
1.356125635602089e-14
1.0425344386668414e-15
7.08663594304451e-17
4.244125595698086e-18
2.2306211570300397e-19
1.0244196283925996e-20
4.0914965094167607e-22
1.4137224274155036e-23
4.201527160628118e-25
1.0671290531221632e-26
2.2997378701938992e-28
4.171603061509294e-30
6.311966818130845e-32
7.885321393662494e-34
8.039038989376086e-36
6.599465480016038e-38
4.2954616661117225e-40
2.176969958303928e-42
8.409258345882526e-45
2.413363204403226e-47
4.988366771814638e-50
7.1462236088719205e-53
6.758823350430473e-56
3.9619475088356557e-59
1.3221294591344135e-62
2.228315478334453e-66
1.585163834120727e-70
3.544334983831529e-75
1.420827155888801e-80
2.4448842535551586e-87