0.0910723862015695
0.0895685290379873
0.0866348626531276
0.0824134428144414
0.0771029385181113
0.0709431547197818
0.0641971489611259
0.0571327913149003
0.0500055464524291
0.0430439697496417
0.0364389647775912
0.0303373246303401
0.0248395555788678
0.0200015296609941
0.0158391836292383
0.0123352998835141
0.0094473694700905
0.0071156255479078
0.0052705117870776
0.0038390725724608
0.00274998160206631
0.00193713140676796
0.0013418682856538
0.00091406626535414
0.00061229078361828
0.00040331563951453
0.00026123691192815
0.00016638753251865
0.000104207311861511
0.000064174274968825
0.000038860026559532
0.000023137600649421
0.0000135456608349469
7.7972605308322e-6
4.4130309091182e-6
2.4557143621021e-6
1.34356087212013e-6
7.2271637865925e-7
3.8220970394895e-7
1.9872420498446e-7
1.01579677792571e-7
5.1045965798113e-8
2.5217721750173e-8
1.22470408564233e-8
5.8469342807481e-9
2.7440219663284e-9
1.26590070580037e-9
5.7405633145591e-10
2.5588337823246e-10
1.1211196857692e-10
4.8280706815739e-11
2.0436012237042e-11
8.5017531524773e-12
3.4761562621582e-12
1.3968731292886e-12
5.5165767611829e-13
2.1410425639959e-13
8.1660402543915e-14
3.0606643101668e-14
1.1272622847978e-14
4.0796810678159e-15
1.4507948541939e-15
5.0693314513105e-16
1.7403889525824e-16
5.8705485539519e-17
1.9455092502529e-17
6.3342529147843e-18
2.026048971275e-18
6.3662191801878e-19
1.9650550892167e-19
5.9581778814584e-20
1.7745228495272e-20
5.1911386998113e-21
1.4915567697251e-21
4.2091652019767e-22
1.1665780239066e-22
3.1752326057532e-23
8.48717630578e-24
2.2277092092646e-24
5.7417295305277e-25
1.4531048447678e-25
3.6107869983681e-26
8.809228387271e-27
2.110012353421e-27
4.9616139128886e-28
1.1453313458797e-28
2.595305962206e-29
5.7726323204552e-30
1.2602754228503e-30
2.7004817172622e-31
5.6790909413557e-32
1.1720751252672e-32
2.3738210880776e-33
4.7177281837293e-34
9.199968700045e-35
1.7602891334091e-35
3.3044654673481e-36
6.0857332149008e-37
1.0994958968584e-37
1.948576439222e-38
3.3873347578598e-39
5.7754910320555e-40
9.657899770201e-41
1.5838421190892e-41
2.5471146092636e-42
4.0166504328403e-43
6.210543868587e-44
9.414904410929e-45
1.3992427118595e-45
2.0385940415835e-46
2.9113755357958e-47
4.0753435250578e-48
5.591096345363e-49
7.517340606033e-50
9.904514913551e-51
1.2787057992335e-51
1.617494038553e-52
2.0045413713769e-53
2.4336199073398e-54
2.8941458981907e-55
3.3711807070653e-56
3.8459267550633e-57
4.2967510480555e-58
4.700692394735e-59
5.035325882645e-60
5.28078495356e-61
5.421693321058e-62
5.448748525439e-63
5.35973196837e-64
5.159793894032e-65
4.86096426041e-66
4.480953420479e-67
4.0414089828348e-68
3.5658681876876e-69
3.0776760035694e-70
2.5981243253712e-71
2.145012954205e-72
1.7317518115032e-73
1.3670334119503e-74
1.0550221363148e-75
7.959456055385e-77
5.869406253757e-78
4.230022395355e-79
2.9790430177828e-80
2.0499511795911e-81
1.3781263365516e-82
9.050207627827e-84
5.804921466174e-85
3.636183586782e-86
2.2240742871511e-87
1.3281533084617e-88
7.742530953884e-90
4.40547635862e-91
2.4463370355901e-92
1.3255326450342e-93
7.007311445712e-95
3.613551728664e-96
1.8174934461878e-97
8.914558427029e-99
4.263307944073e-100
1.9876673627591e-101
9.032746806298e-103
4.000394268867e-104
1.7263107259365e-105
7.257605993082e-107
2.972006129918e-108
1.1852504879456e-109
4.602517985299e-111
1.7399030490775e-112
6.402013370904e-114
2.2923782736714e-115
7.986357991198e-117
2.706555936497e-118
8.920768273623e-120
2.858999448086e-121
8.907589933614e-123
2.697407977077e-124
7.937384371325e-126
2.2691055164547e-127
6.300552812148e-129
1.6988203548291e-130
4.446897880534e-132
1.1298002841742e-133
2.785304906412e-135
6.661312398956e-137
1.5450764417263e-138
3.474785265479e-140
7.574885134801e-142
1.6001987120056e-143
3.274904580006e-145
6.49119474944e-147
1.2457287434097e-148
2.314003038306e-150
4.159218500508e-152
7.231520930125e-154
1.2158422744623e-155
1.9761087661422e-157
3.103726477132e-159
4.709171887465e-161
6.899856911969e-163
9.759156941651e-165
1.3319858364439e-166
1.7536238928447e-168
2.226143758981e-170
2.723804864623e-172
3.21089828574e-174
3.645205987608e-176
3.983593914321e-178
4.188833636572e-180
4.236222646078e-182
4.118407826372e-184
3.847128338028e-186
3.45133353381e-188
2.972079496107e-190
2.455451346481e-192
1.945214492185e-194
1.4768287140134e-196
1.0739240264829e-198
7.475580992177e-201
4.97833359275e-203
3.169732339549e-205
1.928344014995e-207
1.1201728947723e-209
6.209128741813e-212
3.281848372812e-214
1.652860142513e-216
7.926123426088e-219
3.616258474974e-221
1.568511416514e-223
6.462335848011e-226
2.526950925402e-228
9.369761447049e-231
3.291472511947e-233
1.0943929065976e-235
3.440757830458e-238
1.0218649695801e-240
2.863753982564e-243
7.564974391763e-246
1.881555890516e-248
4.401022185817e-251
9.669077292582e-254
1.992773754326e-256
3.847651857501e-259
6.950197379403e-262
1.1728293175595e-264
1.84609386897e-267
2.706259868606e-270
3.688637253995e-273
4.666524083043e-276
5.469739538562e-279
5.928725746067e-282
5.930788603865e-285
5.463996727954e-288
4.625921565231e-291
3.590605012787e-294
2.548912410628e-297
1.650580433734e-300
9.723549195147e-304
5.195900863447e-307
2.510787606309e-310
1.0935888091853e-313
4.278425787946e-317
1.4979285053711e-320
4.674736996918e-324
1.2949223609657e-327
3.169415461123e-331
6.820946431035e-335
1.2839779117445e-338
2.102097051043e-342
2.974820323274e-346
3.614783074e-350
3.744197189571e-354
3.279725725118e-358
2.408412358804e-362
1.4684754330944e-366
7.355804420171e-371
2.99152448921e-375
9.748203876515e-380
2.507782418307e-384
5.008547927671e-389
7.619152637369e-394
8.637129913469e-399
7.113729794831e-404
4.132615354006e-409
1.6350627449931e-414
4.22457393253e-420
6.772607560954e-426
6.322560154479e-432
3.171179276177e-438
7.693164870288e-445
7.831766990991e-452
2.736229387715e-459
2.4224210320647e-467
3.289722896101e-476
2.6113313009756e-486
1.0045313108323e-498