0.0901676351811479
0.0887080222710854
0.0858592597772011
0.0817566384169551
0.0765896318179432
0.070587408999081
0.0640020443367309
0.0570911313452751
0.0501014515902426
0.0432550971869397
0.0367390459119863
0.0306987106823303
0.0252355031189174
0.0204080291108851
0.0162362201231617
0.0127075220758735
0.0097842154167512
0.0074110074397374
0.0055221897706867
0.0040478533320738
0.00291886429751037
0.00207049826856311
0.00144478627700184
0.00099173548627349
0.00066964888450297
0.00044478777186362
0.00029060833335746
0.000186770278058121
0.000118071935864137
0.000073420841358553
0.000044907628295455
0.000027017371928813
0.0000159875615360363
9.3053180589522e-6
5.3270109975877e-6
2.9993879910295e-6
1.66100707844063e-6
9.0467582386789e-7
4.8460716156971e-7
2.5530215249884e-7
1.32275429446931e-7
6.7399391339537e-8
3.3773547413073e-8
1.6643049188845e-8
8.0652161516894e-9
3.8434141694754e-9
1.8010566246817e-9
8.299219906442e-10
3.7604290499582e-10
1.675398097551e-10
7.3395455947145e-11
3.1614089480853e-11
1.3388814318088e-11
5.5749739987392e-12
2.2822960533176e-12
9.185829927804e-13
3.6347182754962e-13
1.413895941322e-13
5.4068789211175e-14
2.0325735290593e-14
7.5111076546234e-15
2.7283949489353e-15
9.741889405671e-16
3.4189975402511e-16
1.1793988244245e-16
3.9986677401166e-17
1.3324435917004e-17
4.3636220649063e-18
1.4044162429322e-18
4.4420183180752e-19
1.3806567933355e-19
4.2169343533397e-20
1.2656051095109e-20
3.7322794323935e-21
1.0814554578968e-21
3.0788277596396e-22
8.611679443533e-23
2.3664599989002e-23
6.3885483353714e-24
1.6942576964222e-24
4.4138063706008e-25
1.1294982883234e-25
2.8390825807921e-26
7.009256801442e-27
1.699606786892e-27
4.0475125584571e-28
9.46611166916e-29
2.1740964000427e-29
4.9033115026127e-30
1.0858832027304e-30
2.3612326761498e-31
5.0412153536958e-32
1.0566981027224e-32
2.1745224002689e-33
4.3929053193967e-34
8.711484379756e-35
1.6957500818338e-35
3.2399442318912e-36
6.0756884510779e-37
1.118179754933e-37
2.0195817481257e-38
3.5794810175842e-39
6.225328104378e-40
1.0623370534445e-40
1.7786654150103e-41
2.9216728033388e-42
4.7081187542234e-43
7.442424915964e-44
1.1539979112002e-44
1.7550558689319e-45
2.6178433189673e-46
3.8294297765152e-47
5.493294106744e-48
7.726982766863e-49
1.0657000650268e-49
1.4410436381147e-50
1.9103151568887e-51
2.4824861340647e-52
3.162206603773e-53
3.948048047517e-54
4.830922441283e-55
5.792943608831e-56
6.807000205321e-57
7.837265264091e-58
8.840772170439e-59
9.770048483868e-60
1.0576635638007e-60
1.1215161651485e-61
1.1647507195918e-62
1.1846541685842e-63
1.179892471617e-64
1.1506573054572e-65
1.0986570684708e-66
1.0269519459596e-67
9.396551217751e-69
8.415407864376e-70
7.376110810134e-71
6.326767152961e-72
5.309997416593e-73
4.360336296228e-74
3.5027838483253e-75
2.7525048475196e-76
2.1155204435597e-77
1.5901311948977e-78
1.1687637315241e-79
8.399417758626e-81
5.901333619495e-82
4.053019571395e-83
2.7207144462873e-84
1.7848851466909e-85
1.1442135554689e-86
7.166695605724e-88
4.385211387532e-89
2.6209909952673e-90
1.5299833839026e-91
8.721594458948e-93
4.854381030436e-94
2.6377913065049e-95
1.399118071549e-96
7.242914735296e-98
3.658929850776e-99
1.8034828889304e-100
8.67204658329e-102
4.06739226601e-103
1.8604905291784e-104
8.298253141693e-106
3.608471936374e-107
1.5295574254133e-108
6.31889463655e-110
2.5437537144226e-111
9.976817295767e-113
3.811667354069e-114
1.4182917040243e-115
5.138825303066e-117
1.8127106986285e-118
6.22410049312e-120
2.0798100884341e-121
6.762132475234e-123
2.1387934823651e-124
6.57945306251e-126
1.9681370702147e-127
5.723643268244e-129
1.6178813690325e-130
4.4440715283e-132
1.1859792193924e-133
3.074214948662e-135
7.738377178445e-137
1.8911212691858e-138
4.485758002992e-140
1.0325003797266e-141
2.305532146124e-143
4.993040035576e-145
1.0484693282832e-146
2.134148604155e-148
4.209695679031e-150
8.044704687142e-152
1.4889372669538e-153
2.668211907029e-155
4.628174370167e-157
7.768004484073e-159
1.2611925572968e-160
1.980086499502e-162
3.005198400381e-164
4.407581774213e-166
6.244740424891e-168
8.54397813816e-170
1.1284408956402e-171
1.4381620956834e-173
1.767993235272e-175
2.095686870591e-177
2.394254184604e-179
2.635316702119e-181
2.793380724885e-183
2.850188196382e-185
2.798140088341e-187
2.641917290183e-189
2.397832735551e-191
2.091024081508e-193
1.75115485569e-195
1.407649125306e-197
1.0855290512479e-199
8.026608853794e-202
5.687562117668e-204
3.859903788145e-206
2.507429559207e-208
1.558192423739e-210
9.257289388063e-213
5.254593778402e-215
2.847741954735e-217
1.4725600659586e-219
7.260252370958e-222
3.41053424245e-224
1.5253187717108e-226
6.489797821063e-229
2.624748845172e-231
1.0082595635493e-233
3.675484997681e-236
1.2703736319249e-238
4.159355669979e-241
1.2888056625202e-243
3.775631768641e-246
1.0446983162166e-248
2.727299523589e-251
6.710262646133e-254
1.554234244386e-256
3.384929639668e-259
6.923158318394e-262
1.3280780932119e-264
2.386314746935e-267
4.010624005192e-270
6.295720148949e-273
9.216570892018e-276
1.2563057822307e-278
1.591854169609e-281
1.871712866002e-284
2.038511499871e-287
2.052562521353e-290
1.906859736889e-293
1.631043532538e-296
1.2816642306599e-299
9.230618083437e-303
6.078065480305e-306
3.649624383659e-309
1.992893844136e-312
9.867512395496e-316
4.416478979348e-319
1.780997483596e-322
6.448389395394e-326
2.088439746579e-329
6.026251859252e-333
1.542687517531e-336
3.487634324655e-340
6.929069960052e-344
1.2034110981385e-347
1.816638448027e-351
2.368935056873e-355
2.650645222837e-359
2.526309691275e-363
2.034627786387e-367
1.3725758644853e-371
7.681461070318e-376
3.528294890148e-380
1.3144373765123e-384
3.919269228703e-389
9.214781983031e-394
1.6798059588095e-398
2.329125398979e-403
2.402830957989e-408
1.7979587679877e-413
9.471473708443e-419
3.390974094021e-424
7.909409801475e-430
1.1416232053428e-435
9.565920715401e-442
4.29102981298e-448
9.270483347057e-455
8.361196962682e-462
2.571368793063e-469
1.9870133873326e-477
2.3278624673852e-486
1.5654459939446e-496
4.926866151799e-509