0.0561183208706018
0.055765470274851
0.0550664095033683
0.0540342115950272
0.0526879756882208
0.0510522394400717
0.0491562356308733
0.0470330243990607
0.04471853704512
0.042250569929075
0.039667767587382
0.037008632857323
0.034310598682751
0.031609191646783
0.028937311474521
0.026324644162389
0.023797219431477
0.0213771162745503
0.0190823138404951
0.0169266790915087
0.0149200778217425
0.0130685919055008
0.0113748231294664
0.0098382626579458
0.0084557050128312
0.0072216862924648
0.0061289280342674
0.0051687704465596
0.0043315814865876
0.0036071312397203
0.0029849240710367
0.0024544839130842
0.0020055906927549
0.0016284681916683
0.0013139255193243
0.0010534558309634
0.00083929694591851
0.00066445914427939
0.0005227256845049
0.00040863154832811
0.00031742564382345
0.00024502124562315
0.00018793888258427
0.00014324525117808
0.00010849108287107
0.000081650262093323
0.000061061905112678
0.000045376587562213
0.000033507460003994
0.000024586620675096
0.000017926821161485
0.000012988359047907
9.350853897882e-6
6.6895000790332e-6
4.7553322892166e-6
3.3590176654051e-6
2.357693269465e-6
1.6443917588321e-6
1.1396345688738e-6
7.848155936408e-7
5.3704497718652e-7
3.6516912395602e-7
2.4672724655781e-7
1.6564531306749e-7
1.1050437266249e-7
7.325163600247e-8
4.8249411286524e-8
3.1579321357695e-8
2.0537562522192e-8
1.3271792169718e-8
8.522049219557e-9
5.437402833991e-9
3.4472373495789e-9
2.171612133616e-9
1.3593268835193e-9
8.454643350119e-10
5.22511161451e-10
3.2086613877702e-10
1.9578498017382e-10
1.1870284851392e-10
7.151025117819e-11
4.2805537491496e-11
2.5459811146022e-11
1.5046415295039e-11
8.83553017729e-12
5.155288039115e-12
2.988773769896e-12
1.721678124372e-12
9.854366311043e-13
5.60431148223e-13
3.1668802230597e-13
1.7780984223477e-13
9.91958960334e-14
5.498501068868e-14
3.0283534596184e-14
1.6572170020675e-14
9.010765341745e-15
4.868020127007e-15
2.6130656836092e-15
1.3936523212175e-15
7.385222412837e-16
3.888450636319e-16
2.0341937554238e-16
1.0573276475266e-16
5.460434750098e-17
2.8018444509826e-17
1.428429392327e-17
7.23552872308e-18
3.641474471736e-18
1.8208682601555e-18
9.046337402444e-19
4.465383534654e-19
2.189955032169e-19
1.0670893300283e-19
5.165997576692e-20
2.4848154458998e-20
1.1874607481166e-20
5.638040943548e-21
2.6596204644839e-21
1.2464997961709e-21
5.80422817957e-22
2.6851902657263e-22
1.2341915273168e-22
5.635929379844e-23
2.5569519832655e-23
1.1525298970971e-23
5.161227010667e-24
2.2962722645972e-24
1.0149904747685e-24
4.457252297989e-25
1.9446328456062e-25
8.428914239898e-26
3.629674910987e-26
1.5528315416529e-26
6.599938810267e-27
2.786845175479e-27
1.1690727731152e-27
4.872192199406e-28
2.0172504281498e-28
8.297478235594e-29
3.390639978704e-29
1.3764638870405e-29
5.551289468299e-30
2.2241657230971e-30
8.852846318289e-31
3.500575908891e-31
1.3751026975976e-31
5.366215155263e-32
2.0803508327722e-32
8.011961579421e-33
3.065300975813e-33
1.1650312493506e-33
4.39876128546e-34
1.6498700959711e-34
6.147432939266e-35
2.2754153364628e-35
8.366590639154e-36
3.056014634883e-36
1.1088671207436e-36
3.996859049621e-37
1.4311049310868e-37
5.090207605581e-38
1.7984937144516e-38
6.312331367121e-39
2.200777310355e-39
7.621945720857e-40
2.622146938255e-40
8.960816516937e-41
3.041833805728e-41
1.0256959783358e-41
3.435540059839e-42
1.1430427688929e-42
3.777625783813e-43
1.2401158335169e-43
4.043805850363e-44
1.309787706848e-44
4.213974694181e-45
1.346669890602e-45
4.274707362403e-46
1.347799911918e-46
4.221006501538e-47
1.3130338836066e-47
4.056980283055e-48
1.2450724754504e-48
3.795323890413e-49
1.1491142794836e-49
3.455695257947e-50
1.0321983202232e-50
3.062273634458e-51
9.023512068474e-52
2.640922043605e-52
7.676822902274e-53
2.21641459112e-53
6.355673477772e-54
1.8101342897982e-54
5.120309132607e-55
1.4385178216613e-55
4.013890159169e-56
1.1123574554012e-56
3.061606458755e-57
8.369083741935e-58
2.272099994261e-58
6.126259037742e-59
1.6405106447643e-59
4.36290649575e-60
1.1523469918048e-60
3.022724001859e-61
7.874425803596e-62
2.037238057518e-62
5.234370253617e-63
1.335623778046e-63
3.384528245001e-64
8.51733397372e-65
2.128619135102e-65
5.282970654396e-66
1.3020916922273e-66
3.187023273428e-67
7.746514624996e-68
1.86982958168e-68
4.481974566744e-69
1.0668553041347e-69
2.521781752533e-70
5.919327558539e-71
1.3797397690475e-71
3.193588400276e-72
7.340314207573e-73
1.675333554651e-73
3.796958158054e-74
8.545060953783e-75
1.909573020209e-75
4.237366504561e-76
9.336655318506e-77
2.042767901653e-77
4.437884247908e-78
9.573240895716e-79
2.050524115644e-79
4.361043691216e-80
9.20942302681e-81
1.931023597935e-81
4.02024610193e-82
8.310445451669e-83
1.705686677842e-83
3.475955173844e-84
7.03308193105e-85
1.412896697726e-85
2.818155614009e-86
5.580921840266e-87
1.0973113751453e-87
2.142068396991e-88
4.151574327485e-89
7.988492486083e-90
1.526110045064e-90
2.894491863299e-91
5.450303812073e-92
1.0188902320259e-92
1.89098805513e-93
3.484185273355e-94
6.373252300721e-95
1.157350016868e-95
2.086451894896e-96
3.734120711664e-97
6.634388679643e-98
1.1701520183775e-98
2.048843045959e-99
3.561199577234e-100
6.144709027369e-101
1.0524945648168e-101
1.789567368319e-102
3.020521913261e-103
5.060783423845e-104
8.416884865392e-105
1.389565173684e-105
2.2771747448e-106
3.704244788588e-107
5.981151953874e-108
9.586228171448e-109
1.525050983681e-109
2.408188736482e-110
3.774523151944e-111
5.872119889461e-112
9.067442069926e-113
1.389720627618e-113
2.114067326322e-114
3.191938043573e-115
4.783327618431e-116
7.114453071061e-117
1.0502296695938e-117
1.538700340457e-118
2.237414368659e-119
3.228917728296e-120
4.624675566174e-121
6.57377480553e-122
9.273701905543e-123
1.298349664459e-123
1.803955755328e-124
2.487431808856e-125
3.40379163134e-126
4.622283635979e-127
6.229129997152e-128
8.330492580476e-129
1.105558513361e-129
1.455981307064e-130
1.902777917575e-131
2.467594750452e-132
3.175471138894e-133
4.054956840775e-134
5.138107000528e-135
6.460319139177e-136
8.059976412426e-137
9.977863504291e-138
1.225632661588e-138
1.49381574585e-139
1.806519316821e-140
2.167663956552e-141
2.580714380768e-142
3.048466347936e-143
3.572820142255e-144
4.154549764892e-145
4.793078975139e-146
5.486276940176e-147
6.230287282171e-148
7.019404572865e-149
7.846011671397e-150
8.700589637835e-151
9.57180926091e-152
1.044670957585e-152
1.131096426928e-153
1.214923181205e-154
1.294557984442e-155
1.368396913202e-156
1.434877771638e-157
1.492534209304e-158
1.540048971562e-159
1.57630361187e-160
1.600422064325e-161
1.611805717109e-162
1.61015803287e-163
1.595497306457e-164
1.56815679807e-165
1.528772185518e-166
1.478256992482e-167
1.417767319051e-168
1.348657778307e-169
1.272430988396e-170
1.19068325415e-171
1.105049180558e-172
1.017147890994e-173
9.28533289104e-175
8.40650429823e-176
7.547995868197e-177
6.721090614814e-178
5.935172150543e-179
5.197636617854e-180
4.513890728669e-181
3.8874263694e-182
3.319959219042e-183
2.811616938394e-184
2.361161714605e-185
1.966232197508e-186
1.623590986944e-187
1.329365623853e-188
1.079273280785e-189
8.68821818195e-191
6.934823680345e-192
5.488309543092e-193
4.306587304242e-194
3.350521185755e-195
2.584454334041e-196
1.976494554874e-197
1.498599161845e-198
1.126500130241e-199
8.3950957518e-201
6.202423435538e-202
4.542879090178e-203
3.29858412309e-204
2.374341239473e-205
1.694222367511e-206
1.198400169369e-207
8.40291386099e-209
5.84045842358e-210
4.023882261715e-211
2.748002827625e-212
1.860179689498e-213
1.248103538493e-214
8.30035094719e-216
5.471224069227e-217
3.574429891305e-218
2.314489849941e-219
1.485326472272e-220
9.44710151326e-222
5.954935844709e-223
3.720053689131e-224
2.303067481489e-225
1.412996606044e-226
8.59100922784e-228
5.176156765922e-229
3.090454311877e-230
1.828438479813e-231
1.071945949737e-232
6.227177838053e-234
3.584485059851e-235
2.044422385611e-236
1.155351127699e-237
6.469161244776e-239
3.588918752347e-240
1.972658616085e-241
1.07424620307e-242
5.795757124813e-244
3.097860055797e-245
1.64039874174e-246
8.60525537519e-248
4.471934437255e-249
2.302157245434e-250
1.174013072052e-251
5.930614700355e-253
2.967602226093e-254
1.470893320812e-255
7.2213170934e-257
3.511572056198e-258
1.691323927722e-259
8.06830087793e-261
3.812039898776e-262
1.783786028995e-263
8.2666183285e-265
3.794046011813e-266
1.724473714734e-267
7.76210428705e-269
3.459878398725e-270
1.527179732761e-271
6.675085575804e-273
2.889017912984e-274
1.238111080289e-275
5.253807524506e-277
2.207409954918e-278
9.18280091398e-280
3.782157763099e-281
1.542287364943e-282
6.226456537358e-284
2.488601472751e-285
9.84684570211e-287
3.857046466277e-288
1.495605525653e-289
5.740795995859e-291
2.181264638607e-292
8.20378067273e-294
3.054058293987e-295
1.125346540026e-296
4.104203682466e-298
1.481470830731e-299
5.292571038318e-301
1.871274111327e-302
6.547762020081e-304
2.267361038773e-305
7.76977156061e-307
2.634771569153e-308
8.84121826343e-310
2.935640468679e-311
9.64500196588e-313
3.135432613494e-314
1.00849841091e-315
3.209389029599e-317
1.01047509229e-318
3.147542271931e-320
9.69944189621e-322
2.956906153807e-323
8.91723600607e-325
2.660180501404e-326
7.84993702009e-328
2.291297347394e-329
6.61519774886e-331
1.889017960912e-332
5.335153151089e-334
1.490255737726e-335
4.116833215778e-337
1.124707627035e-338
3.038611173338e-340
8.11810857134e-342
2.144686466077e-343
5.602564671769e-345
1.447134240088e-346
3.695849497061e-348
9.33228033752e-350
2.329773589232e-351
5.750113017971e-353
1.403007267436e-354
3.384140355335e-356
8.06910974721e-358
1.901846499856e-359
4.430793703821e-361
1.020298718632e-362
2.322182122336e-364
5.223620116682e-366
1.161278482432e-367
2.551371103782e-369
5.539444089496e-371
1.188493274608e-372
2.519694126098e-374
5.278394927318e-376
1.092549613982e-377
2.234332516912e-379
4.514438781309e-381
9.01137115472e-383
1.777013822611e-384
3.461665279117e-386
6.66123935399e-388
1.266140538169e-389
2.377096125212e-391
4.407886642978e-393
8.07260417783e-395
1.460081263325e-396
2.607959964549e-398
4.600081871147e-400
8.01218570616e-402
1.377961679748e-403
2.339934337999e-405
3.923106791851e-407
6.49375460887e-409
1.061158047604e-410
1.711834271537e-412
2.725960837491e-414
4.284817955025e-416
6.64780746393e-418
1.01797243877e-419
1.538449257038e-421
2.294551161676e-423
3.377204590058e-425
4.905005440922e-427
7.02945006264e-429
9.93985318914e-431
1.386730835227e-432
1.90868633726e-434
2.591692893182e-436
3.471484776157e-438
4.586756643225e-440
5.977651157475e-442
7.68361103451e-444
9.74059270691e-446
1.2177710449e-447
1.501346558507e-449
1.825180733164e-451
2.187835846604e-453
2.58572064591e-455
3.0128694301e-457
3.460863192698e-459
3.918928011974e-461
4.374233199142e-463
4.812393916781e-465
5.218161630024e-467
5.576263235814e-469
5.872328964336e-471
6.09383323172e-473
6.23096425839e-475
6.2773393179e-477
6.23049356757e-479
6.09209070484e-481
5.867830943452e-483
5.567062635205e-485
5.202134270845e-487
4.787549578561e-489
4.33900664157e-491
3.872410197348e-493
3.402943876771e-495
2.944276964172e-497
2.50796052325e-499
2.103043567123e-501
1.735914837119e-503
1.410352965747e-505
1.127749910491e-507
8.8746112691e-510
6.87231458384e-512
5.236475903164e-514
3.925748076788e-516
2.895459225868e-518
2.100817234742e-520
1.499334613679e-522
1.052474604398e-524
7.26591517316e-527
4.932841082501e-529
3.293017744439e-531
2.161437977603e-533
1.39477587263e-535
8.84789081535e-538
5.517077113632e-540
3.381210114826e-542
2.03651888512e-544
1.205360072256e-546
7.00996193127e-549
4.005372859843e-551
2.248309598304e-553
1.239687113826e-555
6.71378287228e-558
3.570899542882e-560
1.865084373705e-562
9.56499349537e-565
4.816044670393e-567
2.380508273757e-569
1.154982509064e-571
5.499968820888e-574
2.570254645452e-576
1.178622105515e-578
5.302812924415e-581
2.340569250139e-583
1.013373839643e-585
4.303281776092e-588
1.792090860141e-590
7.31809406e-593
2.929952431314e-595
1.149989774742e-597
4.424291343424e-600
1.668224796402e-602
6.16411306475e-605
2.231696328558e-607
7.91572377542e-610
2.750293027503e-612
9.35925105799e-615
3.119013121405e-617
1.017762966932e-619
3.251381653966e-622
1.016760801686e-624
3.111974139998e-627
9.32084787619e-630
2.731568692783e-632
7.83141402989e-635
2.196204300144e-637
6.023403611946e-640
1.615396229717e-642
4.235593096102e-645
1.085617001029e-647
2.719533429344e-650
6.65724569185e-653
1.592220281729e-655
3.720017225977e-658
8.48874903629e-661
1.891567869519e-663
4.115295364278e-666
8.73979172233e-669
1.811511279729e-671
3.663857009517e-674
7.22952609356e-677
1.39145760824e-679
2.611756008967e-682
4.779802388376e-685
8.52732503601e-688
1.482690791241e-690
2.512066487367e-693
4.146300527231e-696
6.66567765558e-699
1.043481841995e-701
1.590318362832e-704
2.359074683555e-707
3.405303864873e-710
4.782147604876e-713
6.53187033283e-716
8.67545569522e-719
1.120154654702e-721
1.405670281022e-724
1.713939747831e-727
2.030013954056e-730
2.334944394926e-733
2.607405658268e-736
2.82600858117e-739
2.971988641499e-742
3.031818846327e-745
2.99925237182e-748
2.876372847306e-751
2.673412385412e-754
2.407348227398e-757
2.099543839442e-760
1.77289151854e-763
1.448991451384e-766
1.145851287012e-769
8.76433094859e-773
6.48161979536e-776
4.633035172329e-779
3.19966559212e-782
2.13420836955e-785
1.374342754504e-788
8.54099498299e-792
5.120383351822e-795
2.960047414765e-798
1.649356920271e-801
8.85449752368e-805
4.577788880845e-808
2.278216849773e-811
1.090893096583e-814
5.02357466048e-818
2.223708872773e-821
9.45721502088e-825
3.862331596952e-828
1.513952141874e-831
5.692733104703e-835
2.052294261061e-838
7.08968043416e-842
2.345491304687e-845
7.42688409602e-849
2.249489586137e-852
6.5132511097e-856
1.801660523959e-859
4.758025650676e-863
1.19886120315e-866
2.880056027147e-870
6.59198324055e-874
1.43647772145e-877
2.978000598693e-881
5.868941008687e-885
1.098651427893e-888
1.951961211923e-892
3.288733313033e-896
5.249963495901e-900
7.93352687624e-904
1.133858083701e-907
1.531160437072e-911
1.951758606244e-915
2.346036115052e-919
2.656388222631e-923
2.830259876545e-927
2.834343391823e-931
2.664811319258e-935
2.349345590563e-939
1.939784968783e-943
1.4980507376e-947
1.080649519931e-951
7.27152981729e-956
4.557464194201e-960
2.656603559166e-964
1.438002971983e-968
7.21636473025e-973
3.351736543344e-977
1.438302422631e-981
5.691975210723e-986
2.073370793429e-990
6.93783357941e-995
2.128119554718e-999
5.970953398558e-1004
1.528875855649e-1008
3.564010585241e-1013
7.54483729918e-1018
1.446623941155e-1022
2.505231044474e-1027
3.907095535554e-1032
5.470580692809e-1037
6.854422291582e-1042
7.65898093642e-1047
7.60416590388e-1052
6.682454971171e-1057
5.176605753954e-1062
3.519552979521e-1067
2.090497712686e-1072
1.079403914884e-1077
4.819427147215e-1083
1.850234470638e-1088
6.070738777287e-1094
1.691237464901e-1099
3.972462677379e-1105
7.807368180381e-1111
1.273386934999e-1116
1.708196323329e-1122
1.866366227831e-1128
1.643234899604e-1134
1.152269807207e-1140
6.352547598044e-1147
2.714362201885e-1153
8.84715042655e-1160
2.160871773751e-1166
3.876661278326e-1173
4.994143851961e-1180
4.502345347811e-1187
2.757582662928e-1194
1.108731185065e-1201
2.811171957206e-1209
4.286038029833e-1217
3.711445858699e-1225
1.702660093685e-1233
3.795521734127e-1242
3.683632328807e-1251
1.348400198077e-1260
1.532946553455e-1270
4.109156166116e-1281
1.712692598299e-1292
5.564665772962e-1305
3.724305806992e-1319
1.6323178869888e-1336