0.0518868539584165
0.0516078835330962
0.0510544334733907
0.0502353651125458
0.0491636743278118
0.0478561485743567
0.0463329295969172
0.0446169977300959
0.042733596220941
0.04070961568543
0.038572959588718
0.036351911511625
0.034074523974416
0.031768046818657
0.029458410720365
0.027169778472352
0.02492417339772
0.022741190814404
0.020637795033641
0.018628201101909
0.0167238375242078
0.0149333836477034
0.0132628733192499
0.0117158549060235
0.0102935968014019
0.0089953271142635
0.0078184963192271
0.006759052167189
0.0058117170438885
0.004970259133979
0.0042277501106716
0.0035768035398227
0.003009789682114
0.0025190238273827
0.0020969266431743
0.0017361562208529
0.0014297125267664
0.0011710157961489
0.0009539610390028
0.00077295126595908
0.00062291230227537
0.00049929216009507
0.00039804790722897
0.00031562283140176
0.00024891647868082
0.00019524986900049
0.00015232788330315
0.00011820049574813
0.00009122420711245
0.000070024734708659
0.000053461739139743
0.000040596125014443
0.000030660244532473
0.000023031160424781
0.000017206987036656
0.000012786222932247
9.449911912989e-6
6.946417885059e-6
5.0785684876956e-6
3.6929087688398e-6
2.6708056804015e-6
1.9211533532707e-6
1.374445044311e-6
9.779978475947e-7
6.921387301739e-7
4.8718363573392e-7
3.4106414556094e-7
2.3747768931242e-7
1.644570397369e-7
1.1327251777479e-7
7.7595866759e-8
5.286814635716e-8
3.5825358298388e-8
2.4145014030919e-8
1.6184687993873e-8
1.0789979835333e-8
7.154443224161e-9
4.718124805706e-9
3.0945737930423e-9
2.0186896217805e-9
1.30970954247e-9
8.451165497946e-10
5.42367710274e-10
3.4618326888234e-10
2.1976208604779e-10
1.3875010448423e-10
8.712586977621e-11
5.441186194105e-11
3.3796528188463e-11
2.0877669162093e-11
1.2826930088717e-11
7.83778965146e-12
4.76314714328e-12
2.8788780009093e-12
1.7305363918674e-12
1.0345840074461e-12
6.151452323932e-13
3.6376068808482e-13
2.1393378531811e-13
1.2513183332207e-13
7.279144780378e-14
4.211301325356e-14
2.4231202674128e-14
1.3866140405022e-14
7.891461752741e-15
4.466628362288e-15
2.5143280324787e-15
1.4076123117594e-15
7.83722682538e-16
4.339695396572e-16
2.3898617252346e-16
1.3088871735047e-16
7.129298026174e-17
3.86194112813e-17
2.080549450753e-17
1.1147131804088e-17
5.939639791482e-18
3.147517318078e-18
1.6587707162311e-18
8.693886324211e-19
4.531584349967e-19
2.349058498417e-19
1.2110006622236e-19
6.208702320186e-20
3.165645795584e-20
1.6051955072462e-20
8.094625952541e-21
4.059457149709e-21
2.0246061407075e-21
1.0041847621856e-21
4.953204541241e-22
2.4297272112101e-22
1.1852949816539e-22
5.750321046727e-23
2.774300471081e-23
1.3310969389234e-23
6.351256925308e-24
3.013717220076e-24
1.4221229495626e-24
6.673637533611e-25
3.114425163555e-25
1.4453797984252e-25
6.670737189494e-26
3.061627967238e-26
1.3973869863791e-26
6.34257504014e-27
2.862846855719e-27
1.2850296096395e-27
5.736005952957e-28
2.546164208287e-28
1.1239383491233e-28
4.933745415791e-29
2.1537140398322e-29
9.34921792762e-30
4.035871621123e-30
1.7324993721824e-30
7.395735490126e-31
3.139504038483e-31
1.3252901051846e-31
5.563267360813e-32
2.322291861908e-32
9.639852243957e-33
3.979142304749e-33
1.6333260210913e-33
6.666830269512e-34
2.706000087264e-34
1.0921866861093e-34
4.383544095929e-35
1.7494924305402e-35
6.943136297211e-36
2.74002792054e-36
1.0752481184017e-36
4.195807182422e-37
1.6280742005957e-37
6.281789984305e-38
2.410137797399e-38
9.194926548021e-39
3.488199080088e-39
1.3158292617665e-39
4.935620460176e-40
1.8408845909814e-40
6.827356850797e-41
2.517784245534e-41
9.232576475855e-42
3.366389978591e-42
1.2205108757524e-42
4.400005274978e-43
1.5772394997036e-43
5.621776513773e-44
1.992413905575e-44
7.02124566278e-45
2.460231319916e-45
8.571630287639e-46
2.969444183187e-46
1.0228446419647e-46
3.503204349515e-47
1.1930017023898e-47
4.039568227904e-48
1.3600209933118e-48
4.552726227228e-49
1.5153438338815e-49
5.014908624394e-50
1.650157888426e-50
5.39879769264e-51
1.756208669283e-51
5.680167081225e-52
1.826629416891e-52
5.84039915682e-53
1.856674401816e-53
5.868518677179e-54
1.844247175223e-54
5.762434751866e-55
1.790142184892e-55
5.529196048029e-56
1.697961119182e-56
5.184216242304e-57
1.573716160569e-57
4.749587955677e-58
1.4251808983848e-58
4.251741616938e-59
1.2610863437966e-59
3.718794101526e-60
1.0902775021126e-60
3.177955548593e-61
9.209428294962e-62
2.653321230683e-62
7.600068659463e-63
2.164282387423e-63
6.12741441149e-64
1.724668708604e-64
4.826111908109e-65
1.3426120124185e-65
3.713327522956e-66
1.021018740034e-66
2.791001239097e-67
7.584733476331e-68
2.049145083086e-68
5.503706671411e-69
1.469555951691e-69
3.900886599127e-70
1.029401849086e-70
2.700530197384e-71
7.042934542327e-72
1.825983380728e-72
4.706267044672e-73
1.205843376469e-73
3.071410248537e-74
7.777057989499e-75
1.957588504289e-75
4.898397258133e-76
1.2184594657375e-76
3.012940812119e-77
7.406115488643e-78
1.809708593713e-78
4.395851555574e-79
1.0614303196002e-79
2.547721489343e-80
6.078861933211e-81
1.44178446924e-81
3.399256959294e-82
7.966564551802e-83
1.855920747839e-83
4.297806488414e-84
9.893072196298e-85
2.263654735913e-85
5.148511256958e-86
1.1639742977344e-86
2.615731239362e-87
5.842901984847e-88
1.297321372705e-88
2.86317411688e-89
6.280972224405e-90
1.369564889447e-90
2.96833334104e-91
6.394619652361e-92
1.369261574849e-92
2.914240771615e-93
6.164947519756e-94
1.29627131105e-94
2.709084927788e-95
5.627391331746e-96
1.161841779977e-96
2.384184242805e-97
4.862763537694e-98
9.857676342564e-99
1.986147787698e-99
3.977330627189e-100
7.91612179581e-101
1.565926519068e-101
3.078689670804e-102
6.015802186186e-103
1.168292897065e-103
2.254955253429e-104
4.325631869744e-105
8.246772994226e-106
1.562567495778e-106
2.942464195091e-107
5.506791359672e-108
1.0242322776331e-108
1.893250352449e-109
3.477961143852e-110
6.349592012014e-111
1.152042876882e-111
2.077258233543e-112
3.722276600348e-113
6.628578007962e-114
1.173067310065e-114
2.063068108566e-115
3.60569923789e-116
6.262502932862e-117
1.080901442436e-117
1.853963349083e-118
3.160023086526e-119
5.352424928761e-120
9.009055707174e-121
1.506861871712e-121
2.504552908767e-122
4.136629914468e-123
6.789220255972e-124
1.107253258428e-124
1.794423407316e-125
2.889687044372e-126
4.624040650517e-127
7.35248977618e-128
1.161679055251e-128
1.823785709673e-129
2.845079044466e-130
4.41006193474e-131
6.792377158462e-132
1.039495377309e-132
1.580679768002e-133
2.388265863074e-134
3.585384672227e-135
5.348105965648e-136
7.926331708248e-137
1.167210789616e-137
1.707764400275e-138
2.482590081774e-139
3.585727169424e-140
5.145663546399e-141
7.336588897529e-142
1.039279487394e-142
1.462691044598e-143
2.045274531901e-144
2.841358601806e-145
3.921683748863e-146
5.377591456401e-147
7.326024659397e-148
9.91541468443e-149
1.333250963053e-149
1.781016791196e-150
2.363609648246e-151
3.116245449119e-152
4.081616873259e-153
5.310971703427e-154
6.865203062211e-155
8.81590489175e-156
1.124633343034e-156
1.425220262459e-157
1.794222919186e-158
2.243833242798e-159
2.787538602553e-160
3.440041543518e-161
4.217113602484e-162
5.135373577054e-163
6.21198225837e-164
7.464248145866e-165
8.90914207825e-166
1.056272301573e-166
1.243948230092e-167
1.45516194375e-168
1.690826850206e-169
1.951470041368e-170
2.237153202975e-171
2.547397796902e-172
2.881118472188e-173
3.236568854116e-174
3.611303842107e-175
4.002162286119e-176
4.405273390766e-177
4.816089415486e-178
5.229446215769e-179
5.639651942035e-180
6.040602835775e-181
6.425923609957e-182
6.789128458546e-183
7.12379740096e-184
7.42376152547e-185
7.68328983753e-186
7.8972699186e-187
8.06137451025e-188
8.17220648503e-189
8.22741544678e-190
8.22578038704e-191
8.16725434837e-192
8.05296882372e-193
7.88519754665e-194
7.6672812821e-195
7.40351709177e-196
7.09901720573e-197
6.75954398548e-198
6.391328432811e-199
6.00088023682e-200
5.594797436187e-201
5.179583419579e-202
4.761478233682e-203
4.346310082336e-204
3.939371566436e-205
3.545323728496e-206
3.168129428384e-207
2.811016083253e-208
2.476466440852e-209
2.166234890341e-210
1.881385898554e-211
1.622350520721e-212
1.388996580442e-213
1.180708032126e-214
9.964691816e-216
8.34949806555e-217
6.94587739106e-218
5.73666096059e-219
4.70383017286e-220
3.829124519504e-221
3.094551763086e-222
2.482798041509e-223
1.977540398873e-224
1.563668124133e-225
1.227422114468e-226
9.56463305345e-228
7.39882116473e-229
5.681609840719e-230
4.331015401027e-231
3.277270202602e-232
2.461691915379e-233
1.835476288201e-234
1.358476588546e-235
9.98018249196e-237
7.27783769198e-238
5.267910572882e-239
3.784784210732e-240
2.699013653542e-241
1.910402010954e-242
1.342130193804e-243
9.35856283139e-245
6.47683325077e-246
4.448869757304e-247
3.032944304587e-248
2.052112961735e-249
1.378016643067e-250
9.183712686e-252
6.074170297883e-253
3.987077539491e-254
2.597261051577e-255
1.679050877435e-256
1.07719303795e-257
6.85801945387e-259
4.332847587191e-260
2.716512052474e-261
1.690080340553e-262
1.043408779168e-263
6.39214981776e-265
3.885783430498e-266
2.343922556947e-267
1.402925930326e-268
8.33195291239e-270
4.909906034651e-271
2.870830540071e-272
1.66549600903e-273
9.58682765847e-275
5.475138590929e-276
3.102399618045e-277
1.744119750972e-278
9.72801613146e-280
5.383133207871e-281
2.955304534063e-282
1.609603808342e-283
8.69718504962e-285
4.662026018368e-286
2.479135096761e-287
1.307821372234e-288
6.84404067412e-290
3.552922945783e-291
1.829621066945e-292
9.34612820516e-294
4.735769506122e-295
2.380294003015e-296
1.186710577428e-297
5.868486247159e-299
2.878507044784e-300
1.40042949704e-301
6.75772832869e-303
3.234286363523e-304
1.535278499208e-305
7.22802215944e-307
3.37495511706e-308
1.562878847265e-309
7.17767737563e-311
3.26916124894e-312
1.476641178064e-313
6.61442693273e-315
2.93819377103e-316
1.294290930775e-317
5.653779968579e-319
2.449027313454e-320
1.051933414537e-321
4.480380381271e-323
1.892193773615e-324
7.92378059731e-326
3.290086847801e-327
1.354510260552e-328
5.529032390507e-330
2.237688857728e-331
8.97895465437e-333
3.572062959918e-334
1.408871435002e-335
5.509017970217e-337
2.13559632165e-338
8.20725301078e-340
3.126811090425e-341
1.180924299277e-342
4.421304691933e-344
1.640884931853e-345
6.03665527593e-347
2.201387068092e-348
7.95736713106e-350
2.851060547286e-351
1.012508319412e-352
3.563993271321e-354
1.243403856369e-355
4.299475634578e-357
1.473457295256e-358
5.004597655325e-360
1.684616512329e-361
5.619838919154e-363
1.857925140638e-364
6.08701856113e-366
1.976257782237e-367
6.3582197603e-369
2.027079637788e-370
6.40382895339e-372
2.004622080543e-373
6.21783719748e-375
1.910954506425e-376
5.81909657058e-378
1.75567846929e-379
5.248177641262e-381
1.55430431588e-382
4.560551395762e-384
1.325690541764e-385
3.817685276557e-387
1.089132814545e-388
3.078037051346e-390
8.61724777225e-392
2.389760852906e-393
6.5647886432e-395
1.786309656448e-396
4.814504678992e-398
1.285270252771e-399
3.398398543094e-401
8.89979766494e-403
2.308345526314e-404
5.92959695485e-406
1.508488297522e-407
3.800491743974e-409
9.48216060188e-411
2.342788032094e-412
5.73198832669e-414
1.388713200934e-415
3.331524975237e-417
7.91379913363e-419
1.861343509534e-420
4.334665887606e-422
9.99448160687e-424
2.281541303979e-425
5.156411909913e-427
1.153734232252e-428
2.555585889138e-430
5.60388537979e-432
1.216436692084e-433
2.613837854441e-435
5.5596046448e-437
1.170502889093e-438
2.439222834066e-440
5.031156999169e-442
1.02709018038e-443
2.075202176335e-445
4.149636958895e-447
8.21191170444e-449
1.608234781345e-450
3.116822543496e-452
5.97748489588e-454
1.134370498461e-455
2.130136944458e-457
3.957877351222e-459
7.27621099098e-461
1.323494733563e-462
2.381764763141e-464
4.24053700925e-466
7.46919361051e-468
1.30149606738e-469
2.243435544989e-471
3.825349555967e-473
6.45209184617e-475
1.076432543557e-476
1.776293917856e-478
2.899140905428e-480
4.679882438757e-482
7.47130063365e-484
1.179607530499e-485
1.841803123067e-487
2.843789113897e-489
4.341943141586e-491
6.5552214163e-493
9.78567732456e-495
1.444369761202e-496
2.107819450106e-498
3.041160749888e-500
4.337900551638e-502
6.11698222169e-504
8.52698094327e-506
1.174996886439e-507
1.600457905777e-509
2.154768137196e-511
2.867398651285e-513
3.771283720307e-515
4.902144953552e-517
6.29739560884e-519
7.99457938704e-521
1.002932858385e-522
1.243286836069e-524
1.522914541365e-526
1.843171693749e-528
2.204059411963e-530
2.603928649914e-532
3.039233147852e-534
3.504360914421e-536
3.991572954645e-538
4.491073332509e-540
4.991226620968e-542
5.47892770061e-544
5.94011553857e-546
6.36040825404e-548
6.72582300751e-550
7.02353272001e-552
7.24260392421e-554
7.37465743022e-556
7.41439667125e-558
7.35995760733e-560
7.21304819591e-562
6.97886328679e-564
6.66578044469e-566
6.2848614511e-568
5.84920091766e-570
5.37317570794e-572
4.871655439089e-574
4.359234681529e-576
3.849541843263e-578
3.354669085278e-580
2.884753486509e-582
2.447723891185e-584
2.049212301316e-586
1.692614985347e-588
1.379277915581e-590
1.10877445037e-592
8.79240515271e-595
6.87733580744e-597
5.30585768405e-599
4.037274972254e-601
3.029651890674e-603
2.242037454051e-605
1.636110186352e-607
1.177268059341e-609
8.35227197291e-612
5.84215966321e-614
4.028603836204e-616
2.738549574815e-618
1.835032895778e-620
1.211982454697e-622
7.8895058724e-625
5.061459354814e-627
3.1999662055e-629
1.993561538083e-631
1.223768188412e-633
7.4015774114e-636
4.410370602683e-638
2.588936029425e-640
1.497036713868e-642
8.52663426767e-645
4.78327903248e-647
2.642683931833e-649
1.437819500875e-651
7.7031976127e-654
4.063617205143e-656
2.110555843379e-658
1.07917057798e-660
5.43199146249e-663
2.691348810571e-665
1.312467818808e-667
6.29913021044e-670
2.97516372779e-672
1.382751898474e-674
6.32331961583e-677
2.844968556074e-679
1.259229456567e-681
5.48265037978e-684
2.347995785237e-686
9.8898011208e-689
4.096597336999e-691
1.668653043696e-693
6.68308530246e-696
2.631581782516e-698
1.018699096382e-700
3.876358925102e-703
1.449807807018e-705
5.32922663676e-708
1.925057467173e-710
6.83292938541e-713
2.382930523675e-715
8.16420759523e-718
2.747713241939e-720
9.08321245334e-723
2.948992776634e-725
9.40219087388e-728
2.943472277017e-730
9.04732595296e-733
2.730003743944e-735
8.08614864967e-738
2.350757629075e-740
6.70676737942e-743
1.87762516067e-745
5.15757103855e-748
1.38986302675e-750
3.673993758328e-753
9.52561417998e-756
2.422052796163e-758
6.03889524372e-761
1.476254427795e-763
3.537859889388e-766
8.31076344813e-769
1.913403462675e-771
4.316992347588e-774
9.54350929967e-777
2.066946725959e-779
4.385168870415e-782
9.11213065141e-785
1.854257550275e-787
3.694671187926e-790
7.20734721418e-793
1.376278931468e-795
2.572204185338e-798
4.704441839091e-801
8.41878235221e-804
1.473882617939e-806
2.52395695053e-809
4.227060542247e-812
6.92250939732e-815
1.108376469991e-817
1.734757561528e-820
2.653664978456e-823
3.966762728404e-826
5.79342150548e-829
8.26547190281e-832
1.151748191953e-834
1.5672106601e-837
2.082085675932e-840
2.700172035078e-843
3.417628984674e-846
4.221014179293e-849
5.086085201407e-852
5.97778898147e-855
6.85175041059e-858
7.65735903866e-861
8.34226795198e-864
8.85781511155e-867
9.16462472438e-870
9.23751418082e-873
9.06886924556e-876
8.66986679145e-879
8.06928482853e-882
7.31006837699e-885
6.44422012945e-888
5.52686520136e-891
4.610438558878e-894
3.739847960383e-897
2.949209530207e-900
2.260408968278e-903
1.683394564112e-906
1.217834089648e-909
8.55613046674e-913
5.83627027737e-916
3.864040131396e-919
2.48240933357e-922
1.547054914242e-925
9.34999405474e-929
5.47848558039e-932
3.111151427361e-935
1.711821775682e-938
9.12295326864e-942
4.707734156404e-945
2.351501796111e-948
1.136554093373e-951
5.313710910227e-955
2.402245415083e-958
1.049769638681e-961
4.432719106404e-965
1.80794456761e-968
7.11990954001e-972
2.706266869661e-975
9.92435512579e-979
3.50989867742e-982
1.196654450092e-985
3.931354624456e-989
1.244022721115e-992
3.789973958613e-996
1.111145305536e-999
3.133521367466e-1003
8.49605891491e-1007
2.213688755389e-1010
5.54007997584e-1014
1.33105842881e-1017
3.068568039267e-1021
6.78425974435e-1025
1.437679759267e-1028
2.918595640114e-1032
5.67271359555e-1036
1.055017784556e-1039
1.876381178104e-1043
3.189395506894e-1047
5.177837391073e-1051
8.02344027676e-1055
1.185924362063e-1058
1.670866184751e-1062
2.242387777493e-1066
2.864519344712e-1070
3.480516118642e-1074
4.019352634467e-1078
4.408078867599e-1082
4.587474804631e-1086
4.526568461098e-1090
4.231211744031e-1094
3.743506961405e-1098
3.131965438083e-1102
2.475561086592e-1106
1.846842316143e-1110
1.299131644593e-1114
8.60790224062e-1119
5.366624892126e-1123
3.144766560965e-1127
1.730079952031e-1131
8.92534217927e-1136
4.312578718956e-1140
1.949200108937e-1144
8.23032720997e-1149
3.242144375282e-1153
1.189853765645e-1157
4.062273564126e-1162
1.288258695687e-1166
3.788904136186e-1171
1.031791279692e-1175
2.597168260136e-1180
6.032122007421e-1185
1.290331792624e-1189
2.537225354448e-1194
4.576902532888e-1199
7.5583854476e-1204
1.140196099386e-1208
1.567571884538e-1213
1.95943061732e-1218
2.221229912514e-1223
2.277566272295e-1228
2.106479242105e-1233
1.752203490433e-1238
1.306828795302e-1243
8.71070087117e-1249
5.171342711251e-1254
2.724586983418e-1259
1.26906892144e-1264
5.204725507938e-1270
1.871421468114e-1275
5.872486022712e-1281
1.600427027917e-1286
3.768419878571e-1292
7.62401035325e-1298
1.317435044697e-1303
1.932096738244e-1309
2.388394325628e-1315
2.470313718637e-1321
2.120798541205e-1327
1.498269803429e-1333
8.62858533133e-1340
4.009544743566e-1346
1.486568421284e-1352
4.343704749668e-1359
9.86790681252e-1366
1.716925296076e-1372
2.249978341302e-1379
2.179652460488e-1386
1.528441511022e-1393
7.575864696041e-1401
2.583238334106e-1408
5.873855782925e-1416
8.59089397932e-1424
7.747580433054e-1432
4.098106718502e-1440
1.197337983665e-1448
1.795874463034e-1457
1.26260150271e-1466
3.706789764726e-1476
3.907330856867e-1486
1.205319789745e-1496
8.141364193218e-1508
7.767077460995e-1520
5.05740660629e-1533
5.529751588546e-1548
2.677607191061e-1566