0.0527872957886268
0.0524935633912458
0.0519109919675977
0.0510492326700608
0.0499224285017378
0.0485488282827932
0.0469502952339664
0.0451517286601123
0.043180420087514
0.041065367068867
0.038836568658502
0.036524326277023
0.034158572386562
0.031768247195083
0.029380740653878
0.027021413491697
0.024713207146784
0.022476348424937
0.020328150732079
0.018282909989557
0.0163518899982219
0.0145433891972473
0.0128628785510639
0.011313198738039
0.009894803914263
0.0086060390564055
0.007443438190795
0.0064020316102563
0.0054756513687082
0.0046572258206891
0.0039390556322092
0.0033130654289498
0.0027710269761719
0.0023047514238651
0.0019062496388806
0.0015678609384212
0.0012823516086665
0.0010429854266205
0.00084356900450049
0.00067847515750854
0.00054264767971515
0.00043159092699251
0.00034134748171713
0.00026846694352359
0.00020996858495032
0.0001633002590961
0.00012629557356775
0.00009713097201893
0.000074284007986472
0.000056493767668502
0.000042724106822914
0.000032130116558484
0.00002402802488389
0.000017868574513699
0.000013213789863354
9.716953447567e-6
7.105549374182e-6
5.1668943613574e-6
3.7361598112164e-6
2.6864873525866e-6
1.9209107812858e-6
1.3658158936065e-6
9.656933332168e-7
6.789658449232e-7
4.7469839005092e-7
3.3002605719277e-7
2.281596495671e-7
1.5685164521821e-7
1.0722558483893e-7
7.288973144731e-8
4.9271107331155e-8
3.3118891998285e-8
2.2136870657248e-8
1.4713400270734e-8
9.724464587251e-9
6.391070383926e-9
4.176727779765e-9
2.7142685810117e-9
1.7539731772361e-9
1.1270571746505e-9
7.201470826429e-10
4.575600486721e-10
2.8908528932724e-10
1.8161606038376e-10
1.1345724282105e-10
7.047892328173e-11
4.353461348265e-11
2.6739781272579e-11
1.6331574380848e-11
9.918468376945e-12
5.989724310898e-12
3.5967811242713e-12
2.1476595166918e-12
1.2751473531741e-12
7.528320679627e-13
4.41954848476e-13
2.5798770287483e-13
1.4974787384688e-13
8.642952345733e-14
4.960238920733e-14
2.8306183511249e-14
1.6061921455252e-14
9.062548420497e-15
5.084392162063e-15
2.8363693734976e-15
1.5733333903559e-15
8.677849793818e-16
4.759223021499e-16
2.5953246891228e-16
1.4072724923249e-16
7.587429967103e-17
4.067619469822e-17
2.1682741127015e-17
1.1492523731432e-17
6.056798060646e-18
3.173922617669e-18
1.653766596115e-18
8.5679281476e-19
4.413673506794e-19
2.2607182504463e-19
1.1513664672956e-19
5.83043095127e-20
2.935666478192e-20
1.469707039941e-20
7.315968985521e-21
3.621003677238e-21
1.7819729389407e-21
8.719413279697e-22
4.24215392224e-22
2.0520954480467e-22
9.870056326017e-23
4.720104354088e-23
2.2443594399715e-23
1.0610625898576e-23
4.987653826043e-24
2.3310802927995e-24
1.083235047912e-24
5.004856344335e-25
2.2991264929377e-25
1.0501113102634e-25
4.768786752618e-26
2.1531755076821e-26
9.666044261903e-27
4.314344254664e-27
1.9145923496671e-27
8.447577401113e-28
3.705793354079e-28
1.6163007937774e-28
7.008965891224e-29
3.021866487371e-29
1.2953434930064e-29
5.520542374666e-30
2.339184286059e-30
9.854436020531e-31
4.127456490918e-31
1.7187605007614e-31
7.115887678078e-32
2.929020302828e-32
1.1986543540423e-32
4.876885282418e-33
1.9727261000537e-33
7.933510486084e-34
3.172028203839e-34
1.2608992100977e-34
4.983036289646e-35
1.9578378260334e-35
7.647632334115e-36
2.969911655861e-36
1.1466342739282e-36
4.401186474815e-37
1.6794871176855e-37
6.371537238484e-38
2.403095281212e-38
9.010637886923e-39
3.35889493694e-39
1.2447788035594e-39
4.586077255538e-40
1.6797416515961e-40
6.116374578477e-41
2.214086693462e-41
7.967877136021e-42
2.850601967759e-42
1.0138529123354e-42
3.58472802668e-43
1.2600239808129e-43
4.40292407223e-44
1.5294729573234e-44
5.281764759626e-45
1.8132236147245e-45
6.188097422217e-46
2.099397984775e-46
7.080479189531e-47
2.373882065778e-47
7.911933072437e-48
2.621388555708e-48
8.633837366259e-49
2.826821135628e-49
9.200535766577e-50
2.976778622363e-50
9.574076420318e-51
3.060993879953e-51
9.72840250499e-52
3.0734939727e-52
9.652353581452e-53
3.013299826439e-53
9.350998191952e-54
2.884551690258e-54
8.845076999085e-55
2.696038263228e-55
8.168641151162e-56
2.460203868146e-56
7.36525958505e-57
2.191789584057e-57
6.483382525825e-58
1.906314520378e-58
5.571545896224e-59
1.618613763153e-59
4.674069946702e-60
1.3416206617716e-60
3.827761769214e-61
1.0855223318185e-61
3.059915122902e-62
8.573433790212e-63
2.387663115313e-63
6.609401859916e-64
1.818528584636e-64
4.973303574561e-65
1.351869153269e-65
3.652474337197e-66
9.808452134496e-67
2.618017356403e-67
6.945463699147e-68
1.831405768276e-68
4.79977006508e-69
1.2502783607151e-69
3.236989679633e-70
8.329560990927e-71
2.130330451191e-71
5.415190734547e-72
1.3681077515826e-72
3.435298205413e-73
8.573220485042e-74
2.126457762668e-74
5.242042520887e-75
1.2843195976369e-75
3.127319405224e-76
7.568253763023e-77
1.820292543813e-77
4.351174334265e-78
1.0336875487512e-78
2.440547686516e-79
5.726618009324e-80
1.335425653528e-80
3.094920262116e-81
7.128286007335e-82
1.63163988015e-82
3.711630005026e-83
8.390808822552e-84
1.885121558881e-84
4.208902510824e-85
9.338775153789e-86
2.059207347243e-86
4.512288858729e-87
9.826025722358e-88
2.126378676737e-88
4.572803462194e-89
9.772398580795e-90
2.075362647461e-90
4.379842299932e-91
9.185272743948e-92
1.914221469116e-92
3.964206561996e-93
8.157963284114e-94
1.668268653408e-94
3.390052212908e-95
6.845423269626e-96
1.373551987556e-96
2.738659949443e-97
5.425960880132e-98
1.0682134811834e-98
2.089679080951e-99
4.061987297442e-100
7.845709403294e-101
1.505767151705e-101
2.871524984054e-102
5.441188628309e-103
1.0244684148128e-103
1.91656770588e-104
3.562605524157e-105
6.580008401284e-106
1.207528656947e-106
2.20179997606e-107
3.989007140805e-108
7.180511799622e-109
1.284241521878e-109
2.282105958578e-110
4.029208552152e-111
7.06798423756e-112
1.231857021446e-112
2.133098679595e-113
3.669817725724e-114
6.272749142567e-115
1.065241758559e-115
1.797265452347e-116
3.012638184174e-117
5.017060560897e-118
8.300728733048e-119
1.364408724142e-119
2.228081143187e-120
3.614702937339e-121
5.825941802015e-122
9.328426708426e-123
1.483871150242e-123
2.344910555374e-124
3.681251038272e-125
5.741169820841e-126
8.894834731076e-127
1.369003670968e-127
2.093135159623e-128
3.179161110381e-129
4.796749752007e-130
7.189480082521e-131
1.070435311691e-131
1.583188008084e-132
2.326002959741e-133
3.394613299064e-134
4.921179162252e-135
7.086689388483e-136
1.013700090578e-136
1.440336387626e-137
2.032840081873e-138
2.849861736004e-139
3.968460812558e-140
5.489016703026e-141
7.541149657488e-142
1.029076118647e-142
1.394828252814e-143
1.877818487961e-144
2.510975348398e-145
3.334905684075e-146
4.399195038224e-147
5.763784007021e-148
7.500379611122e-149
9.69384528767e-150
1.244349630058e-150
1.586420991207e-151
2.008724260549e-152
2.526063133529e-153
3.154904380312e-154
3.913293591918e-155
4.820687481095e-156
5.897689485706e-157
7.165677392568e-158
8.64631485603e-159
1.036094309477e-159
1.23298546988e-160
1.457145825344e-161
1.710135016348e-162
1.993131829777e-163
2.306831041701e-164
2.651340824379e-165
3.026085486142e-166
3.429718823327e-167
3.860053638061e-168
4.3140129582e-169
4.787608142919e-170
5.275948345001e-171
5.773284727782e-172
6.273091426964e-173
6.768183558786e-174
7.250870687777e-175
7.71314218378e-176
8.14687894175e-177
8.54408414062e-178
8.89712421059e-179
9.19897008252e-180
9.44342820721e-181
9.62535082538e-182
9.74081557046e-183
9.78726568469e-184
9.7636038681e-185
9.67023496314e-186
9.50905517512e-187
9.28338818333e-188
8.99787114146e-189
8.65829603002e-190
8.27141395121e-191
7.84471161869e-192
7.38617039376e-193
6.904018703639e-194
6.406488535301e-195
5.901585966999e-196
5.396884451323e-197
4.899347906547e-198
4.415188734681e-199
3.949763805299e-200
3.507509362997e-201
3.091913862097e-202
2.705526014e-203
2.349993933265e-204
2.026130241437e-205
1.733997354942e-206
1.473006938393e-207
1.242027614996e-208
1.039495439456e-209
8.63522290001e-211
7.11998152337e-212
5.826841762984e-213
4.73294317135e-214
3.815642686403e-215
3.053072071795e-216
2.424565603564e-217
1.910965712339e-218
1.49481841131e-219
1.160473043615e-220
8.94102288013e-222
6.83658648699e-223
5.187830398582e-224
3.906797868945e-225
2.919706270324e-226
2.165383046005e-227
1.593682928914e-228
1.163951718902e-229
8.43583495422e-231
6.067019895004e-232
4.329832957605e-233
3.066262637993e-234
2.154686660537e-235
1.5024135781e-236
1.039488026721e-237
7.13621741699e-239
4.861039916754e-240
3.285464221324e-241
2.203254222982e-242
1.46597523599e-243
9.67779938562e-245
6.338818612473e-246
4.119224825653e-247
2.655778370582e-248
1.698755938051e-249
1.078019454541e-250
6.78691253917e-252
4.238981342863e-253
2.626563313565e-254
1.614525245804e-255
9.84522958341e-257
5.95558329949e-258
3.573827407625e-259
2.127389413231e-260
1.256197287774e-261
7.35799353524e-263
4.275086043544e-264
2.463811066367e-265
1.408445876241e-266
7.98612750321e-268
4.491471925324e-269
2.505477620948e-270
1.386228204949e-271
7.60701431027e-273
4.140205789034e-274
2.234861778637e-275
1.196446443412e-276
6.3524679289e-278
3.344960919798e-279
1.746753599854e-280
9.04600695834e-282
4.645788730638e-283
2.366093027784e-284
1.194996147182e-285
5.984887459248e-287
2.972300298008e-288
1.46375694898e-289
7.14787866592e-291
3.461063555553e-292
1.661722171952e-293
7.91071764051e-295
3.73399837558e-296
1.747532394793e-297
8.10888729391e-299
3.73056157652e-300
1.701594347334e-301
7.69482296546e-303
3.449799564043e-304
1.533322580636e-305
6.75630728705e-307
2.951298625653e-308
1.278016532956e-309
5.486191300878e-311
2.334576628339e-312
9.84780706802e-314
4.11771789716e-315
1.706674518871e-316
7.01153679342e-318
2.855192656225e-319
1.15241404097e-320
4.610242472671e-322
1.827983295244e-323
7.18364690062e-325
2.797905523261e-326
1.080009028842e-327
4.131606010965e-329
1.566384703041e-330
5.88513962511e-332
2.191213234506e-333
8.08486397285e-335
2.956048851533e-336
1.071005897551e-337
3.845067556838e-339
1.367849684032e-340
4.82153619191e-342
1.68397427265e-343
5.827451708794e-345
1.998045192996e-346
6.7874312438e-348
2.284384197841e-349
7.6170430573e-351
2.516211595978e-352
8.23457624143e-354
2.669675597001e-355
8.57410105976e-357
2.727854707602e-358
8.59698156786e-360
2.683813942089e-361
8.29907936699e-363
2.54195537125e-364
7.71179952321e-366
2.317301761626e-367
6.89664191064e-369
2.03287225252e-370
5.93456448652e-372
1.7157852418e-373
4.912710729142e-375
1.393004289231e-376
3.911518975464e-378
1.087649113863e-379
2.994822849235e-381
8.16546504752e-383
2.20448216971e-384
5.89300052318e-386
1.55976386324e-387
4.087538882438e-389
1.060556251535e-390
2.724346276839e-392
6.92844272054e-394
1.744381735902e-395
4.347782155357e-397
1.072758708014e-398
2.620184941767e-400
6.33497608249e-402
1.516102523448e-403
3.591451894481e-405
8.42086439114e-407
1.954229589996e-408
4.488630447732e-410
1.020371791135e-411
2.295600134373e-413
5.111095894058e-415
1.126155849887e-416
2.455479087567e-418
5.298021971393e-420
1.131142820591e-421
2.389646203339e-423
4.99514900044e-425
1.033113572806e-426
2.114065635613e-428
4.280017490128e-430
8.57264999039e-432
1.698684806956e-433
3.329846837468e-435
6.45706168827e-437
1.238597516662e-438
2.350148614805e-440
4.410780540544e-442
8.18795815489e-444
1.503352231879e-445
2.729956075172e-447
4.902809857002e-449
8.70790139377e-451
1.529485908911e-452
2.656594872089e-454
4.562861418502e-456
7.74935278209e-458
1.301348973581e-459
2.160758169538e-461
3.547205397768e-463
5.75728729067e-465
9.23813573898e-467
1.465443240168e-468
2.298026916658e-470
3.562261169752e-472
5.458381613001e-474
8.26708395592e-476
1.237581476983e-477
1.831094677966e-479
2.677600346733e-481
3.869554195282e-483
5.52635092332e-485
7.79938417714e-487
1.087698000907e-488
1.498870798474e-490
2.040842343559e-492
2.74552556353e-494
3.64916532821e-496
4.79175585093e-498
6.21598335328e-500
7.96562376519e-502
1.008335669909e-503
1.260800322338e-505
1.557125489482e-507
1.899403160077e-509
2.288268002281e-511
2.722529467441e-513
3.198849953652e-515
3.711505979301e-517
4.252269044185e-519
4.810438459912e-521
5.373049631941e-523
5.92526834409e-525
6.45096541848e-527
6.93344817536e-529
7.35630733755e-531
7.70432259455e-533
7.96435909654e-535
8.12618245209e-537
8.18312245548e-539
8.13252598277e-541
7.97595649776e-543
7.71911969523e-545
7.37151953881e-547
6.94587347603e-549
6.45733707139e-551
5.92260422449e-553
5.35895780903e-555
4.783346228063e-557
4.211554328537e-559
3.657523611623e-561
3.132858710321e-563
2.646537083011e-565
2.204819240982e-567
1.811339742844e-569
1.467346246243e-571
1.172045995408e-573
9.23016391038e-576
7.1663823161e-578
5.48515838941e-580
4.138563167712e-582
3.077893107462e-584
2.25617640313e-586
1.629971165204e-588
1.160501321651e-590
8.14219364184e-593
5.62909038378e-595
3.83448176326e-597
2.573458396214e-599
1.701530402139e-601
1.108266303525e-603
7.11049544423e-606
4.493410241165e-608
2.796672412275e-610
1.714213745844e-612
1.03469988934e-614
6.14975434061e-617
3.598840665441e-619
2.073462438582e-621
1.176048689294e-623
6.56623676073e-626
3.608577683891e-628
1.951864601262e-630
1.039017557235e-632
5.44277961349e-635
2.805485316075e-637
1.422816793717e-639
7.0991713428e-642
3.484557201409e-644
1.682410529215e-646
7.98957301956e-649
3.731511128417e-651
1.713868279223e-653
7.74039633313e-656
3.437186644471e-658
1.500575525058e-660
6.44002647006e-663
2.716766245879e-665
1.126447717596e-667
4.59010698837e-670
1.838001936552e-672
7.23166690369e-675
2.795487633627e-677
1.061598687425e-679
3.960073321684e-682
1.450915254715e-684
5.220741868232e-687
1.844712148627e-689
6.40008186707e-692
2.180001329273e-694
7.2894625915e-697
2.392513728517e-699
7.70700449657e-702
2.436354721325e-704
7.55735894504e-707
2.29998225371e-709
6.86678561017e-712
2.010972324322e-714
5.77604667609e-717
1.626953085537e-719
4.493514806985e-722
1.216775720135e-724
3.229935234695e-727
8.40390283586e-730
2.142971788389e-732
5.3548051525e-735
1.311008483447e-737
3.144445040438e-740
7.38755092517e-743
1.699868985071e-745
3.830263087635e-748
8.45043073577e-751
1.825173836989e-753
3.858708597308e-756
7.98414539821e-759
1.616586928183e-761
3.202494725955e-764
6.20626283544e-767
1.176405356985e-769
2.180723800482e-772
3.952682673732e-775
7.00423377656e-778
1.213208585003e-780
2.05373403587e-783
3.397140231692e-786
5.48995619072e-789
8.6663233568e-792
1.336087351773e-794
2.011365337499e-797
2.956134766843e-800
4.240865159125e-803
5.93745379229e-806
8.11108370177e-809
1.080952014717e-811
1.40506868118e-814
1.781007160555e-817
2.201013682352e-820
2.651425116334e-823
3.112753120887e-826
3.56062586146e-829
3.967624065662e-832
4.305878880008e-835
4.55012419153e-838
4.680758627202e-841
4.686412845059e-844
4.565561449351e-847
4.326866488862e-850
3.988163651262e-853
3.574253169037e-856
3.113876100019e-859
2.636391560317e-862
2.16869252078e-865
1.732807937837e-868
1.344466765548e-871
1.012692505109e-874
7.40306397796e-878
5.250831073318e-881
3.612444451688e-884
2.409919179272e-887
1.558479513148e-890
9.76705622272e-894
5.92999504783e-897
3.486859667377e-900
1.98501060079e-903
1.093692793169e-906
5.83022200456e-910
3.005952848699e-913
1.498420243371e-916
7.21910618395e-920
3.360255248958e-923
1.510558450915e-926
6.55561131034e-930
2.7455521021e-933
1.109210109579e-936
4.321043492502e-940
1.622457505833e-943
5.86925656617e-947
2.044697214327e-950
6.85674325962e-954
2.21234155552e-957
6.86482970988e-961
2.047594111029e-964
5.86790196441e-968
1.614842058736e-971
4.265438123319e-975
1.080827616507e-978
2.62588474006e-982
6.11340011682e-986
1.363118004971e-989
2.909222384687e-993
5.93958604196e-997
1.159331253497e-1000
2.162023669376e-1004
3.849790990413e-1008
6.54112592891e-1012
1.059774936381e-1015
1.636136960915e-1019
2.405255975295e-1023
3.364500994682e-1027
4.474770565429e-1031
5.65425338737e-1035
6.78247134211e-1039
7.71707062909e-1043
8.3215021016e-1047
8.49684179751e-1051
8.20786258898e-1055
7.49406415052e-1059
6.46107629987e-1063
5.2549009772e-1067
4.027676448746e-1071
2.906153798019e-1075
1.971900232759e-1079
1.256799348212e-1083
7.51548750876e-1088
4.211496656962e-1092
2.208834600445e-1096
1.082872175217e-1100
4.955617051114e-1105
2.11408511769e-1109
8.39510631683e-1114
3.098558193866e-1118
1.06132431215e-1122
3.368138426985e-1127
9.88678289426e-1132
2.679680499115e-1136
6.69393809235e-1141
1.538242309693e-1145
3.245262366702e-1150
6.272722308259e-1155
1.108413343668e-1159
1.786493508837e-1164
2.620131506774e-1169
3.488066357998e-1174
4.203886825997e-1179
4.574348457896e-1184
4.480899394307e-1189
3.939475483576e-1194
3.098539507481e-1199
2.172962411103e-1204
1.3538536045e-1209
7.46574211107e-1215
3.62923814788e-1220
1.54864503291e-1225
5.774556280361e-1231
1.872513185903e-1236
5.253400957082e-1242
1.268184348324e-1247
2.61877708426e-1253
4.596748749752e-1259
6.812309304228e-1265
8.46164730647e-1271
8.73980585915e-1277
7.44247228257e-1283
5.176791224196e-1289
2.911566930861e-1295
1.309472712947e-1301
4.652415095164e-1308
1.288368759088e-1314
2.73983531603e-1321
4.400974573909e-1328
5.241829105575e-1335
4.534155075477e-1342
2.782089327282e-1349
1.178860781967e-1356
3.345001152371e-1364
6.133012296797e-1372
6.968721611625e-1380
4.67035735098e-1388
1.73972072451e-1396
3.350445976714e-1405
3.049039336438e-1414
1.169578885344e-1423
1.6287090327e-1433
6.726495963009e-1444
6.184640119639e-1455
8.206572361183e-1467
7.656972080274e-1480
1.2558746002072e-1494
9.95780632597e-1513