0.0800047792458947
0.0789841992579112
0.0769819137446739
0.0740732152117612
0.0703651176636084
0.0659898281530918
0.0610969411581129
0.0558449967399554
0.0503930624456772
0.0448929523460718
0.0394825939511171
0.0342809105894991
0.0293844222895667
0.024865602078444
0.0207728747994422
0.0171320258668101
0.0139487063390546
0.0112116811122529
0.0088964665080488
0.0069690355556452
0.0053893247479056
0.0041143448981337
0.0031007712911586
0.002306956513037
0.00169436728012217
0.0012284908439974
0.00087928600465313
0.00062126919409778
0.00043332960155065
0.0002983617429367
0.00020279227973869
0.000136063102831929
0.000090117070353732
0.000058918064602811
0.000038024321049278
0.000024223831059675
0.000015233132973467
9.4557778458552e-6
5.7937985572067e-6
3.5041606419653e-6
2.0919697026355e-6
1.23274634140196e-6
7.1702629776226e-7
4.1165695465055e-7
2.3327635455609e-7
1.3047780775639e-7
7.2032572820205e-8
3.9250312680166e-8
2.1109342374926e-8
1.1205185322973e-8
5.8704501526249e-9
3.035477001368e-9
1.5491045348306e-9
7.8023906496485e-10
3.8784901065363e-10
1.9027444143221e-10
9.2124602337336e-11
4.4019258698682e-11
2.0757553615518e-11
9.659847422981e-12
4.4362827707881e-12
2.0105603826401e-12
8.992034173104e-13
3.9685839842066e-13
1.7283980212705e-13
7.4280728064026e-14
3.1501141038581e-14
1.3182190483611e-14
5.4431882451944e-15
2.2177714735254e-15
8.916018873774e-16
3.536786760402e-16
1.3842780458852e-16
5.3457306696244e-17
2.0368203111233e-17
7.656896085023e-18
2.8398771674878e-18
1.0391670775725e-18
3.7514775760607e-19
1.3361108584806e-19
4.6945901439905e-20
1.6272702562268e-20
5.5644230891007e-21
1.877027216305e-21
6.24600534468e-22
2.0502496658815e-22
6.638575473982e-23
2.1203023606903e-23
6.679844034982e-24
2.075731691578e-24
6.362138041996e-25
1.9233238421573e-25
5.734684650585e-26
1.6864158418133e-26
4.8911151024822e-27
1.3990366935338e-27
3.9465547759335e-28
1.0979046601742e-28
3.0120217326732e-29
8.148692435165e-30
2.1739188758341e-30
5.718911936106e-31
1.4834984357977e-31
3.794487947599e-32
9.569743751806e-33
2.3796713476672e-33
5.834337392065e-34
1.4103021795609e-34
3.3609877599267e-35
7.896664467757e-36
1.8290693272126e-36
4.1765140370568e-37
9.401181351663e-38
2.0860411481072e-38
4.56270460481e-39
9.837116143703e-40
2.0904797535333e-40
4.378682369285e-41
9.039546638263e-42
1.8392545429796e-42
3.6882052607126e-43
7.288737168325e-44
1.4195123840798e-44
2.7243400854167e-45
5.152334669367e-46
9.601798938482e-47
1.7631609342579e-47
3.1901193173744e-48
5.6869859785e-49
9.988541784007e-50
1.7284267518158e-50
2.9465436802462e-51
4.948478264366e-52
8.186739970118e-53
1.3341797307601e-53
2.1417311722579e-54
3.3864597225371e-55
5.273999236986e-56
8.089655851375e-57
1.2220762352781e-57
1.8181388177862e-58
2.6637794875957e-59
3.843206992092e-60
5.460031120186e-61
7.638070011357e-62
1.0520598270659e-62
1.4267451570043e-63
1.9049439108037e-64
2.5039647366839e-65
3.24014636898e-66
4.127350865346e-67
5.17521241446e-68
6.387257761885e-69
7.759064653126e-70
9.276665621415e-71
1.0915426781909e-71
1.2639626685201e-72
1.4402923035873e-73
1.6149823891315e-74
1.7818179131699e-75
1.9342587782338e-76
2.0658492524654e-77
2.1706622875204e-78
2.2437371564855e-79
2.2814659818772e-80
2.28188752477e-81
2.2448550949867e-82
2.1720586863111e-83
2.0668976821415e-84
1.9342174123207e-85
1.7799380166702e-86
1.6106153121719e-87
1.4329791571856e-88
1.2534945564024e-89
1.0779848332959e-90
9.113458539532e-92
7.573673491557e-93
6.186639116771e-94
4.967061627249e-95
3.919333574737e-96
3.039231715063e-97
2.3159273132447e-98
1.7340667564458e-99
1.2757228791833e-100
9.220744809993e-102
6.547324691867e-103
4.566870170347e-104
3.128950205395e-105
2.1055798536013e-106
1.3915708463388e-107
9.031637645313e-109
5.756014441543e-110
3.601949349151e-111
2.212989793045e-112
1.3347888721323e-113
7.903180778798e-115
4.593162131653e-116
2.620028584311e-117
1.4667228872994e-118
8.057508912328e-120
4.343367804787e-121
2.29713967416e-122
1.1919129999834e-123
6.066789437512e-125
3.028941019656e-126
1.4832010180356e-127
7.122717785198e-129
3.35418213095e-130
1.5487481847374e-131
7.011093288555e-133
3.11141795474e-134
1.3534896360507e-135
5.770735567958e-137
2.411249382083e-138
9.872842720146e-140
3.960820932659e-141
1.5567691004431e-142
5.993929479225e-144
2.260472485966e-145
8.349068569226e-147
3.019801226285e-148
1.0694729481349e-149
3.708183474979e-151
1.2586375266673e-152
4.181532761252e-154
1.3596033350029e-155
4.32590071833e-157
1.3467078187309e-158
4.101538394459e-160
1.2219120589527e-161
3.560370715957e-163
1.0145046181232e-164
2.82655150261e-166
7.69916174483e-168
2.049992623739e-169
5.334836912149e-171
1.3567089163066e-172
3.371200401507e-174
8.183695496461e-176
1.940505768736e-177
4.49379755081e-179
1.0161938328215e-180
2.243542811669e-182
4.835217721372e-184
1.0170668613651e-185
2.087668270144e-187
4.180974087449e-189
8.168111839897e-191
1.556384898117e-192
2.891911939699e-194
5.238971977263e-196
9.25164330514e-198
1.592285320168e-199
2.670349209438e-201
4.362895762201e-203
6.943111555464e-205
1.0760125132105e-206
1.623581536546e-208
2.384693482814e-210
3.408780861058e-212
4.741091031467e-214
6.414651214586e-216
8.440814508646e-218
1.0799691549336e-219
1.343232616204e-221
1.623675345528e-223
1.906990026377e-225
2.175654727385e-227
2.410531265851e-229
2.593005875926e-231
2.707363614221e-233
2.742989227496e-235
2.695974020518e-237
2.569795516375e-239
2.374910870067e-241
2.127325452876e-243
1.84640814929e-245
1.552369553469e-247
1.263862324389e-249
9.960985382835e-252
7.597317956121e-254
5.605678578914e-256
3.999973758297e-258
2.759274843433e-260
1.839441543144e-262
1.1845979790821e-264
7.366937885648e-267
4.42249432392e-269
2.56177564684e-271
1.431309724117e-273
7.710203288921e-276
4.002711543278e-278
2.001755651768e-280
9.63925548747e-283
4.467392056696e-285
1.991774838504e-287
8.538748783944e-290
3.518056849899e-292
1.392346305151e-294
5.290574213375e-297
1.929028980369e-299
6.745560675584e-302
2.260982085617e-304
7.259814900785e-307
2.231751471516e-309
6.564370399386e-312
1.8462678705e-314
4.962152767955e-317
1.273592150608e-319
3.119448053058e-322
7.286273907161e-325
1.621799935316e-327
3.437374668175e-330
6.931985332784e-333
1.329052237326e-335
2.420589867687e-338
4.184314038782e-341
6.859111664061e-344
1.0652597679072e-346
1.565946602342e-349
2.176744103046e-352
2.858293387003e-355
3.541760526668e-358
4.136867527532e-361
4.549601222516e-364
4.705598044406e-367
4.571584359499e-370
4.16657051098e-373
3.55777353655e-376
2.842296716928e-379
2.121441898263e-382
1.47712112958e-385
9.579632512784e-389
5.777287793249e-392
3.234479372766e-395
1.678104019352e-398
8.053044870506e-402
3.567648096651e-405
1.456119354795e-408
5.463525374622e-412
1.88031312934e-415
5.921578020466e-419
1.702191058415e-422
4.454474975741e-426
1.0582574961121e-429
2.275684802041e-433
4.415726920035e-437
7.705884864132e-441
1.2051577959089e-444
1.682825035451e-448
2.089645110726e-452
2.297688936823e-456
2.226954962658e-460
1.893240053354e-464
1.404388246687e-468
9.038409899643e-473
5.016014209734e-477
2.38454047809e-481
9.640477173104e-486
3.288729648723e-490
9.385622468935e-495
2.219778469991e-499
4.305841436144e-504
6.77202527705e-509
8.525985321393e-514
8.471072696989e-519
6.53635412386e-524
3.846453723291e-529
1.691004664589e-534
5.423692627599e-540
1.2347872732013e-545
1.932389545879e-551
2.00127433064e-557
1.3105272928778e-563
5.133520877757e-570
1.122809283694e-576
1.256462361036e-583
6.417723849475e-591
1.2822400876196e-598
8.05311309594e-607
1.1430188887754e-615
2.1228638471018e-625
1.8030443217561e-636
4.629314188462e-650