0.0549389200621178
0.054607828182037
0.0539516172098397
0.0529820535392369
0.0517163463142665
0.0501766395149916
0.0483893679230261
0.0463845031227002
0.044194719548574
0.041854512914245
0.039399304077593
0.036864560537183
0.034284965428396
0.031693660291097
0.029121583271921
0.026596919106025
0.024144671519392
0.021786362927269
0.0195398607801753
0.0174193248907603
0.015435265775763
0.0135947006199191
0.0119013910011248
0.0103561450332743
0.0089571660514699
0.0077004303004632
0.0065800771690798
0.005588797192198
0.00471820515467
0.0039591880131491
0.0033022198450123
0.0027376384978454
0.0022558809303458
0.0018476763143863
0.0015041977444902
0.0012171748382869
0.00097897059761242
0.00078262664394321
0.00062188136989743
0.00049116569893663
0.00038558106422318
0.00030086395437614
0.00023334097806439
0.00017987791741857
0.0001378257134653
0.0001049657900741
0.000079456604055799
0.000059782828711732
0.000044708150225092
0.000033232288737523
0.000024552551650462
0.000018029984514238
0.000013160000736847
9.547239182478e-6
6.8843113174712e-6
4.9340492395908e-6
3.5148451467197e-6
2.4886745230779e-6
1.7514132719627e-6
1.2250878407651e-6
8.517326598022e-7
5.8856747625065e-7
4.0424579036373e-7
2.75962727836e-7
1.8724507713165e-7
1.2627716205384e-7
8.464338088324e-8
5.639158793337e-8
3.7341186919456e-8
2.4576142296309e-8
1.6076460084056e-8
1.0452437207963e-8
6.754519082331e-9
4.3383072975735e-9
2.7694560657605e-9
1.7571798152552e-9
1.1081147762208e-9
6.945433333535e-10
4.3267245238455e-10
2.6789441919143e-10
1.648586831074e-10
1.0083305611677e-10
6.129656997737e-11
3.7034862713666e-11
2.2239540123716e-11
1.3273349409763e-11
7.87361301628e-12
4.642004543931e-12
2.7200328308052e-12
1.5840866782073e-12
9.168938494171e-13
5.274649426653e-13
3.0157938662596e-13
1.7137296059508e-13
9.678646028369e-14
5.432723900448e-14
3.030752196749e-14
1.6803975034265e-14
9.259796820855e-15
5.07128168046e-15
2.7603227289891e-15
1.4932304408501e-15
8.028189907568e-16
4.289742674699e-16
2.2780676084975e-16
1.2023272524609e-16
6.306645620566e-17
3.2877042949956e-17
1.7033526573642e-17
8.770670703936e-18
4.488242826045e-18
2.2826224121441e-18
1.1537318326318e-18
5.795455878922e-19
2.8932177110086e-19
1.4354373760278e-19
7.077760129153e-20
3.468284407581e-20
1.6890388880188e-20
8.174655752582e-21
3.931904505859e-21
1.8794851096615e-21
8.928448942822e-22
4.215150678998e-22
1.9776474952063e-22
9.221086321744e-23
4.272788874906e-23
1.9675946358588e-23
9.004370780043e-24
4.095088937369e-24
1.8508200985057e-24
8.312939829189e-25
3.71050719129e-25
1.6458822688172e-25
7.255205698496e-26
3.178226045795e-26
1.3835744284372e-26
5.985515420319e-27
2.5732408895659e-27
1.0993545139502e-27
4.667368279288e-28
1.969164088599e-28
8.255926280682e-29
3.439713642178e-29
1.4241307469964e-29
5.859317411492e-30
2.3955887252996e-30
9.73293988549e-31
3.929531979888e-31
1.5765257497674e-31
6.28525931581e-32
2.490036122064e-32
9.802725042652e-33
3.834821221904e-33
1.4907298143602e-33
5.758463817524e-34
2.2103782574946e-34
8.430962561405e-35
3.195484114639e-35
1.2034926218979e-35
4.503973033865e-36
1.6749120695764e-36
6.18914149824e-37
2.272528069196e-37
8.291379779035e-38
3.005946992077e-38
1.0828567870209e-38
3.876092637961e-39
1.3786337471463e-39
4.872294081698e-40
1.710984594255e-40
5.970145222624e-41
2.0698936991443e-41
7.13072499832e-42
2.440843674861e-42
8.301661041457e-43
2.805478146152e-43
9.420278433558e-44
3.142922170989e-44
1.041872607926e-44
3.431664125815e-45
1.1230578608189e-45
3.651780962927e-46
1.1798058740097e-46
3.787194716346e-47
1.2078804431436e-47
3.827608170472e-48
1.2051085425231e-48
3.769797068493e-49
1.1716579076659e-49
3.618034059116e-50
1.1100213863332e-50
3.383567193133e-51
1.0247098378332e-51
3.083241269833e-52
9.217061153189e-53
2.737496775463e-53
8.077719598704e-54
2.368076604683e-54
6.897192226568e-55
1.995796699555e-55
5.737535968054e-56
1.6386924108104e-56
4.649755306987e-57
1.3107537549776e-57
3.670863057235e-58
1.0213368652514e-58
2.823067492379e-59
7.752157790999e-60
2.114806726927e-60
5.731431820233e-61
1.5431124057628e-61
4.127352689468e-62
1.0966871982987e-62
2.894867636864e-63
7.591139099426e-64
1.977493342819e-64
5.117413126738e-65
1.3155604413596e-65
3.359645901119e-66
8.523070074633e-67
2.147909250966e-67
5.377130323591e-68
1.3372031574223e-68
3.30334427255e-69
8.106199669832e-70
1.975991878599e-70
4.784700760764e-71
1.1508627392056e-71
2.749721660414e-72
6.52600975168e-73
1.538501006271e-73
3.602767375451e-74
8.380314168539e-75
1.936276060499e-75
4.443798801316e-76
1.0130219517067e-76
2.293812357164e-77
5.159037334132e-78
1.1525197492277e-78
2.557373488716e-79
5.636417521503e-80
1.233878762992e-80
2.682867728195e-81
5.794027586209e-82
1.2428349275424e-82
2.647859801708e-83
5.603020386157e-84
1.1775845925745e-84
2.458112309873e-85
5.09621808311e-86
1.049368266207e-86
2.146043067919e-87
4.358895448352e-88
8.793036838575e-89
1.761662240932e-89
3.505295093536e-90
6.926942213465e-91
1.359472482319e-91
2.649768742255e-92
5.129216352012e-93
9.86044098664e-94
1.88252475071e-94
3.56928174603e-95
6.720683918645e-96
1.2567107168804e-96
2.333689440704e-97
4.303614525809e-98
7.8813910542e-99
1.43333671263e-99
2.588606382139e-100
4.642509956294e-101
8.268091467943e-102
1.462244016353e-102
2.567988734955e-103
4.478386438784e-104
7.755355266465e-105
1.333613481198e-105
2.277208802491e-106
3.86115073294e-107
6.500819254224e-108
1.0868090507584e-108
1.804133156075e-109
2.973791126047e-110
4.867155150319e-111
7.909683015132e-112
1.276316576191e-112
2.044887605562e-113
3.253032614154e-114
5.13820647525e-115
8.058144349178e-116
1.254743816519e-116
1.939848299958e-117
2.977620095176e-118
4.537908420416e-119
6.866306346797e-120
1.0314963538206e-120
1.538456893095e-121
2.278096408289e-122
3.349068227791e-123
4.888065227933e-124
7.082833650975e-125
1.0188964996131e-125
1.455130625559e-126
2.063092286933e-127
2.903861840426e-128
4.057604349697e-129
5.628539368349e-130
7.750857764807e-131
1.059565079332e-131
1.437887980459e-132
1.937036171969e-133
2.590367349134e-134
3.438678687666e-135
4.531313281612e-136
5.927266412906e-137
7.696233984947e-138
9.91953006576e-139
1.26907851688e-139
1.611632286063e-140
2.031510100457e-141
2.541809712594e-142
3.156701683565e-143
3.891221178109e-144
4.760971082901e-145
5.781729635847e-146
6.968959728607e-147
8.337222157905e-148
9.89950123531e-149
1.166645808985e-149
1.364563436519e-150
1.584063636582e-151
1.825033649325e-152
2.086813442454e-153
2.368132429193e-154
2.667061553451e-155
2.980985361436e-156
3.306598208353e-157
3.6399279425e-158
3.976389279916e-159
4.310867670795e-160
4.637832832623e-161
4.951479377576e-162
5.245890206301e-163
5.515216702055e-164
5.753868365411e-165
5.956703499098e-166
6.11921198377e-167
6.237681147797e-168
6.309336258923e-169
6.332448242235e-170
6.306402802537e-171
6.231727105329e-172
6.110072420137e-173
5.944153500553e-174
5.737647803674e-175
5.495059776584e-176
5.221557214597e-177
4.922788008716e-178
4.604686369232e-179
4.273277803216e-180
3.934491745177e-181
3.593989844623e-182
3.257016589717e-183
2.928277308556e-184
2.611846769956e-185
2.311109740035e-186
2.028733067622e-187
1.766667282014e-188
1.526174377584e-189
1.30787748857e-190
1.111827550539e-191
9.37581799287e-193
7.84289044181e-194
6.507770215661e-195
5.356377215685e-196
4.373073181543e-197
3.541381472674e-198
2.844610060141e-199
2.266368317133e-200
1.790975200123e-201
1.403762266911e-202
1.091279522897e-203
8.41415285865e-205
6.434431776644e-206
4.88010130481e-207
3.670791283941e-208
2.73839508743e-209
2.025962426855e-210
1.486479055768e-211
1.081612139815e-212
7.80481915922e-214
5.585033861082e-215
3.963268997399e-216
2.788939679574e-217
1.946146547416e-218
1.346653239741e-219
9.24001705075e-221
6.286651780798e-222
4.241197757902e-223
2.837088786732e-224
1.881764949651e-225
1.23753810257e-226
8.06947366797e-228
5.216964564736e-229
3.34402250813e-230
2.125160116158e-231
1.338991339161e-232
8.36411443512e-234
5.179772015435e-235
3.180110065397e-236
1.935560652717e-237
1.167876170606e-238
6.98561090163e-240
4.142110914181e-241
2.434674459182e-242
1.418580470307e-243
8.19318878059e-245
4.690615262369e-246
2.661806221029e-247
1.49721678763e-248
8.3473067648e-250
4.612679157543e-251
2.526370314381e-252
1.371416306724e-253
7.37839229556e-255
3.934285311633e-256
2.079089217391e-257
1.088867413433e-258
5.651488602418e-260
2.906886111691e-261
1.481705023388e-262
7.48437050767e-264
3.746275834115e-265
1.858173533568e-266
9.1328406363e-268
4.447844182624e-269
2.146388102663e-270
1.026296413416e-271
4.862213781507e-273
2.282352487822e-274
1.061474349979e-275
4.891083043859e-277
2.232851715163e-278
1.009867849937e-279
4.524905057304e-281
2.008561051036e-282
8.83245756671e-284
3.847594471838e-285
1.660345318626e-286
7.09739656966e-288
3.005254804152e-289
1.260477496093e-290
5.236611865694e-292
2.154849900394e-293
8.78263433006e-295
3.545385275534e-296
1.417498415545e-297
5.612958337608e-299
2.201205844445e-300
8.54906339805e-302
3.288174282761e-303
1.252445466251e-304
4.724107270244e-306
1.764520687365e-307
6.52632822228e-309
2.390205393212e-310
8.66791432736e-312
3.112403708187e-313
1.106542081688e-314
3.895106489245e-316
1.357496570042e-317
4.683976276653e-319
1.600057643059e-320
5.411154591659e-322
1.811615045416e-323
6.00415329609e-325
1.969861214659e-326
6.39742989372e-328
2.056598194679e-329
6.54418018591e-331
2.061155316772e-332
6.42545021239e-334
1.982537422708e-335
6.054129928673e-337
1.829709016449e-338
5.472674421567e-340
1.619913193e-341
4.745102313705e-343
1.375460733099e-344
3.945359330384e-346
1.119818302524e-347
3.144980624808e-349
8.73945778693e-351
2.402888920375e-352
6.53660260232e-354
1.759243854456e-355
4.684269411802e-357
1.233916406179e-358
3.215464717137e-360
8.28899497612e-362
2.113712906573e-363
5.331653140573e-365
1.330255938094e-366
3.282853556674e-368
8.01302034499e-370
1.934437705722e-371
4.61862013539e-373
1.090570748102e-374
2.546622353379e-376
5.880702835758e-378
1.342865984635e-379
3.032211655436e-381
6.77008752701e-383
1.494587671352e-384
3.262309326896e-386
7.04027586187e-388
1.502100720544e-389
3.168379454356e-391
6.60674993304e-393
1.361867195093e-394
2.774989795794e-396
5.589219514623e-398
1.112723748991e-399
2.189541084101e-401
4.258252318768e-403
8.18474400637e-405
1.554737062806e-406
2.918566083303e-408
5.414087672194e-410
9.9244514732e-412
1.797609579441e-413
3.217169028295e-415
5.688842260624e-417
9.93864380245e-419
1.715398964985e-420
2.924956116624e-422
4.926868983902e-424
8.19787361194e-426
1.347382520116e-427
2.187363013142e-429
3.507290199512e-431
5.554230185374e-433
8.68675692916e-435
1.341693160011e-436
2.046399554532e-438
3.082117043113e-440
4.583623019778e-442
6.73052828899e-444
9.7577381976e-446
1.396651277618e-447
1.973533500902e-449
2.75294428402e-451
3.790750953149e-453
5.152361414524e-455
6.91223910316e-457
9.15251586095e-459
1.196049827294e-460
1.542491009787e-462
1.963079718928e-464
2.46531428691e-466
3.054939675719e-468
3.735129764319e-470
4.505655330153e-472
5.362110341001e-474
6.29528084601e-476
7.29074501477e-478
8.32878740758e-480
9.38469398798e-482
1.042946670027e-483
1.143095927233e-485
1.235539260657e-487
1.316916348427e-489
1.384082002978e-491
1.434304728432e-493
1.465449135287e-495
1.47612542567e-497
1.46579148176e-499
1.434797186294e-501
1.384366038686e-503
1.316515256063e-505
1.233921602231e-507
1.139745405256e-509
1.037428958705e-511
9.3048732026e-514
8.22309268972e-516
7.15983994833e-518
6.14165364681e-520
5.189809129909e-522
4.319877045938e-524
3.541725467184e-526
2.859902145418e-528
2.274307438833e-530
1.781055769492e-532
1.373423642893e-534
1.042793105994e-536
7.79517839573e-539
5.73661292375e-541
4.155789858216e-543
2.963376063091e-545
2.079799053949e-547
1.436558459144e-549
9.76468163079e-552
6.53116861457e-554
4.298199003505e-556
2.782975398459e-558
1.772651908614e-560
1.110688907176e-562
6.84509550769e-565
4.149039019273e-567
2.473197887114e-569
1.449691349901e-571
8.3552438279e-574
4.734463181653e-576
2.637370162892e-578
1.444176960776e-580
7.7728181962e-583
4.11154184905e-585
2.137262635718e-587
1.091682713797e-589
5.478709081278e-592
2.701224778694e-594
1.308280292258e-596
6.22378906533e-599
2.907895577818e-601
1.334221645406e-603
6.01114511198e-606
2.65901492039e-608
1.154708574581e-610
4.922267595716e-613
2.059452818073e-615
8.45637572851e-618
3.407327661453e-620
1.347074240909e-622
5.224772126433e-625
1.987883477864e-627
7.41841563783e-630
2.715040662035e-632
9.74392786418e-635
3.42871401116e-637
1.182807832625e-639
3.999709019029e-642
1.325618982893e-644
4.305556111196e-647
1.370261274969e-649
4.272516254001e-652
1.305004831894e-654
3.904178251273e-657
1.143869670708e-659
3.28165025813e-662
9.21755014343e-665
2.534451388167e-667
6.82078842919e-670
1.79640138331e-672
4.629408531008e-675
1.167172852768e-677
2.878496295945e-680
6.94303458446e-683
1.6376364419e-685
3.776596031105e-688
8.51388519665e-691
1.875977285519e-693
4.039495615173e-696
8.49870307167e-699
1.746743703673e-701
3.506555117566e-704
6.87432230991e-707
1.31582597703e-709
2.458706948018e-712
4.484086689569e-715
7.98027880372e-718
1.385656515652e-720
2.346939436827e-723
3.876777825868e-726
6.24417788046e-729
9.80451517722e-732
1.500490396408e-734
2.237715238447e-737
3.251229837455e-740
4.601156258267e-743
6.3411258361e-746
8.50839880577e-749
1.11124985755e-751
1.412396545931e-754
1.746543926607e-757
2.100755056574e-760
2.457183716802e-763
2.794200295211e-766
3.088336358268e-769
3.316853514681e-772
3.460573522734e-775
3.506495880103e-778
3.449715533463e-781
3.294253198738e-784
3.052609128752e-787
2.744103119037e-790
2.392306182518e-793
2.022040558498e-796
1.656482591188e-799
1.314838380183e-802
1.01090017032e-805
7.52581878649e-809
5.423319837627e-812
3.781779021355e-815
2.550921383219e-818
1.663854942698e-821
1.049048639097e-824
6.39114448753e-828
3.760990383901e-831
2.136981039132e-834
1.171938184019e-837
6.20070970431e-841
3.163982301505e-844
1.556331244503e-847
7.37667659566e-851
3.367606868414e-854
1.48009944194e-857
6.25996302511e-861
2.546606991363e-864
9.95989041141e-868
3.743156285607e-871
1.351124468369e-874
4.681712573896e-878
1.556462613951e-881
4.96208441826e-885
1.51615026216e-888
4.437394968824e-892
1.243284510571e-895
3.33282047639e-899
8.5425576427e-903
2.092315478147e-906
4.893854694485e-910
1.092379369941e-913
2.325414930613e-917
4.717694953874e-921
9.11488299017e-925
1.675887148503e-928
2.930098871852e-932
4.867718334041e-936
7.67761118712e-940
1.148750565148e-943
1.629126795272e-947
2.187926827376e-951
2.780141098241e-955
3.339273639809e-959
3.787654302022e-963
4.053127558581e-967
4.087578156906e-971
3.88094135255e-975
3.465189838126e-979
2.906318853796e-983
2.28705111905e-987
1.686540901742e-991
1.164016787682e-995
7.50923832562e-1000
4.521875573911e-1004
2.538147914989e-1008
1.326040731669e-1012
6.438424420121e-1017
2.900681648942e-1021
1.210613180351e-1025
4.67254280773e-1030
1.664831222402e-1034
5.465746561375e-1039
1.650247995271e-1043
4.572881886189e-1048
1.160519555828e-1052
2.69137808632e-1057
5.69048511522e-1062
1.094258936615e-1066
1.908881321036e-1071
3.012740044327e-1076
4.289870141178e-1081
5.494619678055e-1086
6.310790609901e-1091
6.478120626772e-1096
5.922684831147e-1101
4.804958941023e-1106
3.445590915273e-1111
2.174894449346e-1116
1.203087185357e-1121
5.80497638358e-1127
2.430929522237e-1132
8.78795189206e-1138
2.726821806392e-1143
7.217858046155e-1149
1.619085375569e-1154
3.055937292356e-1160
4.81599454729e-1166
6.284462168578e-1172
6.728988747992e-1178
5.85375447388e-1184
4.092816086143e-1190
2.272756146495e-1196
9.89323872435e-1203
3.327227903894e-1209
8.50710002018e-1216
1.624072400387e-1222
2.268557898521e-1229
2.265962778499e-1236
1.576747435254e-1243
7.417203049684e-1251
2.278134681604e-1258
4.386281410208e-1266
5.044894027951e-1274
3.271267423272e-1282
1.11442478347e-1290
1.827249007453e-1299
1.290023142909e-1308
3.390460042e-1318
2.72414308705e-1328
5.060394815264e-1339
1.424812284327e-1350
3.01879438082e-1363
1.2479128545911e-1377
3.044749640035e-1395