0.1057861380195119
0.103433040012347
0.0988825919660898
0.092429247641306
0.0844746719351568
0.075486471219907
0.0659530280484094
0.056340455050853
0.0470568053926777
0.0384270450225803
0.030680290713828
0.023948860274086
0.018277112514169
0.0136370873633194
0.0099476477133123
0.007094092187155
0.00494587709837879
0.00337094572560009
0.00224601945102518
0.0014629161059076
0.0009314505460359
0.00057972822110177
0.000352697677605902
0.000209740837058966
0.000121914066416514
0.000069263224212168
0.000038460662020567
0.000020872886927607
0.0000110709782038579
5.7386880957754e-6
2.90701501332192e-6
1.43904465144883e-6
6.9610915949893e-7
3.2903316705599e-7
1.51965094557468e-7
6.8575952755314e-8
3.0234661046841e-8
1.30234012060195e-8
5.4803716058025e-9
2.25289768489051e-9
9.0468583353047e-10
3.5486023448791e-10
1.35955831724766e-10
5.0874061170486e-11
1.85921448012796e-11
6.6354885519664e-12
2.3126067571522e-12
7.8702881685873e-13
2.6152502043006e-13
8.4848222219665e-14
2.6875191991952e-14
8.3101997358807e-15
2.5083805794496e-15
7.3903971962903e-16
2.1252209357341e-16
5.9644606444349e-17
1.63356769253719e-17
4.3658547076079e-18
1.13850292422709e-18
2.8966599190855e-19
7.1899243184266e-20
1.7409196558598e-20
4.1117250697202e-21
9.4715886629448e-22
2.1278286633536e-22
4.6615068216146e-23
9.9575326018713e-24
2.0738240192396e-24
4.2106089700287e-25
8.3335096539361e-26
1.6075971434221e-26
3.0223728029935e-27
5.5372567267058e-28
9.8848573953183e-29
1.7192046152907e-29
2.9128451414606e-30
4.8071768225486e-31
7.7267133780487e-32
1.2094266953949e-32
1.8432797986438e-33
2.7351158441449e-34
3.9507318909997e-35
5.554438953483e-36
7.5998648706753e-37
1.01184866767854e-37
1.3107172199265e-38
1.6516751260319e-39
2.0244150170369e-40
2.4130678772355e-41
2.796848756478e-42
3.1515983172188e-43
3.4521265564449e-44
3.6750782341957e-45
3.8018856376835e-46
3.8212996275246e-47
3.7310248012182e-48
3.5381315502006e-49
3.258147531964e-50
2.9129891895138e-51
2.5281162470177e-52
2.1294239593666e-53
1.7404005647733e-54
1.379975719635e-55
1.061304627512e-56
7.915243871963e-58
5.7233641541747e-59
4.0114963991863e-60
2.7247856426679e-61
1.7932049662096e-62
1.14313534103e-63
7.057187104346e-65
4.2181847927621e-66
2.4404550496061e-67
1.3663311478807e-68
7.400603713951e-70
3.8769279556568e-71
1.9638047443922e-72
9.615604542029e-74
4.5498529481328e-75
2.0798514397886e-76
9.182269181876e-78
3.9139546340226e-79
1.6102435722061e-80
6.391986832001e-82
2.4473923072825e-83
9.0353699878e-85
3.2152171245887e-86
1.1024023006203e-87
3.6406144074061e-89
1.1575749279642e-90
3.5423713927365e-92
1.0428834358081e-93
2.9525385281721e-95
8.035076969771e-97
2.1010221747294e-98
5.276227993382e-100
1.2719484805707e-101
2.9421416730382e-103
6.526718373457e-105
1.3878623421549e-106
2.827448748375e-108
5.515817307991e-110
1.0298045559893e-111
1.83901532337e-113
3.1394224518307e-115
5.120218060349e-117
7.973218221334e-119
1.1847016228483e-120
1.6785301393217e-122
2.2662063605858e-124
2.913502767681e-126
3.5642022604476e-128
4.145860359096e-130
4.581794810522e-132
4.807027567402e-134
4.783838807725e-136
4.511918807802e-138
4.02942374993e-140
3.40423217911e-142
2.718143309845e-144
2.0491265000001e-146
1.4569939309299e-148
9.760467926652e-151
6.153466647074e-153
3.646680242783e-155
2.028967794221e-157
1.0585239527485e-159
5.171288144133e-162
2.3624805188904e-164
1.0078153656485e-166
4.008480792213e-169
1.4841462398558e-171
5.106820619222e-174
1.6302160549015e-176
4.819102522066e-179
1.3166754868821e-181
3.318213938206e-184
7.696929113585e-187
1.6396144532229e-189
3.1999704942e-192
5.707417650753e-195
9.278287333643e-198
1.3708990229777e-200
1.8354869000103e-203
2.219834651169e-206
2.416782505252e-209
2.360076279691e-212
2.0592056000265e-215
1.5986394882168e-218
1.0993492676351e-221
6.664423774398e-225
3.543004871878e-228
1.6425430091012e-231
6.599959652067e-235
2.283242709132e-238
6.75129759562e-242
1.6926953234808e-245
3.567040069474e-249
6.256794750417e-253
9.036885143587e-257
1.0618643072586e-260
1.0014247261025e-264
7.464771338959e-269
4.322106966643e-273
1.9053505826557e-277
6.248995829495e-282
1.4840944579165e-286
2.4719984906329e-291
2.779317436574e-296
2.0132053518916e-301
8.867396169722e-307
2.2071223932044e-312
2.821390608113e-318
1.6278864978798e-324
3.531560437623e-331
2.1872861215272e-338
2.4532296500119e-346
2.0791627004417e-355
1.4009181929885e-366