0.0540215527559905
0.0537067538103142
0.053082647424391
0.052160057289009
0.0509548270974799
0.0494873680788681
0.047782084297383
0.0458666983155541
0.043771503226752
0.041528569185209
0.039170933330572
0.036731801430014
0.034243787730604
0.031738216581425
0.029244505556759
0.026789645334818
0.024397786728478
0.022089940296003
0.019883789137999
0.0177936110408525
0.0158303022457385
0.0140014919470181
0.0123117342436035
0.0107627627180589
0.0093537920881328
0.0080818514079553
0.0069421340001534
0.005928350558969
0.0050330735460047
0.0042480629667362
0.0035645657329481
0.0029735829600907
0.0024661016120143
0.0020332888018352
0.0016666487223388
0.0013581435704986
0.0011002809278837
0.00088617086045032
0.00070955652178553
0.00056482230978953
0.00044698367301564
0.00035166252925652
0.00027505198696004
0.00021387369013114
0.00016533067684504
0.00012705818307239
0.00009707436440999
0.000073732469875025
0.000055675599732629
0.000041794823594646
0.000031191131247875
0.00002314143841025
0.000017068671356559
0.000012515804327014
9.123616564599e-6
6.611865623384e-6
4.7635338706348e-6
3.411789632294e-6
2.4293074126412e-6
1.719607906347e-6
1.2101037163927e-6
8.465671781987e-7
5.887696120624e-7
4.070745241507e-7
2.7979920574329e-7
1.911888133283e-7
1.2987373965181e-7
8.770462472683e-8
5.887966446271e-8
3.9296080536542e-8
2.6071955462372e-8
1.7196410864699e-8
1.1275640568694e-8
7.34992985324e-9
4.7628079836455e-9
3.0681755026931e-9
1.9648703486432e-9
1.2509026003827e-9
7.916774926448e-10
4.980897546369e-10
3.1153060538403e-10
1.9369879186875e-10
1.1972516958062e-10
7.356574370526e-11
4.493623410592e-11
2.7286500263455e-11
1.6471318183223e-11
9.884107467862e-12
5.896229241674e-12
3.4965381323891e-12
2.061239151009e-12
1.2079359054184e-12
7.036942003596e-13
4.075189377528e-13
2.3460351916311e-13
1.3425896748962e-13
7.637887866914e-14
4.319401547161e-14
2.4282496172923e-14
1.357005596575e-14
7.538546389071e-15
4.16303766864e-15
2.2853299375445e-15
1.2471031904474e-15
6.765031898694e-16
3.647962275356e-16
1.9554328380661e-16
1.0419492834557e-16
5.518999975436e-17
2.9059179974458e-17
1.520948375864e-17
7.913210961082e-18
4.092579756468e-18
2.1040045408164e-18
1.07522727612e-18
5.462065555529e-19
2.7581350337374e-19
1.3844429321123e-19
6.907715391391e-20
3.426041129715e-20
1.689072824957e-20
8.277529529972e-21
4.032260211965e-21
1.9524983957463e-21
9.397795931352e-22
4.4962803241e-22
2.1383147899042e-22
1.0108334979036e-22
4.749809174844e-23
2.218503224295e-23
1.0299831897588e-23
4.753189988507e-24
2.1803386795645e-24
9.941347782252e-25
4.505550487495e-25
2.0296936477659e-25
9.088493595481e-26
4.045114616217e-26
1.7895588817445e-26
7.869299949007e-27
3.439535947478e-27
1.4942936219949e-27
6.452723397372e-28
2.769617791724e-28
1.1815850167829e-28
5.010454251927e-29
2.1118100638004e-29
8.847017036175e-30
3.683848335017e-30
1.5246427568015e-30
6.271833443046e-31
2.564363519872e-31
1.0421299748593e-31
4.209397811518e-32
1.6899442983142e-32
6.743380801058e-33
2.674449392062e-33
1.0542436776137e-33
4.130437495018e-34
1.6084146773969e-34
6.225086762536e-35
2.394620364252e-35
9.155251469196e-36
3.478921891985e-36
1.3138878986746e-36
4.931847163889e-37
1.8399117197959e-37
6.822112033688e-38
2.514048132008e-38
9.207878742418e-39
3.351777867203e-39
1.2126036196312e-39
4.360023542081e-40
1.5580575235918e-40
5.533515698162e-41
1.9531703534413e-41
6.851706036367e-42
2.388774923864e-42
8.276904247431e-43
2.850198371947e-43
9.754274126055e-44
3.317613432509e-44
1.1214135307559e-44
3.767152569301e-45
1.2576686660332e-45
4.172756879388e-46
1.3758843020804e-46
4.508591769693e-47
1.4682440035032e-47
4.751732987526e-48
1.5282711927429e-48
4.884741139102e-49
1.5515776653842e-49
4.897725286846e-50
1.5363930962437e-50
4.789557240615e-51
1.4837869446034e-51
4.568029796915e-52
1.3975441977005e-52
4.248928654329e-53
1.2837149543588e-53
3.8541714899e-54
1.1499123175506e-54
3.409319067484e-55
1.0044718217845e-55
2.940850888622e-56
8.556010745661e-57
2.473606585328e-57
7.106386660768e-58
2.028728042912e-58
5.755108367655e-59
1.6223170114929e-59
4.54431404976e-60
1.2648796119865e-60
3.498453589538e-61
9.614947692788e-62
2.625786561717e-62
7.125435147686e-63
1.921324018475e-63
5.14783766796e-64
1.370508817282e-64
3.625511756e-65
9.529826962541e-66
2.489009948936e-66
6.459395298381e-67
1.665629428761e-67
4.267601554964e-68
1.0864405125179e-68
2.748161704762e-69
6.907016329131e-70
1.724837390509e-70
4.279695834271e-71
1.0550724928704e-71
2.584365373342e-72
6.289632842575e-73
1.520876605978e-73
3.653907023103e-74
8.721944915765e-75
2.068516621126e-75
4.874072634237e-76
1.1410633302551e-76
2.654053786984e-77
6.13323131091e-78
1.408140664414e-78
3.212012394004e-79
7.279142969487e-80
1.638900263753e-80
3.665991030241e-81
8.146934250396e-82
1.798698171096e-82
3.945308386224e-83
8.597248817326e-84
1.861192080023e-84
4.002886911468e-85
8.552697680173e-86
1.81542298947e-86
3.828200440849e-87
8.019565483789e-88
1.668950763663e-88
3.450403609131e-89
7.086423725416e-90
1.44581363317e-90
2.930371064382e-91
5.900042334299e-92
1.1800677358007e-92
2.344634311009e-93
4.627609701444e-94
9.07295582609e-95
1.76704805199e-95
3.418632511509e-96
6.569887943796e-97
1.254186042161e-97
2.378271198259e-98
4.479743418114e-99
8.381739805738e-100
1.557763001176e-100
2.875753488522e-101
5.273292430392e-102
9.60481130767e-103
1.737678522888e-103
3.122629512867e-104
5.573637445283e-105
9.881456867324e-106
1.740059161366e-106
3.043438742011e-107
5.287122299228e-108
9.122735791455e-109
1.563430127443e-109
2.661191733095e-110
4.498987815051e-111
7.55424497542e-112
1.259799765766e-112
2.086617234007e-113
3.43250708441e-114
5.607948782212e-115
9.099491389453e-116
1.466382273929e-116
2.346879496553e-117
3.730305203667e-118
5.888496079136e-119
9.231394394387e-120
1.437240794836e-120
2.222222207386e-121
3.412223987728e-122
5.203266190164e-123
7.879512776487e-124
1.184960337892e-124
1.769643141863e-125
2.62446808432e-126
3.865154613196e-127
5.652735500556e-128
8.209427969622e-129
1.183929294453e-129
1.695483052515e-130
2.411082736419e-131
3.404692421671e-132
4.774049083124e-133
6.647145636763e-134
9.19007168608e-135
1.261635918811e-135
1.7197949132e-136
2.327784388475e-137
3.128443405923e-138
4.174738505109e-139
5.531483424559e-140
7.277148442404e-141
9.50569835316e-142
1.232837601506e-142
1.587532458451e-143
2.029691722393e-144
2.576463988538e-145
3.247135282084e-146
4.063074219947e-147
5.047576732888e-148
6.225591426376e-149
7.623308568406e-150
9.26759920492e-151
1.11852961666e-151
1.340231578766e-152
1.594262791493e-153
1.882709199363e-154
2.207218824999e-155
2.568868465371e-156
2.968029168095e-157
3.404236703381e-158
3.876074046049e-159
4.381073371439e-160
4.915645162982e-161
5.47504165836e-162
6.053360982634e-163
6.643596920547e-164
7.23773739599e-165
7.82691242569e-166
8.40158970872e-167
8.95181325226e-168
9.46747769334e-169
9.93862844758e-170
1.035577569266e-170
1.071020865183e-171
1.099429582887e-172
1.120175685865e-173
1.132789252045e-174
1.136976119288e-175
1.132629252453e-176
1.119833220583e-177
1.098861526029e-178
1.070166899403e-179
1.034365040494e-180
9.92212621041e-182
9.44580648535e-183
8.92424502945e-184
8.36752087939e-185
7.78591578783e-186
7.189602012764e-187
6.588353469167e-188
5.991291316493e-189
5.406672560393e-190
4.841727431147e-191
4.302548371326e-192
3.794030619576e-193
3.319861792496e-194
2.882555684123e-195
2.483523821802e-196
2.12317719171e-197
1.801049985114e-198
1.515937184989e-199
1.266038245916e-200
1.049099928245e-201
8.62552426489e-203
7.036341738253e-204
5.695020066244e-205
4.573246439712e-206
3.64358603281e-207
2.880066802414e-208
2.258599356917e-209
1.757247394779e-210
1.356368243389e-211
1.038645175141e-212
7.89033696259e-214
5.946432078132e-215
4.445736626962e-216
3.297244141609e-217
2.425896680496e-218
1.770520636488e-219
1.281831160057e-220
9.20566991816e-222
6.557952722057e-223
4.634074397466e-224
3.248127369702e-225
2.258249286891e-226
1.557302241382e-227
1.065195952675e-228
7.22661662128e-230
4.862758821561e-231
3.24538265129e-232
2.148215143231e-233
1.410299978177e-234
9.18248494167e-236
5.929486000591e-237
3.797301014845e-238
2.411721594179e-239
1.519030387176e-240
9.48824360331e-242
5.877304008632e-243
3.610241852607e-244
2.19914089034e-245
1.328376513901e-246
7.95670796862e-248
4.725877044812e-249
2.783305111992e-250
1.625403540219e-251
9.4118741469e-253
5.403784767608e-254
3.076234554101e-255
1.736331826172e-256
9.71695608556e-258
5.391434094549e-259
2.965836276021e-260
1.617525269885e-261
8.74597385734e-263
4.688248216622e-264
2.49143989685e-265
1.312561474865e-266
6.8550446535e-268
3.549067395185e-269
1.821475797216e-270
9.2667957327e-272
4.673309859794e-273
2.33614659828e-274
1.157571451448e-275
5.685378001013e-277
2.767746263144e-278
1.335488365864e-279
6.386932344563e-281
3.027431345031e-282
1.422254861146e-283
6.62205811928e-285
3.055710688388e-286
1.39741806585e-287
6.333247845361e-289
2.844485366379e-290
1.266044687621e-291
5.584103295913e-293
2.440663102476e-294
1.057068329649e-295
4.53659396984e-297
1.929208277874e-298
8.12907910889e-300
3.393963931617e-301
1.404000576382e-302
5.754558776676e-304
2.336855635222e-305
9.4019343085e-307
3.747643921532e-308
1.479944561208e-309
5.78986942508e-311
2.243976992055e-312
8.61557732942e-314
3.276851092803e-315
1.234597179865e-316
4.607655024757e-318
1.703375963592e-319
6.237444157238e-321
2.262341016032e-322
8.12744965023e-324
2.891910397914e-325
1.019152423007e-326
3.557186040596e-328
1.22963563705e-329
4.209572072845e-331
1.42718493796e-332
4.791731002886e-334
1.593174988841e-335
5.245444921171e-337
1.710164297244e-338
5.521012984352e-340
1.764874503043e-341
5.586137713184e-343
1.750655685955e-344
5.432122996061e-346
1.668808836554e-347
5.075747741938e-349
1.528403893657e-350
4.556265752513e-352
1.344623890035e-353
3.928270969501e-355
1.136053489746e-356
3.252225537329e-358
9.21583696192e-360
2.584930042819e-361
7.17645941724e-363
1.971998392294e-364
5.363214052455e-366
1.443621135367e-367
3.845723406724e-369
1.01388025537e-370
2.645246158392e-372
6.82972524866e-374
1.744957683639e-375
4.411617073228e-377
1.103642918368e-378
2.731893334711e-380
6.69097960004e-382
1.621409851064e-383
3.887400331332e-385
9.22094026668e-387
2.163847507371e-388
5.023420257576e-390
1.153664699514e-391
2.62091316488e-393
5.889849492425e-395
1.309241582219e-396
2.878623024872e-398
6.26014630991e-400
1.346492745797e-401
2.864365587925e-403
6.02618843686e-405
1.253809683557e-406
2.579763467038e-408
5.248945956452e-410
1.056070054426e-411
2.101000319414e-413
4.1329152629e-415
8.03836981191e-417
1.545768829273e-418
2.938800114703e-420
5.523676328857e-422
1.026366981018e-423
1.885284393717e-425
3.423214935827e-427
6.14409288282e-429
1.09001070812e-430
1.911331814963e-432
3.312505090695e-434
5.673810563805e-436
9.6044710487e-438
1.606700043505e-439
2.656079932071e-441
4.338849247846e-443
7.00353050714e-445
1.116992720355e-446
1.760176330277e-448
2.7404131142e-450
4.215133004008e-452
6.40505875287e-454
9.61463031333e-456
1.42567518295e-457
2.088179593939e-459
3.021029261575e-461
4.316803184757e-463
6.09214227182e-465
8.49099079819e-467
1.168711052643e-468
1.588532526501e-470
2.13208645043e-472
2.825612669678e-474
3.697419896914e-476
4.776857321654e-478
6.0928706694e-480
7.67213971237e-482
9.53683726411e-484
1.170210122475e-485
1.41733669498e-487
1.694376085363e-489
1.999180004781e-491
2.327966867635e-493
2.675234175008e-495
3.033779596401e-497
3.394848178676e-499
3.748413402019e-501
4.083587596971e-503
4.389143701437e-505
4.654117009576e-507
4.868444168674e-509
5.023588881944e-511
5.113100920785e-513
5.133057924229e-515
5.082348119056e-517
4.962765789671e-519
4.778908586792e-521
4.537884570268e-523
4.248854953382e-525
3.922453650355e-527
3.570135123386e-529
3.203506545845e-531
2.833698627582e-533
2.470822108154e-535
2.123545155875e-537
1.79881245399e-539
1.501711557986e-541
1.235478029522e-543
1.001619405931e-545
8.00130240808e-548
6.29766644522e-550
4.883487858787e-552
3.730630491905e-554
2.807410386372e-556
2.080993322907e-558
1.519308105662e-560
1.092446958861e-562
7.73575734687e-565
5.394132430292e-567
3.703604866655e-569
2.503684609801e-571
1.666302499267e-573
1.09172763342e-575
7.04089106095e-578
4.469511838868e-580
2.792399998371e-582
1.716903153748e-584
1.038794865583e-586
6.18435538321e-589
3.622464784758e-591
2.08748350948e-593
1.183354176743e-595
6.59845904424e-598
3.618838914633e-600
1.951899189059e-602
1.035306549709e-604
5.399649914991e-607
2.768907819032e-609
1.395913144563e-611
6.91792118129e-614
3.369923131252e-616
1.613433063201e-618
7.59149688936e-621
3.5100059672e-623
1.594594431243e-625
7.11724762175e-628
3.120687986851e-630
1.344068964131e-632
5.68567018947e-635
2.362033950976e-637
9.63584689717e-640
3.859644555247e-642
1.517791891129e-644
5.85919449162e-647
2.220123185665e-649
8.25623082014e-652
3.013031760698e-654
1.078930965054e-656
3.790547935197e-659
1.30640675937e-661
4.416436636063e-664
1.464303746266e-666
4.761060462334e-669
1.517877330691e-671
4.744347906487e-674
1.453680571023e-676
4.365752072629e-679
1.284964354285e-681
3.706027096748e-684
1.047259775444e-686
2.899149697293e-689
7.86137532282e-692
2.08775047527e-694
5.429383417032e-697
1.382461875572e-699
3.446073826948e-702
8.40817866071e-705
2.007805000547e-707
4.691576431722e-710
1.072576396094e-712
2.398741427088e-715
5.247072182437e-718
1.122433766368e-720
2.347713970626e-723
4.800650770157e-726
9.59520324425e-729
1.874282276682e-731
3.577413373492e-734
6.67086300579e-737
1.215060860509e-739
2.16142595277e-742
3.754318000011e-745
6.36635668144e-748
1.053755205939e-750
1.702141853439e-753
2.682724922868e-756
4.124741529177e-759
6.18546044804e-762
9.04513737509e-765
1.289549111616e-767
1.792051632433e-770
2.426956167305e-773
3.202429000511e-776
4.116319774153e-779
5.152939129556e-782
6.28087174383e-785
7.45255003391e-788
8.60615803301e-791
9.67009706414e-794
1.056976540276e-796
1.123587640199e-799
1.161309260478e-802
1.166751852168e-805
1.139166431159e-808
1.080588466628e-811
9.95594061228e-815
8.90707964683e-818
7.7356984912e-821
6.52007766095e-824
5.331760595565e-827
4.228890265213e-830
3.252302703745e-833
2.424558537583e-836
1.751529368605e-839
1.225768540031e-842
8.30742441161e-846
5.450659278925e-849
3.461077913349e-852
2.126206787188e-855
1.2632243429e-858
7.2557502066e-862
4.02766942408e-865
2.159904268234e-868
1.118563210778e-871
5.591966740062e-875
2.697588713727e-878
1.255218669609e-881
5.631409603339e-885
2.434930419541e-888
1.01424127586e-891
4.068091147176e-895
1.570506679372e-898
5.83296263747e-902
2.083218608087e-905
7.15101868861e-909
2.358167351174e-912
7.4668269664e-916
2.268966739028e-919
6.61334368159e-923
1.847905027138e-926
4.947235516062e-930
1.268301807281e-933
3.111760123895e-937
7.30218653435e-941
1.637932828367e-944
3.509632078546e-948
7.1790684258e-952
1.400962916639e-955
2.606395793803e-959
4.619597926236e-963
7.79478999886e-967
1.251176342465e-970
1.909038314333e-974
2.766631159281e-978
3.805193819721e-982
4.962826436643e-986
6.13246514123e-990
7.17315537298e-994
7.93520249801e-998
8.29410208429e-1002
8.18318161883e-1006
7.61343444738e-1010
6.67259006804e-1014
5.502986378955e-1018
4.265908743829e-1022
3.104818491765e-1026
2.119129061536e-1030
1.354695997672e-1034
8.10096977719e-1039
4.525537004674e-1043
2.358560675309e-1047
1.145120492166e-1051
5.171805043544e-1056
2.169474071583e-1060
8.43910026886e-1065
3.039114897274e-1069
1.011480601849e-1073
3.105604100021e-1078
8.780067433e-1083
2.281194788186e-1087
5.435647687963e-1092
1.185320876688e-1096
2.360176690904e-1101
4.281138903547e-1106
7.05689142987e-1111
1.054356066411e-1115
1.423983196704e-1120
1.733522176546e-1125
1.89652647611e-1130
1.858750232375e-1135
1.62655022928e-1140
1.266390957679e-1145
8.73982136381e-1151
5.325442009729e-1156
2.853026972287e-1161
1.337880455675e-1166
5.465485225352e-1172
1.935269988205e-1177
5.907536167353e-1183
1.545637237528e-1188
3.44465589684e-1194
6.495587256413e-1200
1.028954587767e-1205
1.358618650737e-1211
1.482716108768e-1217
1.325240998398e-1223
9.60430945684e-1230
5.582414069636e-1236
2.571269690594e-1242
9.26178156661e-1249
2.570981861469e-1255
5.411065317208e-1262
8.4787523544e-1269
9.69053795075e-1276
7.893348862761e-1283
4.462702551889e-1290
1.69894483859e-1297
4.204693564502e-1305
6.492142143367e-1313
5.956253634659e-1321
3.062568737603e-1329
8.217757903531e-1338
1.053173644534e-1346
5.760159687042e-1356
1.160562199551e-1365
7.058353401796e-1376
9.769317738866e-1387
2.007890378298e-1398
3.018582974824e-1411
8.476321496507e-1426
1.2923429991452e-1443