0.1280468694223612
0.123885696671344
0.1159642129518455
0.1050205385638804
0.0920168093113958
0.0780003249248826
0.0639667093366653
0.0507493407228239
0.03895062494945471
0.02891966809805815
0.02077077127130809
0.01443033293711048
0.0096972102386548
0.00630296178914203
0.00396231452455567
0.00240900086964874
0.001416394862010852
0.000805313602072631
0.000442742526941831
0.000235349577703292
0.0001209540159302435
0.0000600950599646366
0.0000288625029032611
0.00001339890302056078
6.01182027280837e-6
2.60677654230232e-6
1.092245768691798e-6
4.42192569923133e-7
1.72954078870266e-7
6.53476959439677e-8
2.38484214271575e-8
8.40555917030026e-9
2.86086148433399e-9
9.4014275877069e-10
2.98262646386536e-10
9.133792415094e-11
2.69952579456512e-11
7.69914438323167e-12
2.11859673384708e-12
5.62386385052756e-13
1.43989002886523e-13
3.55514017784521e-14
8.4632915317014e-15
1.94221230140595e-15
4.29581826152389e-16
9.1559015932783e-17
1.88006880068086e-17
3.71853843248303e-18
7.0827552680601e-19
1.29887123309662e-19
2.29278429941283e-20
3.89484028619754e-21
6.3655841563251e-22
1.00068738641374e-22
1.51271120699702e-23
2.19833226666299e-24
3.07035722485617e-25
4.12019201180953e-26
5.310675141465e-27
6.5728302761576e-28
7.8088657010712e-29
8.9025503264261e-30
9.7361097006252e-31
1.0210569084534e-31
1.02648360127514e-32
9.8885082308744e-34
9.1247334396213e-35
8.0621119267348e-36
6.8177287354543e-37
5.5158205336814e-38
4.2674782846839e-39
3.15593709615554e-40
2.22987107717629e-41
1.50458735843992e-42
9.6900525731691e-44
5.9536522307042e-45
3.4878622390103e-46
1.94722307130686e-47
1.03539562056505e-48
5.2405423666911e-50
2.52325688416952e-51
1.15501754917319e-52
5.0231281326515e-54
2.07407661029374e-55
8.125229469308e-57
3.0178025387473e-58
1.06184815681184e-59
3.5367952617331e-61
1.11424216384384e-62
3.3174451956635e-64
9.3261003794097e-66
2.4732656044155e-67
6.1816102567094e-69
1.45465918471265e-70
3.2195856154773e-72
6.6949721729383e-74
1.30652621628765e-75
2.3899937227588e-77
4.0930804365996e-79
6.5542001757045e-81
9.7998594239118e-83
1.36627334017999e-84
1.773495076496e-86
2.1400412851532e-88
2.3966522911944e-90
2.4867544046221e-92
2.3862756895882e-94
2.1136869010872e-96
1.7247245845542e-98
1.2937050276784e-100
8.9004323322708e-103
5.6029045099775e-105
3.2191751039812e-107
1.6836027809866e-109
7.9920436120098e-112
3.4330238536462e-114
1.3300998827215e-116
4.6320041177926e-119
1.4444766382503e-121
4.0176109027457e-124
9.923519108868e-127
2.166602584819e-129
4.1602220586489e-132
6.9871112241517e-135
1.020307336026e-137
1.2870185211235e-140
1.3923672079628e-143
1.2817979881282e-146
9.954124069556e-150
6.458129840939e-153
3.4629400518307e-156
1.5162024395023e-159
5.346885692939e-163
1.4952586268802e-166
3.2572713215194e-170
5.414411135339e-174
6.704072096615e-178
6.009595915985e-182
3.769271976845e-186
1.5869307161934e-190
4.26012157419e-195
6.83217425231e-200
6.013245239284e-205
2.5901653700927e-210
4.644241158408e-216
2.7167150491266e-222
3.467440958895e-229
4.4666487972698e-237
8.00773081553e-247