0.0792881274593907
0.0782946659641932
0.0763449150092146
0.0735109111826782
0.06989514028011
0.0656243912332303
0.0608423927412301
0.0557018274545871
0.050356338604183
0.0449531038092365
0.0396264587305532
0.0344929231182838
0.0296478308263892
0.0251636115382539
0.0210896317047546
0.0174533884787899
0.0142627714728231
0.0115090660838908
0.0091703672664247
0.0072150984994767
0.0056053792836453
0.0043000467121939
0.0032572036100628
0.0024362298009538
0.0017992485443699
0.00131208357193658
0.00094477205489542
0.0006717156490337
0.00047155719082808
0.00032686713517703
0.00022371418910383
0.000151181451263406
0.000100874970822185
0.000066457714251963
0.00004322962668165
0.000027764421297325
0.000017606120809629
0.0000110230912564998
6.8140367293729e-6
4.1587561353879e-6
2.505975591935e-6
1.490874211721e-6
8.7569373740812e-7
5.0781643984796e-7
2.9073722515918e-7
1.6433493703269e-7
9.170445828594e-8
5.0521716107908e-8
2.7478217117634e-8
1.4754260163684e-8
7.8209637508373e-9
4.0927242025396e-9
2.1143134869427e-9
1.078266711712e-9
5.4284776875005e-10
2.697863558713e-10
1.3235699426752e-10
6.4099349498775e-11
3.0643254032209e-11
1.446056604538e-11
6.7359580618102e-12
3.0972163204198e-12
1.4057111743509e-12
6.2974866451467e-13
2.7847044882578e-13
1.2154180242896e-13
5.2360142410393e-14
2.2263751139651e-14
9.34354990053e-15
3.8702150758025e-15
1.5821999756022e-15
6.383870692146e-16
2.5421224621732e-16
9.990602180961e-17
3.8749196168258e-17
1.4832094165343e-17
5.6027828873123e-18
2.0886195641678e-18
7.683545911539e-19
2.7893518368952e-19
9.992554034432e-20
3.5324297996198e-20
1.2322150552462e-20
4.2413822065391e-21
1.4405492531792e-21
4.8277010585282e-22
1.5963783125093e-22
5.2084197002515e-23
1.6766492655662e-23
5.3251989599298e-24
1.6686988428145e-24
5.1589298533434e-25
1.5735179731264e-25
4.7348365261757e-26
1.405562327324e-26
4.1162105239773e-27
1.1891531314025e-27
3.3889173500544e-28
9.527024473522e-29
2.6419018802967e-29
7.22651722668e-30
1.9497731108845e-30
5.188853062206e-31
1.3620102552102e-31
3.5261469059518e-32
9.003691704136e-33
2.2674099577783e-33
5.631415750325e-34
1.379342080515e-34
3.3318223265369e-35
7.936620079365e-36
1.8643247539812e-36
4.3184502227384e-37
9.863763656649e-38
2.2215374789845e-38
4.933425627296e-39
1.0802270139414e-39
2.3320635833415e-40
4.963772708556e-41
1.0416375217818e-41
2.1549713284043e-42
4.395145840716e-43
8.836872659298e-44
1.751474622511e-44
3.4219630455032e-45
6.590207587302e-46
1.2510109702955e-46
2.3407074847423e-47
4.316609455445e-48
7.845730216226e-49
1.4054138069739e-49
2.481077608463e-50
4.316449314722e-51
7.400273951405e-52
1.2502253827761e-52
2.0812895868194e-53
3.4140079533074e-54
5.517829871877e-55
8.78673631615e-56
1.3785608694839e-56
2.1308197997427e-57
3.244689049177e-58
4.867298515469e-59
7.192405698072e-60
1.0469217246979e-60
1.5010336507356e-61
2.1197515157015e-62
2.9483545292185e-63
4.038837483673e-64
5.44874464844e-65
7.239043658845e-66
9.470908372342e-67
1.2201369573428e-67
1.5477920668817e-68
1.9332324938538e-69
2.3774046291213e-70
2.87838938711e-71
3.430860361374e-72
4.025714638281e-73
4.649952550501e-74
5.286868867167e-75
5.916592764819e-76
6.516979019078e-77
7.064811773046e-78
7.537240195057e-79
7.913328513156e-80
8.175577451386e-81
8.311264985682e-82
8.313464396474e-83
8.181626744937e-84
7.921659970829e-85
7.545491917164e-86
7.070162049265e-87
6.516538270875e-88
5.907793780422e-89
5.267799252164e-90
4.6195856578e-91
3.984013892363e-92
3.378753041723e-93
2.817625645529e-94
2.3103325249723e-95
1.8625281329501e-96
1.4761850104983e-97
1.1501658024807e-98
8.809141414296e-100
6.6318026376e-101
4.907107081243e-102
3.568503233672e-103
2.5502548928e-104
1.7909685623142e-105
1.2358585781427e-106
8.379058200448e-108
5.581308626453e-109
3.65224291107e-110
2.347653712909e-111
1.4822680748479e-112
9.19189296571e-114
5.598031983345e-115
3.347991145604e-116
1.9661542746051e-117
1.1337065617928e-118
6.417981562058e-120
3.566773282367e-121
1.9457892967316e-122
1.0418925579114e-123
5.475451713263e-125
2.823900833317e-126
1.4291357368309e-127
7.096654078242e-129
3.457410644995e-130
1.6524411063317e-131
7.7470917837e-133
3.562448073058e-134
1.606624565701e-135
7.105499392934e-137
3.081391656169e-138
1.3101724211053e-139
5.461297405236e-141
2.231541588816e-142
8.937401502219e-144
3.508079207153e-145
1.34937737006e-146
5.085770782515e-148
1.877985448727e-149
6.793472437428e-151
2.407171038811e-152
8.353881236582e-154
2.839133530762e-155
9.448192719321e-157
3.07840354588e-158
9.818925394994e-160
3.065567722112e-161
9.367259772044e-163
2.801007366555e-164
8.195217657e-166
2.345821512189e-167
6.568413491847e-169
1.798866741759e-170
4.817830690872e-172
1.2617062091246e-173
3.230414939949e-175
8.085185500364e-177
1.97783722724e-178
4.72820461584e-180
1.1044406830934e-181
2.520363425552e-183
5.618129442754e-185
1.2230949931028e-186
2.600156421625e-188
5.396838629832e-190
1.0934746763929e-191
2.162394109257e-193
4.172958444483e-195
7.857083805746e-197
1.443147026638e-198
2.585318718127e-200
4.516406641701e-202
7.692494085839e-204
1.277188044768e-205
2.066678773097e-207
3.258644819315e-209
5.005655257983e-211
7.489573978851e-213
1.0912804847236e-214
1.548131913834e-216
2.13786059313e-218
2.873137977329e-220
3.757018675703e-222
4.779057860911e-224
5.912262891442e-226
7.111746316824e-228
8.315846458364e-230
9.450155877582e-232
1.0434372936657e-233
1.1191262200891e-235
1.1656426115408e-237
1.1787221792275e-239
1.1569137140811e-241
1.1018319932963e-243
1.0179669582665e-245
9.120788438215e-248
7.922922647217e-250
6.670587333681e-252
5.44172920351e-254
4.300012651494e-256
3.290223247529e-258
2.437045938352e-260
1.746793618699e-262
1.211191055875e-264
8.121332005823e-267
5.264200532722e-269
3.297400096829e-271
1.995192676965e-273
1.1657574655096e-275
6.57467191514e-278
3.577757163935e-280
1.877771724987e-282
9.501450456379e-285
4.633058840592e-287
2.176143754546e-289
9.84136977154e-292
4.283247606894e-294
1.793233599005e-296
7.218346917028e-299
2.79229644311e-301
1.0375002821994e-303
3.700769363792e-306
1.266604376685e-308
4.157161067038e-311
1.307720011279e-313
3.940424732254e-316
1.1366396964221e-318
3.136807475101e-321
8.276832834247e-324
2.08674669065e-326
5.02358858287e-329
1.15397915158e-331
2.527627430602e-334
5.275230354894e-337
1.0482265389473e-339
1.981599382937e-342
3.561018655202e-345
6.078124206681e-348
9.845302737504e-351
1.51205446059e-353
2.199814800099e-356
3.028814991307e-359
3.942760195368e-362
4.84759921047e-365
5.623327668792e-368
6.147875371431e-371
6.327445899779e-374
6.123382712073e-377
5.565213859189e-380
4.744021366329e-383
3.788002589765e-386
2.829265188397e-389
1.973843257835e-392
1.284329816634e-395
7.78191349049e-399
4.383622566463e-402
2.291795307232e-405
1.1100416888493e-408
4.971781012823e-412
2.055149550476e-415
7.824226361161e-419
2.737593813339e-422
8.782968491736e-426
2.577637220349e-429
6.902687888224e-433
1.682203131397e-436
3.720362642472e-440
7.444770663185e-444
1.34373258524e-447
2.180334443235e-451
3.169165455134e-455
4.110949815814e-459
4.739914999593e-463
4.836896449764e-467
4.348472015205e-471
3.42721536602e-475
2.355493409825e-479
1.403721763381e-483
7.208800809711e-488
3.169054119392e-492
1.183948097529e-496
3.729421495433e-501
9.819858843189e-506
2.140957553919e-510
3.824859193738e-515
5.534907551054e-520
6.404948640166e-525
5.842509927433e-530
4.133888732774e-535
2.22779052047e-540
8.95628291675e-546
2.622818486473e-551
5.442640494504e-557
7.748760111821e-563
7.285287220762e-569
4.320747564543e-575
1.5287409086522e-581
3.010870548047e-588
3.023058855632e-595
1.3795779998608e-602
2.45002402638e-610
1.3589806540899e-618
1.6893552238004e-627
2.716254733179e-637
1.9618488757353e-648
4.138634709514e-662