0.0553123189323724
0.0549744378092185
0.0543048536362173
0.0533157347068766
0.0520248718075545
0.0504551461388317
0.0486338551120785
0.0465919237602309
0.044363033550841
0.041982702796616
0.039487353548785
0.036913398861432
0.034296381758908
0.031670193338173
0.029066392475719
0.026513643912753
0.024037285412388
0.02165902856632
0.0193967919992216
0.0172646604571052
0.0152729587941402
0.0134284263475523
0.011734474699063
0.0101915103823001
0.0087973036649994
0.0075473850163618
0.0064354521270599
0.005453772218654
0.004593566683875
0.0038453676621326
0.003199338808967
0.0026455551165311
0.0021742390625874
0.0017759525149702
0.0014417456341454
0.0011632654645134
0.00093282797769341
0.00074345804250792
0.00058890217826003
0.00046361904385198
0.0003627524762238
0.00028209157117223
0.00021802185053307
0.00016747103074419
0.00012785234172078
0.0000970077772918
0.000073153116924282
0.000054826063193871
0.000040838403442225
0.00003023273408354
0.000022243983742171
0.000016265734493723
0.000011821163747523
8.53830570629e-6
6.1292528578085e-6
4.3728763266802e-6
3.10063116153e-6
2.1850214400569e-6
1.5303240278766e-6
1.0652035294157e-6
7.368900572359e-7
5.0663254198836e-7
3.4618091927568e-7
2.3508893865902e-7
1.5866445363882e-7
1.0642528096541e-7
7.094585418414e-8
4.7003003663121e-8
3.0948520047824e-8
2.0252057174004e-8
1.3170815860409e-8
8.512747751755e-9
5.468140604357e-9
3.4907734280979e-9
2.2147003606525e-9
1.3964289840077e-9
8.750492986216e-10
5.449481609248e-10
3.3727648971417e-10
2.0745521097211e-10
1.268145867121e-10
7.704063052431e-11
4.651310828242e-11
2.7908401547921e-11
1.6641703072487e-11
9.8619525494e-12
5.808038673861e-12
3.3993559953561e-12
1.9772584949179e-12
1.1429546262642e-12
6.565870927194e-13
3.7484572855281e-13
2.1267121746272e-13
1.1991122352196e-13
6.719004734581e-14
3.7414769492318e-14
2.0704904042329e-14
1.1386608472785e-14
6.223082462657e-15
3.3799143919408e-15
1.8242896067143e-15
9.785178621169e-16
5.21590367314e-16
2.7629633636624e-16
1.4544686589583e-16
7.608800410549e-17
3.955573832327e-17
2.0435400820355e-17
1.0491463158571e-17
5.352627914041e-18
2.7137822270075e-18
1.367283949455e-18
6.845687126638e-19
3.406032604969e-19
1.6840414740747e-19
8.274233718818e-20
4.039918320222e-20
1.9601348628022e-20
9.450758086982e-21
4.528072902243e-21
2.1558819584811e-21
1.0199997648798e-21
4.795538710673e-22
2.2404521072012e-22
1.0401441935979e-22
4.798546733431e-23
2.1997983232942e-23
1.0021012725171e-23
4.536225217074e-24
2.0404712422577e-24
9.120482997571e-25
4.050935148539e-25
1.7878925999722e-25
7.841060874834e-26
3.417071398846e-26
1.4797135978102e-26
6.367137109732e-27
2.722401624688e-27
1.1566452062223e-27
4.882998697412e-28
2.0483776428629e-28
8.538250631327e-29
3.536402528449e-29
1.4554150567417e-29
5.951724991584e-30
2.4183998105207e-30
9.764297769989e-31
3.917238430266e-31
1.56150531811e-31
6.184858657513e-32
2.4340937929356e-32
9.518410092197e-33
3.698362110071e-33
1.4278109082416e-33
5.477047688042e-34
2.0875419671511e-34
7.905604159282e-35
2.974708058681e-35
1.1121447984521e-35
4.13127658861e-36
1.5247947911054e-36
5.59166241598e-37
2.0373756782015e-37
7.375646931235e-38
2.65293210375e-38
9.480851379308e-39
3.366370316827e-39
1.1875938268729e-39
4.162589644299e-40
1.4495960997318e-40
5.015523552625e-41
1.7241278953165e-41
5.888500323929e-42
1.9981128518259e-42
6.736176520888e-43
2.25622848989e-43
7.508045491564e-44
2.482235134233e-44
8.153219674769e-45
2.660624299925e-45
8.625893951089e-46
2.778361685908e-46
8.890690528283e-47
2.826455654675e-47
8.927024787054e-48
2.801090136319e-48
8.731745910245e-49
2.704124137195e-49
8.319582715299e-50
2.542867239309e-50
7.72130802054e-51
2.329168605822e-51
6.97993908188e-52
2.077977173359e-52
6.14562582422e-53
1.8056160669183e-53
5.270070156275e-54
1.528047289483e-54
4.401333850031e-55
1.2593795582048e-55
3.579739755811e-56
1.01080276018e-56
2.835301050528e-57
7.900368794882e-58
2.186797624213e-58
6.012851311717e-59
1.6423305193198e-59
4.456013105178e-60
1.2009798101551e-60
3.215332148385e-61
8.550950472841e-62
2.258909635053e-62
5.927570586021e-63
1.5450605201519e-63
4.000392463375e-64
1.0288344365457e-64
2.628279804914e-65
6.669270441318e-66
1.680982059726e-66
4.20846021621e-67
1.0465407252515e-67
2.584991655667e-68
6.342048983152e-69
1.5454849670617e-69
3.740778732718e-70
8.993289568718e-71
2.147492805852e-71
5.093293312835e-72
1.1998217046263e-72
2.807262406489e-73
6.523711831159e-74
1.505737159627e-74
3.451782066717e-75
7.859130689367e-76
1.777213982172e-76
3.99149976282e-77
8.903499939974e-78
1.972471563294e-78
4.339934096393e-79
9.483637572295e-80
2.058179327112e-80
4.436136747498e-81
9.495920541925e-82
2.018722469693e-82
4.262069301275e-83
8.936463182731e-84
1.860839932552e-84
3.848109652052e-85
7.902742079312e-86
1.611747404875e-86
3.264388119953e-87
6.565821202003e-88
1.3114615654916e-88
2.601345957456e-89
5.124051077489e-90
1.0023013554727e-90
1.946925965055e-91
3.755463195971e-92
7.19344983316e-93
1.368255576211e-93
2.584343131389e-94
4.847107922211e-95
9.027372664163e-96
1.669486086967e-96
3.065798105508e-97
5.590364898547e-98
1.0122065459139e-98
1.819814031485e-99
3.248704735397e-100
5.758578604909e-101
1.0135347033324e-101
1.771236828007e-102
3.073447000986e-103
5.295198998313e-104
9.058215791791e-105
1.538520168467e-105
2.594538942646e-106
4.344201433492e-107
7.221854720456e-108
1.191990576516e-108
1.953342526264e-109
3.178057149433e-110
5.1335630196e-111
8.232773208616e-112
1.310809571552e-112
2.072026810171e-113
3.251693070839e-114
5.066151821388e-115
7.836053345927e-116
1.203270089951e-116
1.834304433573e-117
2.775992230949e-118
4.170609895817e-119
6.220299810148e-120
9.20978305895e-121
1.353660333664e-121
1.975095444599e-122
2.860753192036e-123
4.113224635208e-124
5.870701351662e-125
8.317615407244e-126
1.16978139917e-126
1.633064475466e-127
2.26303039693e-128
3.112874021933e-129
4.250230132351e-130
5.760215160017e-131
7.748826117024e-132
1.034664718194e-132
1.371277717193e-133
1.803884662147e-134
2.355294233024e-135
3.052320186629e-136
3.926078346717e-137
5.012186201931e-138
6.350825433451e-139
7.986624274223e-140
9.96831516885e-141
1.234812444189e-141
1.518085523986e-142
1.852263342996e-143
2.242929876881e-144
2.695444058267e-145
3.214709816468e-146
3.804917043079e-147
4.469260598198e-148
5.209647206379e-149
6.026402707797e-150
6.91799440855e-151
7.880784980453e-152
8.908835266165e-153
9.99377324777e-154
1.112474518352e-154
1.228846242722e-155
1.346935372687e-156
1.464982796332e-157
1.581064655346e-158
1.693139841991e-159
1.799106392032e-160
1.896864788865e-161
1.984385644555e-162
2.059778794392e-163
2.121360572718e-164
2.167715958972e-165
2.197752410741e-166
2.210742536125e-167
2.20635328551e-168
2.184660031885e-169
2.146144714329e-170
2.091678086465e-171
2.022486980072e-172
1.94010830282e-173
1.846332182124e-174
1.743137197703e-175
1.632620980385e-176
1.516929576599e-177
1.398188886282e-178
1.278441192673e-179
1.159589345605e-180
1.043350576945e-181
9.31221265816e-183
8.24453282979e-184
7.240418771463e-185
6.30724464031e-186
5.449891760064e-187
4.670916497596e-188
3.970782831981e-189
3.348140816624e-190
2.800132277325e-191
2.322706310888e-192
1.910929219098e-193
1.559276171483e-194
1.26189487252e-195
1.012834568064e-196
8.06236649182e-198
6.364857325469e-199
4.983222995805e-200
3.869196970235e-201
2.979295220118e-202
2.275001564894e-203
1.722735301749e-204
1.293651492388e-205
9.63321101901e-207
7.113330763513e-208
5.208541772223e-209
3.781756345157e-210
2.722689806187e-211
1.943671898373e-212
1.375817448144e-213
9.65616306333e-215
6.719656924742e-216
4.636402243313e-217
3.171752807716e-218
2.151267688796e-219
1.446635448505e-220
9.64463651456e-222
6.374810507971e-223
4.177301696179e-224
2.713713527299e-225
1.74768899618e-226
1.115805897275e-227
7.06203404295e-229
4.430776793173e-230
2.755694429188e-231
1.698930154686e-232
1.038258231857e-233
6.289450375189e-235
3.776499848579e-236
2.247644774355e-237
1.325925781953e-238
7.75275308454e-240
4.492930434437e-241
2.580668358723e-242
1.469112873272e-243
8.28877302248e-245
4.634779138236e-246
2.568402579114e-247
1.410535104108e-248
7.67684697794e-250
4.140487072483e-251
2.212997236255e-252
1.17209407089e-253
6.151590799542e-255
3.199240853964e-256
1.648663652438e-257
8.41848338294e-259
4.259349794723e-260
2.13526279838e-261
1.060593113462e-262
5.219471387657e-264
2.544926443586e-265
1.229378539239e-266
5.883670249585e-268
2.789676783347e-269
1.310366609155e-270
6.097552541757e-272
2.810816293925e-273
1.28355316393e-274
5.806173303767e-276
2.601663010973e-277
1.154747738987e-278
5.07677923473e-280
2.210774765126e-281
9.53554888653e-283
4.073631320872e-284
1.72362327676e-285
7.22299468309e-287
2.997755415177e-288
1.232164306357e-289
5.015613676965e-291
2.021864218862e-292
8.07126684305e-294
3.190674625751e-295
1.249003441303e-296
4.841435948461e-298
1.858246169721e-299
7.06219634194e-301
2.657496637608e-302
9.90126962582e-304
3.652439515709e-305
1.3339447349e-306
4.823295813711e-308
1.72659203598e-309
6.118765093225e-311
2.146616165157e-312
7.4550378514e-314
2.562939437585e-315
8.72183721386e-317
2.93796606199e-318
9.79586241179e-320
3.232834966789e-321
1.05598345866e-322
3.413902362456e-324
1.092328002467e-325
3.458999736559e-327
1.084004017426e-328
3.36187432894e-330
1.031785703441e-331
3.133589615737e-333
9.41729892516e-335
2.800458636033e-336
8.2401930958e-338
2.399041659853e-339
6.91062013957e-341
1.96952565608e-342
5.553389202502e-344
1.549147558236e-345
4.27515559172e-347
1.167136581052e-348
3.152013765621e-350
8.42048573538e-352
2.225126155849e-353
5.816025772707e-355
1.503619056698e-356
3.844807961219e-358
9.72349116285e-360
2.432012655146e-361
6.015762141371e-363
1.471572865167e-364
3.559787964562e-366
8.51535137754e-368
2.014196431976e-369
4.71092815388e-371
1.08943427155e-372
2.490977716637e-374
5.631150694966e-376
1.258540141164e-377
2.78076060325e-379
6.073941513196e-381
1.311510651304e-382
2.799309128525e-384
5.905969502038e-386
1.231618455591e-387
2.53856938858e-389
5.171455967744e-391
1.041191246851e-392
2.071690504079e-394
4.073602026406e-396
7.91542432388e-398
1.519826690642e-399
2.883503177689e-401
5.405494069791e-403
1.001200124478e-404
1.832140307832e-406
3.31230670774e-408
5.915859232681e-410
1.043763077631e-411
1.819131197025e-413
3.131735904858e-415
5.325325072216e-417
8.94391577273e-419
1.483578061845e-420
2.430382353527e-422
3.931882300057e-424
6.28156931746e-426
9.9096293758e-428
1.543646907023e-429
2.374211138944e-431
3.605378495694e-433
5.405323654681e-435
8.00038400047e-437
1.168952985015e-438
1.686005332759e-440
2.400352081651e-442
3.373053914707e-444
4.67823441809e-446
6.40366898411e-448
8.65050784632e-450
1.153181338753e-451
1.516959938236e-453
1.969011025996e-455
2.521718086189e-457
3.186367571588e-459
3.972121835297e-461
4.884867306527e-463
5.926011078206e-465
7.09132448237e-467
8.36995216001e-469
9.74371540925e-471
1.118683547109e-472
1.266618330318e-474
1.41421265778e-476
1.556999377924e-478
1.690211359877e-480
1.809032189948e-482
1.908876656319e-484
1.985679129916e-486
2.036165095471e-488
2.058080880167e-490
2.050359313389e-492
2.013204473884e-494
1.948086278754e-496
1.857644541932e-498
1.74551116609e-500
1.616067176073e-502
1.474157335763e-504
1.324788389138e-506
1.172837208046e-508
1.022792429911e-510
8.78548047025e-513
7.43260683712e-515
6.19274941975e-517
5.08114178728e-519
4.105282176757e-521
3.265853603388e-523
2.557939012676e-525
1.972381266096e-527
1.497151872173e-529
1.118618248838e-531
8.22631605832e-534
5.95391142206e-536
4.240709358001e-538
2.972207428274e-540
2.049694429365e-542
1.390698789662e-544
9.28271781088e-547
6.09507577554e-549
3.936482586423e-551
2.500493876485e-553
1.562046835739e-555
9.59566871226e-558
5.79603630007e-560
3.442095318857e-562
2.009608614315e-564
1.153339789577e-566
6.50609230593e-569
3.607113549081e-571
1.965328181455e-573
1.052215212785e-575
5.535111422902e-578
2.860605928416e-580
1.452301066513e-582
7.24233827856e-585
3.547158058608e-587
1.706150712523e-589
8.05831718522e-592
3.736938010233e-594
1.701319588894e-596
7.60339801471e-599
3.335294063919e-601
1.435877221386e-603
6.06608995593e-606
2.514546920134e-608
1.022634350881e-610
4.079815274357e-613
1.596501128959e-615
6.12710098909e-618
2.305927966605e-620
8.5091947486e-623
3.078432779825e-625
1.091729711371e-627
3.794808610218e-630
1.292701472167e-632
4.315029976771e-635
1.411202823253e-637
4.521235976232e-640
1.418823339476e-642
4.360571196623e-645
1.312326910938e-647
3.866901792614e-650
1.115436166503e-652
3.149371763605e-655
8.70235999385e-658
2.352986596584e-660
6.22451655501e-663
1.610753577076e-665
4.07682882854e-668
1.009060868125e-670
2.441992885085e-673
5.777409945431e-676
1.336018034825e-678
3.019321314348e-681
6.66731040584e-684
1.438340469539e-686
3.030865319376e-689
6.23718421207e-692
1.25328374099e-694
2.45849795047e-697
4.707273022976e-700
8.79561572785e-703
1.603531052155e-705
2.851795674287e-708
4.946564051902e-711
8.36654191821e-714
1.379612081515e-716
2.217413635333e-719
3.473151916262e-722
5.300237082907e-725
7.87892255432e-728
1.140623661622e-730
1.60777142605e-733
2.206039778965e-736
2.945835558436e-739
3.82742838941e-742
4.837317178227e-745
5.94558579235e-748
7.1050826794e-751
8.25311520042e-754
9.31598711266e-757
1.021616611841e-759
1.088125352114e-762
1.125339388634e-765
1.129747078124e-768
1.100650189598e-771
1.040309914566e-774
9.53661156143e-778
8.47644096184e-781
7.30278882263e-784
6.09655908587e-787
4.930195334715e-790
3.860881681088e-793
2.926906329532e-796
2.147262710232e-799
1.523935794019e-802
1.045926922912e-805
6.93959486193e-809
4.449453571145e-812
2.755861489029e-815
1.648242699619e-818
9.51545130413e-822
5.300414285656e-825
2.847648701653e-828
1.474956709418e-831
7.36214708752e-835
3.539761587235e-838
1.638685158719e-841
7.30083077624e-845
3.128981565077e-848
1.289382228728e-851
5.106195369529e-855
1.942380555575e-858
7.09367391255e-862
2.485888121054e-865
8.35474614324e-869
2.69146244984e-872
8.30620870225e-876
2.454294271307e-879
6.93909900836e-883
1.876155643937e-886
4.847900428565e-890
1.196410067093e-893
2.818142531188e-897
6.33154305333e-901
1.355872842494e-904
2.765551691122e-908
5.368832635094e-912
9.91256196617e-916
1.739254324728e-919
2.897774724173e-923
4.580715893386e-927
6.86438036028e-931
9.74292390741e-935
1.308597857834e-938
1.661684692232e-942
1.992967606549e-946
2.255439809153e-950
2.406011205806e-954
2.416799593612e-958
2.283420264187e-962
2.026947871285e-966
1.688507420319e-970
1.318381657577e-974
9.63634347581e-979
6.58493547052e-983
4.201197178491e-987
2.49901505797e-991
1.383908934551e-995
7.12414617568e-1000
3.403787877682e-1004
1.506907251031e-1008
6.171143170885e-1013
2.333615958797e-1017
8.13344255406e-1022
2.607727329641e-1026
7.67568037182e-1031
2.069773926989e-1035
5.101786079656e-1040
1.146863010345e-1044
2.34551937259e-1049
4.353123543658e-1054
7.31203233416e-1059
1.108488568434e-1063
1.51215697535e-1068
1.850471049483e-1073
2.024696132626e-1078
1.973881142545e-1083
1.708320983043e-1088
1.307416046627e-1093
8.81168426092e-1099
5.207110212099e-1104
2.685318483145e-1109
1.202511337021e-1114
4.651161538959e-1120
1.54501715656e-1125
4.380711898054e-1131
1.053258430924e-1136
2.132163371751e-1142
3.606358760886e-1148
5.054395996542e-1154
5.816973225354e-1160
5.4434460164e-1166
4.097507100303e-1172
2.451862801405e-1178
1.151170263794e-1184
4.180036376751e-1191
1.15516498831e-1197
2.386353580207e-1204
3.611485149368e-1211
3.913610886279e-1218
2.958741621019e-1225
1.514580623343e-1232
5.070974770269e-1240
1.066344180834e-1247
1.342337414304e-1255
9.54912590863e-1264
3.578483984286e-1272
6.474050674173e-1281
5.061128714389e-1290
1.479107244931e-1299
1.32818824714e-1309
2.774842446766e-1320
8.859066021873e-1332
2.15255202634e-1344
1.038362068194e-1358
3.056510076164e-1376