0.069252194779765
0.0685896981207169
0.0672836513120876
0.0653710474575884
0.0629051860573799
0.0599532067301374
0.0565930560249733
0.0529100783025637
0.048993438084444
0.0449325815765637
0.0408139300639863
0.0367179697055346
0.0327168641505447
0.0288726722426686
0.0252362069844415
0.0218465278285552
0.0187310195881046
0.0159059803319203
0.0133776190766673
0.0111433524103674
0.0091932869516405
0.0075117805677651
0.0060789878046103
0.0048723119928195
0.0038677059059159
0.0030407827299692
0.0023677178423041
0.0018259382730168
0.00139460996159223
0.00105494266897171
0.00079033867847673
0.00058641452001267
0.00043092537963194
0.00031362021463449
0.00022605251203686
0.00016136769672398
0.000114083924607322
0.000079878789153991
0.000055390616237308
0.000038039703273289
0.000025872160676754
0.00001742694854958
0.000011625227015628
7.6801784898842e-6
5.0249211776918e-6
3.2559184209224e-6
2.0893072284898e-6
1.3277423214293e-6
8.3561478848337e-7
5.2080764379428e-7
3.2145896338441e-7
1.9649372739219e-7
1.1894460940705e-7
7.1303636512302e-8
4.2329906954392e-8
2.4885679448808e-8
1.4488253607284e-8
8.353042189779e-9
4.7690636406926e-9
2.6963671923924e-9
1.5096631262911e-9
8.370159580366e-10
4.5955515670109e-10
2.4985569857904e-10
1.3451974504309e-10
7.171753949122e-11
3.7862096743147e-11
1.9793436191555e-11
1.0246422562102e-11
5.2523673701429e-12
2.6660413568936e-12
1.339999911619e-12
6.669078943108e-13
3.2866026723532e-13
1.6037837863927e-13
7.749232099415e-14
3.7075129462218e-14
1.7563647711793e-14
8.238565975101e-15
3.8263983542239e-15
1.759653383654e-15
8.012336154557e-16
3.6122926480924e-16
1.6124825644707e-16
7.126758090712e-17
3.1186770624235e-17
1.3512218368091e-17
5.796384406619e-18
2.4618316256658e-18
1.0352052753187e-18
4.3098071941983e-19
1.7764323241444e-19
7.249284244862e-20
2.9288245435268e-20
1.1714922670188e-20
4.639053408464e-21
1.8186920827865e-21
7.05870074281e-22
2.7122020362128e-22
1.0316842784633e-22
3.8850344876663e-23
1.4483114663738e-23
5.344951485371e-24
1.9527017104079e-24
7.062101707294e-25
2.5283283931189e-25
8.960452200409e-26
3.1435381267183e-26
1.0916797920789e-26
3.7527952299244e-27
1.2770055736982e-27
4.301344862432e-28
1.4341165423439e-28
4.732912212115e-29
1.546077758479e-29
4.99905712437e-30
1.5999031714382e-30
5.068074926246e-31
1.5890257030584e-31
4.931194922959e-32
1.5146123699069e-32
4.604405712538e-33
1.3853612669328e-33
4.125384488418e-34
1.2158283295913e-34
3.546344890551e-35
1.0237288759927e-35
2.9246812558383e-36
8.269057415848e-37
2.3137240724721e-37
6.406773495762e-38
1.7556321256343e-38
4.760888917944e-39
1.2776059764486e-39
3.392767456763e-40
8.915657590526e-41
2.3184011846613e-41
5.965590707399e-42
1.5189435769997e-42
3.826896902845e-43
9.540307226584e-44
2.3533250501396e-44
5.743793951514e-45
1.3870959927532e-45
3.314348730606e-46
7.835507519761e-47
1.8327636562022e-47
4.241400589196e-48
9.711104838726e-49
2.1997710114369e-49
4.929792960628e-50
1.0929872207668e-50
2.3973389539315e-51
5.201929255397e-52
1.1166387642727e-52
2.3711922483548e-53
4.981029547476e-54
1.0350519826515e-54
2.1275914333464e-55
4.326030687194e-56
8.700785083607e-57
1.7309594250755e-57
3.406175178974e-58
6.629651326407e-59
1.2762915927606e-59
2.4301689153591e-60
4.576590891334e-61
8.524294945274e-62
1.5702802969395e-62
2.86081480995e-63
5.15451247894e-64
9.184638929836e-65
1.6184694257157e-65
2.820369616868e-66
4.860240804911e-67
8.282297254728e-68
1.3956485159429e-68
2.32554308847e-69
3.831656750672e-70
6.242425652107e-71
1.0055770479006e-71
1.6016331480646e-72
2.522242925273e-73
3.927148297653e-74
6.045392250691e-75
9.200652835982e-76
1.3843626387618e-76
2.0592456843162e-77
3.028192208899e-78
4.402156808524e-79
6.326217257757e-80
8.986878139922e-81
1.2619707748382e-81
1.7516804377333e-82
2.403338521115e-83
3.259258078157e-84
4.368732387091e-85
5.787807476099e-86
7.578506161934e-87
9.807377479805e-88
1.2543267355585e-88
1.5854247084684e-89
1.980369677153e-90
2.4445620153e-91
2.981936109217e-92
3.594399325273e-93
4.281275283732e-94
5.038796730436e-95
5.859698713136e-96
6.732964010783e-97
7.64376881354e-98
8.573666961521e-99
9.501035715913e-100
1.0401785897964e-100
1.125031588286e-101
1.2020664616158e-102
1.2687796192394e-103
1.3228930367336e-104
1.3624822169262e-105
1.386089139432e-106
1.3928110128577e-107
1.3823573298964e-108
1.3550702193254e-109
1.3119061427701e-110
1.2543802742434e-111
1.1844780687859e-112
1.1045412278442e-113
1.0171372169834e-114
9.249224957956e-116
8.305096087622e-117
7.363473115634e-118
6.446211331645e-119
5.571794466185e-120
4.754875331465e-121
4.006095712592e-122
3.332162280901e-123
2.736137724962e-124
2.217894860991e-125
1.774676505892e-126
1.4017049056149e-127
1.0927904360971e-128
8.408986846935e-130
6.386462948156e-131
4.787076188347e-132
3.541250299482e-133
2.585248012783e-134
1.862472651199e-135
1.3240437373105e-136
9.287994743602e-138
6.428817392501e-139
4.390478399914e-140
2.95832701006e-141
1.966599252048e-142
1.289741037255e-143
8.344254601988e-145
5.325399521314e-146
3.352567409455e-147
2.081825814082e-148
1.2750684173118e-149
7.702386521337e-151
4.588810762206e-152
2.696113128952e-153
1.56213694555e-154
8.92530019305e-156
5.028388207836e-157
2.793291781672e-158
1.529904899824e-159
8.261370034453e-161
4.398026977247e-162
2.308130332146e-163
1.194091550713e-164
6.089305889769e-166
3.060755309469e-167
1.516343682767e-168
7.403758155099e-170
3.562619495747e-171
1.689375352809e-172
7.894033845915e-174
3.634664320992e-175
1.648914948984e-176
7.370156460522e-178
3.245452765089e-179
1.407892134338e-180
6.016363797087e-182
2.532469719809e-183
1.049964172898e-184
4.287449885948e-186
1.72421741466e-187
6.82852885605e-189
2.663041274083e-190
1.022627486646e-191
3.866506457098e-193
1.439309975633e-194
5.274685295111e-196
1.90290626017e-197
6.757538889431e-199
2.362008256585e-200
8.125816907158e-202
2.751161973792e-203
9.166408572367e-205
3.005289202262e-206
9.694983835802e-208
3.077167056285e-209
9.608758707954e-211
2.951647151736e-212
8.918891539973e-214
2.650785629083e-215
7.748599888155e-217
2.227532330732e-218
6.297146778273e-220
1.750447615847e-221
4.784163499936e-223
1.285524011165e-224
3.395759658457e-226
8.817412225688e-228
2.250387221387e-229
5.644809664495e-231
1.391492585767e-232
3.370661954637e-234
8.022596104655e-236
1.876041103261e-237
4.309821331964e-239
9.7258376359e-241
2.155790008082e-242
4.693080023181e-244
1.00332448651e-245
2.106280421016e-247
4.341513619049e-249
8.785666097566e-251
1.745318098619e-252
3.403283667547e-254
6.513315341936e-256
1.223327227056e-257
2.254630492317e-259
4.077137409385e-261
7.233308886889e-263
1.258850683398e-264
2.148919866534e-266
3.597722320613e-268
5.906748425539e-270
9.50898306023e-272
1.500842557266e-273
2.322211063549e-275
3.521949174568e-277
5.235136080584e-279
7.625780685609e-281
1.088427035604e-282
1.52201698435e-284
2.084925739157e-286
2.79741938062e-288
3.675908292737e-290
4.72993602225e-292
5.958980639154e-294
7.349479198516e-296
8.872580909175e-298
1.048316095566e-299
1.212055796444e-301
1.371132231558e-303
1.51739907534e-305
1.642557127909e-307
1.73890892049e-309
1.800128004024e-311
1.821938287487e-313
1.802603303427e-315
1.743148367596e-317
1.647277014805e-319
1.520989919608e-321
1.371960645629e-323
1.208758852371e-325
1.040031018256e-327
8.737481236504e-330
7.166103492357e-332
5.7366588858e-334
4.481620864838e-336
3.416103674549e-338
2.540184081135e-340
1.84227547538e-342
1.302911164332e-344
8.983800261428e-347
6.038139586646e-349
3.955079541883e-351
2.524213048554e-353
1.569363801102e-355
9.50286604594e-358
5.603040981018e-360
3.216135762012e-362
1.796750441424e-364
9.76750421227e-367
5.16558761855e-369
2.657003199356e-371
1.328907207275e-373
6.461294076592e-376
3.053209719632e-378
1.40182552044e-380
6.251975424489e-383
2.707759643533e-385
1.138554490435e-387
4.646515331444e-390
1.839955692438e-392
7.067534267717e-395
2.63257436025e-397
9.50636601567e-400
3.326870436594e-402
1.127997836465e-404
3.704182496741e-407
1.177730687573e-409
3.624297792609e-412
1.079139707467e-414
3.107819785038e-417
8.653732571172e-420
2.328961563883e-422
6.055786832534e-425
1.520767446846e-427
3.68697179738e-430
8.626180393689e-433
1.946847328607e-435
4.236709439977e-438
8.886349619843e-441
1.795668314487e-443
3.494156454005e-446
6.544445165487e-449
1.179270467261e-451
2.04340698727e-454
3.403162422625e-457
5.444736394789e-460
8.363956768266e-463
1.232979694775e-465
1.74329818577e-468
2.362735414429e-471
3.067860680557e-474
3.81395827993e-477
4.537028714249e-480
5.161198105037e-483
5.610910882269e-486
5.82549007722e-489
5.772339691014e-492
5.454902240197e-495
4.912742747196e-498
4.213469411889e-501
3.438755994274e-504
2.66848741559e-507
1.967329180142e-510
1.37680198039e-513
9.138421414518e-517
5.747598598269e-520
3.422272232649e-523
1.927255408089e-526
1.025486704449e-529
5.150403922013e-533
2.438999653391e-536
1.087836198493e-539
4.564584769141e-543
1.79974659223e-546
6.659792408675e-550
2.309913763327e-553
7.499658440932e-557
2.276144978248e-560
6.448355829069e-564
1.702711378361e-567
4.184092282051e-571
9.552697980166e-575
2.022931687652e-578
3.966431953925e-582
7.187551742932e-586
1.201394739415e-589
1.848571788071e-593
2.61283885954e-597
3.384926809514e-601
4.00988981446e-605
4.33307463289e-609
4.260087600628e-613
3.800294199121e-617
3.067219028807e-621
2.232972392059e-625
1.461634229412e-629
8.573019183834e-634
4.489535980053e-638
2.091107048901e-642
8.62750922262e-647
3.139341346579e-651
1.0028038270564e-655
2.798052540624e-660
6.783270232348e-665
1.420602321653e-669
2.554284306691e-674
3.916755219613e-679
5.08509870416e-684
5.545892040989e-689
5.037542006178e-694
3.775451726886e-699
2.31074770267e-704
1.1419428123772e-709
4.499806650521e-715
1.394249809303e-720
3.344345625121e-726
6.10227903084e-732
8.303698138536e-738
8.238347662033e-744
5.80678527934e-750
2.821719696245e-756
9.126660476871e-763
1.884797334809e-769
2.36429251266e-776
1.695170058989e-783
6.441876077539e-791
1.1788459012603e-798
9.165678392144e-807
2.555959654155e-815
2.010681985924e-824
3.104899806992e-834
5.160632835082e-845
2.90286280019e-857
2.769212859598e-872