0.0565897682404581
0.0562279604700786
0.0555112683301878
0.054453318333952
0.0530740093195528
0.0513988901858372
0.0494583733269753
0.0472868175744026
0.044921519223381
0.042401652411635
0.039767200649403
0.037057919731587
0.034312368779138
0.031567041052705
0.028855619835119
0.02620837752122
0.023651728535425
0.0212079392594683
0.0188949911952573
0.0167265874479603
0.0147122875491228
0.0128577518162492
0.0111650739393615
0.0096331792850893
0.0082582664266711
0.0070342704937772
0.0059533288946223
0.0050062325736083
0.0041828490014823
0.0034725063301507
0.0028643313800693
0.0023475371943679
0.0019116586571578
0.0015467370397844
0.0012434562529509
0.00099323502514766
0.00078828020983972
0.00062160698087157
0.00048703186064654
0.00037914440275355
0.00029326298853151
0.00022537966373218
0.00017209830047957
0.0001305696770439
0.00009842637006616
0.000073719687125005
0.000054860258175885
0.000040563369299471
0.000029799670089014
0.000021751518878167
0.000015774944669896
0.000011366994194982
8.13808780006e-6
5.7889184696192e-6
4.0913836201198e-6
2.8730292277216e-6
2.0045011650537e-6
1.3895313530788e-6
9.57029856273e-7
6.549030889886e-7
4.4526884912841e-7
3.0078806704801e-7
2.0187902077871e-7
1.3462116436759e-7
8.919208557366e-8
5.871233657056e-8
3.8399158840453e-8
2.4951840163632e-8
1.6109096353473e-8
1.0333006567845e-8
6.585190493064e-9
4.1696083349066e-9
2.6230503303257e-9
1.6394628289371e-9
1.0180737718185e-9
6.281144287561e-10
3.8501641618026e-10
2.3447674601119e-10
1.4187290095439e-10
8.528591865916e-11
5.093689726042e-11
3.0224836673065e-11
1.781848575394e-11
1.0436430954831e-11
6.073046456512e-12
3.5110223101006e-12
2.0166565755423e-12
1.15080210828e-12
6.524371098453e-13
3.6748948162821e-13
2.0564509584568e-13
1.1432939593046e-13
6.314841837049e-14
3.465221174558e-14
1.88913171112e-14
1.023187401933e-14
5.505650711014e-15
2.9432116700909e-15
1.5631207936767e-15
8.247467355538e-16
4.323191739043e-16
2.2513499668567e-16
1.1647559126377e-16
5.986582956584e-17
3.0568491518875e-17
1.550667459606e-17
7.814689542539e-18
3.912477834021e-18
1.9459776909605e-18
9.61542132081e-19
4.719999462967e-19
2.3017460719147e-19
1.1150988068662e-19
5.366713428215e-20
2.5659086752178e-20
1.218737931226e-20
5.750616404476e-21
2.695578530532e-21
1.2552252443015e-21
5.806600959733e-22
2.6684033602858e-22
1.2181721983421e-22
5.524488943905e-23
2.4888587715944e-23
1.1138625530686e-23
4.952045548811e-24
2.1870453700872e-24
9.595100618699e-25
4.181752094575e-25
1.8104330037981e-25
7.786108664256e-26
3.326370944377e-26
1.4116644762938e-26
5.951154747468e-27
2.4921736282208e-27
1.0367188042109e-27
4.283981634223e-28
1.7584761092756e-28
7.17011103079e-29
2.904116941352e-29
1.1684210989357e-29
4.669603412321e-30
1.8537627550499e-30
7.310045347067e-31
2.863360015048e-31
1.1140892777064e-31
4.305765355654e-32
1.6529708989782e-32
6.303223166546e-33
2.3874864480719e-33
8.982516333118e-34
3.356851145753e-34
1.2460664493935e-34
4.594343278279e-35
1.6825843822495e-35
6.120677217422e-36
2.2115121778391e-36
7.936781715185e-37
2.829194286779e-37
1.0017107200043e-37
3.522743687361e-38
1.2304866054187e-38
4.269016054772e-39
1.4710642915636e-39
5.034848267388e-40
1.7115511101135e-40
5.778830799303e-41
1.9379142604801e-41
6.454631437307e-42
2.1352487230552e-42
7.015577548061e-43
2.289360125178e-43
7.419904199528e-44
2.388436711339e-44
7.63586382227e-45
2.424539884546e-45
7.64583498649e-46
2.394653220924e-46
7.448694066406e-47
2.301097922137e-47
7.060007491892e-48
2.151235460339e-48
6.510001188499e-49
1.9565101880411e-49
5.839674779666e-50
1.7310047882876e-50
5.095754296828e-51
1.489761739643e-51
4.325345344718e-52
1.2471476855168e-52
3.57112934507e-53
1.0155032797553e-53
2.867758485278e-54
8.042419654844e-55
2.239810140324e-55
6.194601685175e-56
1.7013381436883e-56
4.640238627201e-57
1.2567814083612e-57
3.38022999814e-58
9.028115870725e-59
2.394471349043e-59
6.306393619243e-60
1.6493341639761e-60
4.283409660973e-61
1.1046409810355e-61
2.828788386174e-62
7.19324262072e-63
1.816314489018e-63
4.554037556991e-64
1.1338053544858e-64
2.802940178914e-65
6.880494618965e-66
1.677077188163e-66
4.058925150992e-67
9.754177425762e-68
2.327495636335e-68
5.514456250114e-69
1.2972661063837e-69
3.030155693943e-70
7.027603225394e-71
1.618276925922e-71
3.699973812062e-72
8.399269574269e-73
1.893120651926e-73
4.236486148415e-74
9.412842980917e-75
2.076443622993e-75
4.547791457134e-76
9.889145032723e-77
2.134968530081e-77
4.576099248522e-78
9.737944522692e-79
2.057328857579e-79
4.315204049881e-80
8.985800403471e-81
1.85766160288e-81
3.812654221519e-82
7.768474865422e-83
1.571405139706e-83
3.155594140458e-84
6.290876599204e-85
1.2450153601752e-85
2.446066237936e-86
4.770765807427e-87
9.236996131948e-88
1.775385140395e-88
3.387426712908e-89
6.415921992203e-90
1.2063029496809e-90
2.251428389457e-91
4.171195856719e-92
7.671140951349e-93
1.400401267675e-93
2.537665488676e-94
4.564589924711e-95
8.149872662861e-96
1.444367354233e-96
2.540846263835e-97
4.436587712993e-98
7.689281597177e-99
1.322770488294e-99
2.258610111276e-100
3.827824848758e-101
6.43891687991e-102
1.075027271004e-102
1.781426668774e-103
2.929908803142e-104
4.782707209318e-105
7.748593092548e-106
1.245939880654e-106
1.988347415786e-107
3.14922835881e-108
4.950265212973e-109
7.722553227984e-110
1.1956309758886e-110
1.837100259053e-111
2.801325879745e-112
4.239211440995e-113
6.366383005291e-114
9.488164965147e-115
1.40329502868e-115
2.059626776916e-116
2.999827729617e-117
4.335785385669e-118
6.218681583709e-119
8.850816185266e-120
1.250023363326e-120
1.751854639578e-121
2.436230783989e-122
3.36182011362e-123
4.603216880259e-124
6.254239830504e-125
8.431579334099e-126
1.127871920532e-126
1.4970014185e-127
1.971475126343e-128
2.576096425356e-129
3.33987090559e-130
4.296244592986e-131
5.483212011849e-132
6.943248984136e-133
8.723022833779e-134
1.08728332099e-134
1.344574082351e-135
1.649634966118e-136
2.007922115107e-137
2.424691647162e-138
2.904768548232e-139
3.452284692941e-140
4.070393343738e-141
4.760970463799e-142
5.5243160452e-143
6.358871152628e-144
7.260968247329e-145
8.224633324388e-146
9.241458239159e-147
1.030056014422e-147
1.138864212039e-148
1.24901648837e-149
1.358763402443e-150
1.466200084666e-151
1.569316790395e-152
1.666058323884e-153
1.75439006576e-154
1.832367765298e-155
1.898207833709e-156
1.950354639195e-157
1.987541288762e-158
2.008840599144e-159
2.013703404605e-160
2.001981998637e-161
1.973937317726e-162
1.930229392129e-163
1.871891544845e-164
1.800289745646e-165
1.717069354515e-166
1.624092158666e-167
1.523367073724e-168
1.416978114247e-169
1.307013232574e-170
1.195497388776e-171
1.084332776715e-172
9.75248535106e-174
8.69761570881e-175
7.691493728563e-176
6.744349536669e-177
5.86383378596e-178
5.055087633191e-179
4.320901784289e-180
3.661946032116e-181
3.077049273788e-182
2.563509981385e-183
2.117418321293e-184
1.733973314825e-185
1.407781310156e-186
1.13312528954e-187
9.04197882591e-189
7.152941519663e-190
5.609630718134e-191
4.361190011085e-192
3.361162929885e-193
2.567914607496e-194
1.944780700616e-195
1.459998071732e-196
1.086470680645e-197
8.01420171861e-199
5.859647036735e-200
4.246625100982e-201
3.050492550168e-202
2.17191011264e-203
1.532680955794e-204
1.071992784737e-205
7.431119628788e-207
5.10541422252e-208
3.476274442298e-209
2.345823949464e-210
1.568797762494e-211
1.039729904908e-212
6.828855597351e-214
4.444683903802e-215
2.866758260034e-216
1.832272803957e-217
1.160458581314e-218
7.282845875056e-220
4.528934341372e-221
2.790652555755e-222
1.703812125833e-223
1.030706766753e-224
6.177848794734e-226
3.668760207301e-227
2.158601160602e-228
1.258309790688e-229
7.26701136744e-231
4.157843530032e-232
2.356760042399e-233
1.323391486949e-234
7.3616949012e-236
4.056715022839e-237
2.214466077717e-238
1.197435100207e-239
6.413777199908e-241
3.402868251671e-242
1.788282654578e-243
9.30844796785e-245
4.79908808998e-246
2.450590183572e-247
1.239376618665e-248
6.207927010662e-250
3.079573573968e-251
1.512952040927e-252
7.36105700705e-254
3.546707884831e-255
1.692273628652e-256
7.99586248141e-258
3.741098763535e-259
1.733251765485e-260
7.95137377137e-262
3.611853050418e-263
1.624480992694e-264
7.23410904552e-266
3.189557561843e-267
1.392322557979e-268
6.017308323899e-270
2.574580952203e-271
1.090539830435e-272
4.572944595032e-274
1.898271937777e-275
7.80041249546e-277
3.172939977112e-278
1.277555273822e-279
5.091660331413e-281
2.008580648076e-282
7.84255203503e-284
3.030762478741e-285
1.159206322341e-286
4.388052624423e-288
1.643890833377e-289
6.094693997e-291
2.236125929824e-292
8.11883239278e-294
2.916965644044e-295
1.0370431676e-296
3.648189648308e-298
1.269872756463e-299
4.373532049863e-301
1.490324064464e-302
5.024493592363e-304
1.675922194075e-305
5.530343073791e-307
1.805400479125e-308
5.830486370641e-310
1.862653864883e-311
5.886294166616e-313
1.840010842218e-314
5.689230087464e-316
1.739912005807e-317
5.262930198486e-319
1.574491185643e-320
4.65855048893e-322
1.363153835432e-323
3.944644345471e-325
1.128820979742e-326
3.194344358839e-328
8.93846453757e-330
2.473167963755e-331
6.76610386312e-333
1.83021791546e-334
4.894751584742e-336
1.294215857364e-337
3.383104082454e-339
8.74260452728e-341
2.233403871992e-342
5.639994129521e-344
1.407858043275e-345
3.473694732903e-347
8.47150584672e-349
2.041969450331e-350
4.864529851377e-352
1.145298583565e-353
2.664807658471e-355
6.127244949837e-357
1.392193640038e-358
3.125731958738e-360
6.93432224312e-362
1.519983505352e-363
3.291838520734e-365
7.04344357758e-367
1.488882252759e-368
3.109182674571e-370
6.413931551619e-372
1.307001446009e-373
2.630769470962e-375
5.230288581419e-377
1.027035931724e-378
1.99179017308e-380
3.814873690563e-382
7.21565690991e-384
1.347755328692e-385
2.485798244073e-387
4.527102503382e-389
8.14055906896e-391
1.445264163538e-392
2.533254378245e-394
4.383572790387e-396
7.48815112796e-398
1.262690338035e-399
2.101714523473e-401
3.452898000321e-403
5.598933150224e-405
8.96017481187e-407
1.415126663188e-408
2.205563363846e-410
3.392084960907e-412
5.147711737774e-414
7.70795525558e-416
1.138724229812e-417
1.659698039275e-419
2.386422085439e-421
3.384927704069e-423
4.735998692496e-425
6.53596391108e-427
8.89650123252e-429
1.194306425458e-430
1.581154805428e-432
2.064286862385e-434
2.657525465294e-436
3.373424590633e-438
4.222065578862e-440
5.20970704951e-442
6.33737933283e-444
7.59954573901e-446
8.98297709579e-448
1.046599730285e-449
1.201825139509e-451
1.360112065877e-453
1.516886118202e-455
1.667047557289e-457
1.805224859187e-459
1.926079525631e-461
2.024639562613e-463
2.096633532997e-465
2.13879447228e-467
2.149103875008e-469
2.126950568786e-471
2.073187199962e-473
1.990077346283e-475
1.881137636723e-477
1.750890189906e-479
1.604549719585e-481
1.447675620794e-483
1.285821539552e-485
1.124213211665e-487
9.67480177596e-490
8.1945925787e-492
6.83078622523e-494
5.603222044751e-496
4.522662572973e-498
3.59173911486e-500
2.806301131261e-502
2.156983921162e-504
1.630821992596e-506
1.212765106972e-508
8.86993361105e-511
6.37969969486e-513
4.512097993456e-515
3.13774057656e-517
2.145246193999e-519
1.441848976626e-521
9.52588686829e-524
6.18577486083e-526
3.947711557324e-528
2.475816380638e-530
1.525709289051e-532
9.23769518499e-535
5.49479622271e-537
3.210648972075e-539
1.842654736285e-541
1.038630650974e-543
5.749100722277e-546
3.124750666889e-548
1.667485244032e-550
8.73562054116e-553
4.492251291594e-555
2.267387026721e-557
1.123132088078e-559
5.459227708206e-562
2.603621249072e-564
1.218206856795e-566
5.591272887608e-569
2.517073505251e-571
1.111284250701e-573
4.8111212397e-576
2.042238581687e-578
8.49869318042e-581
3.466802391994e-583
1.386060978971e-585
5.430705121813e-588
2.084943653235e-590
7.84222798022e-593
2.889573192642e-595
1.042841486366e-597
3.685816696956e-600
1.275615098585e-602
4.322299666831e-605
1.433696980658e-607
4.654620169496e-610
1.478875872539e-612
4.597641662839e-615
1.39839169086e-617
4.160507697958e-620
1.210654185755e-622
3.444940248965e-625
9.58432679925e-628
2.606689932045e-630
6.92936507034e-633
1.800119017724e-635
4.569187960555e-638
1.133005610536e-640
2.744128240527e-643
6.4905121435e-646
1.498916642181e-648
3.37925112776e-651
7.435791557e-654
1.596672029174e-656
3.345050829639e-659
6.83602463117e-662
1.362487275071e-664
2.647901888779e-667
5.016758146597e-670
9.26416052167e-673
1.66708949919e-675
2.922728554908e-678
4.991142840878e-681
8.30036322686e-684
1.343945869705e-686
2.118138534362e-689
3.248728806983e-692
4.847925330386e-695
7.036825754e-698
9.93274496555e-701
1.363090493445e-703
1.818161136673e-706
2.356566474892e-709
2.967235263809e-712
3.628544460901e-715
4.308262518468e-718
4.965236719554e-721
5.55293285491e-724
6.024538540125e-727
6.33892904488e-730
6.46648245005e-733
6.3936264694e-736
6.125162135931e-739
5.683824200582e-742
5.107109760048e-745
4.441986191395e-748
3.738519962993e-751
3.043636013511e-754
2.396090190967e-757
1.823369906057e-760
1.340750693406e-763
9.52269708184e-767
6.53046604575e-770
4.322456430752e-773
2.760231950702e-776
1.699853412165e-779
1.009129220557e-782
5.772526142693e-786
3.18038015175e-789
1.686910297172e-792
8.61005851253e-796
4.22686185497e-799
1.99489348717e-802
9.04686212848e-806
3.940347990005e-809
1.647426119479e-812
6.60819693258e-816
2.541738381999e-819
9.36933597046e-823
3.308034152494e-826
1.118049686637e-829
3.615116528216e-833
1.117601153078e-836
3.301268637834e-840
9.31157427583e-844
2.506251321264e-847
6.432627821007e-851
1.573291660004e-854
3.664148874239e-858
8.12001916659e-862
1.710915993763e-865
3.424883609819e-869
6.50812720388e-873
1.172995232095e-876
2.003513298999e-880
3.240097720027e-884
4.956736582921e-888
7.16629441538e-892
9.78206231201e-896
1.259404127176e-899
1.527727916582e-903
1.744235391563e-907
1.872225724136e-911
1.887140771929e-915
1.784121905456e-919
1.580088279233e-923
1.309234821097e-927
1.013573252287e-931
7.32140255712e-936
4.927334564244e-940
3.085042261383e-944
1.794189788097e-948
9.67683744902e-953
4.832000918757e-957
2.229919067269e-961
9.49351863259e-966
3.721467352135e-970
1.340559810662e-974
4.42833036307e-979
1.338537972666e-983
3.69375938379e-988
9.2835976061e-993
2.119752844575e-997
4.385629020742e-1002
8.19886793053e-1007
1.380973647422e-1011
2.089258696851e-1016
2.829869578513e-1021
3.419953912694e-1026
3.674341493885e-1031
3.496037970337e-1036
2.933863611419e-1041
2.162167239729e-1046
1.392903170456e-1051
7.80545415559e-1057
3.784755585903e-1062
1.579047923535e-1067
5.634399944675e-1073
1.708340229998e-1078
4.370540029375e-1084
9.3636325569e-1090
1.666256996175e-1095
2.440950241527e-1101
2.915259771178e-1107
2.808556435453e-1113
2.157303471319e-1119
1.304302536036e-1125
6.119330590414e-1132
2.192875008292e-1138
5.896891136497e-1145
1.166516066379e-1151
1.659738719383e-1158
1.655501860515e-1165
1.123999907619e-1172
5.020244432078e-1180
1.417274424004e-1187
2.412170842473e-1195
2.338466774469e-1203
1.204939203744e-1211
3.028121803898e-1220
3.327487993788e-1229
1.386147518539e-1238
1.804429310212e-1248
5.581025948703e-1259
2.710873333488e-1270
1.0406711713979e-1282
8.405321033037e-1297
4.62964229785e-1314