0.1199509522025192
0.1165264289155762
0.1099676241280628
0.1008144475536543
0.0897831882317165
0.0776742921321325
0.0652776119365633
0.0532904575744806
0.0422595979564795
0.0325524284452751
0.0243564425697875
0.0177013329895102
0.01249533372868746
0.00856695605503459
0.00570463574447544
0.00368923900698545
0.00231705758797176
0.00141322257132946
0.000837026875376917
0.000481397233738005
0.00026883277833958
0.00014576498641756
0.0000767349691917175
0.000039217336459633
0.0000194572689077499
9.3708248330477e-6
4.38064255280078e-6
1.98761624978944e-6
8.7524853003963e-7
3.74026613668391e-7
1.55100332438157e-7
6.2406179799377e-8
2.43619095789085e-8
9.2262833088166e-9
3.38949879886348e-9
1.20780701346454e-9
4.17418503380321e-10
1.39899199311973e-10
4.54657114184195e-11
1.4326244443502e-11
4.3763616432978e-12
1.29591906923107e-12
3.7194282892835e-13
1.03456159372691e-13
2.78846359010457e-14
7.2819390598749e-15
1.84223843112535e-15
4.5144304481452e-16
1.07141637849819e-16
2.46235044092789e-17
5.4791599039797e-18
1.18027996811024e-18
2.46090907401916e-19
4.9656505885966e-20
9.6951696528832e-21
1.83130179467957e-21
3.3459095273301e-22
5.9120843557584e-23
1.01008849629215e-23
1.66835548698562e-24
2.6634456436849e-25
4.1090225539134e-26
6.1246830847765e-27
8.8183560272061e-28
1.22618646357764e-28
1.64624192729927e-29
2.13353489772293e-30
2.6685340488632e-31
3.2203848893437e-32
3.7488414164079e-33
4.2085243891819e-34
4.5550407891286e-35
4.751900251951e-36
4.7767740141829e-37
4.6256285006842e-38
4.3136841524106e-39
3.8729041531244e-40
3.3465825365207e-41
2.7823032471796e-42
2.2248631785685e-43
1.71061306444888e-44
1.26415221667398e-45
8.9761721484259e-47
6.1216397908518e-48
4.0083446383747e-49
2.5189181496838e-50
1.51859080440822e-51
8.7794225699354e-53
4.8652477604071e-54
2.5832563404436e-55
1.31358276926497e-56
6.3939989272438e-58
2.9778602151766e-59
1.3262871478922e-60
5.6461230510201e-62
2.2962201208449e-63
8.9164203014834e-65
3.3039772443464e-66
1.16761758104476e-67
3.9329675272998e-69
1.261904525494e-70
3.8542512977663e-72
1.11988197043942e-73
3.0933163199323e-75
8.1168364083182e-77
2.0218037860716e-78
4.7769273335737e-80
1.0697222926542e-81
2.2685516621892e-83
4.5520847977607e-85
8.6351632051673e-87
1.5471366749088e-88
2.6155810659342e-90
4.1682683965253e-92
6.2551823173528e-94
8.829803996963e-96
1.1711135018677e-97
1.4577150333979e-99
1.7007419547059e-101
1.8575432035118e-103
1.8966678558006e-105
1.807946594534e-107
1.6065086945891e-109
1.3286607335489e-111
1.0211182162401e-113
7.279991290139e-116
4.8062092731246e-118
2.9327481528221e-120
1.6507698839389e-122
8.553227838271e-125
4.070485404069e-127
1.7750908464257e-129
7.075851554148e-132
2.5714664079927e-134
8.496033072714e-137
2.544463941152e-139
6.885695207434e-142
1.6780468228965e-144
3.6694075880842e-147
7.172012446601e-150
1.2477614976229e-152
1.9236260417094e-155
2.6152073317448e-158
3.1189778857148e-161
3.2446542527899e-164
2.9260636144941e-167
2.2720515233875e-170
1.5078128409527e-173
8.482462208387e-177
4.008825367677e-180
1.5757008539576e-183
5.09359985135e-187
1.3372288221456e-190
2.8108816254068e-194
4.654909657854e-198
5.96153430138e-202
5.77918819856e-206
4.135737590131e-210
2.1210564310715e-214
7.524140574462e-219
1.7681634351735e-223
2.6092554163942e-228
2.2593856355041e-233
1.0509019536848e-238
2.3303218252012e-244
2.0811100080045e-250
5.805949735414e-257
3.3259893279957e-264
1.749704572857e-272
1.0667974108805e-282