0.0578028384572492
0.0574172904578314
0.0566538904622201
0.0555277750662336
0.0540610224750926
0.0522819329200705
0.0502241212252571
0.0479254621410462
0.045426934596696
0.042771413973379
0.04000246178192
0.03716315984217
0.034295031461491
0.031437085591458
0.028625011998146
0.025890546665299
0.0232610175309195
0.0207590717815484
0.0184025777795763
0.0162046876731237
0.0141740411230096
0.0123150865473013
0.0106284938840817
0.0091116320528109
0.0077590849077621
0.0065631813067433
0.0055145177010771
0.0046024551022302
0.00381557610991
0.0031420916282309
0.00257019071718
0.0020883305369553
0.0016854664035235
0.0013512244964372
0.00107602170391761
0.0008511384568514
0.00066875122831011
0.00052193171956088
0.00040461969489273
0.00031157605169352
0.00023832210575759
0.00018107031658224
0.00013665084610881
0.00010243749789054
0.000076275769907234
0.000056415007997528
0.000041445990730285
0.000030244722371019
0.000021922761474162
0.000015784064803726
0.000011288071183424
8.01857590441e-6
5.657840378223e-6
3.9653304425033e-6
2.7604673673694e-6
1.9087966749265e-6
1.3110214769119e-6
8.944010050685e-7
6.0607493634873e-7
4.0793518769054e-7
2.7272567183198e-7
1.811048483517e-7
1.1945450174476e-7
7.826048262281e-8
5.0927133734971e-8
3.2917117601026e-8
2.113291198176e-8
1.3475999398785e-8
8.535438052464e-9
5.3697358851745e-9
3.3553774818832e-9
2.0825251448078e-9
1.2838035531059e-9
7.860775142565e-10
4.7806799447183e-10
2.8878222834328e-10
1.7326336364345e-10
1.0325176323889e-10
6.111412930714e-11
3.5928421868373e-11
2.0979056161942e-11
1.2167012577979e-11
7.008596825786e-12
4.0098321618567e-12
2.2786004664586e-12
1.2860442072988e-12
7.209218459484e-13
4.0138753122607e-13
2.219636137602e-13
1.2191038859022e-13
6.650272632207e-14
3.6031036991412e-14
1.9388821295888e-14
1.0362442444674e-14
5.50056954795e-15
2.8999246087718e-15
1.5184411742723e-15
7.89659994735e-16
4.078607103657e-16
2.0922415852212e-16
1.0659544611286e-16
5.393751832626e-17
2.710612062345e-17
1.3529023898906e-17
6.706359524792e-18
3.3016196090174e-18
1.6143051149911e-18
7.839008385225e-19
3.780524637555e-19
1.8107435950104e-19
8.613393187356e-20
4.069138671823e-20
1.9091500766172e-20
8.895809039112e-21
4.116584785367e-21
1.8918788402701e-21
8.634806575955e-22
3.913932454069e-22
1.761869848338e-22
7.876485064461e-23
3.496934933376e-23
1.5418333476527e-23
6.751191159493e-24
2.9357207989721e-24
1.2677649448181e-24
5.436891011929e-25
2.3155206239297e-25
9.793344694111e-26
4.113353127718e-26
1.7157014061567e-26
7.106673314086e-27
2.923264328733e-27
1.1941119785042e-27
4.843902366518e-28
1.95126913299e-28
7.805640198656e-29
3.100755477568e-29
1.223185171144e-29
4.791600874724e-30
1.863935288725e-30
7.200137710087e-31
2.761903786743e-31
1.05203947323e-31
3.979323361433e-32
1.4946450819809e-32
5.574635790962e-33
2.0646308120092e-33
7.593005001112e-34
2.77286175747e-34
1.0055041291659e-34
3.620582491284e-35
1.2945231056345e-35
4.595954733469e-36
1.6202202032139e-36
5.671559323103e-37
1.9713276022006e-37
6.803630980239e-38
2.3315570050934e-38
7.933637756424e-39
2.680509919753e-39
8.992467095697e-40
2.99539657605e-40
9.906984005288e-41
3.253403022298e-41
1.0608186166195e-41
3.434383873025e-42
1.1039732019916e-42
3.523447098378e-43
1.1165393316679e-43
3.512973261741e-44
1.0974069099105e-44
3.40369022508e-45
1.0481400092541e-45
3.204593373419e-46
9.727658756771e-47
2.931722614659e-47
8.772309538587e-48
2.606026863103e-48
7.686259236734e-49
2.250710710098e-49
6.543198986382e-50
1.8885289667432e-50
5.411497939306e-51
1.5394617432756e-51
4.347855214693e-52
1.2190828119276e-52
3.393442366982e-53
9.377650335285e-54
2.572711059265e-54
7.006942041506e-55
1.8945394937583e-55
5.085263941631e-56
1.3550492657439e-56
3.584474148369e-57
9.412860269924e-58
2.453807858292e-58
6.350080708602e-59
1.631303006867e-59
4.16009889486e-60
1.0531329621294e-60
2.646489499006e-61
6.601785750421e-62
1.6347592408288e-62
4.018316319587e-63
9.80458432146e-64
2.374683708932e-64
5.709139277799e-65
1.3624498184739e-65
3.227394964465e-66
7.588608239235e-67
1.771116915998e-67
4.103023993163e-68
9.434724711303e-69
2.153373479216e-69
4.8783282142e-70
1.0969346540464e-70
2.448189966791e-71
5.42326213291e-72
1.1924047332948e-72
2.602141212915e-73
5.636098126511e-74
1.21161087101e-74
2.585122339347e-75
5.474301751664e-76
1.1505418031451e-76
2.399929211817e-77
4.968360699029e-78
1.0208048695489e-78
2.081534084892e-79
4.212420554273e-80
8.460256341206e-81
1.686301004235e-81
3.335666344102e-82
6.548203396308e-83
1.2757038668134e-83
2.466390345355e-84
4.732101264206e-85
9.009953512303e-86
1.70240690357e-86
3.192070445601e-87
5.939443883591e-88
1.0966782776729e-88
2.009410815672e-89
3.653508603477e-90
6.591728020307e-91
1.1801358046438e-91
2.09654430262e-92
3.695823417274e-93
6.464712681713e-94
1.1220540974292e-94
1.932415877737e-95
3.30221452787e-96
5.599167762473e-97
9.41999739834e-98
1.572471420005e-98
2.60444358351e-99
4.279991195378e-100
6.978498800076e-101
1.1289320610144e-101
1.81198958859e-102
2.885499997682e-103
4.558892124648e-104
7.146045035641e-105
1.1113111878632e-105
1.714606271641e-106
2.624503537298e-107
3.985466557528e-108
6.004206459572e-109
8.973702455678e-110
1.330523167736e-110
1.957055048158e-111
2.855673380428e-112
4.133652368716e-113
5.935732179464e-114
8.455212858141e-115
1.1947571405576e-115
1.67469018054e-116
2.3285412645e-117
3.211610524737e-118
4.393858701242e-119
5.962774141129e-120
8.026467210862e-121
1.0716896296244e-121
1.419308536938e-122
1.864414368379e-123
2.429184593484e-124
3.139247973321e-125
4.023762116867e-126
5.115346431479e-127
6.449831324355e-128
8.065785233628e-129
1.0003784898579e-129
1.230540177618e-130
1.501188904506e-131
1.816256929912e-132
2.179294255184e-133
2.59325568528e-134
3.060270850785e-135
3.58140639901e-136
4.156431914328e-137
4.783603095299e-138
5.459477064144e-139
6.178775189073e-140
6.934308275197e-141
7.716977299351e-142
8.515859987134e-143
9.318389516175e-144
1.0110626648311e-144
1.087762092285e-145
1.160385055706e-146
1.227372484105e-147
1.287212755984e-148
1.33849757947e-149
1.379976576211e-150
1.410607645959e-151
1.429600298017e-152
1.436449445251e-153
1.430957650451e-154
1.413244461806e-155
1.383742227907e-156
1.343178586955e-157
1.292546618383e-158
1.233064367322e-159
1.166126048842e-160
1.093247666486e-161
1.016010010398e-162
9.36002023481e-164
8.547673465682e-165
7.737564989973e-166
6.942866559915e-167
6.175103951969e-168
5.443941521472e-169
4.757064987878e-170
4.120157858639e-171
3.536962058825e-172
3.009409644193e-173
2.537810074631e-174
2.121076430168e-175
1.756974072828e-176
1.44237641881e-177
1.173514452765e-178
9.46209125292e-180
7.560785604518e-181
5.987148174835e-182
4.698275946285e-183
3.653545776933e-184
2.815400208474e-185
2.149845542264e-186
1.626701410163e-187
1.219645919939e-188
9.06101507146e-190
6.670046582039e-191
4.864985187063e-192
3.515818734735e-193
2.517417980803e-194
1.785910247175e-195
1.255251829121e-196
8.7409867689e-198
6.030312289785e-199
4.121546470146e-200
2.790698462589e-201
1.871927994512e-202
1.243884392289e-203
8.18797731492e-205
5.339123849071e-206
3.448665478813e-207
2.206534649419e-208
1.398427241517e-209
8.778679906e-211
5.458451752508e-212
3.361640812535e-213
2.050526050031e-214
1.238802128286e-215
7.412278271316e-217
4.392431469557e-218
2.577817099872e-219
1.498246548225e-220
8.62360263691e-222
4.915396662405e-223
2.774487902378e-224
1.550784715568e-225
8.58330429611e-227
4.704155477031e-228
2.552835045901e-229
1.371726296581e-230
7.298026302564e-232
3.844378892939e-233
2.005022365232e-234
1.035318415355e-235
5.292729087723e-237
2.678709707208e-238
1.342150058823e-239
6.657252562581e-241
3.268861716105e-242
1.588892676663e-243
7.64500793252e-245
3.641123950392e-246
1.716547536885e-247
8.00991074136e-249
3.699470146758e-250
1.691141093518e-251
7.65133109855e-253
3.426093997077e-254
1.518290517856e-255
6.65873803524e-257
2.890004056039e-258
1.241258940852e-259
5.275596782307e-261
2.218777894593e-262
9.23372146259e-264
3.802314140127e-265
1.549226775498e-266
6.245470560275e-268
2.491069307003e-269
9.8302403757e-271
3.837843473979e-272
1.48232074748e-273
5.663903464463e-275
2.140893397513e-276
8.00509530656e-278
2.960853048321e-279
1.083259729723e-280
3.92012717746e-282
1.403155613382e-283
4.967476804133e-285
1.739307163499e-286
6.023003894678e-288
2.062682135985e-289
6.985854741446e-291
2.339701965533e-292
7.74891376051e-294
2.537732577386e-295
8.21790182834e-297
2.631305791679e-298
8.330327374e-300
2.607463091161e-301
8.06908858072e-303
2.468685403099e-304
7.46666362019e-306
2.232500120158e-307
6.598494132909e-309
1.927839459311e-310
5.567416374648e-312
1.589195545285e-313
4.483587380354e-315
1.250208168742e-316
3.445331553353e-318
9.38329073292e-320
2.525446177981e-321
6.716809792552e-323
1.765277670499e-324
4.584278221996e-326
1.176304191354e-327
2.982233827681e-329
7.46998274435e-331
1.848569171639e-332
4.519310795176e-334
1.091468363866e-335
2.603960724313e-337
6.136542994586e-339
1.42843602304e-340
3.284179580382e-342
7.45767340214e-344
1.67251990705e-345
3.704346912115e-347
8.10224203712e-349
1.749978034193e-350
3.73228033516e-352
7.8597814605e-354
1.634260743215e-355
3.354955968e-357
6.7996515432e-359
1.360505890685e-360
2.687246660079e-362
5.239467970934e-364
1.008366554258e-365
1.915490948642e-367
3.591293171599e-369
6.645216921896e-371
1.213481837195e-372
2.186760828957e-374
3.888580116917e-376
6.82307660445e-378
1.181262291029e-379
2.017746441453e-381
3.400306347069e-383
5.652981264647e-385
9.27089606984e-387
1.499777900669e-388
2.393147365207e-390
3.766388805097e-392
5.846148024644e-394
8.94909087972e-396
1.350914163449e-397
2.010904071456e-399
2.951511714144e-401
4.271316800033e-403
6.094210929478e-405
8.57206916226e-407
1.188612102061e-408
1.624630043806e-410
2.188779232216e-412
2.906401561388e-414
3.803542065749e-416
4.905375677358e-418
6.234189376158e-420
7.80698459122e-422
9.63283081921e-424
1.171017007232e-425
1.402433321238e-427
1.654557207574e-429
1.922792413355e-431
2.200919993391e-433
2.481231272477e-435
2.754805568302e-437
3.011928366068e-439
3.242628914289e-441
3.437299775744e-443
3.58734715403e-445
3.685812148485e-447
3.727901254943e-449
3.711370303401e-451
3.636719332718e-453
3.507175182074e-455
3.328461352532e-457
3.108377850863e-459
2.856234043765e-461
2.582192224031e-463
2.296586720765e-465
2.009282278285e-467
1.729126667172e-469
1.463537783152e-471
1.218247310491e-473
9.97204153956e-476
8.02623874173e-478
6.351573089334e-480
4.941436028793e-482
3.779102610465e-484
2.840850301578e-486
2.098902408185e-488
1.523982511368e-490
1.087353356073e-492
7.62294967019e-495
5.250434124391e-497
3.552588121857e-499
2.361180351757e-501
1.541362457602e-503
9.88161310325e-506
6.220910817976e-508
3.845370884147e-510
2.333646876434e-512
1.390268411774e-514
8.12984325361e-517
4.665933076603e-519
2.627966836712e-521
1.452372188177e-523
7.87523736764e-526
4.189164964518e-528
2.18584376662e-530
1.118633283041e-532
5.61412121275e-535
2.762797527288e-537
1.333020025464e-539
6.305086566546e-542
2.923195866139e-544
1.328257443348e-546
5.914368035212e-549
2.580356410523e-551
1.102907441897e-553
4.617728948017e-556
1.893603271621e-558
7.60433294301e-561
2.990090825965e-563
1.151058737715e-565
4.337488169799e-568
1.599719441437e-570
5.773645886088e-573
2.038883712663e-575
7.04376767946e-578
2.380242251207e-580
7.86634908573e-583
2.542099535834e-585
8.03173781329e-588
2.480581246112e-590
7.48777223221e-593
2.208687292445e-595
6.365380694896e-598
1.792041490059e-600
4.927528052685e-603
1.323092437799e-605
3.468588493964e-608
8.87640545321e-611
2.216982395738e-613
5.403135256258e-616
1.284707706169e-618
2.979564487385e-621
6.73914694619e-624
1.486185586207e-626
3.194979068174e-629
6.6942086826e-632
1.366704532185e-634
2.718319765762e-637
5.266010955255e-640
9.93393815957e-643
1.824404531579e-645
3.261224164011e-648
5.672807746103e-651
9.5999658549e-654
1.580119741444e-656
2.529016154199e-659
3.935004078056e-662
5.950582267659e-665
8.74341569701e-668
1.247943127592e-670
1.729748452877e-673
2.327694056076e-676
3.040196724094e-679
3.852885147737e-682
4.736443932138e-685
5.646399939576e-688
6.52547608395e-691
7.30869696122e-694
7.93082018277e-697
8.33502927601e-700
8.48134470889e-703
8.35306100778e-706
7.95979293802e-709
7.33638023401e-712
6.53779734999e-715
5.631097008122e-718
4.686034925935e-721
3.766210321419e-724
2.922282359561e-727
2.188198414265e-730
1.580602664464e-733
1.100907617932e-736
7.39073852708e-740
4.780199994921e-743
2.97737637998e-746
1.78506725394e-749
1.029692945285e-752
5.711991964276e-756
3.045675346804e-759
1.560199686772e-762
7.67461235645e-766
3.623147956927e-769
1.640729844856e-772
7.1231428081e-776
2.963097217078e-779
1.180346848236e-782
4.499934313652e-786
1.640861795906e-789
5.71921744373e-793
1.904242067306e-796
6.052617210245e-800
1.835297325381e-803
5.305303900798e-807
1.460981094751e-810
3.829926086015e-814
9.55035118137e-818
2.263567495789e-821
5.09523974949e-825
1.088364177356e-828
2.204208453161e-832
4.228815839506e-836
7.67855364222e-840
1.318344464233e-843
2.138200035166e-847
3.272691481772e-851
4.722282921035e-855
6.416923997659e-859
8.20260119151e-863
9.85215555589e-867
1.110589306294e-870
1.173511679322e-874
1.160867756324e-878
1.073664783434e-882
9.27156240681e-887
7.46483550943e-891
5.595403694269e-895
3.898717692101e-899
2.521155940901e-903
1.510584494201e-907
8.37157749231e-912
4.283551459743e-916
2.019846551202e-920
8.75986527029e-925
3.486979460052e-929
1.271280047152e-933
4.235413568184e-938
1.286438071168e-942
3.553412524751e-947
8.90301512744e-952
2.017791130391e-956
4.124897946777e-961
7.582823526257e-966
1.249509200317e-970
1.83937390441e-975
2.410286114846e-980
2.800841416463e-985
2.874632442741e-990
2.594732820965e-995
2.050416112184e-1000
1.411631402231e-1005
8.42319561081e-1011
4.332073271504e-1016
1.908926194043e-1021
7.160989241969e-1027
2.271154738456e-1032
6.044600249232e-1038
1.339127566478e-1043
2.447887295548e-1049
3.656902451921e-1055
4.418090529995e-1061
4.267332016202e-1067
3.253638565942e-1073
1.930964948639e-1079
8.781902913203e-1086
3.007661236746e-1092
7.606227329526e-1099
1.389194719695e-1105
1.786564931367e-1112
1.571496481867e-1119
9.141581121726e-1127
3.380839732528e-1134
7.586736574422e-1142
9.767653030886e-1150
6.738758744562e-1158
2.288736138822e-1166
3.435944122412e-1175
1.980592138114e-1184
3.62313123396e-1194
1.605321915372e-1204
1.145249746232e-1215
6.684111950123e-1228
8.655386363175e-1242
8.46160601444e-1259