0.0802131324102154
0.0791845769825532
0.0771668470217545
0.0742362030858985
0.0705010043046951
0.0660950650937705
0.0611697169485156
0.0558852302376141
0.0504022695639125
0.0448740076916929
0.0394394171311854
0.0342181113285896
0.0293069387366605
0.0247783632138706
0.0206805115299779
0.0170386473367848
0.0138577493748024
0.0111258326401643
0.0088176520880498
0.006898462381093
0.005327564774631
0.0040614430754544
0.0030563648448572
0.0022703934071403
0.00166481484899918
0.00120502866056583
0.00086097994506264
0.00060722610330001
0.00042273381067287
0.00029049590175854
0.00019704559435371
0.000131930213232897
0.000087190594491075
0.000056877405388855
0.000036622796425785
0.000023275635240118
0.000014601131798356
9.0407188485868e-6
5.5251909824831e-6
3.3328505281733e-6
1.9842884902802e-6
1.16603166463236e-6
6.7628296517265e-7
3.8712840759658e-7
2.1871871035048e-7
1.2195983950481e-7
6.711867442498e-8
3.6455328702586e-8
1.9541827945406e-8
1.03383484088981e-8
5.3977671067611e-9
2.7813087498461e-9
1.4143318390584e-9
7.0976627438348e-10
3.5150870656988e-10
1.7179406384604e-10
8.2856408416892e-11
3.943522970209e-11
1.8521548457902e-11
8.5841850740715e-12
3.9259414745916e-12
1.7717626118955e-12
7.8900197491088e-13
3.467011350847e-13
1.5032482596932e-13
6.431288209134e-14
2.7148790130088e-14
1.1307889282785e-14
4.6471251934485e-15
1.8843086287036e-15
7.5383709641439e-16
2.9754566320718e-16
1.1587056462754e-16
4.4517278838967e-17
1.6873787407288e-17
6.3098259675178e-18
2.3277443420301e-18
8.471462499013e-19
3.0414362665336e-19
1.0771796457094e-19
3.7633828222078e-20
1.2970034305476e-20
4.4092813987314e-21
1.4785970761259e-21
4.8907835983125e-22
1.5956761009735e-22
5.134991214433e-23
1.6298745945179e-23
5.1024518387767e-24
1.5754494046227e-24
4.7975695378784e-25
1.4408530208642e-25
4.2676603359055e-26
1.2465847587354e-26
3.5909179342227e-27
1.0200714868859e-27
2.8575037981081e-28
7.893390348441e-29
2.1500582838065e-29
5.774786891624e-30
1.5293602888945e-30
3.9935641855429e-31
1.0281992598823e-31
2.6100465860058e-32
6.53223845119e-33
1.6117841882583e-33
3.9207665171268e-34
9.402477034789e-35
2.222842125521e-35
5.180332785414e-36
1.1900820711912e-36
2.6949686845395e-37
6.01554908564e-38
1.3235141448167e-38
2.8701230253622e-39
6.134479754066e-40
1.2922507039572e-40
2.682835089683e-41
5.489155221743e-42
1.1067954815567e-42
2.1992033935912e-43
4.306110941739e-44
8.308302396342e-45
1.5795447016996e-45
2.9588925339674e-46
5.461211821918e-47
9.931072136959e-48
1.7792422118122e-48
3.1404376693899e-49
5.460665852426e-50
9.353740170944e-51
1.5783126438366e-51
2.6233265931336e-52
4.294836509581e-53
6.925625613138e-54
1.0999486967219e-54
1.7205592313759e-55
2.6505324782407e-56
4.021103442951e-57
6.007420979954e-58
8.837785738957e-59
1.280245040741e-59
1.8260740970565e-60
2.5644872884597e-61
3.545851449479e-62
4.826797665471e-63
6.468397849116e-64
8.533234724539e-65
1.1081282362054e-65
1.4164638363381e-66
1.7821310342034e-67
2.206844480058e-68
2.6895573284462e-69
3.225860887507e-70
3.807542210636e-71
4.422382757722e-72
5.054269778205e-73
5.683668103837e-74
6.288464799592e-75
6.845156015993e-76
7.330299784749e-77
7.722117052752e-78
8.002092836309e-79
8.156415855957e-80
8.177102018392e-81
8.06267517473e-82
7.818324780341e-83
7.455518347326e-84
6.991108661466e-85
6.446032597399e-86
5.843741793079e-87
5.20852948736e-88
4.563919797608e-89
3.93126654862e-90
3.328672658761e-91
2.770294569408e-92
2.2660468133735e-93
1.8216767385827e-94
1.4391442829356e-95
1.1172198970811e-96
8.522060743589e-98
6.386930443446e-99
4.702739448899e-100
3.401652928395e-101
2.417008725169e-102
1.6868790753168e-103
1.1563123626852e-104
7.784297486302e-106
5.146166674848e-107
3.340682013817e-108
2.1293132641743e-109
1.3324868394298e-110
8.185978739563e-112
4.936595234863e-113
2.922120303327e-114
1.6976427228967e-115
9.679114286359e-117
5.415381433293e-118
2.972960189859e-119
1.6013185439286e-120
8.461676981954e-122
4.386177171943e-123
2.230115368355e-124
1.1120896378134e-125
5.438546908465e-127
2.608046554978e-128
1.226296132474e-129
5.653020169567e-131
2.554629212613e-132
1.1316021832379e-133
4.912855922445e-135
2.090276730902e-136
8.714802923146e-138
3.559993869478e-139
1.424728234856e-140
5.585453545285e-142
2.144768049554e-143
8.065825716762e-145
2.970396173538e-146
1.0710917079441e-147
3.78124334957e-149
1.3067318753833e-150
4.420075117302e-152
1.4632238009762e-153
4.739970453827e-155
1.5023436709897e-156
4.658390585396e-158
1.4129239074847e-159
4.191412058178e-161
1.2159121742706e-162
3.448934627093e-164
9.564193211731e-166
2.592573686153e-167
6.868644893651e-169
1.778299946524e-170
4.498510722618e-172
1.1117242056203e-173
2.683636117318e-175
6.326756024786e-177
1.456468054021e-178
3.273509844457e-180
7.182049467239e-182
1.537918231072e-183
3.213624001994e-185
6.551782302705e-187
1.303019105573e-188
2.52750539886e-190
4.780849935057e-192
8.816784260981e-194
1.584989458501e-195
2.77696981474e-197
4.740898443169e-199
7.885140881049e-201
1.277410966247e-202
2.015281396617e-204
3.095526364518e-206
4.628447099186e-208
6.73510889178e-210
9.536022218802e-212
1.31342782279e-213
1.759392238012e-215
2.291584782406e-217
2.901505176394e-219
3.570428262361e-221
4.268941035448e-223
4.958086843823e-225
5.592311109663e-227
6.124048457663e-229
6.509394837178e-231
6.713972749615e-233
6.717928026533e-235
6.51906488611e-237
6.133442019008e-239
5.593252408079e-241
4.942369938973e-243
4.230419661321e-245
3.506491945978e-247
2.81361252169e-249
2.184819589773e-251
1.641275081199e-253
1.1923755762918e-255
8.374496641719e-258
5.684115297137e-260
3.727061603379e-262
2.359973334896e-264
1.442507032341e-266
8.508022655368e-269
4.840214914239e-271
2.654894035639e-273
1.403437685166e-275
7.146852245929e-278
3.504449810367e-280
1.653906844773e-282
7.509070085356e-285
3.278217159929e-287
1.375475471366e-289
5.543870193824e-292
2.145329466252e-294
7.96645846463e-297
2.837202042915e-299
9.685580883431e-302
3.167535457769e-304
9.917919588491e-307
2.971381880342e-309
8.512614603741e-312
2.330525734983e-314
6.093162107637e-317
1.520310232257e-319
3.617562354856e-322
8.20310596333e-325
1.771304994624e-327
3.639359542596e-330
7.109288948536e-333
1.319284862574e-335
2.323763403405e-338
3.88153368359e-341
6.14295070079e-344
9.20244537461e-347
1.303640592649e-349
1.744622857009e-352
2.203326882797e-355
2.623117665356e-358
2.94054660922e-361
3.100280967924e-364
3.07049332412e-367
2.852987463492e-370
2.483730686236e-373
2.023144691264e-376
1.539739233976e-379
1.0932482444464e-382
7.23048313237e-386
4.447218404628e-389
2.539487786555e-392
1.343910532413e-395
6.578925900386e-399
2.973412809121e-402
1.2381827554419e-405
4.74037802538e-409
1.664798037117e-412
5.350580216948e-416
1.569806403393e-419
4.193269104744e-423
1.0169787228727e-426
2.232773908128e-430
4.423813966191e-434
7.88372092769e-438
1.259276560733e-441
1.796145570774e-445
2.278557542977e-449
2.559917523855e-453
2.535472300917e-457
2.203101526477e-461
1.670589034318e-465
1.0992693405393e-469
6.238506544249e-474
3.03333935393e-478
1.2545811516211e-482
4.379324815241e-487
1.2791500403598e-491
3.097095207359e-496
6.151820481004e-501
9.910303400824e-506
1.278399398646e-510
1.3018311507285e-515
1.0299066540303e-520
6.216317554934e-526
2.804184598883e-531
9.232966487378e-537
2.158923498448e-542
3.471968839295e-548
3.697325954255e-554
2.491284989122e-560
1.0049042319995e-566
2.265334739014e-573
2.615416220818e-580
1.3799636286347e-587
2.852290197121e-595
1.8566417782858e-603
2.737805780511e-612
5.300371168837e-622
4.716960369668e-633
1.281569845975e-646