0.0833122626851155
0.0821601449506767
0.07990346488134
0.0766340782557894
0.0724819415370229
0.0676065503418923
0.0621868013152273
0.0564101729706122
0.0504621304371169
0.0445165724166911
0.0387279732052891
0.0332256544645301
0.0281103810839964
0.0234532431609516
0.019296587526527
0.0156566154828173
0.0125271775365043
0.009884270982122
0.0076907746760941
0.0059010244422732
0.0044649268503108
0.0033314131632435
0.0024511356445915
0.00177839510788225
0.00127235548423424
0.00089764599314008
0.00062447512240559
0.00042838620149972
0.00028977628513693
0.00019328309337036
0.000127123269878897
0.00008244280883772
0.000052719743951619
0.000033241661179766
0.000020666981876642
0.0000126692873452538
7.65779698341e-6
4.5638111536749e-6
2.6817551859046e-6
1.5537230324275e-6
8.8753670907939e-7
4.9986461945867e-7
2.7756634135428e-7
1.5195828329581e-7
8.2020015404675e-8
4.3646335670909e-8
2.2898269141669e-8
1.18434646249634e-8
6.0390734023073e-9
3.0357872332794e-9
1.504443040292e-9
7.3498309011533e-10
3.5397269986277e-10
1.6805309713334e-10
7.8650407054309e-11
3.628493605705e-11
1.6501209405952e-11
7.397111550935e-12
3.2685742202072e-12
1.4236295522797e-12
6.1118210029871e-13
2.5862567118692e-13
1.0786790575428e-13
4.4342948758146e-14
1.7966378613221e-14
7.1745056365161e-15
2.8236477896172e-15
1.0952359201817e-15
4.1867285144535e-16
1.5772592766596e-16
5.8557644560038e-17
2.1424328728216e-17
7.724399109191e-18
2.7443950718388e-18
9.608230875479e-19
3.3147087510752e-19
1.1267889448665e-19
3.7742006904872e-20
1.2456109065464e-20
4.0504608816984e-21
1.2977187295074e-21
4.0963786225508e-22
1.2739492506829e-22
3.9032434951505e-23
1.1781739987864e-23
3.5034192897832e-24
1.0262711994534e-24
2.9614730270651e-25
8.418159215618e-26
2.3571006315164e-26
6.500974907574e-27
1.7660613798716e-27
4.725496161633e-28
1.2453474872687e-28
3.2323784710124e-29
8.26283741278e-30
2.080166927732e-30
5.1572191659265e-31
1.2591215550736e-31
3.0271953971154e-32
7.166710030316e-33
1.6706730005389e-33
3.8347828514763e-34
8.666685893568e-35
1.9284720370108e-35
4.2248032530092e-36
9.112071546818e-37
1.9347714356633e-37
4.0441600745098e-38
8.321413963314e-39
1.6854652920945e-39
3.3603147106425e-40
6.59418123474e-41
1.2736370955675e-41
2.4211254622937e-42
4.529583968876e-43
8.339714356998e-44
1.5110472981382e-44
2.6941446247177e-45
4.726736768551e-46
8.1598288682e-47
1.3859929318979e-47
2.3162331428701e-48
3.8082506567969e-49
6.159865483378e-50
9.80165858906e-51
1.5342300443652e-51
2.3622378718591e-52
3.577489765221e-53
5.32885522562e-54
7.806727835253e-55
1.1247663612167e-55
1.5936466965537e-56
2.2204255661207e-57
3.0420933983185e-58
4.098061138735e-59
5.427889570405e-60
7.068171312546e-61
9.048636272034e-62
1.1387683621843e-62
1.4087688311332e-63
1.7130566272016e-64
2.0474183359967e-65
2.4050231120503e-66
2.776414460119e-67
3.1497491117451e-68
3.511301723791e-69
3.846222602151e-70
4.13950073155e-71
4.377051341312e-72
4.546821783184e-73
4.639796736477e-74
4.650787057684e-75
4.57890675102e-76
4.427677393555e-77
4.204744013608e-78
3.921234087296e-79
3.590834515536e-80
3.228693459676e-81
2.8502700655006e-82
2.4702535791185e-83
2.1016554383096e-84
1.7551475785813e-85
1.438683151203e-86
1.1573983871972e-87
9.137620814183e-89
7.0791614832e-90
5.381388516684e-91
4.013614463039e-92
2.936771686682e-93
2.1079577267932e-94
1.4841378592958e-95
1.0248732681555e-96
6.940840816234e-98
4.609585691279e-99
3.001794422941e-100
1.9165936845941e-101
1.1996911717164e-102
7.361373635014e-104
4.42748762187e-105
2.609897590319e-106
1.5077006308091e-107
8.53472673815e-109
4.73373207369e-110
2.572250967309e-111
1.3692225376179e-112
7.139051909012e-114
3.645582586323e-115
1.8230839317406e-116
8.927141820108e-118
4.279926155349e-119
2.0087666573622e-120
9.228745067174e-122
4.149784767892e-123
1.8261116171029e-124
7.863142972651e-126
3.312681025458e-127
1.3652882179808e-128
5.503971716303e-130
2.170102190809e-131
8.36720617617e-133
3.154425856862e-134
1.1626316059653e-135
4.188777946655e-137
1.4750151974068e-138
5.07585458616e-140
1.7067266576395e-141
5.606586182281e-143
1.7990753523328e-144
5.638350592559e-146
1.7256040851341e-147
5.156440447864e-149
1.5042184364773e-150
4.283068490638e-152
1.1901791478955e-153
3.227094382973e-155
8.536514868978e-157
2.202649957064e-158
5.542827875738e-160
1.3600726059852e-161
3.25356901021e-163
7.586583623974e-165
1.72401262114e-166
3.817339900101e-168
8.234252609339e-170
1.729998641456e-171
3.539478460518e-173
7.050450246624e-175
1.3670644981596e-176
2.579672505291e-178
4.736425339426e-180
8.459656894861e-182
1.469515994772e-183
2.48208777353e-185
4.075501351011e-187
6.50375131333e-189
1.0084669746239e-190
1.519036245321e-192
2.222158410865e-194
3.156253406995e-196
4.351570235463e-198
5.822137143576e-200
7.557250495433e-202
9.514158378729e-204
1.1613946572439e-205
1.374254908134e-207
1.575815172524e-209
1.750505637401e-211
1.883254149053e-213
1.961577890903e-215
1.977490544055e-217
1.928827736421e-219
1.819689915183e-221
1.65988389662e-223
1.46346545598e-225
1.2466835696812e-227
1.0257462182291e-229
8.14836978696e-232
6.247150516765e-234
4.620648797065e-236
3.295785028993e-238
2.266055854676e-240
1.501255520463e-242
9.579057075166e-245
5.884128459506e-247
3.478042974858e-249
1.977325720431e-251
1.0806964282142e-253
5.675415959209e-256
2.862468368974e-258
1.385821571036e-260
6.436740434932e-263
2.866676991431e-265
1.2234915375048e-267
5.001278576187e-270
1.956861949381e-272
7.324400354265e-275
2.62085227165e-277
8.959613012111e-280
2.924296053629e-282
9.106238737895e-285
2.703542901569e-287
7.646897228289e-290
2.059045992708e-292
5.27395070407e-295
1.2839395983513e-297
2.968446643805e-300
6.512015331627e-303
1.354302400778e-305
2.667651099407e-308
4.97210708102e-311
8.760320925609e-314
1.457545164812e-316
2.287622440427e-319
3.383198364876e-322
4.709268736626e-325
6.16233229878e-328
7.571198328556e-331
8.722732819443e-334
9.410800552644e-337
9.494670525498e-340
8.944993115756e-343
7.85718387913e-346
6.424679138557e-349
4.882174878743e-352
3.441907411853e-355
2.247088693909e-358
1.355969161962e-361
7.547808406145e-365
3.867433449946e-368
1.820114066574e-371
7.849479254073e-375
3.094484150664e-378
1.1122982711504e-381
3.635442135043e-385
1.0773214906223e-388
2.885762487586e-392
6.964621373514e-396
1.5092555479e-399
2.925951475457e-403
5.054941873149e-407
7.749972515725e-411
1.0497412933347e-414
1.2502169008986e-418
1.3024972096027e-422
1.180459772716e-426
9.25146307858e-431
6.229319449313e-435
3.578370562971e-439
1.74026061302e-443
7.105369773691e-448
2.41327916147e-452
6.749570692047e-457
1.5371764299355e-461
2.815389400789e-466
4.089534981599e-471
4.638056249346e-476
4.034990251672e-481
2.639039208059e-486
1.2679645245739e-491
4.357152714006e-497
1.0378597229557e-502
1.651319211455e-508
1.6787827649793e-514
1.0330915226029e-520
3.598427711285e-527
6.514991136247e-534
5.485857741565e-541
1.8484046139821e-548
2.0140792102306e-556
5.146401810747e-565
1.8112984515463e-574
3.15550558337e-585
1.9348541895116e-598