0.175083051674673
0.1645287111282664
0.1452868415980853
0.1205526243134999
0.0939855304652381
0.0688393376183747
0.0473642128003322
0.03060818522303604
0.01857475261153878
0.0105832739053598
0.00566018306051107
0.002840825817652119
0.001337644661394704
0.00059072464709476
0.0002445858074564906
0.0000949117664145859
0.00003450476648954258
0.00001174687409831615
3.743256399872653e-6
1.115953596112094e-6
3.110871761607176e-7
8.10423202574893e-8
1.97184779841203e-8
4.478035769609616e-9
9.48543773034169e-10
1.872695372577439e-10
3.443352599162688e-11
5.89175233727054e-12
9.37299536742264e-13
1.385104860678192e-13
1.899469945398285e-14
2.414778419099688e-15
2.842756218976709e-16
3.095372569477477e-17
3.11357964803286e-18
2.889420377354467e-19
2.470359118643049e-20
1.942967001922748e-21
1.40360142803203e-22
9.29755925283249e-24
5.6372579181684e-25
3.122606113931777e-26
1.577025647758303e-27
7.24594659769446e-29
3.021929469888896e-30
1.141126733035025e-31
3.891295646918917e-33
1.194898947348843e-34
3.293952868431018e-36
8.12498554833797e-38
1.786909538153171e-39
3.490488460106322e-41
6.03060420992048e-43
9.17392055026208e-45
1.222695778780984e-46
1.420033588040605e-48
1.42860780765928e-50
1.236847066303989e-52
9.14869951191942e-55
5.73514708332554e-57
3.019705262268695e-59
1.322002486236823e-61
4.75764083664525e-64
1.389331217584145e-66
3.243503369531592e-69
5.9504405763415e-72
8.40797590002214e-75
8.93608175164732e-78
6.94385851360166e-81
3.8114504571794e-84
1.416118026533522e-87
3.37441530601337e-91
4.80741213319662e-95
3.725514864555157e-99
1.374465206932408e-103
1.97618409873265e-108
7.96509303619847e-114
4.79779817545574e-120
8.65188982862703e-128