0.1599107938181426
0.1518468452678585
0.13691645960749
0.1172236467295442
0.095294126497036
0.0735502036381633
0.0538936719094632
0.03748788044477444
0.02475141254308027
0.01551013199723132
0.00922319469032866
0.00520397363257664
0.002785527557197161
0.001414238303510828
0.000680922606584744
0.00031084451589835
0.0001345123381919854
0.0000551633163230484
0.00002143366182215535
7.88825492699028e-6
2.749014422443627e-6
9.06879384354987e-7
2.831099293162532e-7
8.36068445544542e-8
2.334796432676639e-8
6.16320867134327e-9
1.537220578380108e-9
3.62116271796185e-10
8.05273477896287e-11
1.689712221046995e-11
3.343764509378788e-12
6.23706782581346e-13
1.095982279278027e-13
1.813213682644041e-14
2.822591693531131e-15
4.131602176448093e-16
5.68282051802137e-17
7.33961401810604e-18
8.89446099459928e-19
1.010555406384739e-19
1.075559521973795e-20
1.071430973024801e-21
9.98048910483507e-23
8.68519436177113e-24
7.05355608421597e-25
5.34042261682206e-26
3.765268765020084e-27
2.469206834769447e-28
1.504253592163963e-29
8.50195043685905e-31
4.451954341905952e-32
2.156675658364207e-33
9.65056273999708e-35
3.982423234514905e-36
1.512938211155733e-37
5.28179459548366e-39
1.69117217716053e-40
4.95618567627032e-42
1.326513588025682e-43
3.234966583735503e-45
7.17041841137664e-47
1.440738971098036e-48
2.616746008985538e-50
4.283064213621714e-52
6.29721572687484e-54
8.28744069837836e-56
9.72586035797255e-58
1.013670205209921e-59
9.34122001647e-62
7.57460191489466e-64
5.37636884239624e-66
3.321261059652474e-68
1.774483909247684e-70
8.14311351033234e-73
3.185185805421092e-75
1.052963374093923e-77
2.914102551054339e-80
6.68010616738075e-83
1.253210254518462e-85
1.897949784636914e-88
2.284317118082566e-91
2.145692101700455e-94
1.540024503498293e-97
8.23729791291596e-101
3.186789220408298e-104
8.59909057048179e-108
1.547202130919348e-111
1.753505707559401e-115
1.162385961226708e-119
4.078512430885004e-124
6.57892656596128e-129
3.947579830338571e-134
6.21573504284925e-140
1.318121811418306e-146
6.82321979422494e-155