0.0505530374434497
0.0502950131551338
0.0497829080729522
0.0490245089234692
0.0480312487028246
0.0468179199758642
0.0454023084827353
0.0438047597309959
0.042047693320699
0.040155081175865
0.038151906591781
0.036063621043094
0.033915615057305
0.031732718199329
0.029538741420418
0.027356072806594
0.025205335240204
0.023105111793579
0.021071741936536
0.019119188982913
0.017258976736191
0.0155001911129258
0.0138495406963096
0.012311468748478
0.0108883082128731
0.0095804706681627
0.0083866600331672
0.0073041020308387
0.0063287809477973
0.0054556760140702
0.0046789907101155
0.0039923694184709
0.0033890970114236
0.0028622781454274
0.0024049941668555
0.0020104365806482
0.0016720169621834
0.0013834539822098
0.001138838853617
0.0009326809946675
0.00075993604110949
0.00061601854034752
0.00049680174005339
0.00039860685960941
0.00031818412538352
0.00025268768002577
0.00019964626086156
0.00015693130050148
0.00012272384924067
0.0000954814663993
0.00007390598652204
0.0000569128437629
0.000043602438861054
0.000033233860734237
0.000025201129925965
0.00001901201351645
0.000014269369103283
0.000010654906752089
7.915209598687e-6
5.8498230087067e-6
4.3012057963155e-6
3.1463320261412e-6
2.2897356663084e-6
1.6578004288314e-6
1.1941114747726e-6
8.557025773007e-7
6.100504691562e-7
4.3268640969332e-7
3.0531272684795e-7
2.1432869537225e-7
1.4968527513572e-7
1.0400177920724e-7
7.188941736368e-8
4.943690050257e-8
3.3821989054226e-8
2.3020155472034e-8
1.5587558964502e-8
1.050045845375e-8
7.037173305225e-9
4.691887599541e-9
3.1121165034642e-9
2.0536314608615e-9
1.3481775814832e-9
8.804995362277e-10
5.720949348145e-10
3.6979710802661e-10
2.3780163971971e-10
1.5213235550183e-10
9.682404498196e-11
6.13054681799e-11
3.8616154971972e-11
2.4198705077329e-11
1.508578658659e-11
9.356124104869e-12
5.77265508687e-12
3.5432867464233e-12
2.1636523081091e-12
1.3143727547389e-12
7.94326299591e-13
4.775601305235e-13
2.856309806944e-13
1.6995348874979e-13
1.0060087794866e-13
5.924064172899e-14
3.470430979055e-14
2.0225166814921e-14
1.1725873939718e-14
6.763042162054e-15
3.880449941723e-15
2.2149531114932e-15
1.2577339624959e-15
7.10483785505e-16
3.992638687499e-16
2.2320587742135e-16
1.241338800118e-16
6.867733414259e-17
3.779847004528e-17
2.0695313102744e-17
1.1272131718064e-17
6.107671387346e-18
3.292153660054e-18
1.7653004299362e-18
9.416521694853e-19
4.996834949085e-19
2.637736164435e-19
1.3851563582569e-19
7.235966992063e-20
3.76031227917e-20
1.9439273414043e-20
9.996872134635e-21
5.114173386255e-21
2.6026343711703e-21
1.3175784128711e-21
6.63536114107e-22
3.324119475541e-22
1.6565777511526e-22
8.212385563034e-23
4.049937354795e-23
1.9867714121978e-23
9.695434315018e-24
4.706581078692e-24
2.2728033682604e-24
1.0917805542186e-24
5.217051646275e-25
2.479878032088e-25
1.1726003444729e-25
5.515480121471e-26
2.580651339743e-26
1.2011220259914e-26
5.561037159588e-27
2.561146393042e-27
1.173334969099e-27
5.347092396536e-28
2.423932254461e-28
1.0930233145559e-28
4.902793141182e-29
2.1875699076128e-29
9.709202545048e-30
4.286545595733e-30
1.8824897039145e-30
8.223525603526e-31
3.573409279252e-31
1.544563377602e-31
6.640884808955e-32
2.840157184882e-32
1.2082421634135e-32
5.112811001955e-33
2.15208085817e-33
9.010511988407e-34
3.752591836734e-34
1.5545442805846e-34
6.405657229243e-35
2.625500108507e-35
1.0704023185048e-35
4.34077823434e-36
1.7509454168611e-36
7.02523659832e-37
2.803699862623e-37
1.1129692761162e-37
4.394553802121e-38
1.7259380702934e-38
6.742381049272e-39
2.619858786693e-39
1.0125531118124e-39
3.892529476273e-40
1.4883977160147e-40
5.660800898326e-41
2.141447199582e-41
8.057610390366e-42
3.015597331064e-42
1.1225544387894e-42
4.156303208762e-43
1.5306346846174e-43
5.606594600546e-44
2.042625674993e-44
7.401831436716e-45
2.667774413942e-45
9.563508590315e-46
3.409905624825e-46
1.2092696049288e-46
4.265385523265e-47
1.4963959274428e-47
5.221394499964e-48
1.812078225115e-48
6.254844169097e-49
2.147354917448e-49
7.33225583702e-50
2.490098237283e-50
8.410834467729e-51
2.825556908535e-51
9.44082669852e-52
3.137296783223e-52
1.0369060405645e-52
3.408474334406e-53
1.1143357627793e-53
3.623315164699e-54
1.1717331967976e-54
3.768621362111e-55
1.2054965905695e-55
3.83510915593e-56
1.2134343337723e-56
3.818389007613e-57
1.195000077555e-57
3.719444523394e-58
1.151354699826e-58
3.544537651476e-59
1.08524538391e-59
3.304552710765e-60
1.0007193110022e-60
3.0138747947e-61
9.027134677158e-62
2.688963320645e-62
7.965783866915e-63
2.346817282036e-63
6.875995458611e-64
2.003529983635e-64
5.80575201104e-65
1.673099949653e-65
4.794954073171e-66
1.3666098934326e-66
3.87347346747e-67
1.0918196129695e-67
3.060510221101e-68
8.531546466228e-69
2.365108168674e-69
6.520214841434e-70
1.787552369918e-70
4.873488252848e-71
1.3213067573518e-71
3.562445790229e-72
9.551509948534e-73
2.546673296658e-73
6.752275228476e-74
1.780331982167e-74
4.667926980372e-75
1.2170755963209e-75
3.155583843957e-76
8.135959559737e-77
2.085945398599e-77
5.318147631219e-78
1.348277635978e-78
3.399053051006e-79
8.521075182666e-80
2.124158188531e-80
5.26542550008e-81
1.297873572704e-81
3.181132369456e-82
7.753176139242e-83
1.878988978958e-83
4.528074797031e-84
1.0850401862834e-84
2.585348010746e-85
6.125354540227e-86
1.443047238184e-86
3.38037605935e-87
7.873769271329e-88
1.823608401938e-88
4.199617560818e-89
9.616458802198e-90
2.189504724213e-90
4.956782601716e-91
1.1157711184933e-91
2.497293535081e-92
5.557522990091e-93
1.229725262313e-93
2.705502984749e-94
5.918327159751e-95
1.287238060562e-95
2.783720580185e-96
5.985455062273e-97
1.279591559761e-97
2.719857167993e-98
5.74803280451e-99
1.20778226146e-99
2.523202889823e-100
5.24092151081e-101
1.082313115104e-101
2.222213523891e-102
4.536323906453e-103
9.206732555128e-104
1.857753046936e-104
3.726912475557e-105
7.433390078156e-106
1.474004884686e-106
2.905915158771e-107
5.695563198386e-108
1.10983361309e-108
2.150028578561e-109
4.140887633897e-110
7.928722102937e-111
1.509284653627e-111
2.856241897736e-112
5.37368658387e-113
1.005080473772e-113
1.868865813021e-114
3.454632053159e-115
6.348475879966e-116
1.159788336846e-116
2.106333651869e-117
3.802877434758e-118
6.82545768333e-119
1.217819879407e-119
2.160049488719e-120
3.808651398968e-121
6.675797183319e-122
1.163206781905e-122
2.014791367316e-123
3.469125979971e-124
5.937783428172e-125
1.010276782833e-125
1.708698987775e-126
2.872746753257e-127
4.801015648221e-128
7.975727263368e-129
1.317062074428e-129
2.161913634397e-130
3.527474968318e-131
5.721111197043e-132
9.22327200995e-133
1.478002413147e-133
2.354225574025e-134
3.727357932873e-135
5.865857405241e-136
9.17564378662e-137
1.4266370018e-137
2.204751044503e-138
3.38666306231e-139
5.17068401826e-140
7.84665900295e-141
1.183530677659e-141
1.774309552614e-142
2.643817980276e-143
3.915463210674e-144
5.763433804658e-145
8.43185548132e-146
1.226043235361e-146
1.771847304835e-147
2.544964625143e-148
3.633031971751e-149
5.154490558836e-150
7.268225094321e-151
1.018577548055e-151
1.418665290105e-152
1.963735045034e-153
2.701468553361e-154
3.693413913814e-155
5.018385615689e-156
6.776492994803e-157
9.09385005588e-158
1.212800359278e-158
1.607409251596e-159
2.117171798043e-160
2.771246024387e-161
3.604792351298e-162
4.659812428326e-163
5.985996255473e-164
7.6415430513e-165
9.69391226696e-166
1.222045192242e-166
1.530884260776e-167
1.905728773471e-168
2.357437474329e-169
2.897852885414e-170
3.539698153363e-171
4.29641810097e-172
5.18195827405e-173
6.210477430912e-174
7.39599121236e-175
8.75194765003e-176
1.029073867017e-176
1.20231557278e-177
1.395780200677e-178
1.610047803665e-179
1.84535618504e-180
2.101540864548e-181
2.377979800033e-182
2.673545872453e-183
2.986570209177e-184
3.31481932782e-185
3.65548881366e-186
4.005215790935e-187
4.360111816558e-188
4.715817031614e-189
5.067575481589e-190
5.410330503578e-191
5.738838030349e-192
6.047794637935e-193
6.331976229078e-194
6.58638246298e-195
6.80638146997e-196
6.98784907573e-197
7.12729673675e-198
7.22198267282e-199
7.27000126956e-200
7.27034669004e-201
7.22294773729e-202
7.12867228709e-203
6.98930099295e-204
6.80747136928e-205
6.58659470494e-206
6.330749466582e-207
6.044555852227e-208
5.733036894276e-209
5.401471951577e-210
5.055248555039e-211
4.699718385041e-212
4.340062685326e-213
3.981171698271e-214
3.627541795371e-215
3.28319293809e-216
2.951608005796e-217
2.635694436311e-218
2.337767601816e-219
2.059554440666e-220
1.802215123856e-221
1.566379979511e-222
1.352198541746e-223
1.159397429651e-224
9.87343784333e-226
8.35111173346e-227
7.01545182054e-228
5.85326316129e-229
4.850283029487e-230
3.991703679972e-231
3.262625448814e-232
2.648435287219e-233
2.135109828136e-234
1.709445443544e-235
1.359220395279e-236
1.073296097767e-237
8.41665727913e-239
6.55459003136e-240
5.069119951448e-241
3.893104605813e-242
2.969144605535e-243
2.248711156064e-244
1.691212974516e-245
1.263049760379e-246
9.36688863501e-248
6.89792027893e-249
5.044104310883e-250
3.662588719469e-251
2.640739495282e-252
1.890563910442e-253
1.343942281817e-254
9.48611434305e-256
6.64828429499e-257
4.626358462968e-258
3.196483026308e-259
2.192824521624e-260
1.493580422814e-261
1.010046758403e-262
6.78168056564e-264
4.520755165692e-265
2.991970099826e-266
1.965942834049e-267
1.282468298293e-268
8.30575707035e-270
5.34027143357e-271
3.408737989457e-272
2.160054576811e-273
1.358849151533e-274
8.48609261232e-276
5.261006416621e-277
3.237792111938e-278
1.978074507292e-279
1.199621801045e-280
7.2218506904e-282
4.315682799262e-283
2.560010571459e-284
1.507368988616e-285
8.810027912e-287
5.111038686795e-288
2.943130252122e-289
1.682179950503e-290
9.54316144287e-292
5.373572357326e-293
3.003164179424e-294
1.665843864315e-295
9.17112948975e-297
5.011165063184e-298
2.71754001466e-299
1.462609927856e-300
7.81250588476e-302
4.141478181024e-303
2.178800434987e-304
1.137549822969e-305
5.89397254974e-307
3.030569683315e-308
1.546367331384e-309
7.83009430534e-311
3.934421895123e-312
1.961770107702e-313
9.70648865733e-315
4.765589328564e-316
2.321694313203e-317
1.122330900632e-318
5.383413347466e-320
2.562175569703e-321
1.209951018187e-322
5.669278516129e-324
2.635616493442e-325
1.215694192356e-326
5.563491313388e-328
2.526065696629e-329
1.137913350757e-330
5.08550635198e-332
2.254824575781e-333
9.91831560659e-335
4.328154045749e-336
1.873700163286e-337
8.04679646936e-339
3.428185975883e-340
1.448828647612e-341
6.07398600322e-343
2.525965634707e-344
1.042007186254e-345
4.263794953333e-347
1.730600731797e-348
6.96730851455e-350
2.7822321011e-351
1.101981635728e-352
4.329128994036e-354
1.686802776752e-355
6.51865651743e-357
2.498470653335e-358
9.4974077279e-360
3.580493211701e-361
1.338689292687e-362
4.963729022637e-364
1.825239297802e-365
6.65590497649e-367
2.406921971145e-368
8.63130569318e-370
3.069322476932e-371
1.082310757007e-372
3.784397220414e-374
1.312104856492e-375
4.51085860659e-377
1.537660418735e-378
5.197133383417e-380
1.741650888069e-381
5.78686992733e-383
1.906352535249e-384
6.22631443721e-386
2.016130435819e-387
6.47228004697e-389
2.05986318409e-390
6.49909823915e-392
2.032790753541e-393
6.30301360574e-395
1.937362533291e-396
5.90298486378e-398
1.782877671317e-399
5.33766671758e-401
1.583989371612e-402
4.659236897951e-404
1.358406657591e-405
3.925436829334e-407
1.124294310516e-408
3.191511768005e-410
8.97899716901e-412
2.503598242104e-413
6.91826625925e-415
1.89459370867e-416
5.141755077874e-418
1.382844633848e-419
3.685464827462e-421
9.73325588089e-423
2.547188266461e-424
6.60527599259e-426
1.697218789902e-427
4.321071868637e-429
1.090038246297e-430
2.724446592137e-432
6.74669129306e-434
1.655270411008e-435
4.023482968001e-437
9.6890221027e-439
2.311488216761e-440
5.46294344379e-442
1.279010955706e-443
2.966357914736e-445
6.8149657872e-447
1.550899645996e-448
3.49600927025e-450
7.80583231772e-452
1.726284821182e-453
3.781299118467e-455
8.20339537106e-457
1.762620787459e-458
3.750812002443e-460
7.90462598797e-462
1.649739418445e-463
3.409696105777e-465
6.97863547236e-467
1.414386211606e-468
2.838547962409e-470
5.64083198553e-472
1.109932828821e-473
2.162442921777e-475
4.171332107377e-477
7.96663086859e-479
1.506371185948e-480
2.819902976496e-482
5.22599017932e-484
9.58787976487e-486
1.741339122727e-487
3.130675518459e-489
5.57152036148e-491
9.81470624358e-493
1.711337512686e-494
2.953490554293e-496
5.045029744464e-498
8.52916838267e-500
1.427088632602e-501
2.363104350216e-503
3.872476968503e-505
6.27993252039e-507
1.007783865488e-508
1.600339468085e-510
2.514635385012e-512
3.909686359256e-514
6.01448577365e-516
9.15441009388e-518
1.378551491524e-519
2.053817122394e-521
3.027136274832e-523
4.413862159546e-525
6.36659481184e-527
9.08410727873e-529
1.282120173569e-530
1.789910738387e-532
2.471580642464e-534
3.375541601241e-536
4.559548006747e-538
6.09107619304e-540
8.04719133878e-542
1.051372720755e-543
1.358360569854e-545
1.7354143949e-547
2.192324058307e-549
2.738440206771e-551
3.382066488688e-553
4.129758588532e-555
4.985560429172e-557
5.95022132635e-559
7.0204501523e-561
8.18827197378e-563
9.44055742826e-565
1.075879374007e-566
1.21191576593e-568
1.349293433311e-570
1.484730268867e-572
1.614647879552e-574
1.735317630608e-576
1.843031062324e-578
1.934284451976e-580
2.005965113632e-582
2.05552587154e-584
2.081134223088e-586
2.081784105122e-588
2.057360818982e-590
2.008653326568e-592
1.937312441669e-594
1.845757958084e-596
1.737041995704e-598
1.614679355393e-600
1.482458089123e-602
1.344244585192e-604
1.203797172673e-606
1.064600663277e-608
9.29731615732e-611
8.01760777162e-613
6.82695530841e-615
5.73961662761e-617
4.764207007652e-619
3.904167400548e-621
3.15845194768e-623
2.522353373167e-625
1.988387304758e-627
1.547165662571e-629
1.188202960347e-631
9.00615480364e-634
6.73689748305e-636
4.97311847509e-638
3.622616685666e-640
2.603855235487e-642
1.846664980759e-644
1.292147086115e-646
8.91997976259e-649
6.07462059375e-651
4.080871225205e-653
2.704206857723e-655
1.767481307004e-657
1.139389018575e-659
7.24378670454e-662
4.541607594299e-664
2.807873590245e-666
1.711760120141e-668
1.028913418209e-670
6.09759039625e-673
3.562491302044e-675
2.05181370655e-677
1.164884124568e-679
6.51868632119e-682
3.595353504138e-684
1.954333142555e-686
1.046892602627e-688
5.5261538062e-691
2.87429666976e-693
1.472984563443e-695
7.43691264974e-698
3.699002713379e-700
1.812355563705e-702
8.74657335372e-705
4.15754489309e-707
1.946295552104e-709
8.97266642386e-712
4.073266931308e-714
1.820707730939e-716
8.01273320047e-719
3.471610046731e-721
1.480666950262e-723
6.21621541546e-726
2.568636432882e-728
1.044605845934e-730
4.180617707679e-733
1.646384384227e-735
6.37953482479e-738
2.432078624497e-740
9.12137850871e-743
3.365120856585e-745
1.221126985814e-747
4.358160433542e-750
1.529641496267e-752
5.27936363466e-755
1.791595516734e-757
5.97757990623e-760
1.960640506123e-762
6.3214598993e-765
2.003285587637e-767
6.23926131793e-770
1.909618502196e-772
5.74302896591e-775
1.696968170523e-777
4.92608084506e-780
1.404691245258e-782
3.934300831819e-785
1.082223431831e-787
2.923370006797e-790
7.75393936254e-793
2.01923332461e-795
5.16213408468e-798
1.295398374312e-800
3.190514729586e-803
7.71175046346e-806
1.829072281617e-808
4.256422508729e-811
9.71726892424e-814
2.176097668073e-816
4.77964482346e-819
1.029541154115e-821
2.174551762012e-824
4.503189051306e-827
9.14199037351e-830
1.819183695117e-832
3.547904528673e-835
6.78063722477e-838
1.269741214889e-840
2.329422186579e-843
4.186112378376e-846
7.36790247883e-849
1.269951108612e-851
2.143281977893e-854
3.541269766033e-857
5.72747858818e-860
9.0662819662e-863
1.404403508743e-865
2.128561936078e-868
3.156067184087e-871
4.57725056999e-874
6.49222602946e-877
9.00417874762e-880
1.220917087946e-882
1.618262163134e-885
2.096332974632e-888
2.653672486606e-891
3.281980346013e-894
3.965071928577e-897
4.678604516758e-900
5.3908142961e-903
6.06438294364e-906
6.6593728614e-909
7.13696493956e-912
7.46354447821e-915
7.6145557194e-918
7.57752110431e-921
7.35371548227e-924
6.95818810211e-927
6.41809870579e-930
5.76962123253e-933
5.05390709426e-936
4.312738458394e-939
3.584513917484e-942
2.901098797986e-945
2.28587300271e-948
1.753071456727e-951
1.30829001849e-954
9.49866502981e-958
6.70765558655e-961
4.605982587089e-964
3.074744746284e-967
1.994899828592e-970
1.257611359686e-973
7.70142794159e-977
4.580148893727e-980
2.644560374111e-983
1.482083970799e-986
8.05963303757e-990
4.251638369205e-993
2.175049337522e-996
1.078759028669e-999
5.18550040274e-1003
2.415091927795e-1006
1.089473647093e-1009
4.758833740754e-1013
2.012069765331e-1016
8.23188729073e-1020
3.257781751125e-1023
1.246694701613e-1026
4.61169028521e-1030
1.648410067771e-1033
5.6913525896e-1037
1.897350329321e-1040
6.10512626221e-1044
1.895337853298e-1047
5.67478800492e-1051
1.637970567001e-1054
4.555904062848e-1058
1.220589651169e-1061
3.148487333159e-1065
7.81587603475e-1069
1.866374312392e-1072
4.285116473483e-1076
9.45501185779e-1080
2.003941532977e-1083
4.07769295417e-1087
7.96211309851e-1091
1.49107343173e-1094
2.676662441936e-1098
4.60334344026e-1102
7.58042860388e-1106
1.19454923825e-1109
1.80030968986e-1113
2.593341083032e-1117
3.568378313433e-1121
4.687091938857e-1125
5.87316958373e-1129
7.01593617045e-1133
7.98440112005e-1137
8.65035773591e-1141
8.91545685287e-1145
8.73463675734e-1149
8.12835064246e-1153
7.17912157582e-1157
6.01307164746e-1161
4.772127547987e-1165
3.585434182184e-1169
2.547988962351e-1173
1.711116202489e-1177
1.08486392882e-1181
6.48723210632e-1186
3.655047019464e-1190
1.938306949292e-1194
9.66451199351e-1199
4.525652105694e-1203
1.98804355198e-1207
8.18269744789e-1212
3.151789630049e-1216
1.134627460215e-1220
3.812500143487e-1225
1.194073425488e-1229
3.480956769564e-1234
9.4312892369e-1239
2.371275416673e-1243
5.523812904969e-1248
1.190205177247e-1252
2.367997593062e-1257
4.342470379578e-1262
7.32614361464e-1267
1.134877051836e-1271
1.610911927115e-1276
2.090834585227e-1281
2.475857775548e-1286
2.668567753973e-1291
2.611666776283e-1296
2.314906764203e-1301
1.853359993222e-1306
1.336509540303e-1311
8.65530859493e-1317
5.018055198749e-1322
2.595981121885e-1327
1.194187454784e-1332
4.866922004374e-1338
1.750493123437e-1343
5.533539908871e-1349
1.530682565565e-1354
3.687991828513e-1360
7.70140692394e-1366
1.386547871512e-1371
2.140111366693e-1377
2.814837188882e-1383
3.1345323603e-1389
2.934740457427e-1395
2.292888508733e-1401
1.482818080489e-1407
7.86800829284e-1414
3.392830404953e-1420
1.17666649826e-1426
3.244789403705e-1433
7.026259589182e-1440
1.178344968091e-1446
1.50728419479e-1453
1.445807279729e-1460
1.020385512173e-1467
5.186506891694e-1475
1.853269929985e-1482
4.528820025926e-1490
7.332709767402e-1498
7.583030190124e-1506
4.798070778136e-1514
1.76540890613e-1522
3.553558243633e-1531
3.632368092507e-1540
1.718923707306e-1549
3.348233995683e-1559
2.302247038192e-1569
4.538646204476e-1580
1.909840114266e-1591
1.0981353042781e-1603
4.116663026755e-1617
2.415410325062e-1632
5.485666877676e-1651