0.0548383894971249
0.0545091098480961
0.0538564690105392
0.0528921269983184
0.0516331389511738
0.0501014535647629
0.0483232769816758
0.0463283278867538
0.044149013353899
0.041819557293518
0.039375114076969
0.036850899088672
0.034281365689392
0.031699454555715
0.029135936843513
0.02661886740307
0.024173158667796
0.021820280164788
0.019578083151515
0.0174607449294037
0.0154788231323253
0.0136394068874511
0.011946349286003
0.0104005641085309
0.0090003691925096
0.0077418591293002
0.0066192910144126
0.0056254686045194
0.0047521122974484
0.0039902046853591
0.0033303038819066
0.0027628192526926
0.0022782464678724
0.0018673608552413
0.0015213697974054
0.0012320263502329
0.00099170734858405
0.00079346001718602
0.00063102154413373
0.00049881623882255
0.00039193482993441
0.00030610021086218
0.00023762355823009
0.00018335427975011
0.00014062673146807
0.00010720611618837
0.00008123546229937
0.000061185106126121
0.000045805675456995
0.000034085205237829
0.0000252107118034
0.00001853430861635
0.000013543760521312
9.837239178479e-6
7.101952610482e-6
5.0962691874743e-6
3.6349334602652e-6
2.5769710692544e-6
1.8158962784871e-6
1.2718631609378e-6
8.854356792684e-7
6.126893684087e-7
4.2139538301783e-7
2.8807442269111e-7
1.9574222121896e-7
1.3219912639117e-7
8.874344527948e-8
5.921162343878e-8
3.9268108385723e-8
2.5884194750626e-8
1.6958612923026e-8
1.104348901195e-8
7.147956351256e-9
4.59850209326e-9
2.9404180421393e-9
1.8687845640759e-9
1.1805003813411e-9
7.411890835255e-10
4.625376937785e-10
2.8689284381396e-10
1.7686666748519e-10
1.0837401848569e-10
6.600190521486e-11
3.9952050237893e-11
2.4036551362561e-11
1.437324750934e-11
8.542529238227e-12
5.046218120582e-12
2.9627341316629e-12
1.728882949697e-12
1.0027296838993e-12
5.780250132326e-13
3.3117151418012e-13
1.8858275918359e-13
1.067315330361e-13
6.003773891741e-14
3.356570592845e-14
1.8651173738913e-14
1.0300410003136e-14
5.653792234023e-15
3.084332447797e-15
1.6723128650566e-15
9.011724034537e-16
4.826487949334e-16
2.569132666386e-16
1.359166812812e-16
7.146425484869e-17
3.734511461023e-17
1.9395745319987e-17
1.0011653682213e-17
5.136067725668e-18
2.6186661932114e-18
1.3269449460238e-18
6.682637564095e-19
3.344752721359e-19
1.6637960299068e-19
8.22536075813e-20
4.04135928622e-20
1.9734059188969e-20
9.576805317663e-21
4.618904244247e-21
2.2139617560442e-21
1.0546610407816e-21
4.993052028803e-22
2.3492456632793e-22
1.0984964913251e-22
5.104762542899e-23
2.3575329295846e-23
1.0820418348821e-23
4.935522060201e-24
2.237296744404e-24
1.0078924872751e-24
4.51235868443e-25
2.0076613678348e-25
8.877146642131e-26
3.900776252635e-26
1.7034210858205e-26
7.392391140243e-27
3.188147403394e-27
1.3664097980035e-27
5.819842541035e-28
2.463359263208e-28
1.0361653806068e-28
4.331254871564e-29
1.7992034211524e-29
7.427235168376e-30
3.046863255227e-30
1.2420987442436e-30
5.03193626515e-31
2.0257621692012e-31
8.104282131161e-32
3.221898533564e-32
1.2728546390357e-32
4.997051455423e-33
1.9494643631304e-33
7.557560648005e-34
2.911462660535e-34
1.1145573525264e-34
4.239880223181e-35
1.6027399784186e-35
6.020453414406e-36
2.247244359076e-36
8.335366001736e-37
3.072208041845e-37
1.1251914521317e-37
4.094966494544e-38
1.4808827179832e-38
5.321518868704e-39
1.9001741686036e-39
6.742055069713e-40
2.377007055114e-40
8.327336799888e-41
2.898794678765e-41
1.0026806080459e-41
3.446194357863e-42
1.1769202968148e-42
3.993765882177e-43
1.3466183683526e-43
4.511603774147e-44
1.5018962922352e-44
4.967862803419e-45
1.6327434906726e-45
5.331913547657e-46
1.7300674921439e-46
5.577708659917e-47
1.7867321460739e-47
5.686851909309e-48
1.7984203748568e-48
5.650869886807e-49
1.7641770040091e-49
5.472297571416e-50
1.6865370389924e-50
5.164384956793e-51
1.5712155909457e-51
4.749471540723e-52
1.4264120915429e-52
4.256305642272e-53
1.2618464844273e-53
3.716755480896e-54
1.0876847287245e-54
3.16243383778e-55
9.135178396433e-56
2.62172757047e-56
7.47533732839e-57
2.117602702657e-57
5.959726867275e-58
1.6663803511258e-58
4.628982354034e-59
1.2774920725994e-59
3.502594625261e-60
9.540654632402e-61
2.581789042695e-61
6.940891299534e-62
1.853784557242e-62
4.918700795328e-63
1.2965410295112e-63
3.395192551844e-64
8.832474563292e-65
2.282641785411e-65
5.860410503247e-66
1.4946886284232e-66
3.787070020538e-67
9.531984582216e-68
2.383351968871e-68
5.919913190731e-69
1.4607040393022e-69
3.580356530397e-70
8.717759340455e-71
2.108605894681e-71
5.066350903747e-72
1.2092101389366e-72
2.866898348399e-73
6.751870924923e-74
1.579554430092e-74
3.670633106442e-75
8.473065199401e-76
1.942811051253e-76
4.424948984153e-77
1.0010848296532e-77
2.249653380025e-78
5.021571410007e-79
1.1133716466659e-79
2.451965232422e-80
5.363635225343e-81
1.1653920724201e-81
2.515068911359e-82
5.391254222462e-83
1.1478599358136e-83
2.427415957021e-84
5.098621372276e-85
1.0636814752879e-85
2.204031033506e-86
4.535948077014e-87
9.27170638697e-88
1.882302592909e-88
3.795371713083e-89
7.600658340183e-90
1.511739700338e-90
2.986266866977e-91
5.858721600643e-92
1.1415543554439e-92
2.209055563249e-93
4.245509307368e-94
8.103317457812e-95
1.536040170807e-95
2.891649866917e-96
5.406161032959e-97
1.0037581855528e-97
1.850813942334e-98
3.389117584123e-99
6.163073899808e-100
1.1129908932638e-100
1.996024910838e-101
3.554815032144e-102
6.286969276822e-103
1.1041688780164e-103
1.925732832093e-104
3.335181334319e-105
5.735908928976e-106
9.795822270056e-107
1.661237994075e-107
2.797509414581e-108
4.677959046025e-109
7.767527950309e-110
1.280699256775e-110
2.096745723784e-111
3.408591694075e-112
5.50213337945e-113
8.818819491819e-114
1.403489820955e-114
2.217807268444e-115
3.479767955995e-116
5.421068777561e-117
8.385401906088e-118
1.287844245719e-118
1.96380984423e-119
2.973228398216e-120
4.469366349409e-121
6.670348929808e-122
9.883985870257e-123
1.454094633941e-123
2.123861660523e-124
3.079844277316e-125
4.4340055295e-126
6.337596389858e-127
8.993106020747e-128
1.266915143992e-128
1.771878288287e-129
2.460167254669e-130
3.39106089163e-131
4.640262465243e-132
6.303493057654e-133
8.500559946727e-134
1.137986306663e-134
1.512326226503e-135
1.99511783768e-136
2.612774266382e-137
3.396574341627e-138
4.38310481047e-139
5.614610833637e-140
7.139208826242e-141
9.010910154708e-142
1.128940051468e-142
1.403951882367e-143
1.733038200376e-144
2.123410887642e-145
2.582410816135e-146
3.117291262812e-147
3.734956380699e-148
4.441657889691e-149
5.242656268283e-150
6.141856092415e-151
7.141428581517e-152
8.241437631129e-153
9.43948836065e-154
1.073041919547e-154
1.210605945625e-155
1.355507410392e-156
1.506291550968e-157
1.661189880099e-158
1.818141250149e-159
1.974826998933e-160
2.12872000226e-161
2.27714666243e-162
2.417360048094e-163
2.546621625171e-164
2.662288339831e-165
2.761901288664e-166
2.843271886765e-167
2.904561357165e-168
2.944349534594e-169
2.961689403428e-170
2.95614445432e-171
2.927806807999e-172
2.877295062648e-173
2.805731905869e-174
2.71470261911e-175
2.606196616678e-176
2.482535033969e-177
2.346288052309e-178
2.200186079423e-179
2.047029072466e-180
1.889598193082e-181
1.730573639375e-182
1.572461943905e-183
1.417535309699e-184
1.267784736412e-185
1.124887828708e-186
9.90191339053e-188
8.64707731484e-189
7.491244053058e-190
6.438237186529e-191
5.489116182097e-192
4.642525157677e-193
3.895080449082e-194
3.241774618599e-195
2.676376961031e-196
2.191813770112e-197
1.780515300923e-198
1.434720192472e-199
1.146731827284e-200
9.09124483739e-202
7.149000252382e-203
5.575981743039e-204
4.313651042917e-205
3.309861617501e-206
2.518890631874e-207
1.901239728892e-208
1.423265605447e-209
1.056695604604e-210
7.78076055117e-212
5.681927556189e-213
4.114945391031e-214
2.955428186623e-215
2.10502794184e-216
1.486858243952e-217
1.04147439507e-218
7.23415825068e-220
4.982884152579e-221
3.403454217793e-222
2.3051452169e-223
1.548134876874e-224
1.030965799046e-225
6.807653896064e-227
4.457190195225e-228
2.893530423097e-229
1.862476413956e-230
1.188617066908e-231
7.52097521837e-233
4.718238473643e-234
2.934618318599e-235
1.809596691493e-236
1.106274177496e-237
6.704816583384e-239
4.02852866586e-240
2.399571428023e-241
1.416905096499e-242
8.29391996163e-244
4.812635903428e-245
2.768230855091e-246
1.578373308446e-247
8.92066475471e-249
4.997544490292e-250
2.775108203431e-251
1.52742102866e-252
8.33268453719e-254
4.505574061194e-255
2.414604340997e-256
1.282519728243e-257
6.751431919636e-259
3.522353720079e-260
1.821237967132e-261
9.33229471422e-263
4.739030748714e-264
2.384850689183e-265
1.18930883796e-266
5.877342853924e-268
2.878136708831e-269
1.396615483574e-270
6.715344512177e-272
3.199459864961e-273
1.510402904066e-274
7.06492454433e-276
3.274247828343e-277
1.503472700374e-278
6.83990604934e-280
3.082945652642e-281
1.376680730996e-282
6.090355708023e-284
2.669220841506e-285
1.15890832096e-286
4.984557578525e-288
2.123769049861e-289
8.96357382049e-291
3.747471984767e-292
1.551918280256e-293
6.365938955876e-295
2.586479847328e-296
1.040874836143e-297
4.148779995117e-299
1.637813408246e-300
6.403539980686e-302
2.47957363436e-303
9.50877342728e-305
3.611203360978e-306
1.358152788344e-307
5.058290378015e-309
1.865548143513e-310
6.81311627721e-312
2.463830119336e-313
8.82247113857e-315
3.128045715326e-316
1.098115571824e-317
3.816838627897e-319
1.313496548091e-320
4.475195166509e-322
1.509528685315e-323
5.040869621488e-325
1.666450970032e-326
5.453694312962e-328
1.766803819e-329
5.665955790689e-331
1.798594624729e-332
5.651406094566e-334
1.757642827763e-335
5.410573579274e-337
1.648474203574e-338
4.970896008575e-340
1.483502534308e-341
4.381575780726e-343
1.280701795281e-344
3.704490704935e-346
1.060373465363e-347
3.003488692387e-349
8.41815311073e-351
2.33463007092e-352
6.40643514578e-354
1.739396005459e-355
4.672514421793e-357
1.241822009791e-358
3.265207965653e-360
8.49359020593e-362
2.185681058796e-363
5.563950604392e-365
1.401091805294e-366
3.489976659275e-368
8.59877725726e-370
2.095533749934e-371
5.051051911454e-373
1.20415815831e-374
2.839127959207e-376
6.62020178396e-378
1.526607149958e-379
3.481272547739e-381
7.85033470924e-383
1.75050101472e-384
3.859625036563e-386
8.41435456539e-388
1.81373450987e-389
3.865342527859e-391
8.14418511638e-393
1.696432436862e-394
3.493321437102e-396
7.11110713829e-398
1.430922455507e-399
2.846155093813e-401
5.595615443091e-403
1.087344365365e-404
2.088330766089e-406
3.963941518298e-408
7.43590218982e-410
1.378482133548e-411
2.52529478104e-413
4.57139519672e-415
8.17698755154e-417
1.445199415979e-418
2.523677939293e-420
4.354050783071e-422
7.42143680675e-424
1.249680029169e-425
2.07877377526e-427
3.415814428192e-429
5.544225221168e-431
8.88848558209e-433
1.407458463944e-434
2.201125161623e-436
3.39966003407e-438
5.185467741166e-440
7.81055697885e-442
1.161709249688e-443
1.706136769622e-445
2.474062085425e-447
3.542149806923e-449
5.00681885093e-451
6.98673572616e-453
9.62460496003e-455
1.308778514251e-456
1.756719191236e-458
2.32739226347e-460
3.043307177179e-462
3.927431981309e-464
5.001908559143e-466
6.28643357727e-468
7.79635364781e-470
9.54056839227e-472
1.151938195791e-473
1.372248610935e-475
1.612728932848e-477
1.869781931443e-479
2.138441481252e-481
2.412438301539e-483
2.684373046923e-485
2.945998224827e-487
3.18859942478e-489
3.403454870919e-491
3.582341793902e-493
3.718050056313e-495
3.804859174511e-497
3.838935270349e-499
3.818609879078e-501
3.744512566167e-503
3.619542916385e-505
3.448683051742e-507
3.23866748133e-509
2.997540818604e-511
2.734144015631e-513
2.457575076863e-515
2.176670237279e-517
1.899546576172e-519
1.633237917493e-521
1.38344406428e-523
1.154400600941e-525
9.48864324885e-528
7.68199228147e-530
6.1254079405e-532
4.810126356601e-534
3.719691007672e-536
2.832398970684e-538
2.123572616839e-540
1.567518010786e-542
1.139089811239e-544
8.14836221617e-547
5.737414076647e-549
3.976141178141e-551
2.711895782468e-553
1.82018400177e-555
1.202136593e-557
7.8118396872e-560
4.994340859656e-562
3.141176734802e-564
1.943387884383e-566
1.182613208702e-568
7.07790711968e-571
4.165894464281e-573
2.411098152315e-575
1.372101581342e-577
7.67685752449e-580
4.222476008861e-582
2.282956317273e-584
1.21320576617e-586
6.33631958663e-589
3.252102663955e-591
1.640115113396e-593
8.12690501354e-596
3.956162969775e-598
1.891812825768e-600
8.88573823867e-603
4.098982467913e-605
1.856868341889e-607
8.25968420059e-610
3.607258639739e-612
1.546593938162e-614
6.50899017515e-617
2.688696326628e-619
1.089965287278e-621
4.335884552709e-624
1.692340051276e-626
6.4802620341e-629
2.434120192092e-631
8.96777811711e-634
3.240181131759e-636
1.148002609864e-638
3.987975603085e-641
1.35813934923e-643
4.533815936305e-646
1.483391985843e-648
4.756248253751e-651
1.494283340479e-653
4.599427787539e-656
1.386816028312e-658
4.095614778967e-661
1.184526432526e-663
3.354557241635e-666
9.3009864672e-669
2.524433209472e-671
6.70620263323e-674
1.743425284997e-676
4.434850228597e-679
1.103666026494e-681
2.686659965517e-684
6.3964101791e-687
1.48915451855e-689
3.389638361687e-692
7.54234485483e-695
1.640314246743e-697
3.486121790919e-700
7.23900663209e-703
1.468457229162e-705
2.909466729049e-708
5.629346219873e-711
1.063448640541e-713
1.961143609444e-716
3.52984534336e-719
6.19973590935e-722
1.062376547861e-724
1.775770164298e-727
2.894755617494e-730
4.601150337948e-733
7.12953813651e-736
1.076729141566e-738
1.584564065089e-741
2.271841647238e-744
3.17260741755e-747
4.314477006036e-750
5.712358083864e-753
7.36170420159e-756
9.23241899472e-759
1.126480384339e-761
1.336896352795e-764
1.542875834564e-767
1.731069975316e-770
1.887721942908e-773
2.00026964015e-776
2.058977098397e-779
2.058307198271e-782
1.997770911092e-785
1.88207492584e-788
1.72052316576e-791
1.525776344997e-794
1.312199699978e-797
1.094100500044e-800
8.8415770272e-804
6.92280210322e-807
5.250196229805e-810
3.855401691729e-813
2.740440920248e-816
1.884869597445e-819
1.254014617454e-822
8.06736335791e-826
5.016635186087e-829
3.014298159598e-832
1.749404508538e-835
9.80299380177e-839
5.30178633868e-842
2.766353079891e-845
1.391996035796e-848
6.75200245539e-852
3.155778888403e-855
1.420597163794e-858
6.15647965293e-862
2.567399033303e-865
1.029796533763e-868
3.970997148348e-872
1.471383535029e-875
5.236165652251e-879
1.788709397433e-882
5.8624270644e-886
1.842438812803e-889
5.549419197047e-893
1.601015993645e-896
4.421667411612e-900
1.168317365468e-903
2.951585069926e-907
7.12521307863e-911
1.642515929001e-914
3.613300364991e-918
7.58031055747e-922
1.515500045206e-925
2.885360010986e-929
5.227564620456e-933
9.00586034478e-937
1.474140468984e-940
2.290824760658e-944
3.376954914419e-948
4.718122690982e-952
6.24227065759e-956
7.81362052524e-960
9.24470259257e-964
1.032870938262e-967
1.088628375595e-971
1.081303198078e-975
1.011086762016e-979
8.89048953974e-984
7.34287339173e-988
5.689827191969e-992
4.131390248139e-996
2.807435857854e-1000
1.783085821429e-1004
1.057047708889e-1008
5.840711159193e-1013
3.003661535588e-1017
1.435459171483e-1021
6.365015445344e-1026
2.614346829061e-1030
9.92976447657e-1035
3.481387144526e-1039
1.124593994495e-1043
3.340615011742e-1048
9.10676142749e-1053
2.273463582261e-1057
5.18603632965e-1062
1.078445160716e-1066
2.039474438598e-1071
3.498538950676e-1076
5.429227058245e-1081
7.60057815722e-1086
9.5702306352e-1091
1.080451937378e-1095
1.090085743084e-1100
9.79425796937e-1106
7.8078853884e-1111
5.50105438147e-1116
3.411178966842e-1121
1.853493141987e-1126
8.78340831079e-1132
3.61195584133e-1137
1.282039115223e-1142
3.905235061842e-1148
1.014625618898e-1153
2.233578873388e-1159
4.136504558801e-1165
6.395172176356e-1171
8.18515826135e-1177
8.59433934846e-1183
7.330051611226e-1189
5.023487281339e-1195
2.733639559843e-1201
1.16579038412e-1207
3.840069420344e-1214
9.61358771353e-1221
1.796472541264e-1227
2.45544328463e-1234
2.39905202873e-1241
1.632242445058e-1248
7.50432950171e-1256
2.251625615467e-1263
4.232855530584e-1271
4.750722318788e-1279
3.004105080827e-1287
9.97300169808e-1296
1.592166074925e-1304
1.09341626762e-1313
2.792225715255e-1323
2.176855754876e-1333
3.916968402003e-1344
1.0659230980294e-1355
2.176064531898e-1368
8.626681213871e-1383
2.00036643351e-1400