0.0527575140200338
0.0524642779923601
0.0518826855480004
0.0510223608520265
0.0498974077324577
0.0485260251411006
0.046930017613507
0.0451342191203431
0.043165851561256
0.041053841006321
0.038828115578777
0.036518908595196
0.03415608929244
0.031768541283564
0.02938360594931
0.027026604472034
0.024720448358008
0.022485344281769
0.020338595125331
0.018294495360978
0.0163643155967503
0.0145563682922992
0.0128761444447883
0.0113265094854558
0.0099079457242281
0.0086188284044682
0.0074557227248424
0.0064136899698049
0.0054865920679585
0.004667385363884
0.0039483960379411
0.0033215713388592
0.0027787025143783
0.0023116169581039
0.0019123385744297
0.0015732166532212
0.0012870246141564
0.0010470308151501
0.00084704422188196
0.00068143811922135
0.00054515523207267
0.00043369764054889
0.00034310475343557
0.00026992237663816
0.00021116561077928
0.00016427796294273
0.00012708868684913
0.0000977699944417
0.00007479542649666
0.000056900342625336
0.000043045200019648
0.00003238204002906
0.00002422439365077
0.000018020650368328
0.000013330806804612
9.806418464097e-6
7.17351481544e-6
5.2182002048137e-6
3.7746457294683e-6
2.7151756608044e-6
1.9421621587175e-6
1.3814602828214e-6
9.771386868443e-7
6.872874674435e-7
4.807115614368e-7
3.3434446857869e-7
2.3124196390352e-7
1.5903824610221e-7
1.0876731577446e-7
7.397017119006e-8
5.0023685272897e-8
3.363992728437e-8
2.2495423314603e-8
1.4958653123517e-8
9.891210573031e-9
6.503759386826e-9
4.2524279587183e-9
2.7648167775176e-9
1.7875246638859e-9
1.1491941851097e-9
7.346658864243e-10
4.670257053947e-10
2.9521982829008e-10
1.8556815584002e-10
1.1598823113846e-10
7.2090210005e-11
4.455432683549e-11
2.7381298699041e-11
1.6732779294662e-11
1.0167901256984e-11
6.143884756384e-12
3.6914977080367e-12
2.205511042734e-12
1.3102743604285e-12
7.740355279263e-13
4.546785419131e-13
2.6557805762739e-13
1.5424934860999e-13
8.908347387932e-14
5.115791539354e-14
2.9212562026499e-14
1.6586959509328e-14
9.364906754146e-15
5.257494964838e-15
2.9348925033262e-15
1.6290808561821e-15
8.991442329751e-16
4.934595213622e-16
2.6928260963704e-16
1.4611635660901e-16
7.883557778587e-17
4.229389669489e-17
2.2561309001263e-17
1.1966885904392e-17
6.311424284674e-18
3.309802427117e-18
1.7258550606885e-18
8.948149020169e-19
4.613046215749e-19
2.3646516774376e-19
1.2052312278456e-19
6.107963738326e-20
3.077828643634e-20
1.5421029429731e-20
7.682494487932e-21
3.805485950912e-21
1.8742864521067e-21
9.178649390958e-22
4.469279888901e-22
2.1637708215834e-22
1.0415949591675e-22
4.98539232549e-23
2.3725295191396e-23
1.1226248793007e-23
5.281622873607e-24
2.4706357651346e-24
1.1490993694964e-24
5.313893927264e-25
2.4432814926672e-25
1.1169618693235e-25
5.07698975328e-26
2.2944372978098e-26
1.0309721403727e-26
4.60593014043e-27
2.0459088826942e-27
9.035508269936e-28
3.967482968331e-28
1.7320983734938e-28
7.518372564303e-29
3.244649098216e-29
1.3922044598138e-29
5.939207204491e-30
2.519085306371e-30
1.062294601419e-30
4.453828884581e-31
1.8565526763833e-31
7.694226254094e-32
3.170335920374e-32
1.2987542311887e-32
5.289671957408e-33
2.1419497080351e-33
8.623176006427e-34
3.451448192242e-34
1.3734418014109e-34
5.433661940482e-35
2.137209360386e-35
8.357420561338e-36
3.249127936504e-36
1.2558256569351e-36
4.825679606683e-37
1.8435410382459e-37
7.001819609098e-38
2.643816983656e-38
9.92459495588e-39
3.70385253673e-39
1.3742084906169e-39
5.068834970678e-40
1.8587406263114e-40
6.776150871148e-41
2.455836725637e-41
8.848436945976e-42
3.169441719221e-42
1.1286170320987e-42
3.99536554987e-43
1.4060831143227e-43
4.919358435271e-44
1.7109896589144e-44
5.915972890004e-45
2.033495702165e-45
6.948595737628e-46
2.360401788119e-46
7.970917537927e-47
2.675854951894e-47
8.9299095418e-48
2.962512205851e-48
9.770126395923e-49
3.203063129833e-49
1.0438892456894e-49
3.381935134829e-50
1.0891717148363e-50
3.486951933672e-51
1.1097173524873e-51
3.510701273534e-52
1.1040499511849e-52
3.451398988002e-53
1.0725349466032e-53
3.313109627287e-54
1.0173407744124e-54
3.105285922431e-55
9.421920476322e-56
2.84169954396e-56
8.519535952636e-57
2.53893128085e-57
7.521099433056e-58
2.214650682145e-58
6.482175577483e-59
1.885932382929e-59
5.454052649177e-60
1.5678283475019e-60
4.479832373249e-61
1.2723516425393e-61
3.59197039865e-62
1.0079444516465e-62
2.811361830296e-63
7.794194063024e-64
2.147820722357e-64
5.882950444544e-65
1.601624467873e-65
4.334036106426e-66
1.1657049792064e-66
3.116355780486e-67
8.280672670608e-68
2.186967553761e-68
5.740835773973e-69
1.497827774949e-69
3.884190379474e-70
1.0011263596618e-70
2.564631190457e-71
6.529898657401e-72
1.652461355049e-72
4.156208920889e-73
1.0389686492992e-73
2.581334847127e-74
6.374129400005e-75
1.564335232624e-75
3.815653892578e-76
9.24987965105e-77
2.228583458612e-77
5.336360670014e-78
1.2699383097618e-78
3.003578356257e-79
7.060117033072e-80
1.649297934224e-80
3.829113905768e-81
8.835010589031e-82
2.025923912228e-82
4.616832200073e-83
1.0456048207627e-83
2.353375350481e-84
5.263959718927e-85
1.1701168448524e-85
2.584870516655e-86
5.674646319905e-87
1.238017524053e-87
2.68410995738e-88
5.783048682817e-89
1.238208925545e-89
2.634565730004e-90
5.570570152174e-91
1.1704779065737e-91
2.443977505709e-92
5.071063317449e-93
1.0456013302673e-93
2.14237697475e-94
4.362000591547e-95
8.825371361012e-96
1.774332724422e-96
3.544780024071e-97
7.037088385651e-98
1.388172803105e-98
2.721060343714e-99
5.299979894248e-100
1.0257675492643e-100
1.972693604864e-101
3.769671554869e-102
7.157771272318e-103
1.35045390905e-103
2.531666913125e-104
4.71580026965e-105
8.728175118097e-106
1.605121339321e-106
2.932957689997e-107
5.324935693174e-108
9.60573693902e-109
1.721677721719e-109
3.066019844163e-110
5.424966488883e-111
9.537075162776e-112
1.665813712755e-112
2.890864667086e-113
4.984437942598e-114
8.53864025826e-115
1.453256594706e-115
2.457388976159e-116
4.128387605954e-117
6.890629590697e-118
1.142631335569e-118
1.882430848422e-119
3.081019750186e-120
5.00990326486e-121
8.093203221755e-122
1.298866819625e-122
2.070897853554e-123
3.280193034469e-124
5.161590758615e-125
8.068781081291e-126
1.253052405019e-126
1.933143954724e-127
2.962712576926e-128
4.510678751886e-129
6.822098665962e-130
1.024977821121e-130
1.529776370237e-131
2.268062687039e-132
3.340353150593e-133
4.886934518483e-134
7.102054893693e-135
1.02525393294e-135
1.470196228774e-136
2.094170872982e-137
2.963045808594e-138
4.164381695363e-139
5.813598801577e-140
8.061546934789e-141
1.110367987303e-141
1.519102544319e-142
2.064311545455e-143
2.786299150719e-144
3.735432854102e-145
4.974061344832e-146
6.578617751767e-147
8.641870670178e-148
1.127526426224e-148
1.461126426346e-149
1.880559955864e-150
2.403926018127e-151
3.052008367985e-152
3.848373481291e-153
4.819386096998e-154
5.994119044322e-155
7.404133581266e-156
9.0831073424e-157
1.106628951872e-157
1.338976731406e-158
1.608953419762e-159
1.920035903809e-160
2.27544657433e-161
2.678004524773e-162
3.129963509959e-163
3.632841582047e-164
4.187248678829e-165
4.792719663483e-166
5.44756129785e-167
6.14872226493e-168
6.891695540803e-169
7.670462069507e-170
8.47748376176e-171
9.30375230124e-172
1.013889812415e-172
1.0971361309e-173
1.17886230902e-174
1.257749345024e-175
1.332444694195e-176
1.401599576147e-177
1.463908635185e-178
1.518150368018e-179
1.56322659775e-180
1.598199229869e-181
1.622322582807e-182
1.635069743438e-183
1.636151650597e-184
1.625527943957e-185
1.603409012001e-186
1.570249106944e-187
1.526730839016e-188
1.473741788919e-189
1.412344358704e-190
1.343740293718e-191
1.269231533345e-192
1.190179173664e-193
1.107962346398e-194
1.023938738047e-195
9.39408300725e-197
8.55581457442e-198
7.73552799383e-199
6.942809338771e-200
6.185747925575e-201
5.470863721456e-202
4.803095750581e-203
4.185845593869e-204
3.621068088737e-205
3.109399991919e-206
2.650316681121e-207
2.242306903567e-208
1.883056058192e-209
1.569629422389e-210
1.298647987127e-211
1.066451023075e-212
8.69241046847e-214
7.03208384673e-215
5.646339524464e-216
4.499701200641e-217
3.559005603116e-218
2.793807767237e-219
2.176615586283e-220
1.682979389557e-221
1.29146357318e-222
9.83526910746e-224
7.43336481322e-225
5.575375493233e-226
4.149985689384e-227
3.065470754365e-228
2.247088214828e-229
1.634593125023e-230
1.179940253591e-231
8.45211388381e-233
6.007859587223e-234
4.237575255646e-235
2.965871714364e-236
2.059769521372e-237
1.41941773055e-238
9.70557185627e-240
6.58484074754e-241
4.432784012456e-242
2.9607987136e-243
1.962167371139e-244
1.290184648958e-245
8.41686015147e-247
5.447842000881e-248
3.498394184807e-249
2.228827652922e-250
1.408774111311e-251
8.83399103327e-253
5.495621505657e-254
3.391676772344e-255
2.076554624648e-256
1.261237754324e-257
7.59921387908e-259
4.542049265609e-260
2.693021417397e-261
1.58389306328e-262
9.24066526911e-264
5.347676954787e-265
3.069762703044e-266
1.747894814447e-267
9.8716494126e-269
5.529949249816e-270
3.072575574176e-271
1.693272983817e-272
9.25523164684e-274
5.017373190244e-275
2.697659692323e-276
1.43850830458e-277
7.60754974425e-279
3.990039240166e-280
2.075401615463e-281
1.070563389979e-282
5.476466952252e-284
2.778170847918e-285
1.397591749698e-286
6.97199499827e-288
3.448907775332e-289
1.691789177169e-290
8.22893013106e-292
3.968855237455e-293
1.898034605307e-294
9.00020010106e-296
4.231569859787e-297
1.972623800815e-298
9.11743071067e-300
4.178093170613e-301
1.898248933409e-302
8.55046048057e-304
3.818378624891e-305
1.690493186458e-306
7.41966947864e-308
3.228375894154e-309
1.39252719411e-310
5.954357786406e-312
2.523883882023e-313
1.060470302502e-314
4.416861628327e-316
1.823503538256e-317
7.46222429818e-319
3.026844737058e-320
1.216923779066e-321
4.849301366585e-323
1.915264054048e-324
7.49726553472e-326
2.908659540576e-327
1.118380544595e-328
4.261710364436e-330
1.609410061099e-331
6.02322004763e-333
2.233884466016e-334
8.21019199483e-336
2.990178753866e-337
1.079152371937e-338
3.859229934616e-340
1.367543762621e-341
4.801698303841e-343
1.670520721522e-344
5.75840846e-346
1.966694252135e-347
6.65495503818e-349
2.231091337818e-350
7.41043169578e-352
2.438448137774e-353
7.94908700243e-355
2.567110011079e-356
8.21268067505e-358
2.602724957818e-359
8.1707907382e-361
2.54086675667e-362
7.82656393861e-364
2.387927892904e-365
7.21641358292e-367
2.16003604463e-368
6.40367269872e-370
1.880246964147e-371
5.467733408448e-373
1.574691134949e-374
4.491257192448e-376
1.26856802999e-377
3.548310513623e-379
9.82833933787e-381
2.695739417595e-382
7.32155639746e-384
1.968997064553e-385
5.243137131446e-387
1.382388504841e-388
3.608693004448e-390
9.32693144206e-392
2.386627652238e-393
6.04610270335e-395
1.51634906559e-396
3.764813221329e-398
9.25328501458e-400
2.251356615824e-401
5.422205847779e-403
1.292642650701e-404
3.05027547471e-406
7.12434570639e-408
1.646961314321e-409
3.768264332425e-411
8.53308037397e-413
1.912333801991e-414
4.241326784657e-416
9.30907698653e-418
2.021924577102e-419
4.345734759736e-421
9.2424649147e-423
1.945024303622e-424
4.050056463542e-426
8.34414887248e-428
1.7008809827e-429
3.430225053633e-431
6.84406145271e-433
1.350931931126e-434
2.637952022772e-436
5.095650688716e-438
9.7368190697e-440
1.840367266123e-441
3.440701476102e-443
6.36252665037e-445
1.163689948005e-446
2.105013116278e-448
3.765883467394e-450
6.66281985623e-452
1.165769929029e-453
2.017044822552e-455
3.451043186879e-457
5.83850267293e-459
9.76681124116e-461
1.615430138657e-462
2.641747910728e-464
4.271161287212e-466
6.827087245e-468
1.078805526312e-469
1.685203358596e-471
2.602231902449e-473
3.971980935251e-475
5.99264576599e-477
8.93640885126e-479
1.317112788705e-480
1.918583999446e-482
2.761969292396e-484
3.929336004043e-486
5.52412831771e-488
7.67422354163e-490
1.053447534871e-491
1.428830417133e-493
1.914781196764e-495
2.535184325768e-497
3.316140498319e-499
4.285191319268e-501
5.47018713123e-503
6.89778135787e-505
8.59156693077e-507
1.056991073428e-508
1.284358783094e-510
1.541336424613e-512
1.826771965812e-514
2.138093294239e-516
2.471176754659e-518
2.820298440327e-520
3.178187376432e-522
3.536193317139e-524
3.88457296331e-526
4.21288767576e-528
4.510494244779e-530
4.767099275301e-532
4.973338654556e-534
5.12133769228e-536
5.205205874604e-538
5.221423294632e-540
5.169083667456e-542
5.049970732549e-544
4.868459554021e-546
4.631250100612e-548
4.346955683404e-550
4.025581582025e-552
3.677938051301e-554
3.315035945155e-556
2.947512138506e-558
2.585126148377e-560
2.236359804533e-562
1.908139862097e-564
1.605690641208e-566
1.332511642375e-568
1.090464900892e-570
8.79949499846e-573
7.00136586567e-575
5.49237399344e-577
4.247787879124e-579
3.238648078211e-581
2.434083554009e-583
1.803226557711e-585
1.316679984996e-587
9.47538933252e-590
6.7200464412e-592
4.696529745923e-594
3.234315640464e-596
2.194617747883e-598
1.467158002339e-600
9.6628771116e-603
6.26927547353e-605
4.006628088701e-607
2.522090330054e-609
1.563619235944e-611
9.54681818605e-614
5.73999844946e-616
3.398272845999e-618
1.980913913179e-620
1.136844462614e-622
6.42290435032e-625
3.572097728873e-627
1.955432601002e-629
1.053551631735e-631
5.5863443207e-634
2.914899354904e-636
1.496608220311e-638
7.56041647944e-641
3.757511293151e-643
1.837111048147e-645
8.8351560944e-648
4.179261144661e-650
1.944256722807e-652
8.89484665013e-655
4.001433404545e-657
1.769889214645e-659
7.69645238738e-662
3.290101665695e-664
1.382490127482e-666
5.70963117817e-669
2.317427790467e-671
9.2430409319e-674
3.622362792112e-676
1.394745021215e-678
5.275703903003e-681
1.960221418457e-683
7.15360352139e-686
2.563864064429e-688
9.02340315781e-691
3.118209367244e-693
1.057921599474e-695
3.523450705798e-698
1.151866250442e-700
3.695788443057e-703
1.163683346008e-705
3.595307784564e-708
1.089835968865e-710
3.24085538831e-713
9.45323901482e-716
2.704409618151e-718
7.58722346793e-721
2.087175215519e-723
5.62920356721e-726
1.488307615372e-728
3.85692460147e-731
9.79572455518e-734
2.437937109465e-736
5.9448616688e-739
1.420157065304e-741
3.323132447808e-744
7.61580931066e-747
1.709154410922e-749
3.755625170443e-752
8.07898729796e-755
1.701149748304e-757
3.505705479501e-760
7.06953771288e-763
1.394838264009e-765
2.692201506231e-768
5.082470106336e-771
9.38333869921e-774
1.693893089944e-776
2.989443851695e-779
5.157026300082e-782
8.69441836528e-785
1.432321811358e-787
2.305287620931e-790
3.624253144392e-793
5.56473062424e-796
8.34303663588e-799
1.22117955995e-801
1.744737341661e-804
2.432732125236e-807
3.309706781834e-810
4.392702067729e-813
5.68637717534e-816
7.17818427463e-819
8.83447064096e-822
1.059849019755e-824
1.239122168322e-827
1.411557391972e-830
1.566402508932e-833
1.692907366293e-836
1.781521267885e-839
1.825064407741e-842
1.819677657821e-845
1.765378476421e-848
1.666113413756e-851
1.529287536447e-854
1.364847872495e-857
1.184078876276e-860
9.98314001886e-864
8.17769134352e-867
6.50663053235e-870
5.027200868824e-873
3.770697021652e-876
2.744863841032e-879
1.938652449483e-882
1.32810680921e-885
8.82249624669e-889
5.6812578794e-892
3.545346388564e-895
2.143374363203e-898
1.254942930808e-901
7.11369415258e-905
3.902721479828e-908
2.071543708047e-911
1.063469099752e-914
5.278455915162e-918
2.532118665523e-921
1.173537579655e-924
5.252705767401e-928
2.269740386583e-931
9.46469706611e-935
3.807162545762e-938
1.476669430898e-941
5.520411358489e-945
1.98829593008e-948
6.89640960692e-952
2.302524588143e-955
7.3965139064e-959
2.285016201892e-962
6.78553406416e-966
1.93597446739e-969
5.304193201701e-973
1.394829925982e-976
3.518666596036e-980
8.51053946823e-984
1.972511708702e-987
4.378456846422e-991
9.3027386599e-995
1.890739530574e-998
3.673837606375e-1002
6.82032250296e-1006
1.208951149065e-1009
2.04477830714e-1013
3.297800424162e-1017
5.068064996369e-1021
7.41635148343e-1025
1.032644237926e-1028
1.367087694354e-1032
1.719454810935e-1036
2.052993681021e-1040
2.325039817421e-1044
2.495467559698e-1048
2.536143929236e-1052
2.438407898786e-1056
2.215885005374e-1060
1.901435923792e-1064
1.539152710956e-1068
1.174100546125e-1072
8.43132606858e-1077
5.693530946582e-1081
3.611393951043e-1085
2.149170130383e-1089
1.198525255888e-1093
6.25551699034e-1098
3.051817009295e-1102
1.389799411145e-1106
5.899857842395e-1111
2.33131718698e-1115
8.5621352157e-1120
2.918157603933e-1124
9.21466342395e-1129
2.691311187038e-1133
7.25774177923e-1138
1.803847005977e-1142
4.124126002524e-1147
8.65636401447e-1152
1.664597876462e-1156
2.926249336447e-1161
4.691975423187e-1166
6.84557795849e-1171
9.06550884738e-1176
1.086841371707e-1180
1.176356514672e-1185
1.146188174193e-1190
1.002296311057e-1195
7.84092454932e-1201
5.468899693874e-1206
3.388764750439e-1211
1.858440092493e-1216
8.98421647921e-1222
3.812311984388e-1227
1.413542748727e-1232
4.55774719135e-1238
1.271397574288e-1243
3.051534833483e-1249
6.264816098853e-1255
1.093231642959e-1260
1.610586906694e-1266
1.988605955191e-1272
2.041615887215e-1278
1.727989206503e-1284
1.194559222669e-1290
6.676781707342e-1297
2.983998757918e-1303
1.053437974913e-1309
2.898434542562e-1316
6.123542508449e-1323
9.77106062419e-1330
1.155971187923e-1336
9.93082482307e-1344
6.051104439627e-1351
2.545929436693e-1358
7.172015049061e-1366
1.305314150323e-1373
1.47203879671e-1381
9.78953405153e-1390
3.617834263708e-1398
6.910809931617e-1407
6.236375245371e-1416
2.371423293034e-1425
3.272480042186e-1435
1.338712989439e-1445
1.218549250539e-1456
1.599614762837e-1468
1.475073528409e-1481
2.387576602584e-1496
1.862891841818e-1514