0.0620192809312282
0.0615431895562421
0.0606019400953152
0.0592169818361806
0.0574194677194222
0.0552490898879067
0.0527526238865779
0.0499822560085424
0.046993777139924
0.043844729997467
0.040592594860772
0.037293092153575
0.033998669250586
0.030757224671863
0.027611106540713
0.0245964050547488
0.0217425419461006
0.0190721445488076
0.0166011790092329
0.0143393069779359
0.012290423144736
0.0104533272897403
0.0088224839465308
0.0073888249357521
0.0061405544111079
0.0050639220650584
0.0041439371432658
0.0033650033170255
0.0027114617321505
0.0021680362594178
0.0017201807981286
0.0013543332308305
0.0010580842054893
0.00082027133999141
0.00063101078878796
0.00048167852402441
0.00036485333822955
0.00027423266035265
0.00020453097586671
0.00015136912267849
0.00011116114070249
0.000081003797731463
0.000058572480688777
0.00004202588352568
0.000029920869483471
0.000021138043814843
0.000014817935096574
0.000010307229729016
7.11420930487e-6
4.872375566424e-6
3.3111839702468e-6
2.2328177714122e-6
1.493996645173e-6
9.919077289921e-7
6.5345720708161e-7
4.2715564569626e-7
2.7706211403934e-7
1.7831545385258e-7
1.1387293145784e-7
7.215567712878e-8
4.536676260388e-8
2.8302259926128e-8
1.7519400117561e-8
1.0760460609599e-8
6.557747795508e-9
3.9654224150675e-9
2.3792154047405e-9
1.4164011356894e-9
8.366534060256e-10
4.9035466282537e-10
2.8515370417851e-10
1.6453195537833e-10
9.419385337447e-11
5.3505008730225e-11
3.0155349837918e-11
1.6862844035741e-11
9.356043603055e-12
5.1504720219323e-12
2.8131546411724e-12
1.524510198824e-12
8.197011957188e-13
4.3728808124754e-13
2.3145408888341e-13
1.2154735305572e-13
6.332976084701e-14
3.2737847789699e-14
1.6790767773251e-14
8.54411987733e-15
4.3135876935078e-15
2.160640936215e-15
1.0737356326184e-15
5.293964589472e-16
2.5895939989104e-16
1.2567455819949e-16
6.050985722449e-17
2.8904534154043e-17
1.369824387033e-17
6.440518778655e-18
3.0042203733404e-18
1.3902586946781e-18
6.382785407376e-19
2.9071907511048e-19
1.3136610432232e-19
5.888944272059e-20
2.6189891412299e-20
1.155499749612e-20
5.057590576296e-21
2.1961038094771e-21
9.460087345971e-22
4.042669059145e-22
1.7138375423729e-22
7.207707599679e-23
3.0071031069431e-23
1.244573960688e-23
5.109893966315e-24
2.0812266770965e-24
8.408929340293e-25
3.3703369863204e-25
1.3400305803875e-25
5.285210419554e-26
2.0678234254749e-26
8.025379799084e-27
3.0896982525886e-27
1.1799461784954e-27
4.469935844396e-28
1.6796957368586e-28
6.261053858012e-29
2.3149892266835e-29
8.490483516247e-30
3.088836775861e-30
1.1146377045277e-30
3.989751572461e-31
1.4165386471126e-31
4.988598095724e-32
1.742581750641e-32
6.037670056403e-33
2.0749333323315e-33
7.072849786222e-34
2.3913171047308e-34
8.019167033289e-35
2.6672736842455e-35
8.799317373896e-36
2.879189752464e-36
9.34390237334e-37
3.00759782256e-37
9.601551930801e-38
3.040115075978e-38
9.546896352208e-39
2.973408937855e-39
9.184678379239e-40
2.813757955961e-40
8.549083495478e-41
2.57607771105e-41
7.69841731457e-42
2.2816210123135e-42
6.706278510575e-43
1.9548439955464e-43
5.651080015429e-44
1.6200782951846e-44
4.605980316535e-45
1.2986316426819e-45
3.630981068448e-46
1.0067747859541e-46
2.768262240893e-47
7.548225402051e-48
2.0409923355677e-48
5.472589683407e-49
1.4551088700444e-49
3.836588595746e-50
1.0030859371242e-50
2.600579959152e-51
6.685553999321e-52
1.7042591683538e-52
4.307852473934e-53
1.0797142028343e-53
2.683338408216e-54
6.612360445675e-55
1.6156519056082e-55
3.91421803411e-56
9.402511389273e-57
2.239443074249e-57
5.288458781488e-58
1.238245494658e-58
2.874540887099e-59
6.616218758358e-60
1.5098240905496e-60
3.415965181701e-61
7.662430309479e-62
1.7040449616979e-62
3.757096312947e-63
8.212505919141e-64
1.7796985127645e-64
3.823488642818e-65
8.143498317766e-66
1.7194725031539e-66
3.599213582028e-67
7.468669946409e-68
1.536375062863e-68
3.133030305752e-69
6.333449336479e-70
1.2691686062901e-70
2.521137749345e-71
4.964402027344e-72
9.690033332151e-73
1.874849276078e-73
3.595712627717e-74
6.835587472592e-75
1.2880527721912e-75
2.405764199544e-76
4.453778937507e-77
8.172501766297e-78
1.4863691548168e-78
2.67940355044e-79
4.787224596567e-80
8.477310976393e-81
1.4878372529273e-81
2.588034539092e-82
4.46165839142e-83
7.62304371751e-84
1.2908047386507e-84
2.16614184673e-85
3.602479736606e-86
5.937431101163e-87
9.697773292662e-88
1.5696971197726e-88
2.517816199008e-89
4.002122768829e-90
6.303893407425e-91
9.839503623909e-92
1.5218685865413e-92
2.332461384799e-93
3.542246557758e-94
5.330448446091e-95
7.948092608384e-96
1.1742750378089e-96
1.719008242043e-97
2.493335624406e-98
3.583204247155e-99
5.102038863042e-100
7.197648362972e-101
1.0060171722443e-101
1.3930966834329e-102
1.911222985263e-103
2.597698776686e-104
3.497893556641e-105
4.666139828724e-106
6.166449906897e-107
8.072942401775e-108
1.0469851535183e-108
1.3450982263833e-109
1.7118472734e-110
2.158073579852e-111
2.694947583407e-112
3.333571777857e-113
4.084484284334e-114
4.957069879213e-115
5.958893910478e-116
7.094983969683e-117
8.367093700107e-118
9.772991821845e-119
1.1305826338119e-119
1.2953617928916e-120
1.469893680682e-121
1.651881309264e-122
1.838492169233e-123
2.026406879159e-124
2.211898900487e-125
2.390944101347e-126
2.559356676043e-127
2.712945684616e-128
2.84768447761e-129
2.95988372028e-130
3.046357806534e-131
3.104574286095e-132
3.132776581792e-133
3.130071732946e-134
3.096477070028e-135
3.03292243558e-136
2.941207589185e-137
2.823917507243e-138
2.684301141373e-139
2.526121583898e-140
2.353487304657e-141
2.170675038493e-142
1.981954966466e-143
1.791428078897e-144
1.602884144337e-145
1.419686705856e-146
1.244689194939e-147
1.0801838185932e-148
9.278825524568e-150
7.889275462531e-151
6.639266553587e-152
5.530087353632e-153
4.558927992643e-154
3.719651104718e-155
3.003586973166e-156
2.400305249176e-157
1.898325318501e-158
1.485738149441e-159
1.150723195302e-160
8.819537785584e-162
6.688927300799e-163
5.019865312884e-164
3.727706884578e-165
2.739016378359e-166
1.991313701088e-167
1.432404992861e-168
1.019440513699e-169
7.17821746455e-171
5.000560048727e-172
3.446327632094e-173
2.349734724071e-174
1.584870761205e-175
1.057474529168e-176
6.97967544783e-178
4.556988235389e-179
2.942970942741e-180
1.879954582036e-181
1.187817967708e-182
7.423031641964e-184
4.588061841926e-185
2.804666895257e-186
1.695605565632e-187
1.013788229584e-188
5.994262642427e-190
3.5049154669e-191
2.026560748946e-192
1.158694494635e-193
6.550769709118e-195
3.661984668646e-196
2.024082147719e-197
1.10614913703e-198
5.976674152572e-200
3.192655891368e-201
1.686077255888e-202
8.80281804612e-204
4.543293953159e-205
2.317985153656e-206
1.169033332136e-207
5.827807278877e-209
2.871646692994e-210
1.398587825383e-211
6.732349395721e-213
3.202925588505e-214
1.505966665705e-215
6.997728053563e-217
3.213340245747e-218
1.458139073475e-219
6.538351533993e-221
2.897003651078e-222
1.268310291478e-223
5.486328357361e-225
2.344778680747e-226
9.90078283484e-228
4.130175737327e-229
1.702089558102e-230
6.929383296238e-232
2.786687967438e-233
1.10699794702e-234
4.343631702481e-236
1.683409298893e-237
6.443764989034e-239
2.436045813282e-240
9.09514003474e-242
3.353464760495e-243
1.221013891217e-244
4.390074488304e-246
1.558580958442e-247
5.463546460191e-249
1.890989661973e-250
6.461810016936e-252
2.179971634221e-253
7.260391972621e-255
2.387056131315e-256
7.747099441589e-258
2.481818327769e-259
7.847574494102e-261
2.449151073189e-262
7.543801552609e-264
2.293185507466e-265
6.879262608997e-267
2.036468427723e-268
5.94874978695e-270
1.714608187023e-271
4.876115683161e-273
1.368143252556e-274
3.787180099722e-276
1.034201830955e-277
2.785977108765e-279
7.403045417547e-281
1.940356066617e-282
5.016119881909e-284
1.278930449254e-285
3.215846893121e-287
7.97425033359e-289
1.949875378627e-290
4.701349412138e-292
1.117668093604e-293
2.619712037738e-295
6.05368934437e-297
1.379074825181e-298
3.09693196394e-300
6.855298885343e-302
1.495707019543e-303
3.216372458247e-305
6.816474323225e-307
1.423641623174e-308
2.92996499329e-310
5.941803339914e-312
1.187247156937e-313
2.337242016592e-315
4.532922496197e-317
8.66038222662e-319
1.62986559777e-320
3.021301102834e-322
5.516135546587e-324
9.91848804695e-326
1.756290126021e-327
3.062369513618e-329
5.257744363436e-331
8.88774439947e-333
1.479119336135e-334
2.423279261187e-336
3.908058008113e-338
6.203605558376e-340
9.69216953628e-342
1.490250041625e-343
2.254892842862e-345
3.357285314191e-347
4.918274434177e-349
7.088684521375e-351
1.005108081126e-352
1.401908172742e-354
1.923318154532e-356
2.595207785763e-358
3.443870890618e-360
4.494063286311e-362
5.766503562095e-364
7.274950562899e-366
9.02306832651e-368
1.100138459553e-369
1.318472555467e-371
1.553054810382e-373
1.797857457954e-375
2.045205220136e-377
2.286080938876e-379
2.510607477825e-381
2.708678652776e-383
2.870688408212e-385
2.988288195075e-387
3.055091303716e-389
3.067242536251e-391
3.023783142247e-393
2.926763393909e-395
2.781085500278e-397
2.594093147068e-399
2.37495546508e-401
2.133917640966e-403
1.881503934647e-405
1.627759794502e-407
1.381608572934e-409
1.150377618412e-411
9.39522282028e-414
7.52549226111e-416
5.911166154396e-418
4.552714677755e-420
3.43775262487e-422
2.544678668879e-424
1.846256020534e-426
1.312796284036e-428
9.14732794208e-431
6.244921249525e-433
4.176755345963e-435
2.736359999742e-437
1.755785803448e-439
1.103252976077e-441
6.787726007762e-444
4.088449391923e-446
2.410553223937e-448
1.391029603862e-450
7.85514941184e-453
4.340171854151e-455
2.34600449595e-457
1.240378645972e-459
6.413814108262e-462
3.243002122042e-464
1.603164149e-466
7.74709234766e-469
3.658966940247e-471
1.688749382222e-473
7.61527756458e-476
3.354639170851e-478
1.443344520325e-480
6.064314529089e-483
2.487729413692e-485
9.9621996899e-488
3.893657364217e-490
1.485008806052e-492
5.525686479028e-495
2.005603699905e-497
7.099373982938e-500
2.450326772856e-502
8.24457924538e-505
2.70373157191e-507
8.64007993368e-510
2.689911778912e-512
8.15698731967e-515
2.408777957828e-517
6.925339471814e-520
1.938041431919e-522
5.277902452882e-525
1.398404434875e-527
3.603896674979e-530
9.03177385263e-533
2.200523952519e-535
5.210994441641e-538
1.199067630521e-540
2.680280835077e-543
5.818530433433e-546
1.226375099568e-548
2.508930791394e-551
4.98064262346e-554
9.59151065916e-557
1.791285035513e-559
3.243299135368e-562
5.691410299253e-565
9.67668555346e-568
1.59355735291e-570
2.540977061534e-573
3.921755090627e-576
5.856775120697e-579
8.4602567862e-582
1.181682504179e-584
1.595336745148e-587
2.081022892693e-590
2.621859271091e-593
3.189197370188e-596
3.743868968901e-599
4.239854558751e-602
4.630119596218e-605
4.873714874756e-608
4.942721594954e-611
4.827445219902e-614
4.538540631538e-617
4.105447921998e-620
3.571438786999e-623
2.986428110557e-626
2.399218079116e-629
1.850859234637e-632
1.370359901168e-635
9.73238414896e-639
6.626541419895e-642
4.323058629361e-645
2.700715441885e-648
1.614693997898e-651
9.23333364432e-655
5.046724822712e-658
2.63488607309e-661
1.313184101289e-664
6.243141459455e-668
2.829359940729e-671
1.221421232153e-674
5.018922167172e-678
1.961503084163e-681
7.285456553331e-685
2.56956108217e-688
8.59863761043e-692
2.727667824425e-695
8.19511411813e-699
2.329797421446e-702
6.26131671853e-706
1.589162917634e-709
3.805246267202e-713
8.58716540602e-717
1.824293507775e-720
3.644397237212e-724
6.838067898024e-728
1.203621057482e-731
1.984938949119e-735
3.062930803117e-739
4.416413022851e-743
5.941982728938e-747
7.448771459195e-751
8.68692395337e-755
9.40989328677e-759
9.45193866291e-763
8.78868782453e-767
7.551110908618e-771
5.983609489275e-775
4.364415200783e-779
2.924183358073e-783
1.79581641661e-787
1.008593071328e-791
5.168163951925e-796
2.410130358449e-800
1.020212680447e-804
3.909209026628e-809
1.351987088573e-813
4.207357827003e-818
1.174335006947e-822
2.929752569881e-827
6.509510267244e-832
1.28312721401e-836
2.234681078464e-841
3.423665108397e-846
4.59278800046e-851
5.367994713732e-856
5.437347489817e-861
4.745935687852e-866
3.547727235596e-871
2.25630936973e-876
1.212166073345e-881
5.458539418115e-887
2.043082674135e-892
6.298044311067e-898
1.582986986996e-903
3.208606305562e-909
5.181435604331e-915
6.577215276226e-921
6.465496075558e-927
4.840321765305e-933
2.708336964313e-939
1.108816228069e-945
3.242140386644e-952
6.584873015797e-959
8.995403325664e-966
7.95947706737e-973
4.362771280402e-980
1.404122301184e-987
2.485841879987e-995
2.232411580955e-1003
9.174852873013e-1012
1.508494669795e-1020
8.271068203796e-1030
1.1683873444843e-1039
2.87948218233e-1050
6.48736433615e-1062
3.846835980576e-1075
2.388860019274e-1091