0.1772993744970998
0.1663438394454612
0.1464179512037858
0.1209057976661859
0.0936549476350563
0.0680454568729249
0.046365470641524
0.02962428193892491
0.01774504556341738
0.00996297085163683
0.00524175822246281
0.002583585127742274
0.001192599379790046
0.000515403649300512
0.0002084601241230264
0.0000788766706132202
0.00002790854983398097
9.22969222700542e-6
2.851550723687838e-6
8.22594081384849e-7
2.214372448422333e-7
5.55915827415533e-8
1.300694386014169e-8
2.834294722269284e-9
5.74770021278595e-10
1.083871037919435e-10
1.899016315842145e-11
3.088570372521389e-12
4.65854021537577e-13
6.50977299713122e-14
8.41857028686942e-15
1.00640147466159e-15
1.110804821420206e-16
1.13051975222985e-17
1.059492179482514e-18
9.12986479495353e-20
7.22279822695482e-21
5.23727613740654e-22
3.474577697419987e-23
2.10514754267601e-24
1.162465119430732e-25
5.83805272729291e-27
2.660457277195089e-28
1.097448384490931e-29
4.087088573867047e-31
1.370327929799985e-32
4.123834054530054e-34
1.110266967022555e-35
2.664852546727382e-37
5.68044463695557e-39
1.070922249894492e-40
1.777646004884373e-42
2.585305840544954e-44
3.276607627160246e-46
3.597665608392482e-48
3.399989976620488e-50
2.745813333182831e-52
1.879874978087895e-54
1.081368799968323e-56
5.17429509351089e-59
2.036299234345827e-61
6.50653153772229e-64
1.663266802727167e-66
3.343990294264838e-69
5.18326850199305e-72
6.05004870028853e-75
5.17017505586059e-78
3.126009391622271e-81
1.281842475341466e-84
3.378956779353256e-88
5.34055578086894e-92
4.60792446341429e-96
1.90148736303226e-100
3.076808148323769e-105
1.407932829098121e-110
9.76258063305708e-117
2.082566047890185e-124