0.0539259658421308
0.0536128331985999
0.0529920111076291
0.0520742285979717
0.0508751921598149
0.0494151387476792
0.047718267927813
0.0458120754225896
0.043726613668195
0.041493707103718
0.039146150681887
0.036716919543809
0.034238416016198
0.031741777219218
0.029256262819499
0.026808738066995
0.024423262478304
0.022120789638548
0.019918978841515
0.0178321148991382
0.0158711286130089
0.0140437072524376
0.0123544820144721
0.0108052778887059
0.0093954106027432
0.0081220153291896
0.0069803925037828
0.0059643573231332
0.0050665811303799
0.0042789148228464
0.003592686495308
0.0029989676438079
0.0024888042920762
0.0020534112793087
0.0016843295999729
0.0013735480712099
0.001113591700081
0.00089757992891797
0.00071925846559506
0.00057300868202114
0.00045383862242968
0.00035735954197575
0.000279751636401
0.0002177222649176
0.00016845954785697
0.00012958377046955
0.00009909857164664
0.000075343462642162
0.000056948821798766
0.000042794157235984
0.000031970126170251
0.000023744548830982
0.000017532455546691
0.000012870053957819
9.392394402239e-6
6.814439384354e-6
4.9152014286921e-6
3.52459638886e-6
2.5126607009595e-6
1.7807960216615e-6
1.2547287867593e-6
8.789018434417e-7
6.120475736212e-7
4.2372465239025e-7
2.9163220090653e-7
1.9954453912845e-7
1.3573638370818e-7
9.179186126635e-8
6.171105360816e-8
4.124506859656e-8
2.7405061067184e-8
1.8102500791661e-8
1.1887617049791e-8
7.76066311003e-9
5.036745472799e-9
3.2497329403816e-9
2.0844485072023e-9
1.3291678484822e-9
8.425835187351e-10
5.309943220654e-10
3.3266712047366e-10
2.0719165326025e-10
1.2828512119883e-10
7.896256547074e-11
4.831771657785e-11
2.9392125833139e-11
1.7774372721003e-11
1.0685515797612e-11
6.386072536737e-12
3.7940982109942e-12
2.2408813460827e-12
1.3157213540664e-12
7.679676785969e-13
4.456101730122e-13
2.5703931580781e-13
1.4739253243786e-13
8.401987286711e-14
4.761220723337e-14
2.6821526888317e-14
1.5020233673617e-14
8.361746598431e-15
4.627469228875e-15
2.5457479014937e-15
1.3922321249707e-15
7.568875859167e-16
4.090474161505e-16
2.197543698692e-16
1.1736052025792e-16
6.230547449249e-17
3.2881308430793e-17
1.7250023521256e-17
8.995949655793e-18
4.663586772053e-18
2.4032990507893e-18
1.2311451339837e-18
6.26936194045e-19
3.173577021931e-19
1.5969278697986e-19
7.98787118881e-20
3.971780402829e-20
1.9631195387067e-20
9.645272719101e-21
4.710721458055e-21
2.2869905743335e-21
1.1036827065814e-21
5.294511337785e-22
2.5246906263364e-22
1.1967128119955e-22
5.638583804723e-23
2.6408716381836e-23
1.2294773060577e-23
5.689688894237e-24
2.6172794798271e-24
1.1967516740177e-24
5.439376586875e-25
2.4574467650113e-25
1.1035900421439e-25
4.926277102087e-26
2.1858283098925e-26
9.640468198423e-27
4.226333767866e-27
1.8416697185383e-27
7.977020113033e-28
3.43438749906e-28
1.4697255471514e-28
6.251729741388e-29
2.643259509549e-29
1.1108456235425e-29
4.640241046444e-30
1.9266326806818e-30
7.951104511568e-31
3.261555386491e-31
1.3298094009117e-31
5.38914615587e-32
2.1707760137021e-32
8.691067261939e-33
3.458539958176e-33
1.3679575103189e-33
5.377879483458e-34
2.1013901022787e-34
8.161274017903e-35
3.150383236768e-35
1.2087081383145e-35
4.609253593241e-36
1.7469855590255e-36
6.58106270065e-37
2.464048082683e-37
9.169532367009e-38
3.391473825518e-38
1.2467271717986e-38
4.555063578917e-39
1.6540776871233e-39
5.969722891574e-40
2.141349742289e-40
7.634042049806e-41
2.70491319058e-41
9.525379309139e-42
3.333801198478e-42
1.1596418737815e-42
4.008973053635e-43
1.3774178848137e-43
4.703486413788e-44
1.5962242971336e-44
5.383764163836e-45
1.8046560932785e-45
6.011978349048e-46
1.990458368623e-46
6.549372869182e-47
2.141684244506e-47
6.960147493217e-48
2.247951184237e-48
7.215374633296e-49
2.301614593894e-49
7.296358222345e-50
2.298675298528e-50
7.196894574441e-51
2.239271572728e-51
6.924056093559e-52
2.127671770029e-52
6.497360655896e-53
1.971767207818e-53
5.946462006854e-54
1.782148990811e-54
5.307740933283e-55
1.5709188678922e-55
4.620341706016e-56
1.3504194810936e-56
3.922252032397e-57
1.1320677921153e-57
3.246963655954e-58
9.254402438552e-59
2.62109758084e-59
7.376999132049e-60
2.063174097888e-60
5.733891582625e-61
1.5835011156211e-61
4.345506406594e-62
1.1849863669397e-62
3.210961162937e-63
8.645762051352e-64
2.313213967649e-64
6.149933154339e-65
1.624668625784e-65
4.26478100423e-66
1.1124075791178e-66
2.883129250174e-67
7.424974161085e-68
1.9000022764e-68
4.831025177865e-69
1.220529094519e-69
3.06392594911e-70
7.642356783887e-71
1.89405627161e-71
4.664150606949e-72
1.1412057551071e-72
2.774371450498e-73
6.701500868056e-74
1.608362375181e-74
3.83528472048e-75
9.086794417493e-76
2.13904871765e-76
5.002936720226e-77
1.1625755061954e-77
2.684148892612e-78
6.157136014269e-79
1.403249908818e-79
3.177406896818e-80
7.148082749833e-81
1.597653557446e-81
3.547719801175e-82
7.826850166742e-83
1.715509252007e-83
3.735637791089e-84
8.08163823475e-85
1.736977868602e-85
3.708913166435e-86
7.867808854188e-87
1.658108423777e-87
3.471532718205e-88
7.220645382774e-89
1.492019079315e-89
3.062763877929e-90
6.245836235542e-91
1.26532691929e-91
2.546520081743e-92
5.091207234591e-93
1.0111622539229e-93
1.995006908835e-94
3.910105711327e-95
7.612900908964e-96
1.472402223776e-96
2.828879000462e-97
5.398969713353e-98
1.0235592774167e-98
1.927603270129e-99
3.605967427277e-100
6.700733708081e-101
1.236847744093e-101
2.267776948744e-102
4.13020414288e-103
7.471824137738e-104
1.342649162305e-104
2.39649236591e-105
4.248777204794e-106
7.482092205101e-107
1.30873015637e-107
2.273745587506e-108
3.923693416299e-109
6.725218708663e-110
1.144913310082e-110
1.935932977327e-111
3.25129376629e-112
5.423341156224e-113
8.985020635245e-114
1.478458969548e-114
2.416206793186e-115
3.921842219447e-116
6.322282121983e-117
1.0122362597498e-117
1.609573010136e-118
2.5418898808e-119
3.986727141405e-120
6.209926676997e-121
9.606452523006e-122
1.475851388761e-122
2.251757539402e-123
3.41190085811e-124
5.134088038652e-125
7.672178202762e-126
1.138567607046e-126
1.677953910995e-127
2.455718395182e-128
3.569033956986e-129
5.1510125257e-130
7.382450592433e-131
1.050680558794e-131
1.48490686067e-132
2.083925775107e-133
2.904129093056e-134
4.018799411191e-135
5.522294513334e-136
7.534972660023e-137
1.020889451852e-137
1.373430500449e-138
1.834685330584e-139
2.433545053561e-140
3.205059121735e-141
4.191287754586e-142
5.442138580217e-143
7.016140576798e-144
8.981097166856e-145
1.141454942588e-145
1.440397073154e-146
1.80466068931e-147
2.244887208524e-148
2.772521204579e-149
3.399635322444e-150
4.138687096306e-151
5.002203212345e-152
6.002389817798e-153
7.150671337717e-154
8.457164823452e-155
9.93010194678e-156
1.157521611524e-156
1.339511748742e-157
1.538868352064e-158
1.755049665794e-159
1.987036341857e-160
2.233295008619e-161
2.491756905051e-162
2.759814641846e-163
3.034339568263e-164
3.31172141062e-165
3.587930832988e-166
3.858604399832e-167
4.119150158133e-168
4.364870781177e-169
4.591100014531e-170
4.793347125833e-171
4.967443268152e-172
5.109683193138e-173
5.216955647563e-174
5.286856082136e-175
5.317775993467e-176
5.308964277549e-177
5.260557336157e-178
5.173576262074e-179
5.049891132049e-180
4.892154145488e-181
4.703704947728e-182
4.488452863804e-183
4.250741852861e-184
3.99520470908e-185
3.726613345781e-186
3.449731898623e-187
3.16917889599e-188
2.889303920519e-189
2.614083098164e-190
2.347036487606e-191
2.091169097397e-192
1.848935924292e-193
1.622230168525e-194
1.412392710958e-195
1.220240085162e-196
1.046107575714e-197
8.89903732652e-199
7.51172501663e-200
6.291593044361e-201
5.228777253074e-202
4.311739227695e-203
3.527864380054e-204
2.8639966903e-205
2.30689874199e-206
1.843631261046e-207
1.461851281473e-208
1.150032128034e-209
8.97611533095e-211
6.950763789451e-212
5.339938326956e-213
4.069991228427e-214
3.077500317402e-215
2.308574986526e-216
1.718006967727e-217
1.268337068909e-218
9.28895838822e-220
6.748629996215e-221
4.863782570974e-222
3.477252660281e-223
2.466013766892e-224
1.734784176131e-225
1.210541353673e-226
8.37898685701e-228
5.752737131444e-229
3.917618060388e-230
2.646229843327e-231
1.772900095184e-232
1.178109014966e-233
7.76469598473e-235
5.075681941651e-236
3.290701401782e-237
2.11592276009e-238
1.349340284311e-239
8.5338803309e-241
5.352639554462e-242
3.329498310025e-243
2.053864869858e-244
1.256435154666e-245
7.62212858726e-247
4.585357840307e-248
2.735418091194e-249
1.618156119361e-250
9.49196241332e-252
5.52106806756e-253
3.184302130288e-254
1.821050692182e-255
1.032616090044e-256
5.805735713366e-258
3.236454825339e-259
1.788825985353e-260
9.80268838967e-262
5.325901233074e-263
2.868824838379e-264
1.532040077405e-265
8.11116991592e-267
4.257319182518e-268
2.215237401074e-269
1.142687963737e-270
5.843193355852e-272
2.961965209306e-273
1.488361927006e-274
7.41357724388e-276
3.660407689881e-277
1.791451843052e-278
8.69053398258e-280
4.178736499507e-281
1.991554584677e-282
9.40761626957e-284
4.404519365571e-285
2.043809172859e-286
9.39931799028e-288
4.284081775281e-289
1.935154971113e-290
8.66286322178e-292
3.843137646963e-293
1.68958562114e-294
7.36097265723e-296
3.177911743629e-297
1.359536658226e-298
5.763326881094e-300
2.420914989883e-301
1.007628497509e-302
4.155531285444e-304
1.698041970793e-305
6.87474367693e-307
2.757663300222e-308
1.095955599837e-309
4.315210254997e-311
1.683288160273e-312
6.5050800411e-314
2.490431418134e-315
9.44526891354e-317
3.548639099905e-318
1.320708602181e-319
4.8689989498e-321
1.778073148546e-322
6.43171117886e-324
2.304411546411e-325
8.17786075852e-327
2.874451817408e-328
1.000680482087e-329
3.450247503282e-331
1.178172214145e-332
3.98437506982e-334
1.334423551595e-335
4.42586629649e-337
1.453660453203e-338
4.72799128485e-340
1.522748574024e-341
4.856309288361e-343
1.533556429108e-344
4.795093449908e-346
1.484522583655e-347
4.550482090952e-349
1.381011343923e-350
4.149488891291e-352
1.234348225419e-353
3.635085605418e-355
1.059774549183e-356
3.058596473184e-358
8.73833338977e-360
2.471272032899e-361
6.91808221043e-363
1.916954120026e-364
5.257582336061e-366
1.427237506561e-367
3.834683909139e-369
1.019702081319e-370
2.683580471357e-372
6.98941132229e-374
1.801516394617e-375
4.595093700481e-377
1.159834047127e-378
2.896872383498e-380
7.15948041379e-382
1.750809055485e-383
4.236308773105e-385
1.014178224632e-386
2.402177055388e-388
5.629190045948e-390
1.305037448572e-391
2.993106036319e-393
6.7909274626e-395
1.524156733701e-396
3.383835928966e-398
7.43110795007e-400
1.614164577927e-401
3.467985551638e-403
7.36931488455e-405
1.548753665268e-406
3.219051289909e-408
6.61680847779e-410
1.345020913043e-411
2.703671256057e-413
5.374122423263e-415
1.056268631955e-416
2.052761885398e-418
3.944429705714e-420
7.49368240392e-422
1.407523324645e-423
2.613658762622e-425
4.797983206953e-427
8.7070005015e-429
1.561930654409e-430
2.769628079327e-432
4.854346183917e-434
8.40954591141e-436
1.439891096396e-437
2.436602558506e-439
4.074930498356e-441
6.73470451907e-443
1.099922140055e-444
1.775139478127e-446
2.830818983198e-448
4.460490141469e-450
6.94425366693e-452
1.068126199843e-453
1.623135940023e-455
2.43670939715e-457
3.613683613233e-459
5.293890172688e-461
7.66053055473e-463
1.094920126962e-464
1.545703108183e-466
2.155112719597e-468
2.967523855855e-470
4.035326199797e-472
5.418798273317e-474
7.185330752e-476
9.4078275533e-478
1.21621377353e-479
1.552342236571e-481
1.956144071016e-483
2.433484831567e-485
2.988473027104e-487
3.622773547008e-489
4.334931652724e-491
5.119769571425e-493
5.96792487604e-495
6.86560056404e-497
7.79458952734e-499
8.73262022475e-501
9.65404621495e-503
1.053087142669e-504
1.133406850505e-506
1.203511312908e-508
1.260762722984e-510
1.302900285601e-512
1.328186959586e-514
1.33552741601e-516
1.324546131466e-518
1.295617915781e-520
1.24984751881e-522
1.188999767461e-524
1.115386373011e-526
1.031719549546e-528
9.40945420168e-531
8.46071544483e-533
7.50002670982e-535
6.55397108065e-537
5.64553214356e-539
4.793318642224e-541
4.011168434545e-543
3.308114551936e-545
2.688665693489e-547
2.153332033299e-549
1.699315998555e-551
1.321286428568e-553
1.012161763356e-555
7.6384132419e-558
5.67840665021e-560
4.158047921725e-562
2.998895848332e-564
2.130154429122e-566
1.490071860157e-568
1.026403289711e-570
6.96163918232e-573
4.648954127682e-575
3.056444917227e-577
1.978164448492e-579
1.260257573945e-581
7.90266533536e-584
4.877206064192e-586
2.962220519371e-588
1.770425236957e-590
1.041157680216e-592
6.024188288e-595
3.429159633335e-597
1.920205157533e-599
1.057648982963e-601
5.72970554055e-604
3.052687100928e-606
1.599386854407e-608
8.23962740851e-611
4.173549747055e-613
2.078300283521e-615
1.017363023426e-617
4.895176643355e-620
2.314967579198e-622
1.075881593703e-624
4.91343801032e-627
2.204783055088e-629
9.71992850815e-632
4.209534347557e-634
1.790751274803e-636
7.48208498414e-639
3.070093267368e-641
1.237020631233e-643
4.893877487047e-646
1.900788537862e-648
7.24723429411e-651
2.712197054122e-653
9.96168246058e-656
3.590526604645e-658
1.269838498118e-660
4.406096340889e-663
1.499768743283e-665
5.00735561257e-668
1.639663665352e-670
5.265153383044e-673
1.657769887199e-675
5.117299042815e-678
1.548482677356e-680
4.592676721088e-683
1.334945755729e-685
3.802271216509e-688
1.061077392397e-690
2.900798297321e-693
7.76775879322e-696
2.037145724034e-698
5.231620808236e-701
1.315458115582e-703
3.238041157853e-706
7.8017026333e-709
1.839646385695e-711
4.244754654007e-714
9.58249414921e-717
2.116146738124e-719
4.570743148572e-722
9.6545777743e-725
1.993957100654e-727
4.025909542409e-730
7.94523024343e-733
1.532395195076e-735
2.88790813465e-738
5.317036604378e-741
9.56211317246e-744
1.679419500029e-746
2.880099892253e-749
4.821917012317e-752
7.87980174981e-755
1.256644811937e-757
1.955368109526e-760
2.968103140329e-763
4.394184983115e-766
6.34365594553e-769
8.92841776521e-772
1.224879083049e-774
1.637587616125e-777
2.133122375054e-780
2.706653463833e-783
3.34471715151e-786
4.024376376853e-789
4.71358338474e-792
5.372995591827e-795
5.9592556552e-798
6.42944648998e-801
6.74613730575e-804
6.88222583675e-807
6.8247233086e-810
6.57675777506e-813
6.15737493051e-816
5.599129853119e-819
4.943889987128e-822
4.237603754136e-825
3.524949762904e-828
2.844736437642e-831
2.226695304743e-834
1.689973678903e-837
1.243276556404e-840
8.86318747926e-844
6.12082041705e-847
4.093429281219e-850
2.650211798592e-853
1.660520950577e-856
1.006538868034e-859
5.90049002297e-863
3.343973160368e-866
1.831459444401e-869
9.69016155381e-873
4.95107956685e-876
2.441948360471e-879
1.162169951243e-882
5.334879537444e-886
2.361145739828e-889
1.00712093986e-892
4.138228787723e-896
1.637308802693e-899
6.23497583086e-903
2.284164627712e-906
8.04644823208e-910
2.724307903978e-913
8.86072619803e-917
2.767097678136e-920
8.29272572531e-924
2.383734379033e-927
6.56856639289e-931
1.734179503977e-934
4.384102239627e-938
1.060660984942e-941
2.454264585597e-945
5.428099492285e-949
1.146783811798e-952
2.312815627171e-956
4.449763466295e-960
8.16154012607e-964
1.426071123264e-967
2.372084432474e-971
3.7533243112e-975
5.645037615304e-979
8.06381427383e-983
1.093163587403e-986
1.405200422388e-990
1.711300918111e-994
1.972715893282e-998
2.150581061109e-1002
2.215086738012e-1006
2.153509182076e-1010
1.974183382341e-1014
1.704756514056e-1018
1.385178023837e-1022
1.05787817873e-1026
7.58497995997e-1031
5.099720699869e-1035
3.211276293138e-1039
1.891451353869e-1043
1.040699911036e-1047
5.341631821727e-1052
2.554013570513e-1056
1.135879380136e-1060
4.691749609588e-1065
1.796959562499e-1069
6.37120839114e-1074
2.087539615676e-1078
6.309498597579e-1083
1.755846080699e-1087
4.490121938065e-1092
1.052981229803e-1096
2.259665877056e-1101
4.427475182185e-1106
7.90200922943e-1111
1.281505195523e-1115
1.883579186997e-1120
2.502365554433e-1125
2.996283665678e-1130
3.223866110078e-1135
3.107127891367e-1140
2.673495508853e-1145
2.046472388534e-1150
1.388408362942e-1155
8.31563667499e-1161
4.378421117137e-1166
2.01764746168e-1171
8.09869967649e-1177
2.817257829632e-1182
8.44748024724e-1188
2.170694346587e-1193
4.750494695714e-1199
8.79511852861e-1205
1.367649196363e-1210
1.772362407894e-1216
1.898045361342e-1222
1.66436982847e-1228
1.1831381541e-1234
6.743857502319e-1241
3.045424737623e-1247
1.075224494708e-1253
2.924767641724e-1260
6.030291717488e-1267
9.25373931434e-1274
1.035427133631e-1280
8.254001479637e-1288
4.565255374609e-1295
1.69952557832e-1302
4.111157966589e-1310
6.201246760694e-1318
5.554961383099e-1326
2.787001882714e-1334
7.291880640423e-1343
9.104750577325e-1352
4.847024776157e-1361
9.495083333719e-1371
5.60712396243e-1381
7.522833408563e-1392
1.495529936237e-1403
2.168165970063e-1416
5.844226630963e-1431
8.477950507387e-1449