0.0664682401448651
0.0658823503032758
0.0647260136708043
0.0630294401157037
0.0608362951801548
0.0582018334354429
0.0551905876681765
0.0518737486446727
0.0483263835547911
0.044624643891609
0.0408431057798748
0.0370523687913
0.0333170149557172
0.0296940003626601
0.0262315200543459
0.022968355424524
0.019933684389346
0.0171473100750293
0.0146202449935316
0.0123555753490309
0.0103495243201231
0.008592633438826
0.0070709866529486
0.0057674111393509
0.0046626011162176
0.003736124462751
0.002967285686893
0.002335831676335
0.0018224979661298
0.00140940246816947
0.0010803005037223
0.00082071955756438
0.00061799460889283
0.00046122549475209
0.00034117690361301
0.00025013968193215
0.00018176955184811
0.00013091642671431
0.000093454554477726
0.000066120929320679
0.000046366933110509
0.000032226081527262
0.000022199084934469
0.000015156181086461
0.000010255818079309
6.8782075866046e-6
4.57196925678e-6
3.0119860041831e-6
1.9666304727378e-6
1.27265666032e-6
8.162381659159e-7
5.188456001726e-7
3.2686873968285e-7
2.0408967243852e-7
1.26293036805e-7
7.7454532435125e-8
4.7078389985094e-8
2.8359720927423e-8
1.6931136300869e-8
1.0017797433015e-8
5.874332483212e-9
3.4138391790931e-9
1.9661829920876e-9
1.1222747870065e-9
6.3484381198784e-10
3.5589753043294e-10
1.9772947332868e-10
1.0886897019403e-10
5.9404723056784e-11
3.2123277026153e-11
1.7214663383956e-11
9.142286667555e-12
4.811566505527e-12
2.509523255028e-12
1.2970798449403e-12
6.643708964783e-13
3.372255739845e-13
1.6962661611109e-13
8.455292391392e-14
4.1765906068181e-14
2.044425564823e-14
9.91686168726e-15
4.7668136054663e-15
2.2705465701472e-15
1.0717125593921e-15
5.0126708322668e-16
2.3232731600431e-16
1.0670107920025e-16
4.85592518987e-17
2.1898126269948e-17
9.785225423796e-18
4.3327208320874e-18
1.9009627984919e-18
8.264309547884e-19
3.5600537336244e-19
1.5195692097927e-19
6.426807180718e-20
2.693256828892e-20
1.1183166922305e-20
4.601009919359e-21
1.8755973276213e-21
7.575666113821e-22
3.0317508185426e-22
1.2021378579183e-22
4.72280195771e-23
1.8383425650184e-23
7.089749966499e-24
2.7090039884908e-24
1.0255552466948e-24
3.8465871046216e-25
1.4294057996257e-25
5.26253855606e-26
1.919513224814e-26
6.936481597226e-27
2.4833382907624e-27
8.807998115656e-28
3.0949906892267e-28
1.0774034704053e-28
3.715611734209e-29
1.2694371849116e-29
4.29652161277e-30
1.4406006297517e-30
4.785054538402e-31
1.5745001709263e-31
5.132238785198e-32
1.6572005570764e-32
5.300820158497e-33
1.6796025275973e-33
5.271825695624e-34
1.639087808041e-34
5.048072560566e-35
1.5400209998238e-35
4.653726243781e-36
1.3929757712519e-36
4.130001367681e-37
1.2128750100033e-37
3.528063492822e-38
1.0164978297116e-38
2.9008242688328e-39
8.199293299941e-40
2.2954432058668e-40
6.364830672175e-41
1.7479633707227e-41
4.754424150437e-42
1.2807918229345e-42
3.41718942742e-43
9.029511529851e-44
2.362973860108e-44
6.124177223837e-45
1.5719018353085e-45
3.99564180315e-46
1.0058325833397e-46
2.5074795334193e-47
6.190362883318e-48
1.5134088008422e-48
3.663972517998e-49
8.784120514182e-50
2.085397066108e-50
4.902502727323e-51
1.1412471592449e-51
2.630682707688e-52
6.004518519857e-53
1.3570719567406e-53
3.036941948194e-54
6.729347202771e-55
1.4764068988906e-55
3.207226831021e-56
6.898227481334e-57
1.4690049571828e-57
3.097280648263e-58
6.465512925142e-59
1.33623874525e-59
2.734118004225e-60
5.538548698642e-61
1.1107430038029e-61
2.2052781538075e-62
4.334495781652e-63
8.433976688254e-64
1.6245681457762e-64
3.097763515609e-65
5.84731355152e-66
1.0925850297209e-66
2.0208670124795e-67
3.699956984763e-68
6.705402166971e-69
1.2028595029309e-69
2.135794850939e-70
3.75362863524e-71
6.529542069022e-72
1.1242069086012e-72
1.9157298605898e-73
3.231015974011e-74
5.393280634056e-75
8.909805109592e-76
1.4567223735477e-76
2.357061094668e-77
3.774351537368e-78
5.981130004111e-79
9.37962304877e-80
1.4555950449404e-80
2.235324179021e-81
3.396854002581e-82
5.107886623108e-83
7.600201953582e-84
1.118973946407e-84
1.6301108812647e-85
2.349675811937e-86
3.351070771976e-87
4.728629201885e-88
6.601672937703e-89
9.118656109557e-90
1.2461108779328e-90
1.6846993413061e-91
2.253298720033e-92
2.981511424183e-93
3.902708822687e-94
5.053570511105e-95
6.473266385818e-96
8.202230740999e-97
1.0280497737004e-97
1.2745596892071e-98
1.563004516614e-99
1.89585169481e-100
2.274482169814e-101
2.698886672728e-102
3.167382419135e-103
3.676375087295e-104
4.220192089045e-105
4.791012021415e-106
5.378911466622e-107
5.97204393434e-108
6.556956959658e-109
7.119042754234e-110
7.643106228384e-111
8.114022759593e-112
8.517447997367e-113
8.840534459703e-114
9.072605707377e-115
9.205739167821e-116
9.235213471795e-117
9.15978521415e-118
8.981772609117e-119
8.706938409093e-120
8.344180227331e-121
7.905051463571e-122
7.40314886586e-123
6.853412119361e-124
6.271385890864e-125
5.672495134625e-126
5.071380365351e-127
4.481331692332e-128
3.913849722011e-129
3.378349237376e-130
2.882009170847e-131
2.429761018949e-132
2.024398481385e-133
1.666784397868e-134
1.356127294053e-135
1.0902989731894e-136
8.661662489519e-138
6.799135429456e-139
5.273379916327e-140
4.041042298518e-141
3.059515150181e-142
2.288508249619e-143
1.691136566754e-144
1.2345728918776e-145
8.9033215623e-147
6.34263800827e-148
4.463293891288e-149
3.102371138195e-150
2.129950985912e-151
1.444334573788e-152
9.673262129559e-154
6.398372674726e-155
4.179668797981e-156
2.69633694542e-157
1.717712455005e-158
1.0805744249906e-159
6.712288043267e-161
4.117008680038e-162
2.493283969711e-163
1.490815119391e-164
8.800778262766e-166
5.129164492829e-167
2.95109566773e-168
1.676153395884e-169
9.397678514479e-171
5.200991391054e-172
2.841139959303e-173
1.531870716674e-174
8.151855555723e-176
4.28131741026e-177
2.219047053827e-178
1.135024142858e-179
5.728941489824e-181
2.853352268618e-182
1.402261319535e-183
6.799480493027e-185
3.252941098793e-186
1.53536149641e-187
7.149228363278e-189
3.283988918465e-190
1.488051295536e-191
6.651006154674e-193
2.932171374221e-194
1.274978983581e-195
5.467733020856e-197
2.312495464324e-198
9.64500153937e-200
3.966887037572e-201
1.608798196955e-202
6.433323371533e-204
2.536465245687e-205
9.8596069351e-207
3.778371371333e-208
1.427384619715e-209
5.315516366454e-211
1.951167233198e-212
7.059344739175e-214
2.517278029055e-215
8.846483440434e-217
3.063785716638e-218
1.045609777294e-219
3.516247662993e-221
1.165098479696e-222
3.803590009809e-224
1.223339237269e-225
3.876111414007e-227
1.209805235827e-228
3.719443592725e-230
1.126307488468e-231
3.3591185391e-233
9.86633029156e-235
2.853778357135e-236
8.128138809805e-238
2.279502002815e-239
6.294166800179e-241
1.711027624978e-242
4.578962493619e-244
1.206254405142e-245
3.12782644785e-247
7.98266883288e-249
2.005048103256e-250
4.956120425406e-252
1.205502415796e-253
2.885173686197e-255
6.793938219752e-257
1.573927520901e-258
3.586978381426e-260
8.041197012209e-262
1.77307539935e-263
3.845160992068e-265
8.200655174598e-267
1.719866579543e-268
3.546649185241e-270
7.1909067375e-272
1.433360049682e-273
2.808645971666e-275
5.409687680254e-277
1.024103532047e-278
1.905349128675e-280
3.48358492202e-282
6.258366944368e-284
1.104687952566e-285
1.915679729665e-287
3.263406114458e-289
5.460646089191e-291
8.97430628675e-293
1.448439813745e-294
2.295625166565e-296
3.572400862519e-298
5.458021950845e-300
8.186210636556e-302
1.205200241215e-303
1.741484918057e-305
2.469559112696e-307
3.436471492071e-309
4.691951321617e-311
6.284849843011e-313
8.258279622725e-315
1.064362399009e-316
1.34538346458e-318
1.667669498556e-320
2.026895148838e-322
2.415234866495e-324
2.821258979959e-326
3.230204765155e-328
3.624665838945e-330
3.985688057121e-332
4.294196334597e-334
4.532615210653e-336
4.686498780501e-338
4.745963842503e-340
4.706730872942e-342
4.570621785799e-344
4.345435503501e-346
4.044210178924e-348
3.683968733785e-350
3.284116118713e-352
2.864699486217e-354
2.444749486977e-356
2.040892740193e-358
1.666369712146e-360
1.330521136748e-362
1.038733880224e-364
7.927765131327e-367
5.91414582196e-369
4.311792092515e-371
3.071685834754e-373
2.137846600552e-375
1.453394369972e-377
9.64990118555e-380
6.256317810333e-382
3.959990587328e-384
2.446642717742e-386
1.47525932534e-388
8.67973896589e-391
4.981993783903e-393
2.789165596947e-395
1.522772442194e-397
8.105855783276e-400
4.206084533741e-402
2.127075926185e-404
1.048148794377e-406
5.031591195265e-409
2.352535166435e-411
1.07107411041e-413
4.747424951398e-416
2.04810735244e-418
8.59809827828e-421
3.511594881544e-423
1.39493537623e-425
5.388214708193e-428
2.023337341265e-430
7.3843751409e-433
2.618596803885e-435
9.02024189949e-438
3.017487325605e-440
9.80011658707e-443
3.089256937237e-445
9.44908863164e-448
2.803577553878e-450
8.066648327216e-453
2.250091194844e-455
6.082742703066e-458
1.593141102969e-460
4.041334736027e-463
9.92587029646e-466
2.359608587288e-468
5.427380386611e-471
1.207445707478e-473
2.597268668783e-476
5.399823013419e-479
1.084659781236e-481
2.104230377652e-484
3.941027154936e-487
7.123095622562e-490
1.241921579159e-492
2.087874401625e-495
3.383092496348e-498
5.281202336037e-501
7.939017674465e-504
1.148726562666e-506
1.599110750341e-509
2.14063899578e-512
2.754210647478e-515
3.404239676177e-518
4.04005422658e-521
4.60116049391e-524
5.026014175376e-527
5.262752499367e-530
5.279409862336e-533
5.070894298673e-536
4.660655785697e-539
4.096397196532e-542
3.440894402226e-545
2.760378866281e-548
2.113487630467e-551
1.543339410688e-554
1.074093380403e-557
7.119021964135e-561
4.490197727645e-564
2.693000605452e-567
1.534552389369e-570
8.301157274056e-574
4.259248892446e-577
2.070992583365e-580
9.53402370116e-584
4.151583644806e-587
1.708303477022e-590
6.635735777491e-594
2.430691113911e-597
8.387156526597e-601
2.723044190208e-604
8.308878422986e-608
2.379862544232e-611
6.390535136819e-615
1.606688349937e-618
3.77699300727e-622
8.290266603178e-626
1.69652983025e-629
3.231929470461e-633
5.72240377749e-637
9.40136110801e-641
1.430693409898e-644
2.013078216063e-648
2.614038793678e-652
3.126380831287e-656
3.436773269395e-660
3.464945633992e-664
3.196609159557e-668
2.692102212088e-672
2.064478515574e-676
1.437793446885e-680
9.068564517432e-685
5.164857167962e-689
2.647923167e-693
1.218010557742e-697
5.009353673685e-702
1.835233142493e-706
5.965857409028e-711
1.713600660862e-715
4.329760828491e-720
9.577796874527e-725
1.845434812566e-729
3.080249399333e-734
4.42762875951e-739
5.446281705899e-744
5.693724162002e-749
5.021527360849e-754
3.706081338592e-759
2.268899410903e-764
1.14119706268e-769
4.66624298347e-775
1.533147926625e-780
3.995952149143e-786
8.144408847658e-792
1.277478734836e-797
1.51457963464e-803
1.329963174749e-809
8.451453064587e-816
3.784525869974e-822
1.1579604861236e-828
2.335150077725e-835
2.973948682087e-842
2.272510273417e-849
9.788654796198e-857
2.199496357222e-864
2.336424532132e-872
1.0317292395236e-880
1.591473889958e-889
6.701078281005e-899
5.306686854497e-909
4.262973498352e-920
1.0578667286352e-932
3.737033985208e-948