0.0542465805203168
0.0539278355391795
0.0532959521635401
0.0523619795579564
0.0511420881498671
0.0496571040615875
0.0479319180133574
0.0459947921260865
0.04387659156614
0.041609970146179
0.039228539756032
0.036766052859418
0.034255625348927
0.03172902396595
0.029216038483624
0.026743954178545
0.02433713506154
0.022016723182069
0.019800454332983
0.0177025858996502
0.0157339286148722
0.0139019707425984
0.0122110808083017
0.0106627734561774
0.009256022325708
0.0079876039404492
0.0068524573919345
0.0058440459573051
0.00495470857138
0.0041759911381703
0.0034989498734307
0.002914421090915
0.0024132539706462
0.0019865047895605
0.0016255927888064
0.001322419256879
0.001069452504981
0.00085978220138558
0.0006871470321344
0.0005459398953672
0.0004311948535339
0.0003385599038198
0.00026425932575496
0.00020504896811765
0.0001581673832396
0.0001212852389925
0.00009245496451896
0.000070062136433233
0.000052779703003707
0.000039525784459238
0.000029425482944122
0.000021776886730745
0.000016021257964415
0.000011717247135147
8.518874901928e-6
6.1569563493751e-6
4.4236075567513e-6
3.1594630545465e-6
2.2432394077709e-6
1.5832995802886e-6
1.1109004853505e-6
7.748386194021e-7
5.3724310066797e-7
3.7029969644854e-7
2.5372204967748e-7
1.7281634995574e-7
1.1701259574864e-7
7.875913987597e-8
5.2697409756156e-8
3.5050716854657e-8
2.3175186658599e-8
1.523237548812e-8
9.952437129236e-9
6.464098999312e-9
4.1735213258849e-9
2.6786296879062e-9
1.7089817853938e-9
1.0838675340242e-9
6.833265453063e-10
4.2824566047207e-10
2.6678998195055e-10
1.6521793774038e-10
1.0170803494053e-10
6.223905107937e-11
3.7859905852993e-11
2.2893078140246e-11
1.3760561695643e-11
8.221946563177e-12
4.883361237882e-12
2.8831547576051e-12
1.6920809487326e-12
9.871373021113e-13
5.724484654297e-13
3.2998696147912e-13
1.890853389021e-13
1.0770075610912e-13
6.097875976617e-14
3.431914580995e-14
1.9199569896912e-14
1.0676840783117e-14
5.901866057615e-15
3.2428758104191e-15
1.7711882835149e-15
9.615937659702e-16
5.189315578835e-16
2.7836785955365e-16
1.4842863106904e-16
7.866922432859e-17
4.144571610818e-17
2.1704061484885e-17
1.1297645343453e-17
5.845469459143e-18
3.006314047401e-18
1.5368509060356e-18
7.809271264378e-19
3.944296816146e-19
1.9801947132454e-19
9.881533339274e-20
4.901373719638e-20
2.4165023249707e-20
1.1842173407842e-20
5.76831916175e-21
2.7927989415715e-21
1.3440066904274e-21
6.428851532578e-22
3.056570336071e-22
1.4444524135735e-22
6.784826334734e-23
3.167668159599e-23
1.4699577514963e-23
6.78005207695e-24
3.108300316643e-24
1.4163592847279e-24
6.414800504362e-25
2.887691975156e-25
1.2920380030418e-25
5.745861187617e-26
2.5397390146707e-26
1.1157730257142e-26
4.87207661709e-27
2.1144747865777e-27
9.120942509297e-28
3.910428740573e-28
1.6663073818684e-28
7.057169807828e-29
2.970635286987e-29
1.2428251225216e-29
5.167865727636e-30
2.1357553724875e-30
8.772622676994e-31
3.581323939471e-31
1.4530900199172e-31
5.859691164058e-32
2.3484901889784e-32
9.354769723014e-33
3.703448256545e-33
1.4571584498871e-33
5.698139444016e-34
2.2145405132212e-34
8.553756924269e-35
3.2836082739e-35
1.2527527720388e-35
4.750041661669e-36
1.7899705667022e-36
6.70361683854e-37
2.495086953248e-37
9.229406419045e-38
3.392905800534e-38
1.2395901914816e-38
4.500814323198e-39
1.6240860170337e-39
5.824118971676e-40
2.075644786836e-40
7.351495651934e-41
2.587596369413e-41
9.051358917798e-42
3.146485401482e-42
1.0870025955998e-42
3.731870790107e-43
1.2732450415303e-43
4.317029076681e-44
1.4546005080452e-44
4.870644814012e-45
1.6207324257248e-45
5.359403751586e-46
1.7611651023553e-46
5.751223446645e-47
1.8663586633899e-47
6.018701127511e-48
1.928774032811e-48
6.142270076035e-49
1.943763950267e-49
6.112561666289e-50
1.910144160341e-50
5.931577801274e-51
1.830347423109e-51
5.612470295834e-52
1.7101326390346e-52
5.177960521831e-53
1.5578973600824e-53
4.657663090606e-54
1.3837077265755e-54
4.084751644177e-55
1.1982014969773e-55
3.492487608068e-56
1.0115295956638e-56
2.91111186831e-57
8.324796757175e-58
2.365487608067e-58
6.678790868714e-59
1.873712544356e-59
5.223166200798e-60
1.4467326504404e-60
3.981658962174e-61
1.0888271502962e-61
2.958493946431e-62
7.987245429103e-63
2.142573364342e-63
5.710635147518e-64
1.5123101433969e-64
3.979263876388e-65
1.0403218194249e-65
2.702299152982e-66
6.97425037784e-67
1.788371184585e-67
4.556290702995e-68
1.1533375155104e-68
2.900615935611e-69
7.247870490005e-70
1.79934549902e-70
4.438131657864e-71
1.0875890075312e-71
2.647926688802e-72
6.405029295173e-73
1.539245106328e-73
3.675051308539e-74
8.717369362713e-75
2.054335358612e-75
4.809705754932e-76
1.1187276063632e-76
2.58515312673e-77
5.934739173997e-78
1.3535297552905e-78
3.066776519063e-79
6.903064506428e-80
1.543634683492e-80
3.429155792315e-81
7.567758745115e-82
1.659135979317e-82
3.613504292809e-83
7.818155318659e-84
1.680375562556e-84
3.587830903757e-85
7.609888757134e-86
1.603402486145e-86
3.355999236475e-87
6.977716937495e-88
1.441166492984e-88
2.956796146937e-89
6.026041487563e-90
1.2199539245454e-90
2.453309673121e-91
4.900675911562e-92
9.724141822065e-93
1.916616745931e-93
3.752363923327e-94
7.297217212044e-95
1.409578270921e-95
2.704566435357e-96
5.154417157829e-97
9.757348709634e-98
1.834641962444e-98
3.426375198748e-99
6.355935167733e-100
1.1710670834808e-100
2.143081438095e-101
3.895354203444e-102
7.032397110895e-103
1.260969928744e-103
2.245679225021e-104
3.972181474303e-105
6.978233738819e-106
1.217569320038e-106
2.109940936968e-107
3.631382230235e-108
6.207194018224e-109
1.0537485139155e-109
1.776615789316e-110
2.97482564825e-111
4.946950046706e-112
8.169925044592e-113
1.339984178325e-113
2.182623428691e-114
3.530628083834e-115
5.671730672934e-116
9.04828207869e-117
1.43350753117e-117
2.25534786197e-118
3.523734486535e-119
5.467203674656e-120
8.42356824133e-121
1.288819281203e-121
1.958165178791e-122
2.954365790663e-123
4.426221080615e-124
6.584943635816e-125
9.727860931775e-126
1.427003912206e-126
2.078603523864e-127
3.00644306989e-128
4.317827248737e-129
6.157502484771e-130
8.719007747616e-131
1.225882158498e-131
1.711376698212e-132
2.372213362798e-133
3.264894235566e-134
4.461569797918e-135
6.053484277443e-136
8.15489218157e-137
1.090741928373e-137
1.448480494279e-138
1.909791737398e-139
2.499987963496e-140
3.24910827595e-141
4.192379579305e-142
5.370601375508e-143
6.830411831081e-144
8.6243867946e-145
1.081091915459e-145
1.345382391053e-146
1.662161537725e-147
2.038640781586e-148
2.482240013317e-149
3.000391956712e-150
3.600301863858e-151
4.288664388539e-152
5.071342333559e-153
5.953015117219e-154
6.936808093593e-155
8.023917079995e-156
9.21324534617e-157
1.050107263502e-157
1.188077724395e-158
1.334263255166e-159
1.487369842479e-160
1.645782555565e-161
1.807578692907e-162
1.970554537277e-163
2.132265970488e-164
2.290082467023e-165
2.441253207065e-166
2.582983274365e-167
2.71251718729e-168
2.82722640714e-169
2.924697027143e-170
3.002813610111e-171
3.059835141382e-172
3.094459308933e-173
3.105871808658e-174
3.093778075704e-175
3.058415720718e-176
3.000546947284e-177
2.921431277624e-178
2.822779947199e-179
2.706694275596e-180
2.575591117944e-181
2.432119097207e-182
2.279069677777e-183
2.119287248045e-184
1.955582236509e-185
1.790650913246e-186
1.627004962833e-187
1.466913204741e-188
1.312357039082e-189
1.165000368039e-190
1.026173942741e-191
8.96873361364e-193
7.77769336652e-194
6.692283871245e-195
5.713418004213e-196
4.839605707905e-197
4.067340156176e-198
3.391499086267e-199
2.805742038874e-200
2.302887352118e-201
1.875256292655e-202
1.514975386518e-203
1.214231579242e-204
9.65478104323e-206
7.61591723712e-207
5.959842345229e-208
4.626727780852e-209
3.563145535822e-210
2.722120785984e-211
2.062952285937e-212
1.550860173065e-213
1.156515458841e-214
8.55498424529e-216
6.277251875567e-217
4.568735586804e-218
3.29831509551e-219
2.361844999083e-220
1.67751811947e-221
1.181770187196e-222
8.25737845107e-224
5.722529331287e-225
3.93336121966e-226
2.681407693446e-227
1.812918557913e-228
1.215635377996e-229
8.08408901497e-231
5.331564290475e-232
3.487121399555e-233
2.261837190684e-234
1.454890922164e-235
9.28041222099e-237
5.870359771174e-238
3.682269935058e-239
2.29040757135e-240
1.412696641741e-241
8.64005989779e-243
5.239730535671e-244
3.150780351904e-245
1.878610959624e-246
1.110599948424e-247
6.509880282165e-249
3.783339772689e-250
2.180002897162e-251
1.245404754241e-252
7.05387870947e-254
3.960971570471e-255
2.205077883937e-256
1.216989317015e-257
6.658590825353e-259
3.611625216126e-260
1.941957938944e-261
1.035108117366e-262
5.469306606831e-264
2.86464853448e-265
1.487286883855e-266
7.65410179788e-268
3.904464773517e-269
1.974186721316e-270
9.89386517291e-272
4.914579237804e-273
2.419584442684e-274
1.18064886896e-275
5.709757263185e-277
2.736672246619e-278
1.299952433006e-279
6.119597931548e-281
2.854961393546e-282
1.319929164791e-283
6.047349931344e-285
2.745583539799e-286
1.235236890363e-287
5.50684376129e-289
2.432668833412e-290
1.06483355153e-291
4.618380035773e-293
1.984711826718e-294
8.45075834539e-296
3.565125864003e-297
1.490134506187e-298
6.170749219758e-300
2.531643099497e-301
1.028986073047e-302
4.143326484083e-304
1.652766892223e-305
6.53110888207e-307
2.556613810401e-308
9.91370917145e-310
3.807938615696e-311
1.44882603319e-312
5.460153214995e-314
2.03819337133e-315
7.53576798854e-317
2.759565926567e-318
1.000862970924e-319
3.595161996021e-321
1.278973749748e-322
4.506022748251e-324
1.572182277915e-325
5.432244296964e-327
1.858709875547e-328
6.2977990792e-330
2.113001302091e-331
7.01993852872e-333
2.309288377666e-334
7.52182117878e-336
2.425807825423e-337
7.74580992233e-339
2.44874044201e-340
7.66429987695e-342
2.374894381731e-343
7.28528197367e-345
2.21241594954e-346
6.65110121996e-348
1.979313664492e-349
5.830661383649e-351
1.700164355476e-352
4.907062079001e-354
1.401836422538e-355
3.96374551402e-357
1.109262239307e-358
3.072345498532e-360
8.42171339018e-362
2.284612648183e-363
6.1332893097e-365
1.62940868336e-366
4.283602417692e-368
1.114339675054e-369
2.868415112511e-371
7.30581958808e-373
1.841131813803e-374
4.590671159718e-376
1.132476279617e-377
2.763947794203e-379
6.67366512288e-381
1.594111872735e-382
3.766854516531e-384
8.80501927896e-386
2.035911193164e-387
4.656396325334e-389
1.053389681249e-390
2.357010468395e-392
5.216179128313e-394
1.1416871395e-395
2.471327638029e-397
5.29038176575e-399
1.119958467827e-400
2.344550937023e-402
4.853385526793e-404
9.93440054367e-406
2.010641177402e-407
4.023533863133e-409
7.96058454354e-411
1.557149714575e-412
3.011255959304e-414
5.756791692001e-416
1.087958723794e-417
2.032482315408e-419
3.753244388906e-421
6.85071263662e-423
1.235937437648e-424
2.203798637864e-426
3.883691612509e-428
6.76390574819e-430
1.164160284993e-431
1.980034373757e-433
3.327817881591e-435
5.526564593425e-437
9.06863009731e-439
1.470281776657e-440
2.355122335716e-442
3.727020545553e-444
5.82675524506e-446
8.99890230361e-448
1.372875047479e-449
2.068864186749e-451
3.079449369286e-453
4.527252611153e-455
6.57350887654e-457
9.42628943944e-459
1.33488925009e-460
1.866768368631e-462
2.577840106035e-464
3.514967395937e-466
4.732228071523e-468
6.29025361289e-470
8.25482108394e-472
1.069455969215e-473
1.367767930454e-475
1.726770134695e-477
2.15182720634e-479
2.646725913326e-481
3.213046534326e-483
3.849542290362e-485
4.551584090794e-487
5.310734643849e-489
6.1145168024e-491
6.94643440121e-493
7.78628910644e-495
8.61081429606e-497
9.39461827006e-499
1.011139686036e-500
1.073534341404e-502
1.124265629667e-504
1.161302456245e-506
1.183096459832e-508
1.188688638634e-510
1.177778781236e-512
1.150750751941e-514
1.108650771189e-516
1.05312032523e-518
9.8628968718e-521
9.10641699047e-523
8.28858010178e-525
7.43661109592e-527
6.57665143115e-529
5.73246789722e-531
4.924446795796e-533
4.168923862193e-535
3.477863867385e-537
2.858870067104e-539
2.315476176061e-541
1.847654748728e-543
1.452466704716e-545
1.124776823087e-547
8.57967804137e-550
6.44598697878e-552
4.769695862738e-554
3.475709689523e-556
2.494113642032e-558
1.762288403196e-560
1.226008459699e-562
8.39717277007e-565
5.66190931057e-567
3.757938263647e-569
2.455046087195e-571
1.578552174405e-573
9.9887964139e-576
6.21995998994e-578
3.811071842163e-580
2.297504252461e-582
1.362634247623e-584
7.95023229657e-587
4.562692883886e-589
2.575529404322e-591
1.42980954307e-593
7.80581773073e-596
4.19033618433e-598
2.21172362323e-600
1.147691648276e-602
5.85453444693e-605
2.935568674217e-607
1.446719570681e-609
7.00692929264e-612
3.33488561373e-614
1.559559901647e-616
7.1655360272e-619
3.234282206665e-621
1.433990709363e-623
6.24467792205e-626
2.670696829486e-628
1.121618098044e-630
4.625149625446e-633
1.872495870023e-635
7.44189668876e-638
2.903132830747e-640
1.11153442457e-642
4.176411830767e-645
1.53978171385e-647
5.569816410645e-650
1.976506773862e-652
6.87987627407e-655
2.348747824904e-657
7.86345650212e-660
2.581422839485e-662
8.30844821122e-665
2.621450443046e-667
8.10717420685e-670
2.457241896422e-672
7.29828090057e-675
2.123882340481e-677
6.05507809626e-680
1.690946573465e-682
4.624891012767e-685
1.238723661319e-687
3.248536055196e-690
8.34025742158e-693
2.095979599759e-695
5.155216824782e-698
1.240779700787e-700
2.921897304886e-703
6.73118431826e-706
1.516725840096e-708
3.342285896247e-711
7.20164771813e-714
1.517056564171e-716
3.123792181234e-719
6.28638164101e-722
1.236187443201e-724
2.374972164894e-727
4.4570535867e-730
8.16912817916e-733
1.462057036937e-735
2.5546694268e-738
4.357192260465e-741
7.25268711495e-744
1.177954964533e-746
1.866431184625e-749
2.884453399031e-752
4.347070310808e-755
6.38738878906e-758
9.14858916908e-761
1.277021093464e-763
1.736851895223e-766
2.301199921774e-769
2.969458644568e-772
3.73107949959e-775
4.563807368059e-778
5.433195149943e-781
6.2938501896e-784
7.09262077216e-787
7.77357264267e-790
8.28420165034e-793
8.58197693015e-796
8.64011184048e-799
8.45149218037e-802
8.02997247204e-805
7.40873189146e-808
6.63595199302e-811
5.76859822172e-814
4.865426804745e-817
3.980418685168e-820
3.157656629303e-823
2.428276254582e-826
1.809649692837e-829
1.306525074521e-832
9.13542409905e-836
6.18422914735e-839
4.051759576689e-842
2.568357211989e-845
1.574600143783e-848
9.33328665079e-852
5.346770713729e-855
2.959245991796e-858
1.581756659479e-861
8.1620724445e-865
4.064366700544e-868
1.952283105063e-871
9.04215983989e-875
4.036445658772e-878
1.735951581274e-881
7.18948049771e-885
2.866053762732e-888
1.099256718443e-891
4.054509634055e-895
1.437452914579e-898
4.896116481556e-902
1.601379689159e-905
5.026870658088e-909
1.513675639044e-912
4.369833437948e-916
1.208796713503e-919
3.20222084327e-923
8.11906297806e-927
1.969053995481e-930
4.564992950704e-934
1.01106718377e-937
2.137945720522e-941
4.313222253141e-945
8.29658475607e-949
1.520494559264e-952
2.653050341601e-956
4.404122911539e-960
6.95017354413e-964
1.041869818332e-967
1.482388755365e-971
2.000232043312e-975
2.557384816731e-979
3.095462930599e-983
3.543834250561e-987
3.833817386316e-991
3.915421927615e-995
3.771204330391e-999
3.422053628527e-1003
2.922366654155e-1007
2.346085797408e-1011
1.76855266416e-1015
1.250383668146e-1019
8.28109571253e-1024
5.13098054953e-1028
2.970363628924e-1032
1.604437862053e-1036
8.07467627757e-1041
3.780745835496e-1045
1.644432959663e-1049
6.63362492644e-1054
2.477783831266e-1058
8.55471846084e-1063
2.725200157334e-1067
7.99518708387e-1072
2.155996500231e-1076
5.332987170846e-1081
1.207451540214e-1085
2.496756816497e-1090
4.704082862416e-1095
8.05566954164e-1100
1.250660777984e-1104
1.755559435519e-1109
2.221754444995e-1114
2.527448849761e-1119
2.576354412294e-1124
2.345422656396e-1129
1.900213268391e-1134
1.365004122222e-1139
8.65972786213e-1145
4.831662519809e-1150
2.360369770336e-1155
1.004843973e-1160
3.709022075624e-1166
1.180644068084e-1171
3.222316277657e-1177
7.49401599442e-1183
1.475241181467e-1188
2.440576210421e-1194
3.366896415877e-1200
3.840786302638e-1206
3.589973269348e-1212
2.722151180573e-1218
1.656325815469e-1224
7.99080355109e-1231
3.016566709215e-1237
8.78144750231e-1244
1.939502035919e-1250
3.191480761771e-1257
3.833512180204e-1264
3.284440153347e-1271
1.954977773474e-1278
7.843224090038e-1286
2.047808430008e-1293
3.339630022562e-1301
3.240492841248e-1309
1.764783331267e-1317
5.024001007653e-1326
6.844059841878e-1335
3.987716186159e-1344
8.581542181781e-1354
5.592083318034e-1364
8.325458708654e-1375
1.849973066976e-1386
3.028053497036e-1399
9.358306029995e-1414
1.6031882591163e-1431