0.1624560214082967
0.1540046806888293
0.1383959622931665
0.1178937732340385
0.0951954242023117
0.0728571310606504
0.052847573265457
0.03632740298808652
0.0236620493343065
0.01460240613919551
0.00853667617615694
0.00472690145926644
0.002478628061853341
0.001230579031418754
0.000578335248785962
0.0002572306642996399
0.0001082509564206857
0.00004309149576753534
0.00001622104440207286
5.77246808601727e-6
1.941328615750708e-6
6.16796137449866e-7
1.850675589053751e-7
5.24199258488313e-8
1.401075170817183e-8
3.532129422617734e-9
8.39503450854471e-10
1.880219682720443e-10
3.966185165626878e-11
7.87556585694117e-12
1.47125720980235e-12
2.5842479214605e-13
4.265260843346928e-14
6.61052244643866e-15
9.61397063019473e-16
1.311079619560552e-16
1.675254036671601e-17
2.00404022708598e-18
2.242523567555038e-19
2.345221805038935e-20
2.290015527737168e-21
2.085789064599397e-22
1.770218907484848e-23
1.398399618847721e-24
1.027024662969629e-25
7.00399768117457e-27
4.429634751934483e-28
2.59451925953033e-29
1.405367878283501e-30
7.02924742038794e-32
3.241281114258003e-33
1.375548654395829e-34
5.36296160507749e-36
1.917225494541845e-37
6.27191361807094e-39
1.873474565064868e-40
5.09821215589019e-42
1.2607977361041e-43
2.826134131039022e-45
5.72588746844954e-47
1.045420409118364e-48
1.714495600747062e-50
2.516932846237924e-52
3.295120000241782e-54
3.831582806519966e-56
3.939931544224938e-58
3.565610443940907e-60
2.825266429866277e-62
1.9489490740739e-64
1.163196652748717e-66
5.96540089433643e-69
2.608958633627019e-71
9.64890705501806e-74
2.989434382842302e-76
7.67743278666501e-79
1.615034437941604e-81
2.745355308136826e-84
3.712949337721877e-87
3.924129806767251e-90
3.173696873645432e-93
1.916163025206851e-96
8.3845258592423e-100
2.564891223137342e-103
5.24627016956393e-107
6.7815072200121e-111
5.1477595408997e-115
2.078583287587269e-119
3.882938962200707e-124
2.720960222194955e-129
5.06323825883287e-135
1.292841287776039e-141
8.35813739755469e-150