0.18448997083421081
0.1721643716753997
0.14992351472225116
0.1218212383271278
0.09235474029827281
0.06531600951418562
0.04308546169076371
0.026503531097710215
0.015199679576417236
0.008124618304827712
0.00404644327354013
0.0018771268090367512
0.0008107637245936111
0.00032590355495495216
0.00012186350361528863
0.00004236675505539694
0.000013686795544658747
4.106213779153217e-6
1.1433046682221186e-6
2.9522889815634254e-7
7.064890361582934e-8
1.5654930566151294e-8
3.2093758879422083e-9
6.081518831421108e-10
1.064133597297141e-10
1.7175688761100722e-11
2.5543256450392533e-12
3.4959048726655186e-13
4.397502934049963e-14
5.077152698481205e-15
5.3723712748625e-16
5.201930240878193e-17
4.601403893501281e-18
3.7116593876307735e-19
2.7250115798125e-20
1.817201337942909e-21
1.09829889089563e-22
6.00205329117524e-24
2.958313434450786e-25
1.31151643900647e-26
5.2145562564116e-28
1.853545004143413e-29
5.87012853257663e-31
1.650225718899225e-32
4.101517935650802e-34
8.97326935475161e-36
1.719834043153656e-37
2.872631156020782e-39
4.157519636897013e-41
5.18080642863318e-43
5.51978349219916e-45
4.98908086106281e-47
3.792345061769901e-49
2.400669274036336e-51
1.251669134007398e-53
5.30778964638747e-56
1.80442784043626e-58
4.83641343930842e-61
1.002324861923828e-63
1.569674239556686e-66
1.807096891842947e-69
1.479153018429515e-72
8.25942381503662e-76
2.985907101709719e-79
6.52911031965592e-83
7.87964835293001e-87
4.61281206895611e-91
1.079140172233058e-95
7.33519072941707e-101
7.88583211673991e-107
2.837934836255224e-114