0.051802139296547
0.0515245317075829
0.0509737708517131
0.0501586464879936
0.0490920504758759
0.0477906376419503
0.0462743933143453
0.0445661232107201
0.042690883857582
0.040675373379954
0.038547303276849
0.036334771683185
0.034065657653123
0.031767054266313
0.029464755976285
0.027182812735434
0.024943160208048
0.022765331992545
0.020666256385196
0.018660136986062
0.0167584135099585
0.0149697966308163
0.0133003686368865
0.0117537401548383
0.0103312522295048
0.009032212610055
0.0078541551543351
0.0067931117619827
0.0058438871095095
0.0050003276034824
0.0042555773042713
0.0036023150173124
0.0030329682222724
0.0025399009432992
0.0021155739980803
0.0017526772554566
0.0014442345503528
0.0011836827335226
0.000964926966899
0.00078237481837603
0.00063095197616654
0.00050610251221966
0.00040377660029804
0.0003204084630432
0.00025288710980953
0.0001985221582181
0.00015500673003423
0.00012037909589091
0.00009298442994187
0.00007143773755016
0.000054588745949109
0.000041489305588972
0.000031363641923377
0.000023581624651233
0.00001763508299935
0.000013117089206244
9.70405470376e-6
7.14043079591e-6
5.2257738876612e-6
3.8039205423729e-6
2.7540160975035e-6
1.9831488575192e-6
1.4203570622589e-6
1.0117954205819e-6
7.168699942691e-7
5.0517304903487e-7
3.5407198950839e-7
2.4682783949061e-7
1.7113838194308e-7
1.1801873096451e-7
8.0947645532e-8
5.522131949478e-8
3.7467794065463e-8
2.5284697206687e-8
1.6970911628654e-8
1.1329215981061e-8
7.522137888093e-9
4.967397869097e-9
3.2625884286224e-9
2.1312813443848e-9
1.3847260868399e-9
8.948103674381e-10
5.750976865339e-10
3.6761662510185e-10
2.3371737475577e-10
1.4778440357386e-10
9.294100478148e-11
5.813352807628e-11
3.6164790137641e-11
2.2376108301443e-11
1.376961756294e-11
8.42747145353e-12
5.129914837032e-12
3.1057023553481e-12
1.8700174898161e-12
1.1198684488812e-12
6.66995937413e-13
3.951059186886e-13
2.3277555459784e-13
1.3639360420651e-13
7.94845552719e-14
4.606837540352e-14
2.6555454729213e-14
1.5224203083425e-14
8.680498204123e-15
4.922472067269e-15
2.7761930108128e-15
1.5571953348132e-15
8.686859936384e-16
4.819567545499e-16
2.6593658140009e-16
1.4593923802635e-16
7.965063931786e-17
4.323434317421e-17
2.3339420793486e-17
1.2530606320492e-17
6.690738969065e-18
3.553000394086e-18
1.8764403515354e-18
9.855797548705e-19
5.148318925175e-19
2.6745758414319e-19
1.3818450248557e-19
7.100318669462e-20
3.628353119623e-20
1.8439688292688e-20
9.319852427036e-21
4.684627135947e-21
2.3418045841282e-21
1.1642198191954e-21
5.75608392932e-22
2.83025855038e-22
1.3839838788398e-22
6.730400894284e-23
3.255029023345e-23
1.5655677476959e-23
7.488433316525e-24
3.562141703767e-24
1.6851228086044e-24
7.927770506493e-25
3.709101602858e-25
1.725772443188e-25
7.985359142833e-26
3.674518821072e-26
1.6815143051906e-26
7.652329883404e-27
3.463209627316e-27
1.5586722348853e-27
6.976228174822e-28
3.105098206518e-28
1.3744144399106e-28
6.049879086327e-29
2.648263532423e-29
1.1528163309175e-29
4.990480252268e-30
2.1483584406178e-30
9.197127213105e-31
3.915412804432e-31
1.6576074331405e-31
6.9785215734e-32
2.921605768618e-32
1.2163402495238e-32
5.035732357916e-33
2.0732091207621e-33
8.487803060474e-34
3.455556396972e-34
1.3989750551902e-34
5.632095738386e-35
2.254742384139e-35
8.976136163926e-36
3.553417945187e-36
1.3988342278516e-36
5.475805896156e-37
2.131524858803e-37
8.250723616674e-38
3.175789194992e-38
1.2155364463919e-38
4.626362794718e-39
1.7509165785168e-39
6.589371061918e-40
2.465891031268e-40
9.176009661452e-41
3.395334419288e-41
1.2492765906241e-41
4.570678044691e-42
1.6628277530031e-42
6.015297553721e-43
2.163758500059e-43
7.739285622904e-44
2.752529388774e-44
9.734208250386e-45
3.42298856423e-45
1.1968644528742e-45
4.16119189313e-46
1.4385412318352e-46
4.944896563052e-47
1.6901332960469e-47
5.743968708877e-48
1.941015657102e-48
6.521843479037e-49
2.178886207985e-49
7.238024499648e-50
2.390701395056e-50
7.851431851281e-51
2.563829190658e-51
8.32423707706e-52
2.687282674519e-52
8.625697865215e-53
2.75286883743e-53
8.735456096161e-54
2.756086410311e-54
8.645808932297e-55
2.696636250965e-55
8.362601380274e-56
2.578463971854e-56
7.904596865302e-57
2.409326753018e-57
7.301419843245e-58
2.199950427533e-58
6.590384070509e-59
1.962904203553e-59
5.812678708385e-60
1.711357086995e-60
5.009453229481e-61
1.4578862396449e-61
4.218313109119e-62
1.2134840887998e-62
3.470624917001e-63
9.868651387377e-64
2.789861670851e-64
7.841162608051e-65
2.191035223088e-65
6.086779075822e-66
1.681098498674e-66
4.615984841255e-67
1.2600834866012e-67
3.419763941967e-68
9.226838500016e-69
2.474957808973e-69
6.599923006948e-70
1.749702509636e-70
4.61149681868e-71
1.2082868007484e-71
3.147361471094e-72
8.150227589329e-73
2.098154196267e-73
5.369670589546e-74
1.366150278085e-74
3.455316989361e-75
8.687881654547e-76
2.171573116776e-76
5.395945374866e-77
1.332880201764e-77
3.272978258768e-78
7.989534736744e-79
1.938760430215e-79
4.676802246551e-80
1.121486289128e-80
2.673356778514e-81
6.334841403936e-82
1.492204371705e-82
3.494076924054e-83
8.132911610055e-84
1.881771606491e-84
4.328055881644e-85
9.89513459628e-86
2.248802150536e-86
5.080181994035e-87
1.1407843339843e-87
2.546371956839e-88
5.649784769434e-89
1.246038521613e-89
2.731607300692e-90
5.952371179952e-91
1.289271528949e-91
2.775742118939e-92
5.940073959725e-93
1.263514611482e-93
2.671419039082e-94
5.614030116001e-95
1.172670663023e-95
2.434689596039e-96
5.02429302054e-97
1.0305468284422e-97
2.100968261896e-98
4.257236801006e-99
8.574133308709e-100
1.716343871001e-100
3.414817912878e-101
6.752700501815e-102
1.327185465145e-102
2.592551697842e-103
5.033410947733e-104
9.712565737049e-105
1.862685870475e-105
3.550395810181e-106
6.72578299031e-107
1.266296085078e-107
2.369471063922e-108
4.40644819822e-109
8.14412464602e-110
1.495946265672e-110
2.730868305714e-111
4.954456613434e-112
8.933036862918e-113
1.600690426433e-113
2.85047988423e-114
5.044618153019e-115
8.87228655176e-116
1.550732933593e-116
2.693580009362e-117
4.649554968954e-118
7.975882208231e-119
1.359656187287e-119
2.303348624711e-120
3.877641085477e-121
6.487091826502e-122
1.078460188673e-122
1.781668659582e-123
2.924930929632e-124
4.771635125443e-125
7.735330029512e-126
1.246084614249e-126
1.994666648807e-127
3.172811358649e-128
5.014946693301e-129
7.876504588663e-130
1.229257481895e-130
1.906300124432e-131
2.937485476064e-132
4.497727607098e-133
6.842904218286e-134
1.034462053859e-134
1.55386164777e-135
2.31915984113e-136
3.439271206182e-137
5.067764353962e-138
7.419548393428e-139
1.079310518867e-139
1.559983545306e-140
2.240242697483e-141
3.196453030482e-142
4.53144309325e-143
6.382582041284e-144
8.93191667567e-145
1.241875313751e-145
1.715509294561e-146
2.354434243229e-147
3.210370136016e-148
4.349059246477e-149
5.853340993361e-150
7.826673211052e-151
1.039709530247e-151
1.372160308905e-152
1.799087240037e-153
2.343422835445e-154
3.032471017465e-155
3.898402821729e-156
4.978715236971e-157
6.316621172064e-158
7.961332794375e-159
9.96819536332e-160
1.239862471828e-160
1.531979936221e-161
1.880405823513e-162
2.292795840502e-163
2.777095356358e-164
3.341366481756e-165
3.993573003838e-166
4.741323693888e-167
5.591576774025e-168
6.550310906888e-169
7.622170850506e-170
8.81009875463e-171
1.011496478843e-171
1.1535213182e-172
1.30665416224e-173
1.470163305924e-174
1.642995915451e-175
1.823767370359e-176
2.010761226427e-177
2.201941093259e-178
2.394975275805e-179
2.587274484484e-180
2.776042297766e-181
2.958337395788e-182
3.131145912041e-183
3.291461614553e-184
3.436371071635e-185
3.563140521547e-186
3.669300885912e-187
3.752727270739e-188
3.811709402313e-189
3.845009750784e-190
3.851906591089e-191
3.832219913936e-192
3.786318892227e-193
3.715110483491e-194
3.620009653791e-195
3.502892587216e-196
3.366035043781e-197
3.212038698793e-198
3.043748799868e-199
2.864166786604e-200
2.676361619515e-201
2.48338346054e-202
2.288183052127e-203
2.093539683145e-204
1.902000044032e-205
1.715829604049e-206
1.536977435923e-207
1.367054712614e-208
1.207326448711e-209
1.058715489231e-210
9.21817287525e-212
7.96923677646e-213
6.8405364145e-214
5.829889939394e-215
4.933129510962e-216
4.144496855072e-217
3.457031949636e-218
2.862940843058e-219
2.353931671459e-220
1.921511093603e-221
1.557236408466e-222
1.252921402216e-223
1.000796374051e-224
7.9362474276e-226
6.24780107847e-227
4.882886363171e-228
3.788422033722e-229
2.917878876976e-230
2.230992783587e-231
1.693346646717e-232
1.275866264031e-233
9.54268873617e-235
7.08496000335e-236
5.22155405684e-237
3.819904865657e-238
2.773897070761e-239
1.999437200448e-240
1.430538008704e-241
1.015920650548e-242
7.16116114438e-244
5.010313075551e-245
3.479353053843e-246
2.398163455157e-247
1.640590175225e-248
1.113927292782e-249
7.50660102458e-251
5.020579865051e-252
3.332596699666e-253
2.195453375396e-254
1.435398439004e-255
9.31368821986e-257
5.997441868949e-258
3.832654254046e-259
2.430617216912e-260
1.529716255697e-261
9.55381001238e-263
5.921172524824e-264
3.641649818463e-265
2.22250078189e-266
1.345962086872e-267
8.08843966723e-269
4.823158284662e-270
2.853822167984e-271
1.675500959471e-272
9.76064582454e-274
5.64185877357e-275
3.235707822466e-276
1.841252847851e-277
1.039556710877e-278
5.823272384274e-280
3.236411176145e-281
1.784561083037e-282
9.7625599548e-284
5.29851265974e-285
2.852959214906e-286
1.523988870606e-287
8.0761793801e-289
4.245817195692e-290
2.214323187794e-291
1.14561389862e-292
5.879578854814e-294
2.993352997906e-295
1.51170299057e-296
7.57294569755e-298
3.763102242588e-299
1.854824954429e-300
9.06835409325e-302
4.397597601172e-303
2.115226073365e-304
1.009125428093e-305
4.774999039961e-307
2.240958900742e-308
1.043084760252e-309
4.815296273388e-311
2.204634943039e-312
1.001043920673e-313
4.507801874689e-315
2.013094551395e-316
8.91545625982e-318
3.915573282093e-319
1.705343273629e-320
7.36521090451e-322
3.154334027648e-323
1.339588611511e-324
5.641162264367e-326
2.355543764771e-327
9.75284263236e-329
4.003876519232e-330
1.629789334209e-331
6.5777213974e-333
2.632112858234e-334
1.044264079634e-335
4.107567374969e-337
1.601840421135e-338
6.19306475007e-340
2.373752223129e-341
9.01986549122e-343
3.397747649009e-344
1.268819898641e-345
4.696972397903e-347
1.723600117443e-348
6.26970001978e-350
2.260684495744e-351
8.07992350185e-353
2.86246206577e-354
1.00514443424e-355
3.498359478179e-357
1.206809047924e-358
4.126118719227e-360
1.398185325065e-361
4.695678778551e-363
1.56290775472e-364
5.155375274038e-366
1.685271137902e-367
5.459493731765e-369
1.752663408768e-370
5.575690221672e-372
1.757693198181e-373
5.490629174446e-375
1.699518854267e-376
5.212485466822e-378
1.584049779361e-379
4.769665579506e-381
1.42295820948e-382
4.206020474295e-384
1.231729905629e-385
3.573668269667e-387
1.027205525513e-388
2.925057890259e-390
8.25154310676e-392
2.305945192021e-393
6.38359511328e-395
1.750546319321e-396
4.755137784299e-398
1.279449254738e-399
3.409907920937e-401
9.00141856709e-403
2.353515172008e-404
6.09466355805e-406
1.563140566527e-407
3.970550245207e-409
9.9884120289e-411
2.48842149025e-412
6.1393409642e-414
1.499955511478e-415
3.628960464555e-417
8.69404076079e-419
2.062457208895e-420
4.844625876609e-422
1.12677101962e-423
2.594772224205e-425
5.91614623279e-427
1.335495733934e-428
2.984680366593e-430
6.60377945423e-432
1.446486235378e-433
3.13653819789e-435
6.73269311614e-437
1.430593885942e-438
3.008988117742e-440
6.26452735805e-442
1.2909426626e-443
2.633075959844e-445
5.315504710577e-447
1.062030801409e-448
2.100041661641e-450
4.109637486043e-452
7.95885221143e-454
1.52529943609e-455
2.89270299633e-457
5.42853787606e-459
1.00804127687e-460
1.85215019133e-462
3.367149901458e-464
6.05651626417e-466
1.07781253166e-467
1.897619293893e-469
3.305262613315e-471
5.6953350934e-473
9.70810157378e-475
1.636953135222e-476
2.730298681907e-478
4.504442165645e-480
7.35044554709e-482
1.186350029789e-483
1.8937523336e-485
2.989710787983e-487
4.667832123337e-489
7.20718388366e-491
1.100435149883e-492
1.66148266389e-494
2.480524909795e-496
3.661774329894e-498
5.34470113376e-500
7.71298836809e-502
1.100456138632e-503
1.552232911385e-505
2.16450341553e-507
2.983732734785e-509
4.065787743273e-511
5.47640269018e-513
7.29112512192e-515
9.59455212408e-517
1.247866651045e-518
1.604010338715e-520
2.037622441563e-522
2.557995314233e-524
3.173342999986e-526
3.890067606373e-528
4.711960174999e-530
5.63938469821e-532
6.66850754388e-534
7.79064471971e-536
8.99180409769e-538
1.025249714805e-539
1.15478837054e-541
1.284829349475e-543
1.412014037069e-545
1.532721144613e-547
1.64322765868e-549
1.739892803432e-551
1.819352949046e-553
1.878713296956e-555
1.915721344498e-557
1.928907778903e-559
1.917682601434e-561
1.882377775665e-563
1.824232189684e-565
1.745319741197e-567
1.648426339843e-569
1.536886012015e-571
1.414389603348e-573
1.284781455799e-575
1.151859727558e-577
1.019194763615e-579
8.89977339487e-582
7.6690506436e-584
6.52111204864e-586
5.47136158659e-588
4.529382041078e-590
3.69937316278e-592
2.980839761587e-594
2.36944073002e-596
1.857911413735e-598
1.436981137067e-600
1.096222697877e-602
8.24788667166e-605
6.12007901502e-607
4.478327609383e-609
3.231416777211e-611
2.299121498004e-613
1.612857514688e-615
1.115496629783e-617
7.60591549363e-620
5.1123224079e-622
3.387199285576e-624
2.212030150478e-626
1.423773309815e-628
9.03153613501e-631
5.6457878329e-633
3.477767432958e-635
2.110863678328e-637
1.262332695641e-639
7.43723492173e-642
4.316611144247e-644
2.467956759891e-646
1.389838960384e-648
7.70890243435e-651
4.211048550087e-653
2.265300183601e-655
1.199960472075e-657
6.25865936841e-660
3.213927524463e-662
1.624793170991e-664
8.0860019918e-667
3.961042636261e-669
1.90981329239e-671
9.06240517737e-674
4.231869737436e-676
1.944563236827e-678
8.79178686355e-681
3.910762894972e-683
1.711349223603e-685
7.36667978715e-688
3.11905986168e-690
1.298843308899e-692
5.31903565334e-695
2.141971388374e-697
8.48125582589e-700
3.301665507958e-702
1.263550581409e-704
4.753337295584e-707
1.757561027219e-709
6.3868519985e-712
2.280795554062e-714
8.00325883402e-717
2.759216740314e-719
9.34544907993e-722
3.109326994389e-724
1.016109308599e-726
3.26120203546e-729
1.027858015442e-731
3.180980942796e-734
9.66530030634e-737
2.883030624364e-739
8.441419585e-742
2.42586252987e-744
6.84152482621e-747
1.893331292021e-749
5.140882315314e-752
1.369417270353e-754
3.578245621663e-757
9.17041922607e-760
2.304839887183e-762
5.68031002037e-765
1.372554284822e-767
3.251315052726e-770
7.54928357423e-773
1.717963763514e-775
3.831135640129e-778
8.37123018458e-781
1.79201430975e-783
3.757729718119e-786
7.71759788313e-789
1.552212456825e-791
3.056832587234e-794
5.89361622702e-797
1.112292870845e-799
2.0545659902e-802
3.713815621556e-805
6.56832533404e-808
1.136467200015e-810
1.923357528398e-813
3.183435007335e-816
5.15223688359e-819
8.15247652655e-822
1.260974246292e-824
1.906223409409e-827
2.815913112176e-830
4.064138009845e-833
5.72988851317e-836
7.88998337598e-839
1.060915313653e-841
1.392776460133e-844
1.784836141052e-847
2.232289231373e-850
2.72430330553e-853
3.243618426279e-856
3.766938203748e-859
4.266241775814e-862
4.710999948276e-865
5.071103159774e-868
5.32014073748e-871
5.43855204863e-874
5.41613674506e-877
5.25348214665e-880
4.962034637324e-883
4.562776498461e-886
4.083718696399e-889
3.55662703515e-892
3.013517128544e-895
2.483459153452e-898
1.990131518194e-901
1.550384667417e-904
1.173869224474e-907
8.63595207697e-911
6.17158451351e-914
4.283144603482e-917
2.885957577154e-920
1.88737281112e-923
1.197686562815e-926
7.37261076739e-930
4.401134758202e-933
2.547085061452e-936
1.42864848504e-939
7.76382397461e-943
4.086551183831e-946
2.082711481508e-949
1.027423226006e-952
4.904244541732e-956
2.2643772987e-959
1.010945822168e-962
4.362694360668e-966
1.819163560103e-969
7.32685733987e-973
2.849235634902e-976
1.069389213374e-979
3.872296647648e-983
1.352233661859e-986
4.55204228992e-990
1.476554447975e-993
4.613116814081e-997
1.387555156476e-1000
4.01625785123e-1004
1.118172268168e-1007
2.993004200126e-1011
7.69853974162e-1015
1.901944528033e-1018
4.510833200257e-1022
1.026504483488e-1025
2.240167002773e-1029
4.685760529392e-1033
9.38898836858e-1037
1.801147883807e-1040
3.306118379557e-1044
5.80317952137e-1048
9.73476773553e-1052
1.559637253673e-1055
2.384949703683e-1059
3.478597285066e-1063
4.836177889682e-1067
6.40426552999e-1071
8.07221402722e-1075
9.67722474886e-1079
1.10258787787e-1082
1.192997993993e-1086
1.224842637982e-1090
1.192269928201e-1094
1.099389128394e-1098
9.59463428016e-1103
7.91792498174e-1107
6.17296562173e-1111
4.542098615923e-1115
3.151133182941e-1119
2.059101096894e-1123
1.265982711362e-1127
7.31543437298e-1132
3.968455852411e-1136
2.018654226231e-1140
9.61685945702e-1145
4.285374633515e-1149
1.783865109065e-1153
6.92732617172e-1158
2.506054389757e-1162
8.43343122624e-1167
2.636030556808e-1171
7.64093492925e-1176
2.050609083226e-1180
5.086524471324e-1185
1.164105465523e-1189
2.453551124487e-1194
4.753284162049e-1199
8.44726424354e-1204
1.374202991755e-1208
2.041952615026e-1213
2.765054257934e-1218
3.403932656365e-1223
3.799996243836e-1228
3.836735204344e-1233
3.493900259273e-1238
2.861280767999e-1243
2.100757937078e-1248
1.378317155292e-1253
8.05367313213e-1259
4.175805629357e-1264
1.91393136258e-1269
7.72309536757e-1275
2.731911186395e-1280
8.43267467468e-1286
2.260333206035e-1291
5.233975402266e-1297
1.041194345942e-1302
1.76884989694e-1308
2.549991789151e-1314
3.098102364212e-1320
3.148836145339e-1326
2.656014543977e-1332
1.843211450255e-1338
1.04254705834e-1344
4.757012977658e-1351
1.731468674637e-1357
4.965720272876e-1364
1.106967534861e-1370
1.889461568801e-1377
2.42841681954e-1384
2.306552635538e-1391
1.585329969615e-1398
7.699287399496e-1406
2.571406510295e-1413
5.724582360422e-1421
8.193756615505e-1429
7.22812418819e-1437
3.737880042585e-1445
1.067042453532e-1453
1.562681180865e-1462
1.071901573911e-1471
3.067553189993e-1481
3.14862710107e-1491
9.445751351297e-1502
6.194917631623e-1513
5.72671640072e-1525
3.602871702601e-1538
3.789644919286e-1553
1.750545511113e-1571