0.057999518113437
0.0576100260013711
0.0568388692795885
0.0557014414191976
0.0542201909966227
0.0524238851774119
0.050346681290347
0.0480270483183575
0.045506585800624
0.042828790629497
0.040037822457296
0.03717731600549
0.034289283763684
0.031413145790106
0.028584915093687
0.025836557965885
0.0231955392289098
0.0206845532401598
0.0183214331397587
0.016119223654971
0.0140863970741763
0.0122271879437896
0.0105420196722692
0.009027995482967
0.0076794268847488
0.0064883747968939
0.0054451813966259
0.0045389743557126
0.0037581291002421
0.0030906787895798
0.0025246656278771
0.0020484307025331
0.0016508426490765
0.0013214679841431
0.00105068789006717
0.00082976758160703
0.00065088517774299
0.00050712730504567
0.00039245855574326
0.00030167150279072
0.00023032332561224
0.00017466430768454
0.00013156260476285
0.00009842881182541
0.00007314302558634
0.000053986342011781
0.000039578066446492
0.000028819358606252
0.000020843587815851
0.000014973330704169
0.000010683694611812
7.5714828422811e-6
5.3296188788121e-6
3.7262019682705e-6
2.5875629973707e-6
1.7847156874796e-6
1.2226438511349e-6
8.319226508324e-7
5.6223413050477e-7
3.7740004436414e-7
2.5161490596119e-7
1.6661712719859e-7
1.095849571234e-7
7.15862177356e-8
4.6446629566384e-8
2.9931220612715e-8
1.915751597556e-8
1.2178606679368e-8
7.689511196503e-9
4.8221603703954e-9
3.0034845670856e-9
1.8580142346953e-9
1.1415937162813e-9
6.966457821355e-10
4.2223026405474e-10
2.5416900603173e-10
1.5196048570333e-10
9.023448783802e-11
5.321660703771e-11
3.1171196080345e-11
1.8133862657812e-11
1.0477475166461e-11
6.012447536041e-12
3.4266769652598e-12
1.9396397946424e-12
1.0904202201838e-12
6.088221110726e-13
3.376054526685e-13
1.8593013885386e-13
1.0169748580409e-13
5.524455518705e-14
2.9804808378403e-14
1.596980105677e-14
8.498214975739e-15
4.49127508986e-15
2.3573497507311e-15
1.2288234219894e-15
6.361575539936e-16
3.2707570512885e-16
1.6700862470147e-16
8.469058620249e-17
4.265162668248e-17
2.1332357865193e-17
1.0596037524451e-17
5.226946192769e-18
2.5606547078015e-18
1.2458076041377e-18
6.019305765357e-19
2.8882567031471e-19
1.3763142430324e-19
6.513138362115e-20
3.0609224765964e-20
1.428571915122e-20
6.621220421388e-21
3.0476040200607e-21
1.393034785571e-21
6.323342102203e-22
2.8504342970928e-22
1.2760078929471e-22
5.672466896149e-23
2.5041777976488e-23
1.0978201924944e-23
4.779345176429e-24
2.0662123781709e-24
8.870521081394e-25
3.781717948326e-25
1.6010067645677e-25
6.730687284221e-26
2.8098687967797e-26
1.1648532171939e-26
4.795269653207e-27
1.9602418247677e-27
7.957179540078e-28
3.20744809414e-28
1.2838348443825e-28
5.102767418291e-29
2.0139445886368e-29
7.892823781537e-30
3.071556036608e-30
1.1869259080643e-30
4.554344451004e-31
1.7352545218846e-31
6.564981024478e-32
2.4662361534365e-32
9.199508755255e-33
3.40738562584e-33
1.2531483100114e-33
4.576210991921e-34
1.6593187342177e-34
5.974087963567e-35
2.1356457800357e-35
7.580544793527e-36
2.671670895955e-36
9.349202888285e-37
3.248426277729e-37
1.1206653758111e-37
3.838672728072e-38
1.3055276718047e-38
4.408477066217e-39
1.4780401479301e-39
4.920130580413e-40
1.626137908771e-40
5.336125582026e-41
1.7385219916362e-41
5.62363795105e-42
1.8060719785718e-42
5.758784059084e-43
1.8230645778201e-43
5.729890129955e-44
1.7879730272036e-44
5.539154551594e-45
1.7036926906567e-45
5.202375327016e-46
1.5771467795806e-46
4.746788751291e-47
1.4183466352477e-47
4.207429589756e-48
1.2390836208162e-48
3.622687978689e-49
1.0514897606141e-49
3.029843522091e-50
8.66709576395e-51
2.46128794156e-51
6.938791786373e-52
1.9419365673221e-52
5.395269026922e-53
1.4880418999392e-53
4.07416199553e-54
1.1073363893004e-54
2.987693504842e-55
8.002113967429e-56
2.127564060371e-56
5.615219872244e-57
1.4711401840877e-57
3.825969146537e-58
9.877019301034e-59
2.531070690375e-59
6.438333342916e-60
1.6256622084091e-60
4.074475060841e-61
1.0136647252297e-61
2.503197464633e-62
6.135793896166e-63
1.4928564168668e-63
3.605235707699e-64
8.642001546176e-65
2.056159246762e-65
4.855763700384e-66
1.1381863322446e-66
2.648017345912e-67
6.114719120288e-68
1.4014480178482e-68
3.188003671922e-69
7.197778719875e-70
1.6129188797659e-70
3.587214862528e-71
7.918255953184e-72
1.734704038259e-72
3.771736582386e-73
8.13905173392e-74
1.743087183433e-74
3.704875234304e-75
7.815082172178e-76
1.636045120813e-76
3.399030252687e-77
7.008241215743e-78
1.4340144245935e-78
2.911954934473e-79
5.868114634651e-80
1.1735226408928e-80
2.328945946748e-81
4.586680411456e-82
8.964059807547e-83
1.738498160102e-83
3.345822955856e-84
6.389794468976e-85
1.2109382207784e-85
2.277215746462e-86
4.249417127798e-87
7.868526638302e-88
1.445746643107e-88
2.635854933975e-89
4.76844909538e-90
8.559628133563e-91
1.524580936737e-91
2.694384838853e-92
4.724740989683e-93
8.220557671632e-94
1.419139474506e-94
2.430776374516e-95
4.131013669616e-96
6.965551400941e-97
1.1652983475904e-97
1.93418052977e-98
3.185155133457e-99
5.203952300281e-100
8.435300530192e-101
1.356524741575e-101
2.164263452953e-102
3.425650806325e-103
5.379252083639e-104
8.379957077961e-105
1.295084198381e-105
1.985572358428e-106
3.019952385171e-107
4.556551314649e-108
6.820077758143e-109
1.012638289036e-109
1.491510640363e-110
2.179216428622e-111
3.158430622046e-112
4.540819387385e-113
6.475658404145e-114
9.160418748648e-115
1.285355492675e-115
1.788967841448e-116
2.469721212593e-117
3.381848873187e-118
4.593207196318e-119
6.187684049924e-120
8.2677078005e-121
1.0956746482124e-121
1.440164779664e-122
1.8774629579e-123
2.427469000753e-124
3.112817089266e-125
3.958818039097e-126
4.993256862038e-127
6.246015631743e-128
7.748494806575e-129
9.532812209068e-130
1.163076809786e-130
1.407257725225e-131
1.688538448976e-132
2.009159798161e-133
2.370709418482e-134
2.773936788209e-135
3.218571912207e-136
3.703158398645e-137
4.224912621555e-138
4.779621005154e-139
5.361586976213e-140
5.963637724924e-141
6.577198566672e-142
7.192439462292e-143
7.798494275724e-144
8.383748853711e-145
8.936189304351e-146
9.443797284549e-147
9.894975059095e-148
1.02789799338e-148
1.058634571185e-149
1.080926831436e-150
1.094193376971e-151
1.098076940858e-152
1.092460316334e-153
1.077472109157e-154
1.053481924841e-155
1.021085236662e-156
9.81078798205e-158
9.344280189462e-159
8.822281711018e-160
8.256616083001e-161
7.659533315195e-162
7.04327228929e-163
6.419651516597e-164
5.799706875849e-165
5.193390905718e-166
4.609343508216e-167
4.05473893167e-168
3.535209038811e-169
3.054838475526e-170
2.616223715382e-171
2.220585250952e-172
1.867920524572e-173
1.55718453414e-174
1.286485327261e-175
1.053282659052e-176
8.54579743338e-178
6.871000628718e-179
5.474434136956e-180
4.322175541626e-181
3.381438562817e-182
2.621371028617e-183
2.013609684646e-184
1.532617368177e-185
1.155834488541e-186
8.63679784662e-188
6.394355074094e-189
4.690501346777e-190
3.408881316718e-191
2.454517416861e-192
1.750948772041e-193
1.23744314257e-194
8.663889541e-196
6.009352644507e-197
4.129151670053e-198
2.810628942574e-199
1.895164175495e-200
1.265848873972e-201
8.37528450817e-203
5.488970486191e-204
3.563253391515e-205
2.291172609066e-206
1.459200407414e-207
9.20468194182e-209
5.750822405185e-210
3.558516640178e-211
2.180802850568e-212
1.323617775299e-213
7.95605740307e-215
4.736010358496e-216
2.79188172945e-217
1.629825760144e-218
9.42182881149e-220
5.393480634792e-221
3.057263453508e-222
1.715996133819e-223
9.53694430143e-225
5.248091743375e-226
2.859449819351e-227
1.54255981759e-228
8.23890573062e-230
4.356668093221e-231
2.280794727238e-232
1.182099397023e-233
6.065227168861e-235
3.080736550156e-236
1.549050297441e-237
7.71025823322e-239
3.798863351319e-240
1.852714846831e-241
8.94380642281e-243
4.273500462336e-244
2.021069503095e-245
9.46026632077e-247
4.382667305472e-248
2.009439781555e-249
9.11803124264e-251
4.094537904235e-252
1.819594101256e-253
8.00198856161e-255
3.482274497146e-256
1.49953824721e-257
6.38953524902e-259
2.693926788233e-260
1.12381449321e-261
4.638560466866e-263
1.894257034576e-264
7.65330342926e-266
3.059147664094e-267
1.20970781572e-268
4.73234091849e-270
1.831360774333e-271
7.010692118674e-273
2.654750069826e-274
9.94371570892e-276
3.6840246018e-277
1.349992811416e-278
4.892848233023e-280
1.753878588503e-281
6.217715267625e-283
2.179925137888e-284
7.55818621513e-286
2.591460288378e-287
8.7863415767e-289
2.94573477366e-290
9.76532271657e-292
3.200900760365e-293
1.037374588322e-294
3.324006043337e-296
1.053017787335e-297
3.297935004774e-299
1.021093751339e-300
3.125293593302e-302
9.45588352937e-304
2.828028511534e-305
8.36026397944e-307
2.442838572084e-308
7.05491884085e-310
2.013703495214e-311
5.6805307603e-313
1.583637241331e-314
4.362940275632e-316
1.187798678857e-317
3.195431519879e-319
8.49419560816e-321
2.231022167448e-322
5.789713493378e-324
1.484445822196e-325
3.76017542867e-327
9.40958732026e-329
2.326129287154e-330
5.680412338143e-332
1.370220307677e-333
3.2647286671e-335
7.68301028812e-337
1.78576654122e-338
4.099284392844e-340
9.29314066824e-342
2.080505640442e-343
4.599470873358e-345
1.004060619835e-346
2.164239940014e-348
4.606005461673e-350
9.67825451247e-352
2.007719250943e-353
4.111704634875e-355
8.31253074414e-357
1.658885125934e-358
3.267759870853e-360
6.353508623123e-362
1.219229556735e-363
2.309107879399e-365
4.315868108838e-367
7.96040982885e-369
1.448851699546e-370
2.602024655378e-372
4.610790215034e-374
8.06107777599e-376
1.390406387555e-377
2.365909786445e-379
3.971358244284e-381
6.57568294413e-383
1.073939500633e-384
1.729943556509e-386
2.748356102799e-388
4.306045200004e-390
6.653099253332e-392
1.013641420502e-393
1.522770574075e-395
2.255532009095e-397
3.293838270883e-399
4.742075056719e-401
6.73009691546e-403
9.4153087612e-405
1.298319326305e-406
1.764555306826e-408
2.363570994336e-410
3.119997225633e-412
4.058487629824e-414
5.202004387008e-416
6.569697844064e-418
8.17447203072e-420
1.002039439056e-421
1.210017255165e-423
1.439297327388e-425
1.686288746723e-427
1.945833995181e-429
2.211269611177e-431
2.47462276803e-433
2.726947125234e-435
2.958785775014e-437
3.160732749464e-439
3.324049660861e-441
3.441282993002e-443
3.506822395417e-445
3.517342381323e-447
3.47207938723e-449
3.3729123366e-451
3.224235679294e-453
3.032636554075e-455
2.806409079652e-457
2.554955828888e-459
2.288136971102e-461
2.015630136302e-463
1.746358769429e-465
1.488034805732e-467
1.246845041473e-469
1.02729223732e-471
8.32184443402e-474
6.62751531494e-476
5.188579845888e-478
3.992762656998e-480
3.01985343505e-482
2.244632807602e-484
1.639498551715e-486
1.176635101786e-488
8.29651781481e-491
5.746864364449e-493
3.910248417943e-495
2.613200913039e-497
1.715112173315e-499
1.10539941296e-501
6.99532762542e-504
4.346239242222e-506
2.650879519758e-508
1.5870500679e-510
9.32542107946e-513
5.377442550567e-515
3.042736437266e-517
1.68921617909e-519
9.20002408837e-522
4.91502118599e-524
2.575394368124e-526
1.323404394739e-528
6.66837148755e-531
3.294371726146e-533
1.595502721305e-535
7.57426423207e-538
3.524085324308e-540
1.606792563971e-542
7.17834413623e-545
3.141829900268e-547
1.347029439147e-549
5.65651358957e-552
2.326153710775e-554
9.36667576815e-557
3.692571451069e-559
1.424973064408e-561
5.382150561321e-564
1.989356850013e-566
7.19469726263e-569
2.545597438061e-571
8.8100371744e-574
2.982009700879e-576
9.86995456737e-579
3.193938397656e-581
1.010351895564e-583
3.123790808463e-586
9.43803806053e-589
2.786109965878e-591
8.03445940074e-594
2.262981125902e-596
6.224348296244e-599
1.6715414474e-601
4.381987417432e-604
1.121179045017e-606
2.799281460267e-609
6.81871420096e-612
1.620160245149e-614
3.754282001115e-617
8.48245808137e-620
1.868329655259e-622
4.010807562925e-625
8.39005397274e-628
1.709853250592e-630
3.394056332036e-633
6.56067820353e-636
1.234666364039e-638
2.261630764382e-641
4.031468559473e-644
6.99150775095e-647
1.179340149394e-649
1.934464710215e-652
3.084799359328e-655
4.781083678699e-658
7.20022372099e-661
1.053345149283e-663
1.496522272519e-666
2.06425799925e-669
2.763702948346e-672
3.590387524723e-675
4.524676014796e-678
5.529693136707e-681
6.55164932766e-684
7.52319711918e-687
8.36989278099e-690
9.01911153275e-693
9.41005116401e-696
9.50297642203e-699
9.28579025198e-702
8.77644624122e-705
8.02056658647e-708
7.08468589603e-711
6.046508801705e-714
4.984174197057e-717
3.966601009388e-720
3.046556906573e-723
2.257306100775e-726
1.61280928834e-729
1.110718407751e-732
7.36997736832e-736
4.709535956424e-739
2.896969810401e-742
1.714601655242e-745
9.75957062877e-749
5.339938684814e-752
2.807144210201e-755
1.417084109606e-758
6.86598892838e-762
3.191211711818e-765
1.422053137274e-768
6.072119484689e-772
2.483015194727e-775
9.71799838436e-779
3.638058467169e-782
1.301930912696e-785
4.450966502436e-789
1.452726840334e-792
4.523598816827e-796
1.342931074643e-799
3.798248527387e-803
1.022715046775e-806
2.619629412353e-810
6.378252190643e-814
1.475002404121e-817
3.237092145345e-821
6.736274688663e-825
1.328025870107e-828
2.478123452311e-832
4.372845020725e-836
7.28973829699e-840
1.146924150573e-843
1.701320585131e-847
2.376867577085e-851
3.124021337549e-855
3.858507170204e-859
4.473109917731e-863
4.861328460313e-867
4.946594377979e-871
4.706455299761e-875
4.181447987233e-879
3.464101883314e-883
2.672070192828e-887
1.916174105416e-891
1.275445006667e-895
7.86700567892e-900
4.488789404376e-904
2.365048555637e-908
1.148489164596e-912
5.130248945973e-917
2.103704494125e-921
7.90195673412e-926
2.712770392821e-930
8.49175987975e-935
2.417775984894e-939
6.245129650804e-944
1.459449953903e-948
3.076891275395e-953
5.834394994965e-958
9.91866270815e-963
1.50667068029e-967
2.037701833448e-972
2.444425150156e-977
2.590495296575e-982
2.414934251993e-987
1.971382376801e-992
1.402409252928e-997
8.64904227643e-1003
4.598780817948e-1008
2.095633581012e-1013
8.132196349953e-1019
2.668860010871e-1024
7.352470721917e-1030
1.686646684133e-1035
3.193654054296e-1041
4.943912001318e-1047
6.191973855661e-1053
6.202616261279e-1059
4.906934753786e-1065
3.023078004518e-1071
1.427984607789e-1077
5.08236538587e-1084
1.336499272285e-1090
2.53983843935e-1097
3.401026634874e-1104
3.117344705627e-1111
1.891195598819e-1118
7.301028520934e-1126
1.711998723283e-1133
2.305819168767e-1141
1.666341115117e-1149
5.937064929106e-1158
9.366130020565e-1167
5.684967204029e-1176
1.0977408738191e-1185
5.149744446527e-1196
3.905282623653e-1207
2.436160605401e-1219
3.400329115339e-1233
3.641452163928e-1250