0.0702141031767184
0.069523666198246
0.0681630866552451
0.0661719627410009
0.0636072826146091
0.0605407164353251
0.0570552936988563
0.0532416805258041
0.0491942890042005
0.0450074496663791
0.040771859739701
0.0365714865864496
0.032481061587795
0.0285642492086461
0.0248725238879352
0.0214447382161165
0.0183073233476401
0.0154750294836303
0.0129520920992408
0.0107336987400735
0.0088076309618532
0.007155964777166
0.0057567286730715
0.0045854384729304
0.0036164506415338
0.0028240979197042
0.0021835916713845
0.001671692776633
0.00126716656946309
0.00095104694369285
0.00070674048015017
0.00052000373277926
0.00037882628758618
0.00027324960074482
0.00019514765182441
0.00013799076751774
0.000096609121764484
0.000066967809655975
0.000045961301726138
0.000031231667797275
0.000021012270529867
0.000013996647268321
9.230952401793e-6
6.0275198848267e-6
3.8967144451688e-6
2.4941605097266e-6
1.5805715370727e-6
9.916670070314e-7
6.159954220854e-7
3.7883224333392e-7
2.3065989544417e-7
1.3904352757195e-7
8.2981403814469e-8
4.9029766830953e-8
2.8680427401236e-8
1.6609470809611e-8
9.522872220198e-9
5.4052981639552e-9
3.0374448204772e-9
1.6897857462064e-9
9.306509061218e-10
5.0742428697659e-10
2.7389386150086e-10
1.4635825532314e-10
7.742358023553e-11
4.054595707956e-11
2.1020220766866e-11
1.0787963864991e-11
5.4808917161838e-12
2.7565728652955e-12
1.3724331090765e-12
6.764150189539e-13
3.3001409199119e-13
1.5938436241462e-13
7.619906799146e-14
3.6061271065086e-14
1.6893376783625e-14
7.833801636653e-15
3.5958857353198e-15
1.6338527114171e-15
7.348354139056e-16
3.2714011670521e-16
1.4415855747192e-16
6.287908947578e-17
2.7147353480589e-17
1.1601132362354e-17
4.907056270839e-18
2.0544026048204e-18
8.513143944183e-19
3.4916466194699e-19
1.4174325806869e-19
5.695111628509e-20
2.2647778118011e-20
8.913910477299e-21
3.4723697385639e-21
1.3387341859896e-21
5.108213677289e-22
1.9290595242156e-22
7.209739596669e-23
2.6667748937828e-23
9.762057499338e-24
3.5365510431425e-24
1.2679360537447e-24
4.498718850471e-25
1.5796090321803e-25
5.488766246316e-26
1.8873797650988e-26
6.422413868941e-27
2.1626521118547e-27
7.206415653315e-28
2.3762440992804e-28
7.753479916381e-29
2.5034035607526e-29
7.998127142765e-30
2.5285035936171e-30
7.909539795481e-31
2.4481932689077e-31
7.497931045807e-32
2.2721280186557e-32
6.812618311777e-33
2.0210611527381e-33
5.93230071001e-34
1.722817495893e-34
4.950189758969e-35
1.407229271862e-35
3.957876426751e-36
1.1013055098933e-36
3.0317640219646e-37
8.256931929429e-38
2.224699721235e-38
5.929896016787e-39
1.5636489785402e-39
4.078884666204e-40
1.0525602220815e-40
2.6868856089808e-41
6.784867294793e-42
1.6947930991625e-42
4.187629867083e-43
1.0235032289196e-43
2.4744145299712e-44
5.917127449326e-45
1.3995791387772e-45
3.274348046477e-46
7.576798991981e-47
1.7340949152245e-47
3.925352783722e-48
8.788115124246e-49
1.9458815680127e-49
4.26121090647e-50
9.228643611204e-51
1.9766197220734e-51
4.18678719662e-52
8.770072767641e-53
1.8166949466154e-53
3.721424385847e-54
7.538354719168e-55
1.5099961486104e-55
2.990877672968e-56
5.857827301688e-57
1.1344387666599e-57
2.1723186718498e-58
4.112967793367e-59
7.699590250539e-60
1.4251205451445e-60
2.607944451398e-61
4.718443974027e-62
8.440028147619e-63
1.4925346552791e-63
2.609342646561e-64
4.509772106398e-65
7.705226725838e-66
1.3014097292036e-66
2.1728554957837e-67
3.586130479025e-68
5.850459294394e-69
9.434362598707e-70
1.5037785771729e-70
2.369157092153e-71
3.689200606304e-72
5.677914509679e-73
8.636806964314e-74
1.298419073684e-74
1.9291379989339e-75
2.832616409468e-76
4.110337913822e-77
5.894157039792e-78
8.352362184298e-79
1.1695782845243e-79
1.6183425558604e-80
2.21269475963e-81
2.989310745331e-82
3.990319075911e-83
5.262832952095e-84
6.857964491535e-85
8.829228197315e-86
1.1230269533013e-86
1.4111900345083e-87
1.7518485052918e-88
2.148379727949e-89
2.602655042595e-90
3.11458894348e-91
3.681720429095e-92
4.298867713341e-93
4.957899288018e-94
5.647661865769e-95
6.354098450746e-96
7.060577660707e-97
7.748439078713e-98
8.397740125684e-99
8.988169578972e-100
9.500073676128e-101
9.915525122332e-102
1.0219355449413e-102
1.0400068707517e-103
1.0450560247602e-104
1.0368578219482e-105
1.0156886175019e-106
9.823110713801e-108
9.37928565767e-109
8.841130709387e-110
8.227124977163e-111
7.557451691884e-112
6.852898316426e-113
6.133795497718e-114
5.419069469763e-115
4.725467061735e-116
4.066992578711e-117
3.454574042004e-118
2.895955132905e-119
2.395790871865e-120
1.955911191182e-121
1.57570800325e-122
1.2525982638482e-123
9.825173591626e-125
7.604028950659e-126
5.80637345484e-127
4.374276630491e-128
3.251096252338e-129
2.383733874906e-130
1.724137682922e-131
1.2301386191155e-132
8.657362703996e-134
6.009633093706e-135
4.114548982997e-136
2.778365717206e-137
1.850249319575e-138
1.2151372693942e-139
7.869643530048e-141
5.025735161321e-142
3.164746621869e-143
1.964956248447e-144
1.2028763904147e-145
7.259766757467e-147
4.319535538219e-148
2.533629485782e-149
1.464939082255e-150
8.349201725972e-152
4.690267046855e-153
2.596901580633e-154
1.417087164738e-155
7.620762237864e-157
4.038670498573e-158
2.109083366228e-159
1.0852787507524e-160
5.502470895326e-162
2.748650596273e-163
1.3527041619e-164
6.558183289198e-166
3.132112701353e-167
1.473464683636e-168
6.827563571808e-170
3.11594892808e-171
1.40051602208e-172
6.199167166758e-174
2.702092392303e-175
1.159744728616e-176
4.901099107709e-178
2.039232000786e-179
8.353236615804e-181
3.368453387234e-182
1.337107211559e-183
5.224369231663e-185
2.009116586806e-186
7.604163487181e-188
2.832329975214e-189
1.0381332241506e-190
3.744118478069e-192
1.328628012438e-193
4.638571915813e-195
1.593168260059e-196
5.382753637988e-198
1.788881431523e-199
5.847377511549e-201
1.879798057991e-202
5.942912513443e-204
1.847535394124e-205
5.647527004092e-207
1.697314899817e-208
5.015002260275e-210
1.456632802562e-211
4.1587662844e-213
1.167022519138e-214
3.218538043681e-216
8.723016872704e-218
2.323094965252e-219
6.078864842789e-221
1.562773077147e-222
3.946839285531e-224
9.79139937926e-226
2.385849961979e-227
5.709594837002e-229
1.341811530943e-230
3.096432268051e-232
7.015760399167e-234
1.560593375768e-235
3.40772734013e-237
7.303948054598e-239
1.536474710176e-240
3.171937727736e-242
6.425566377028e-244
1.277147796076e-245
2.490397995172e-247
4.763744860734e-249
8.937870104845e-251
1.644668798739e-252
2.967796847047e-254
5.251132519795e-256
9.10932135704e-258
1.549115438815e-259
2.582236752382e-261
4.218635130225e-263
6.753982250057e-265
1.059516208691e-266
1.628403407549e-268
2.451711313553e-270
3.615555699108e-272
5.221843725129e-274
7.385156056159e-276
1.022646589669e-277
1.386321125456e-279
1.839568304598e-281
2.389034332988e-283
3.036148251921e-285
3.77534365709e-287
4.592623615145e-289
5.464784669699e-291
6.359590142852e-293
7.237092884687e-295
8.05215626089e-297
8.758028286969e-299
9.310620729276e-301
9.67297484408e-303
9.81929980757e-305
9.73797891496e-307
9.43306156495e-309
8.92397958001e-311
8.243504508062e-313
7.434243010641e-315
6.544193085896e-317
5.622009692824e-319
4.712632512601e-321
3.853817153737e-323
3.073915147204e-325
2.391014411231e-327
1.813330450799e-329
1.34057031764e-331
9.65899813413e-334
6.781329311034e-336
4.638170692628e-338
3.089833160543e-340
2.004404511873e-342
1.265906706318e-344
7.781910634337e-347
4.655211749723e-349
2.709317746356e-351
1.533714479392e-353
8.442829723244e-356
4.518386515497e-358
2.350289964763e-360
1.18793053233e-362
5.832823834224e-365
2.781438047755e-367
1.287789535742e-369
5.787424061687e-372
2.52387709022e-374
1.067747851019e-376
4.380860589407e-379
1.742650962007e-381
6.718758091128e-384
2.509919784187e-386
9.082067519536e-389
3.182163975642e-391
1.079267822874e-393
3.542073456102e-396
1.124494118483e-398
3.452029130089e-401
1.024359302603e-403
2.937177866776e-406
8.134748018932e-409
2.175334383574e-411
5.61441218307e-414
1.397987293154e-416
3.356935682646e-419
7.770333139189e-422
1.733024257006e-424
3.722588620078e-427
7.697738649205e-430
1.531639053891e-432
2.931009647642e-435
5.391787614517e-438
9.52982143823e-441
1.617518781342e-443
2.635098030687e-446
4.11804736553e-449
6.170082517839e-452
8.858233205284e-455
1.217879706273e-457
1.602508773138e-460
2.016812053718e-463
2.426174575899e-466
2.787949722499e-469
3.058161938539e-472
3.199973759547e-475
3.191769296025e-478
3.032459782005e-481
2.742247329911e-484
2.358443604399e-487
1.927525993434e-490
1.495781764356e-493
1.101171877774e-496
7.683767920142e-500
5.077221510139e-503
3.173932812435e-506
1.875261908341e-509
1.046108397735e-512
5.5040749418e-516
2.728417240853e-519
1.272813082343e-522
5.58131136073e-526
2.297718428657e-529
8.869460104076e-533
3.206024599166e-536
1.08370888115e-539
3.420719010548e-543
1.006789435138e-546
2.758715802143e-550
7.02626237499e-554
1.660590401699e-557
3.635472177155e-561
7.359092442716e-565
1.37474178724e-568
2.365269306222e-572
3.740157663024e-576
5.423648018679e-580
7.195810089743e-584
8.713591375056e-588
9.605746674689e-592
9.614103642542e-596
8.711498954814e-600
7.124858305965e-604
5.242953287743e-608
3.459610214181e-612
2.039742896227e-616
1.0704564178e-620
4.980232475777e-625
2.045231347338e-629
7.379798461166e-634
2.328154275755e-638
6.387697216919e-643
1.515547836217e-647
3.090460705156e-652
5.380546515532e-657
7.94073427509e-662
9.85684499105e-667
1.0203885444836e-671
8.727815318923e-677
6.105565410672e-682
3.454164603569e-687
1.560819070795e-692
5.555785753154e-698
1.53393169683e-703
3.228387424364e-709
5.078626592182e-715
5.839324234353e-721
4.78266006882e-727
2.708538587163e-733
1.0243037923812e-739
2.482233092692e-746
3.668549320461e-753
3.113199860429e-760
1.4076023759362e-767
3.083465602286e-775
2.890568843252e-783
9.803613666396e-792
9.481967048849e-801
1.825791244702e-810
3.858716772082e-821
2.844310387614e-833
3.767043152521e-848