0.0661726855590626
0.0655945641081659
0.0644534250402102
0.0627788204606142
0.0606134793302212
0.0580114965294019
0.0550360894888178
0.051757052111523
0.0482480487438705
0.044583893754181
0.0408379551132493
0.037079804329139
0.0333732119390808
0.0297745597461961
0.0263317105862895
0.0230833460891057
0.0200587548967707
0.0172780299453459
0.0147526149960456
0.0124861283231785
0.0104753854459476
0.0087115426305068
0.0071812877714427
0.0058680140874233
0.0047529235871367
0.0038160202170947
0.0030369658279456
0.0023957846076335
0.0018734126790296
0.0014520986525244
0.00111566781490403
0.0008496672989223
0.00064141216456481
0.00047995311082137
0.00035598587908325
0.00026172068810472
0.00019072762814482
0.00013777117244629
0.000098644115118779
0.00007000852818776
0.000049248893812384
0.000034340497015133
0.000023734495369336
0.000016259811001483
0.000011041084996412
7.4313455446076e-6
4.957711414587e-6
3.2783228951595e-6
2.1487084247426e-6
1.3959088855539e-6
8.98853677689e-7
5.736827044444e-7
3.6291406347395e-7
2.2755351422632e-7
1.4141953185201e-7
8.711234471513e-8
5.3185445319217e-8
3.2184515949981e-8
1.9303697976804e-8
1.1475500330107e-8
6.7614295955194e-9
3.9485658438882e-9
2.2854531834337e-9
1.3110989505079e-9
7.454643478774e-10
4.2009217694314e-10
2.3463166666661e-10
1.2988259209939e-10
7.12583073091e-11
3.874701031128e-11
2.0881270225653e-11
1.1152943226933e-11
5.9038286259437e-12
3.0973297513201e-12
1.6104540607886e-12
8.298777931176e-13
4.2382105603751e-13
2.1451177795656e-13
1.0760131855583e-13
5.3490844935526e-14
2.6353255911897e-14
1.2867067107558e-14
6.226052698423e-15
2.9855984635629e-15
1.4188379322871e-15
6.682121070714e-16
3.1186984458613e-16
1.4424714423817e-16
6.611699816895e-17
3.0032281590913e-17
1.3518547161001e-17
6.030250716716e-18
2.6656400175851e-18
1.1676844681314e-18
5.068791606272e-19
2.1803957060442e-19
9.294266744001e-20
3.9259144136026e-20
1.6432714693444e-20
6.815809920148e-21
2.8013161962915e-21
1.1408803580135e-21
4.604136052654e-22
1.8411238211577e-22
7.295269501238e-23
2.8643087658785e-23
1.1143332506829e-23
4.295598599739e-24
1.6407491240092e-24
6.209649109502e-25
2.3285994722714e-25
8.652105617458e-26
3.1852571682749e-26
1.1618744816539e-26
4.199158413201e-27
1.5036609122008e-27
5.33480318487e-28
1.8752705231488e-28
6.531044472319e-29
2.253567954966e-29
7.704138018844e-30
2.6093892216e-30
8.756107444234e-31
2.9109628468948e-31
9.587635593608e-32
3.1284666114082e-32
1.0113291143306e-32
3.2388457576187e-33
1.027591591625e-33
3.229825388952e-34
1.0056837616865e-34
3.1021539457263e-35
9.479389083795e-36
2.8695116060917e-36
8.604819208709e-37
2.5560956104978e-37
7.521586041203e-38
2.1924723003577e-38
6.330623388623e-39
1.8106803703039e-39
5.129975543803e-40
1.4396673994371e-40
4.00200442245e-41
1.1019365160426e-41
3.005344459402e-42
8.118683582558e-43
2.1723290770889e-43
5.757171563087e-44
1.5112320443521e-44
3.929039411822e-45
1.0117416801891e-45
2.5803323811135e-46
6.517771017921e-47
1.6305518533195e-47
4.039957393737e-48
9.91334333896e-49
2.4091242075248e-49
5.79813544e-50
1.3819808699812e-50
3.262079633622e-51
7.625357845094e-52
1.7651974175345e-52
4.046577959471e-53
9.186249856638e-54
2.0650872120956e-54
4.597083368371e-55
1.013360999286e-55
2.2119624400718e-56
4.780980223752e-57
1.0232355264713e-57
2.1684405076286e-58
4.550156890225e-59
9.453787948754e-60
1.9448207504362e-60
3.961330681824e-61
7.98884350229e-62
1.5951498023599e-62
3.153458873073e-63
6.172119693256e-64
1.1960139837603e-64
2.294489879489e-65
4.357899099763e-66
8.194122196469e-67
1.5252990193584e-67
2.810786277273e-68
5.127596789962e-69
9.259893440352e-70
1.6553773226039e-70
2.929406592509e-71
5.131527233796e-72
8.897962687752e-73
1.5272285972458e-73
2.594654549917e-74
4.36324412383e-75
7.262503091004e-76
1.1964713746024e-76
1.9509660431135e-77
3.148623336701e-78
5.029298726125e-79
7.950637134114e-80
1.2439307420817e-80
1.926114761211e-81
2.951560327091e-82
4.476066218675e-83
6.717511137105e-84
9.976518036817e-85
1.4662224849825e-85
2.132369963808e-86
3.068728573222e-87
4.369975553045e-88
6.157656325199e-89
8.585370066839e-90
1.1844067735869e-90
1.6167099614447e-91
2.18345236575e-92
2.917605956178e-93
3.857196075953e-94
5.045099556071e-95
6.528470025775e-96
8.357711291277e-97
1.0584933674136e-97
1.3261853135116e-98
1.6437129463754e-99
2.015318715455e-100
2.444261866201e-101
2.932433070689e-102
3.479965476814e-103
4.084869611988e-104
4.742723432089e-105
5.446450460088e-106
6.186217786583e-107
6.949481294892e-108
7.72119772304e-109
8.484212356765e-110
9.219817938924e-111
9.90846583748e-112
1.0530595990475e-112
1.1067539158718e-113
1.1502435071706e-114
1.1821104453613e-115
1.201281258283e-116
1.2070867357584e-117
1.1993005582075e-118
1.1781536498527e-119
1.1443230070519e-120
1.0988957378005e-121
1.0433109739047e-122
9.792839907784e-124
9.087181283915e-125
8.336108360523e-126
7.55960310105e-127
6.776787694794e-128
6.005174928404e-129
5.260074455436e-130
4.554178089666e-131
3.897331542609e-132
3.29648533039e-133
2.755805182054e-134
2.276913094535e-135
1.8592246549e-136
1.500346400268e-137
1.1964984376142e-138
9.429316411531e-140
7.343146592243e-141
5.650728256475e-142
4.296680725181e-143
3.228154132777e-144
2.396370250139e-145
1.757591289898e-146
1.273596606616e-147
9.117620523135e-149
6.448403614734e-150
4.505358222854e-151
3.109553712223e-152
2.120037259165e-153
1.427744720276e-154
9.497385803949e-156
6.240059360135e-157
4.049384570192e-158
2.595310891076e-159
1.642759847914e-160
1.0268977798388e-161
6.339175485678e-163
3.864333432771e-164
2.326142721929e-165
1.382616107111e-166
8.114350221669e-168
4.701928369352e-169
2.689995064232e-170
1.519368462681e-171
8.472150500954e-173
4.663648059005e-174
2.534205864581e-175
1.359328214881e-176
7.197061718838e-178
3.761114473533e-179
1.939948104293e-180
9.875464804647e-182
4.961355169157e-183
2.45979957933e-184
1.203474459906e-185
5.810221972858e-187
2.767884878765e-188
1.301018145393e-189
6.033636081922e-191
2.760676435255e-192
1.246156430799e-193
5.549196545312e-195
2.437629956377e-196
1.056245856622e-197
4.514410747348e-199
1.903070952273e-200
7.912351761354e-202
3.244378573365e-203
1.311931685376e-204
5.231459796577e-206
2.057048539886e-207
7.97542710528e-209
3.048798270023e-210
1.149068984779e-211
4.269561848864e-213
1.563929605235e-214
5.647086480842e-216
2.009932390959e-217
7.051222545371e-219
2.438087601364e-220
8.308293062111e-222
2.790148924132e-223
9.23360401663e-225
3.011052630239e-226
9.67483092689e-228
3.062815213351e-229
9.55266952184e-231
2.935142306096e-232
8.883981690917e-234
2.648704982256e-235
7.77821674359e-237
2.249675124029e-238
6.408042612613e-240
1.797500462641e-241
4.965038089769e-243
1.35038539247e-244
3.616144412696e-246
9.53361684714e-248
2.474367525108e-249
6.321726167232e-251
1.58979879488e-252
3.935078324806e-254
9.58602867617e-256
2.298091122099e-257
5.421352611201e-259
1.258427839122e-260
2.874069332063e-262
6.457762607248e-264
1.427414519616e-265
3.103617983653e-267
6.637477561316e-269
1.396113377043e-270
2.887931575004e-272
5.874448171357e-274
1.174968433245e-275
2.310621652038e-277
4.467238655726e-279
8.490257977916e-281
1.58612477055e-282
2.912402649481e-284
5.255639107073e-286
9.32012406065e-288
1.624057595631e-289
2.780518635193e-291
4.676871583998e-293
7.727703616577e-295
1.254210645905e-296
1.999284804311e-298
3.129836443242e-300
4.811378726051e-302
7.262329884158e-304
1.076212433609e-305
1.565640971906e-307
2.235704896789e-309
3.133432427375e-311
4.309874302895e-313
5.817033576113e-315
7.703443895452e-317
1.000847146645e-318
1.275564855134e-320
1.594561045214e-322
1.954946132126e-324
2.350358216244e-326
2.770695879899e-328
3.202199967808e-330
3.627950853823e-332
4.028798716484e-334
4.384682348924e-336
4.676226442623e-338
4.88645006553e-340
5.00238234936e-342
5.016374760642e-344
4.926927168794e-346
4.738904937785e-348
4.463107351898e-350
4.115239525698e-352
3.714423970325e-354
3.281448983375e-356
2.83697850892e-358
2.399938537597e-360
1.986252417709e-362
1.60803178145e-364
1.273254895635e-366
9.85894196047e-369
7.464009557969e-371
5.524241543965e-373
3.99633936429e-375
2.825340921475e-377
1.951761009349e-379
1.317216206443e-381
8.68337140554e-384
5.590435557762e-386
3.514412672829e-388
2.156911766821e-390
1.292129208864e-392
7.554289184042e-395
4.309374347931e-397
2.398199553801e-399
1.301736420691e-401
6.890364626046e-404
3.555953751435e-406
1.788861146401e-408
8.77029429232e-411
4.189648172632e-413
1.949728173734e-415
8.83709179303e-418
3.900205226264e-420
1.675755541246e-422
7.007765452777e-425
2.851628446877e-427
1.128879995001e-429
4.346494847932e-432
1.627272507655e-434
5.922462618501e-437
2.094857383467e-439
7.199523862915e-442
2.403450699703e-444
7.791687777116e-447
2.45229797389e-449
7.490977366508e-452
2.220256067254e-454
6.383227383589e-457
1.779594456153e-459
4.80964991994e-462
1.259746395709e-464
3.196633230381e-467
7.856018232453e-470
1.869257736257e-472
4.304740349158e-475
9.59150480822e-478
2.066980131371e-480
4.306654998576e-483
8.67239714642e-486
1.68721759642e-488
3.170077295766e-491
5.749970941552e-494
1.006432991989e-496
1.699221104356e-499
2.766170983254e-502
4.339965594892e-505
6.559660073363e-508
9.54705152384e-511
1.337366630797e-513
1.802272756273e-516
2.335446200636e-519
2.908598713566e-522
3.47970323557e-525
3.996863591613e-528
4.405382408559e-531
4.656906103773e-534
4.718642597618e-537
4.58028046524e-540
4.25662452088e-543
3.785060036309e-546
3.218421639569e-549
2.61515135294e-552
2.029305918918e-555
1.502795450841e-558
1.061329307026e-561
7.143083375733e-565
4.578092684581e-568
2.791997573657e-571
1.618956675008e-574
8.91851778457e-578
4.663627407149e-581
2.31288243734e-584
1.086912346184e-587
4.835559417106e-591
2.034683334582e-594
8.08942258718e-598
3.035755817344e-601
1.074205548342e-604
3.580186324992e-608
1.122615326628e-611
3.307919270274e-615
9.14850340236e-619
2.371751253375e-622
5.756305941369e-626
1.306122070521e-629
2.7667817959e-633
5.463595546752e-637
1.004221750683e-640
1.715280814151e-644
2.718146387666e-648
3.989224615952e-652
5.412460525806e-656
6.775923942677e-660
7.811757325142e-664
8.276252291646e-668
8.040413130448e-672
7.146462141489e-676
5.797363051375e-680
4.281555786418e-684
2.871123490649e-688
1.743278155058e-692
9.55574310412e-697
4.714017455872e-701
2.086000260435e-705
8.251184539967e-710
2.906609277686e-714
9.082680196135e-719
2.50712839997e-723
6.085993934511e-728
1.293013795996e-732
2.39204568099e-737
3.832187356157e-742
5.285329744142e-747
6.235675273124e-752
6.250239880024e-757
5.282974919065e-762
3.735219480291e-767
2.189678937876e-772
1.05410520943e-777
4.123160774419e-783
1.295251633649e-788
3.225890721164e-794
6.278893492951e-800
9.399115827636e-806
1.0627449623663e-811
8.893021816018e-818
5.380900074814e-824
2.292225717231e-830
6.665502059168e-837
1.2760678778e-843
1.540942374465e-850
1.1149710782774e-857
4.540661534327e-865
9.629304772861e-873
9.634149095953e-881
3.997334701691e-889
5.776725861825e-898
2.270527965074e-907
1.670530721329e-917
1.2386586520971e-928
2.808692153034e-941
8.892975956476e-957