0.0591812484543973
0.0587674920184972
0.0579486350349928
0.0567416882472736
0.0551714298069796
0.0532695597421305
0.0510736366259647
0.0486258462281472
0.045971658438676
0.043158431968646
0.040234026178083
0.03724547601786
0.034237779867914
0.031252841546989
0.028328597620831
0.025498350072528
0.0227903131544115
0.020227372502493
0.0178270449561426
0.0156016194537575
0.0135584531868804
0.0117003930507554
0.0100262903376488
0.0085315764546306
0.0072088689747558
0.006048580235698
0.005039504622811
0.0041693652400163
0.0034253055217394
0.0027943161495632
0.0022635921396358
0.0018208189564626
0.0014543898483081
0.00115355921702378
0.00090853871715205
0.00071054396064548
0.0005518002563335
0.00042551583392775
0.00032583060055211
0.00024774776612764
0.00018705475974192
0.00014023883830677
0.00010440174199853
0.000077176741646002
0.000056650497473266
0.000041291336239965
0.000029884870423354
0.000021477332524393
0.000015326574762787
0.000010860377978
7.6415082353285e-6
5.3388383883617e-6
3.7037974066253e-6
2.551406346476e-6
1.7451918785777e-6
1.1853239155555e-6
7.993930626623e-7
5.3531856365471e-7
3.5595242391332e-7
2.3501654201742e-7
1.5407452037504e-7
1.0029706062243e-7
6.482904616128e-8
4.1607741683525e-8
2.6515557850405e-8
1.6778321528816e-8
1.0541838773467e-8
6.57662859895e-9
4.0738807644592e-9
2.5057071111258e-9
1.5302705488037e-9
9.279422933565e-10
5.5871129207e-10
3.3401543670924e-10
1.9827004301637e-10
1.1685787450317e-10
6.8386127973e-11
3.9736170486066e-11
2.2925075108211e-11
1.3132308190822e-11
7.469227231512e-12
4.2180656224376e-12
2.3651178061189e-12
1.3167178522259e-12
7.278332103552e-13
3.9945594771564e-13
2.1767194595597e-13
1.1776906289654e-13
6.326358539381e-14
3.374184453984e-14
1.7867955927564e-14
9.394432253567e-15
4.904044273853e-15
2.5417038632598e-15
1.3079187569413e-15
6.68221356132e-16
3.3895511652084e-16
1.7070442273871e-16
8.535452499534e-17
4.237268325353e-17
2.0884373396769e-17
1.0219541386356e-17
4.964942571872e-18
2.3947947154483e-18
1.1468112578996e-18
5.452347626155e-19
2.573601975657e-19
1.2060457492839e-19
5.611113143402e-20
2.5917635625043e-20
1.1885052206354e-20
5.410836358654e-21
2.4455892209767e-21
1.0973789506047e-21
4.888570914708e-22
2.1620092791191e-22
9.492523246931e-23
4.137637036091e-23
1.7904731905776e-23
7.691765799222e-24
3.280387500691e-24
1.3888750022053e-24
5.837650935379e-25
2.4358360049335e-25
1.0089994394782e-25
4.149203509813e-26
1.6938207066358e-26
6.864311238028e-27
2.7615393979273e-27
1.1028797647168e-27
4.372457767843e-28
1.7208438778158e-28
6.723161673672e-29
2.6074722761581e-29
1.0038705409485e-29
3.836589835422e-30
1.4555276233777e-30
5.481516141861e-31
2.0491975850947e-31
7.604445892259e-32
2.801235372629e-32
1.024300976926e-32
3.717912618016e-33
1.3395594883876e-33
4.790862158123e-34
1.700794251354e-34
5.993408573981e-35
2.096416363021e-35
7.278808200761e-36
2.5085317233664e-36
8.581298201564e-37
2.913787878637e-37
9.82046063131e-38
3.285278563979e-38
1.0908784452126e-38
3.595354558918e-39
1.1761579737904e-39
3.818963427509e-40
1.2307747360686e-40
3.936970661271e-41
1.2499527451863e-41
3.938855780624e-42
1.2319380508085e-42
3.824257957712e-43
1.1782628955919e-43
3.603056800985e-44
1.0935308761481e-44
3.293966312862e-45
9.847648186333e-46
2.921919507922e-46
8.604455337668e-47
2.51475091191e-47
7.294239752136e-48
2.0997885251478e-48
5.998995260988e-49
1.7009277464493e-49
4.78624058522e-50
1.3365998280334e-50
3.704276308062e-51
1.0188196249699e-51
2.780865725832e-52
7.532659523229e-53
2.0248788524047e-53
5.401680647243e-54
1.4299954595529e-54
3.756756298672e-55
9.794013358693e-56
2.533811682755e-56
6.505049340394e-57
1.6572426264739e-57
4.189646992834e-58
1.0510446782334e-58
2.616458673389e-59
6.463266462684e-60
1.5842810247648e-60
3.853459790615e-61
9.300458144862e-62
2.227353644239e-62
5.29299803077e-63
1.2480683843324e-63
2.920084859558e-64
6.779057625543e-65
1.5615512310374e-65
3.56904872009e-66
8.093833897993e-67
1.82120103266e-67
4.065925985907e-68
9.006482192808e-69
1.979434812717e-69
4.316319736605e-70
9.33831439716e-71
2.004480849943e-71
4.268840209837e-72
9.019624466475e-73
1.890747605e-73
3.932250311491e-74
8.113479923526e-75
1.66083880048e-75
3.372857312801e-76
6.795391175747e-77
1.358228279792e-77
2.693200388774e-78
5.29782869889e-79
1.0338468756926e-79
2.00142483771e-80
3.843640592438e-81
7.32254943433e-82
1.3838643213188e-82
2.594370197956e-83
4.824731619248e-84
8.900464404732e-85
1.628718216678e-85
2.956435940081e-86
5.323235128417e-87
9.507424294174e-88
1.684323525505e-88
2.959776357875e-89
5.158914404985e-90
8.919059464037e-91
1.529453737107e-91
2.601389505648e-92
4.388553014373e-93
7.34309896105e-94
1.2186376408481e-94
2.005866597255e-95
3.274588995057e-96
5.301928333021e-97
8.513893006158e-98
1.3559221222438e-98
2.141649703944e-99
3.354780709404e-100
5.21166733796e-101
8.029359333059e-102
1.22679368516e-102
1.858845687716e-103
2.793129146486e-104
4.162068612699e-105
6.150247980216e-106
9.012303089858e-107
1.309583764867e-107
1.887033598816e-108
2.696306939164e-109
3.820294335389e-110
5.36730820076e-111
7.477266101831e-112
1.0328804896663e-112
1.414726700425e-113
1.921341358224e-114
2.587261023289e-115
3.454410015105e-116
4.572983109813e-117
6.00221431763e-118
7.810946467052e-119
1.0077901759236e-119
1.28915420888e-120
1.634940181948e-121
2.055677705573e-122
2.562466640603e-123
3.16668806215e-124
3.879627354506e-125
4.712009484951e-126
5.673452521884e-127
6.771852467916e-128
8.012720094103e-129
9.39849816324e-130
1.0927894568476e-130
1.2595272755e-131
1.439014457912e-132
1.629681178428e-133
1.829419996372e-134
2.035592288005e-135
2.245060525826e-136
2.454247894011e-137
2.659225122875e-138
2.855822635623e-139
3.039764255827e-140
3.206816972092e-141
3.352949751712e-142
3.474493283971e-143
3.568291938048e-144
3.631839224314e-145
3.663388685802e-146
3.662033397833e-147
3.62774904086e-148
3.561397706112e-149
3.464692027058e-150
3.340121709239e-151
3.190846858001e-152
3.020564492877e-153
2.833356135535e-154
2.633525257652e-155
2.425433624041e-156
2.213345171605e-157
2.001285088996e-158
1.792920315145e-159
1.591465901183e-160
1.399619741804e-161
1.219526242704e-162
1.052767699816e-163
9.003806466324e-165
7.628932647909e-166
6.403791973515e-167
5.32522760877e-168
4.386905929446e-169
3.580051391914e-170
2.894160023286e-171
2.317659592388e-172
1.838493156855e-173
1.444611333534e-174
1.124366664329e-175
8.668103715328e-177
6.618973206053e-178
5.006090110722e-179
3.750069239294e-180
2.782297080492e-181
2.044477084169e-182
1.487874866403e-183
1.072375289526e-184
7.654453174114e-186
5.410771732464e-187
3.787673588081e-188
2.625697712801e-189
1.802462519711e-190
1.225257920824e-191
8.247435132095e-193
5.497062796936e-194
3.627881608111e-195
2.370698252237e-196
1.533876158956e-197
9.82619020661e-199
6.23233549034e-200
3.91360628406e-201
2.433065975473e-202
1.497513687269e-203
9.12467747096e-205
5.504065853189e-206
3.286688855753e-207
1.942816817422e-208
1.136822733186e-209
6.584617380035e-211
3.775151843941e-212
2.142365173638e-213
1.203363402379e-214
6.690110205962e-216
3.681220112766e-217
2.004754184447e-218
1.080513018011e-219
5.763509751863e-221
3.04243110108e-222
1.58935025208e-223
8.21621866212e-225
4.203065458755e-226
2.127601577138e-227
1.0656940569e-228
5.281787097768e-230
2.590140205512e-231
1.256746042285e-232
6.033112106846e-234
2.86544801422e-235
1.346444637598e-236
6.259170224842e-238
2.878489766295e-239
1.309542376194e-240
5.893435583096e-242
2.623606648573e-243
1.155306144643e-244
5.032114372181e-246
2.167932538698e-247
9.23782100497e-249
3.893215256845e-250
1.622739682791e-251
6.689246957036e-253
2.726966462861e-254
1.099367038473e-255
4.382803700658e-257
1.727800745314e-258
6.735245794356e-260
2.596074258244e-261
9.89396210997e-263
3.728192536051e-264
1.388950449019e-265
5.115884821921e-267
1.862882608751e-268
6.706037257576e-270
2.386421091092e-271
8.39486306284e-273
2.919108450994e-274
1.003324579388e-275
3.408565834944e-277
1.144524817553e-278
3.798273081566e-280
1.24577216391e-281
4.038000940079e-283
1.293460955133e-284
4.094331196622e-286
1.280674747141e-287
3.958259862948e-289
1.20882255397e-290
3.647511549432e-292
1.087400677916e-293
3.202757930947e-295
9.31929090266e-297
2.678849762327e-298
7.60681639782e-300
2.133677601949e-301
5.911640289007e-303
1.61779108008e-304
4.372741947164e-306
1.167303590764e-307
3.077469668341e-309
8.0124437503e-311
2.060053799204e-312
5.230165436229e-314
1.311162014008e-315
3.245502620988e-317
7.93181684699e-319
1.913853807883e-320
4.559007448375e-322
1.072104730751e-323
2.488795571911e-325
5.703033109602e-327
1.289931309316e-328
2.879721459866e-330
6.345072449101e-332
1.37976046934e-333
2.960945647423e-335
6.270399573708e-337
1.310316664399e-338
2.701790071478e-340
5.496662206697e-342
1.103306614364e-343
2.184844485795e-345
4.268243343556e-347
8.2254398952e-349
1.563605484932e-350
2.931769889026e-352
5.421800698664e-354
9.88881608858e-356
1.778721739104e-357
3.155079730734e-359
5.518571764358e-361
9.51770549412e-363
1.618460051428e-364
2.71337962701e-366
4.484690157541e-368
7.30704597758e-370
1.173580006331e-371
1.857884562607e-373
2.898900769006e-375
4.457894088224e-377
6.755862840033e-379
1.008925780269e-380
1.484695170459e-382
2.152717979705e-384
3.075250863676e-386
4.328017876876e-388
6.000450473634e-390
8.19475380649e-392
1.10234070839e-393
1.460474547126e-395
1.905637873555e-397
2.448638692981e-399
3.098249485095e-401
3.859974953355e-403
4.734757707034e-405
5.717742927149e-407
6.7972488279e-409
7.95410159047e-411
9.16148593934e-413
1.038543218816e-414
1.158600710688e-416
1.271920299953e-418
1.373943464491e-420
1.460246833037e-422
1.526853407036e-424
1.570532395757e-426
1.58905665146e-428
1.581389415873e-430
1.547778747672e-432
1.489747837207e-434
1.409981110235e-436
1.312117906046e-438
1.200475852135e-440
1.07973335701e-442
9.54603921454e-445
8.29533914401e-447
7.08450462626e-449
5.945781527152e-451
4.903337168557e-453
3.972982680947e-455
3.162583152965e-457
2.473007121006e-459
1.899433846411e-461
1.432831479262e-463
1.061437466419e-465
7.72107474908e-468
5.514425725807e-470
3.866487508515e-472
2.661219823469e-474
1.797819840513e-476
1.1919711652e-478
7.75517819021e-481
4.950806474636e-483
3.10076841117e-485
1.905120161016e-487
1.148113675188e-489
6.78587801058e-492
3.9330942596e-494
2.235206466695e-496
1.245383394916e-498
6.80200717571e-501
3.641375232213e-503
1.910438824973e-505
9.82165043728e-508
4.947239977438e-510
2.441245257421e-512
1.179972162732e-514
5.585797806675e-517
2.589358210018e-519
1.175254918365e-521
5.222082632554e-524
2.271250101134e-526
9.66791215957e-529
4.027012794079e-531
1.641160461695e-533
6.54291103006e-536
2.551386032728e-538
9.72968554489e-541
3.628024364269e-543
1.322575938302e-545
4.712803220562e-548
1.641248862311e-550
5.585127669609e-553
1.856869123422e-555
6.030368675629e-558
1.912689684659e-560
5.923873429035e-563
1.791220058186e-565
5.286815024912e-568
1.522860437448e-570
4.280203692573e-573
1.173608704255e-575
3.138713054316e-578
8.18583122511e-581
2.081463969457e-583
5.159178543914e-586
1.24625494244e-588
2.933293457144e-591
6.72562223835e-594
1.50190417389e-596
3.2657850953e-599
6.91305099751e-602
1.424256267141e-604
2.855225551662e-607
5.568298255304e-610
1.056156744388e-612
1.947826284739e-615
3.492032040319e-618
6.084159194698e-621
1.0299198325e-623
1.693443944927e-626
2.703862939859e-629
4.191067337639e-632
6.304753616232e-635
9.20216833686e-638
1.302757119551e-640
1.788373175256e-643
2.379807839301e-646
3.06887864645e-649
3.833839799618e-652
4.638357349807e-655
5.432843234474e-658
6.158524410818e-661
6.75403749388e-664
7.16366466033e-667
7.34575571307e-670
7.27961383481e-673
6.96929102702e-676
6.443347035322e-679
5.75052846112e-682
4.952268919233e-685
4.113618148537e-688
3.294474212949e-691
2.542761423184e-694
1.89057199727e-697
1.353490747387e-700
9.32596222839e-704
6.181664716422e-707
3.939879765326e-710
2.413312159661e-713
1.41996988527e-716
8.02151835759e-720
4.348274880187e-723
2.260610476065e-726
1.126528569033e-729
5.377985171971e-733
2.458128920502e-736
1.075071735551e-739
4.496256613774e-743
1.797096958744e-746
6.859889573881e-750
2.499185919461e-753
8.68397076441e-757
2.875878735709e-760
9.07069389435e-764
2.722728366661e-767
7.77192458667e-771
2.107996738704e-774
5.428434911571e-778
1.326105506847e-781
3.070466272105e-785
6.732333313975e-789
1.396566871268e-792
2.738290745629e-796
5.069817656509e-800
8.85439920692e-804
1.457215963318e-807
2.257434788718e-811
3.288099299225e-815
4.497878242468e-819
5.771383912802e-823
6.937755854025e-827
7.80300581447e-831
8.20020148571e-835
8.04081612694e-839
7.346125812645e-843
6.243724537742e-847
4.929174721115e-851
3.608607348467e-855
2.445681987916e-859
1.531734910737e-863
8.84881627535e-868
4.706125946388e-872
2.299531805348e-876
1.030131857613e-880
4.221436823213e-885
1.578817488935e-889
5.375860985964e-894
1.6622468817e-898
4.65483202157e-903
1.177176000196e-907
2.680458730871e-912
5.478187300813e-917
1.001559470876e-921
1.632287776826e-926
2.362509473313e-931
3.02471623952e-936
3.41113632858e-941
3.373398306551e-946
2.911463436162e-951
2.18176934592e-956
1.411827992392e-961
7.84293311969e-967
3.716680158379e-972
1.492293954704e-977
5.039416739325e-983
1.419940298298e-988
3.309487821196e-994
6.320482820188e-1000
9.78929845086e-1006
1.215735122089e-1011
1.195593206662e-1017
9.182807818507e-1024
5.424149552888e-1030
2.422034741099e-1036
8.019021847946e-1043
1.925975013933e-1049
3.272949950837e-1056
3.824300882631e-1063
2.972219024515e-1070
1.477961706861e-1077
4.490909230136e-1085
7.891085324662e-1093
7.49663713683e-1101
3.542021444568e-1109
7.485277957326e-1118
6.159279708705e-1127
1.635765761973e-1136
1.0745534771788e-1146
1.1680205017529e-1157
1.0786572631654e-1169
2.342334453083e-1183
4.292143406282e-1200