0.0583184245869686
0.0579224803827192
0.0571386365039975
0.0559827102817807
0.0544777612090585
0.0526533262514993
0.0505444565171531
0.048190599140495
0.04563437412296
0.042920298925043
0.04009351374591
0.037198557772202
0.034278241523408
0.031372653210122
0.028518328304923
0.025747601916835
0.0230881536862146
0.0205627453730488
0.0181891426218969
0.0159802049729937
0.0139441223509817
0.0120847721686887
0.0104021688726808
0.0088929771518163
0.0075510609533401
0.0063680426529106
0.0053338499080232
0.0044372315709992
0.0036662282348707
0.0030085872450577
0.0024521160846177
0.001984971735159
0.0015958867894962
0.0012743356620076
0.0010106461765098
0.00079606312196656
0.0006227711016161
0.00048388423471004
0.0003734100911188
0.00028619474318547
0.00021785510085509
0.0001647038425955
0.00012367134199764
0.00009222808050608
0.000068310178150925
0.000050249899795313
0.000036712324603181
0.000026638810341577
0.000019197441967347
0.000013740319229916
9.767299731489e-6
6.8956583720932e-6
4.8350366624766e-6
3.3670214710864e-6
2.3286988772571e-6
1.5995630174852e-6
1.0912120991358e-6
7.39326032636e-7
4.9748618805715e-7
3.324630933901e-7
2.2065938647039e-7
1.4545112157134e-7
9.521965054468e-8
6.190846782129e-8
3.9974827659504e-8
2.5635117351342e-8
1.6326581629654e-8
1.0326794310783e-8
6.48701866737e-9
4.0469995989282e-9
2.5074286729147e-9
1.5428738992504e-9
9.428393173701e-10
5.722019336031e-10
3.4487705525265e-10
2.0643416365389e-10
1.2271568141061e-10
7.24467138395e-11
4.2475290270842e-11
2.4731584581031e-11
1.4300931421785e-11
8.212442733619e-12
4.6835469037639e-12
2.6525935445627e-12
1.4919651123279e-12
8.333693949069e-13
4.622810871888e-13
2.5466142720352e-13
1.3931806192914e-13
7.568984686536e-14
4.0836874349467e-14
2.1880171863809e-14
1.1642091799482e-14
6.151655935579e-15
3.2279919184906e-15
1.6820963364965e-15
8.704542319612e-16
4.473178993847e-16
2.2827611147664e-16
1.15685009646e-16
5.82189947808e-17
2.9095234313893e-17
1.4439331514288e-17
7.116048558752e-18
3.4825375233443e-18
1.6924516683853e-18
8.167681283749e-19
3.914188866359e-19
1.8627033456988e-19
8.802437567754e-20
4.130645804323e-20
1.9248065615578e-20
8.906533904508e-21
4.092429584204e-21
1.8672518494685e-21
8.460033737409e-22
3.806160609337e-22
1.7003809579304e-22
7.543062983323e-23
3.322690342935e-23
1.453352215368e-23
6.312319592676e-24
2.7223401022264e-24
1.1658140102671e-24
4.957329874263e-25
2.0931299010776e-25
8.775512641938e-26
3.653212062021e-26
1.5100851805056e-26
6.197981429397e-27
2.5259190458834e-27
1.0221319610883e-27
4.10686973934e-28
1.6384354062364e-28
6.490231040682e-29
2.5527095863139e-29
9.968987375287e-30
3.865511903486e-30
1.4882203756237e-30
5.688917717354e-31
2.1591963019842e-31
8.136779542573e-32
3.044449512265e-32
1.1309896993299e-32
4.17157438598e-33
1.5276737254948e-33
5.554542418456e-34
2.0051681435058e-34
7.186805400376e-35
2.557415467395e-35
9.035344502414e-36
3.169303766459e-36
1.1037136565886e-36
3.816102425833e-37
1.3099427819371e-37
4.464275079726e-38
1.5104748127287e-38
5.073848919513e-39
1.6920790259849e-39
5.602222657002e-40
1.8414258168249e-40
6.008965844867e-41
1.9466791474713e-41
6.260883463366e-42
1.9990373777229e-42
6.336474474453e-43
1.993945830468e-43
6.228956569624e-44
1.9317499158893e-44
5.947267927414e-45
1.817659121851e-45
5.514841329394e-46
1.6610264159492e-46
4.966383635078e-47
1.4740813351747e-47
4.34327490638e-48
1.2703549643903e-48
3.688433414897e-49
1.0630778368613e-49
3.04152637095e-50
8.638108252265e-51
2.43524880576e-51
6.814951391881e-52
1.8931018411103e-52
5.22004237979e-53
1.4287621561625e-53
3.88176024614e-54
1.0468327901242e-54
2.802223210818e-55
7.445637189576e-56
1.963684288809e-56
5.140543107945e-57
1.3357056468021e-57
3.444877514625e-58
8.818503703987e-59
2.240633980452e-59
5.650652720305e-60
1.4144081815448e-60
3.51395410141e-61
8.664815246021e-62
2.120611539118e-62
5.15107881085e-63
1.2418443829946e-63
2.971424450562e-64
7.056467437782e-65
1.66315108182e-65
3.890400654256e-66
9.031746796436e-67
2.080944427578e-67
4.758356747576e-68
1.0798359055864e-68
2.431975597047e-69
5.435728505297e-70
1.205729216878e-70
2.654187861682e-71
5.798287131415e-72
1.2570434120656e-72
2.704454153998e-73
5.774096323115e-74
1.22337532991e-74
2.572189257676e-75
5.366730894882e-76
1.111159947956e-76
2.282965445578e-77
4.654512596745e-78
9.416668486182e-79
1.890447467085e-79
3.765929983908e-80
7.444168143962e-81
1.4601329258042e-81
2.841821909622e-82
5.488143965018e-83
1.0516572212597e-83
1.999580409402e-84
3.772379175159e-85
7.061540050332e-86
1.3115562793331e-86
2.416983128206e-87
4.419317754335e-88
8.017287779572e-89
1.44306546567e-89
2.577072084005e-90
4.566092427709e-91
8.026681444826e-92
1.3998971316745e-92
2.422258719724e-93
4.158194046855e-94
7.081810144356e-95
1.1965602281665e-95
2.005723338585e-96
3.335408780118e-97
5.502550628727e-98
9.005571966982e-99
1.462130492102e-99
2.354961548675e-100
3.762700087297e-101
5.963877251721e-102
9.377051057744e-103
1.462539175458e-103
2.262806915532e-104
3.472812510188e-105
5.286936378545e-106
7.983820476827e-107
1.1959041303214e-107
1.776870811888e-108
2.618690384477e-109
3.828037305794e-110
5.550431403784e-111
7.982349103153e-112
1.1386307044615e-112
1.610935019242e-113
2.260532947293e-114
3.146125495194e-115
4.342784568394e-116
5.945415338601e-117
8.072580303725e-118
1.0870596288467e-118
1.451776296365e-119
1.922852020271e-120
2.525726399281e-121
3.290148036909e-122
4.250378920489e-123
5.445243148317e-124
6.917969305588e-125
8.715774395533e-126
1.0889139438558e-126
1.349073352645e-127
1.657395495032e-128
2.019107539974e-129
2.439099612188e-130
2.921665276896e-131
3.470213727635e-132
4.08696386974e-133
4.772633807407e-134
5.526142226701e-135
6.344340503931e-136
7.221795740316e-137
8.150645041191e-138
9.120539997937e-139
1.0118697368095e-139
1.113006738623e-140
1.213762512312e-141
1.312278314512e-142
1.406591585227e-143
1.494697785289e-144
1.574619119773e-145
1.64447699019e-146
1.702564553714e-147
1.747415528477e-148
1.777865404011e-149
1.793101508347e-150
1.792698937988e-151
1.776640140284e-152
1.74531689482e-153
1.699514499891e-154
1.640379050371e-155
1.569369710258e-156
1.488198758239e-157
1.398762852056e-158
1.303069370535e-159
1.203161826883e-160
1.101048204037e-161
9.9863566656e-163
8.976744982372e-164
7.997133593912e-165
7.060671209703e-166
6.177976832753e-167
5.357073904582e-168
4.603439622126e-169
3.920153214424e-170
3.308123248497e-171
2.766372091904e-172
2.292355408812e-173
1.882295794794e-174
1.531512059998e-175
1.234728896875e-176
9.86355351824e-178
7.807243166797e-179
6.122888721777e-180
4.757745238172e-181
3.662890181114e-182
2.793934350234e-183
2.111396079113e-184
1.580796670011e-185
1.172537169776e-186
8.61614480997e-188
6.272295716163e-189
4.523333097506e-190
3.231472079135e-191
2.286879403736e-192
1.603165289464e-193
1.113260056733e-194
7.65754018381e-196
5.217317376613e-197
3.52096301532e-198
2.353546394737e-199
1.558195528727e-200
1.021762043186e-201
6.63585467844e-203
4.268289436228e-204
2.719013031045e-205
1.715377154751e-206
1.07173957399e-207
6.63117616487e-209
4.063065182527e-210
2.465296416945e-211
1.481244554592e-212
8.81285701578e-214
5.191932216136e-215
3.028681215121e-216
1.749364184438e-217
1.000457857277e-218
5.664987848118e-220
3.175926334402e-221
1.762798528536e-222
9.68690970781e-224
5.269962865872e-225
2.838304144835e-226
1.513312595295e-227
7.98740838655e-229
4.17330160677e-230
2.158436754307e-231
1.105028577039e-232
5.599782929075e-234
2.808802287587e-235
1.394479569591e-236
6.852243381348e-238
3.332510994085e-239
1.604046864714e-240
7.64112925073e-242
3.602312337372e-243
1.680647836248e-244
7.7594642049e-246
3.545148570966e-247
1.60277583671e-248
7.170255468278e-250
3.174005949541e-251
1.390208002165e-252
6.024740650342e-254
2.583276809543e-255
1.095884914383e-256
4.599468722756e-258
1.909793087701e-259
7.84491065328e-261
3.187863650982e-262
1.281469992743e-263
5.09566569406e-265
2.004305482736e-266
7.79801408529e-268
3.000873875595e-269
1.142198290165e-270
4.299833199402e-272
1.600900168612e-273
5.894751793687e-275
2.146551991394e-276
7.72996971045e-278
2.752709804904e-279
9.69337422618e-281
3.375258068943e-282
1.162095642273e-283
3.956079036455e-285
1.331562156037e-286
4.431149541845e-288
1.457856616783e-289
4.741781132168e-291
1.524688784665e-292
4.846391762611e-294
1.522782643808e-295
4.729592893772e-297
1.451978780545e-298
4.405868661576e-300
1.321361235755e-301
3.916644513267e-303
1.147342380443e-304
3.321557527241e-306
9.5026301049e-308
2.686472988321e-309
7.50483082874e-311
2.071582046858e-312
5.650007967501e-314
1.522524944816e-315
4.053505896156e-317
1.066180395059e-318
2.770424855897e-320
7.11148037452e-322
1.803240378272e-323
4.516573210549e-325
1.117398309274e-326
2.730436221541e-328
6.58965264568e-330
1.570654622202e-331
3.69715472488e-333
8.59417542872e-335
1.972746131805e-336
4.471457994237e-338
1.000733597878e-339
2.211359784944e-341
4.824496464676e-343
1.039144917242e-344
2.209588938222e-346
4.638073480512e-348
9.61023202824e-350
1.965528704558e-351
3.967830836387e-353
7.90558347946e-355
1.554534355253e-356
3.016690339753e-358
5.777013142633e-360
1.091682119232e-361
2.03557477127e-363
3.745014836737e-365
6.7978728798e-367
1.217370387263e-368
2.150698827182e-370
3.748179602158e-372
6.443497419844e-374
1.092596282824e-375
1.827303438701e-377
3.014049576364e-379
4.902916806556e-381
7.86499558841e-383
1.244106183131e-384
1.940467445643e-386
2.98414500189e-388
4.524520783687e-390
6.76298721891e-392
9.96533304698e-394
1.447458244616e-395
2.072309857538e-397
2.924226093343e-399
4.066752383969e-401
5.573624284473e-403
7.52754233381e-405
1.001766220689e-406
1.313557361563e-408
1.696964369097e-410
2.159775830799e-412
2.707870313549e-414
3.344266963809e-416
4.068162305497e-418
4.874049282385e-420
5.751029829036e-422
6.68243614106e-424
7.64586494329e-426
8.6137016963e-428
9.55416850562e-430
1.043287396302e-431
1.12147814192e-433
1.186645249281e-435
1.235837409949e-437
1.266714846062e-439
1.277732272549e-441
1.26826607214e-443
1.238671223296e-445
1.190260895931e-447
1.125210113194e-449
1.04639328416e-451
9.571725492e-454
8.61158752779e-456
7.61968841366e-458
6.63002418997e-460
5.672563991088e-462
4.771908869921e-464
3.946525826791e-466
3.208551481298e-468
2.564100638441e-470
2.013971855705e-472
1.554618476231e-474
1.179249504279e-476
8.78937319844e-479
6.436337714929e-481
4.630270409111e-483
3.272034651477e-485
2.271068992322e-487
1.548103604127e-489
1.036293597566e-491
6.81136274374e-494
4.395500775719e-496
2.784582371245e-498
1.731580828662e-500
1.056840671219e-502
6.330132351773e-505
3.720527013455e-507
2.145535985397e-509
1.213828875781e-511
6.73626974696e-514
3.666664719153e-516
1.957317973462e-518
1.024561629964e-520
5.258340407218e-523
2.645695826693e-525
1.30484139973e-527
6.307357139913e-530
2.987813931433e-532
1.386819405329e-534
6.306516807631e-537
2.809343001507e-539
1.225764463719e-541
5.237656613516e-544
2.191465411916e-546
8.97715767052e-549
3.599878964727e-551
1.412924869992e-553
5.427112048406e-556
2.03972948652e-558
7.50006493635e-561
2.697613896413e-563
9.48963625217e-566
3.264420228285e-568
1.097943472665e-570
3.609948545139e-573
1.160106311931e-575
3.643324757472e-578
1.117963889444e-580
3.351296293935e-583
9.81244555944e-586
2.805718771407e-588
7.8331298961e-591
2.134870249217e-593
5.679001928443e-596
1.474195420439e-598
3.733683017641e-601
9.22432677178e-604
2.222597921034e-606
5.221903772189e-609
1.196051505217e-611
2.670138667615e-614
5.808834879262e-617
1.231182295869e-619
2.541786521593e-622
5.110257948112e-625
1.000312336623e-627
1.905977663407e-630
3.53417431353e-633
6.37592102706e-636
1.118865043457e-638
1.909349540887e-641
3.167797205132e-644
5.108374996687e-647
8.00477080323e-650
1.21854328825e-652
1.801532204143e-655
2.586026716125e-658
3.603234774505e-661
4.871885346345e-664
6.390289234264e-667
8.12895118895e-670
1.002554879225e-672
1.198417011611e-675
1.388026775452e-678
1.557180574586e-681
1.691569177649e-684
1.778712382239e-687
1.809836926043e-690
1.781313839241e-693
1.695333387652e-696
1.559648135498e-699
1.386420039031e-702
1.190408758644e-705
9.86877760833e-709
7.89633921975e-712
6.095493572776e-715
4.53768328234e-718
3.256261463617e-721
2.251529130934e-724
1.499402492778e-727
9.61271285231e-731
5.930085410917e-734
3.518508431491e-737
2.006917195624e-740
1.099914700788e-743
5.789319282968e-747
2.9248915348e-750
1.417669537378e-753
6.588500992755e-757
2.934282639113e-760
1.251618827068e-763
5.110244101563e-767
1.995944580432e-770
7.45286826033e-774
2.658827301837e-777
9.05658692589e-781
2.943438054852e-784
9.12139237384e-788
2.693238083949e-791
7.57143740381e-795
2.025094425232e-798
5.149194731812e-802
1.243695751895e-805
2.851103618837e-809
6.198236492335e-813
1.276733974988e-816
2.489537698051e-820
4.591127991513e-824
7.99992268861e-828
1.315792670953e-831
2.040702228237e-835
2.981277950322e-839
4.098078634825e-843
5.294449661309e-847
6.421172604556e-851
7.30184741943e-855
7.77550533906e-859
7.74344395157e-863
7.202115576571e-867
6.247330272728e-871
5.046629414773e-875
3.790702774018e-879
2.643391133978e-883
1.708480892985e-887
1.021690480989e-891
5.64300790344e-896
2.873238415906e-900
1.346027186557e-904
5.789887570867e-909
2.281878256863e-913
8.22145920455e-918
2.701597192117e-922
8.07678409449e-927
2.191187824029e-931
5.379763728447e-936
1.191917582648e-940
2.375847510008e-945
4.247150845864e-950
6.78613915924e-955
9.65713052784e-960
1.219371095976e-964
1.360655258195e-969
1.336095161028e-974
1.149309425486e-979
8.61884690329e-985
5.605734681281e-990
3.144758214533e-995
1.512650271738e-1000
6.198942858856e-1006
2.149513827952e-1011
6.260102518001e-1017
1.518961808516e-1022
3.043960721463e-1028
4.99020414168e-1034
6.623027489387e-1040
7.035301474508e-1046
5.906330487444e-1052
3.864529729246e-1058
1.940323309388e-1064
7.346986347838e-1071
2.057423579676e-1077
4.167972862832e-1084
5.956385939624e-1091
5.833720483034e-1098
3.786779992515e-1105
1.566516703446e-1112
3.942640280991e-1120
5.710081788773e-1128
4.446509550814e-1136
1.711197321909e-1144
2.923894671466e-1153
1.928501831176e-1162
4.062512054241e-1172
2.089369640372e-1182
1.748180430231e-1193
1.2138804779604e-1205
1.911706129243e-1219
2.37079940486e-1236