0.3050851292043989
0.2511308563320024
0.17003245567716388
0.09454893547708615
0.04307915915676555
0.016031941068412173
0.004853263826171944
0.001189011781749645
0.0002342698921092558
0.000036840190537807327
4.581682707955532e-6
4.45702996681783e-7
3.346793404021443e-8
1.909040543811922e-9
8.111877364930184e-11
2.5066555238996757e-12
5.465944031815581e-14
8.094261893465076e-16
7.742382957043332e-18
4.4709843654078283e-20
1.417093599573379e-22
2.1376583083600937e-25
1.2152441234045168e-28
1.6738016679078126e-32
1.8337940485733566e-37