0.0581982191901921
0.0578047152575743
0.0570256695610717
0.0558767385915789
0.0543807500523095
0.0525669488940891
0.0504700472686466
0.0481291214806054
0.045586404822513
0.042886028206394
0.040072760681418
0.037190799362143
0.034282653271519
0.031388158558473
0.028543654018871
0.02578133642958
0.0231288055115702
0.0206087989527648
0.0182391093595291
0.0160326676828416
0.0139977718783748
0.0121384354778268
0.0104548284147499
0.0089437817894559
0.0075993291053047
0.0064132586206521
0.0053756545477228
0.0044754085815612
0.0037006873521103
0.0030393455771144
0.0024792787089722
0.0020087125204967
0.0016164302229835
0.0012919402700332
0.00102558993811683
0.00080863109981517
0.00063324536311584
0.0004925360106806
0.00038049402298007
0.00029194500192106
0.0002224831197046
0.00016839738720992
0.00012659464249462
0.00009452276505875
0.000070096773105988
0.000051629692890776
0.000037769422258308
0.000027442254498776
0.000019803284542321
0.000014193581488728
0.000010103769054916
7.1434955612685e-6
5.016183229241e-6
3.498408551007e-6
2.4232679816907e-6
1.6671143702372e-6
1.139099373891e-6
7.730174866706e-7
5.210119882611e-7
3.4876749215562e-7
2.3187468762265e-7
1.5310836156525e-7
1.0040881653288e-7
6.539902796558e-8
4.2305454358813e-8
2.7179794208919e-8
1.7342822736598e-8
1.0990470946371e-8
6.917270796002e-9
4.3238862212768e-9
2.6843168273199e-9
1.6550546725128e-9
1.0134655083224e-9
6.16343253264e-10
3.7226511395705e-10
2.2330426083317e-10
1.3303184143802e-10
7.870948066743e-11
4.6249842386144e-11
2.6990077577431e-11
1.5642550261578e-11
9.00366661561e-12
5.146814641599e-12
2.9218893485089e-12
1.6473805845919e-12
9.224182180386e-13
5.129373762218e-13
2.8327101951325e-13
1.5536029441378e-13
8.462072959972e-14
4.577317838376e-14
2.4589045353113e-14
1.3117989043562e-14
6.950027870347e-15
3.656774572256e-15
1.9107367143934e-15
9.915010292363e-16
5.109445581596e-16
2.6148169188699e-16
1.32890608668e-16
6.707047336403e-17
3.3616391595544e-17
1.673215997502e-17
8.270516785715e-18
4.05967745665e-18
1.9789150822525e-18
9.579393630849e-19
4.604925237079e-19
2.1982612587858e-19
1.0420933536341e-19
4.905722368342e-20
2.2933309610546e-20
1.0646241680269e-20
4.907836669045e-21
2.2467069769485e-21
1.0213242930101e-21
4.610415980604e-22
2.0666840786645e-22
9.199493174038e-23
4.066378614389e-23
1.7848597192331e-23
7.779487253844e-24
3.367027753344e-24
1.4470697595589e-24
6.175576184369e-25
2.6170313314651e-25
1.1012399161791e-25
4.601449884672e-26
1.9091730944205e-26
7.865600467506e-27
3.21775165848e-27
1.3070894312312e-27
5.2721563823e-28
2.111540949412e-28
8.39724843995e-29
3.315879770767e-29
1.3001181419026e-29
5.061591667034e-30
1.9566340011351e-30
7.510143357136e-31
2.862206221542e-31
1.0830925874799e-31
4.069491077512e-32
1.5181767693791e-32
5.623544788886e-33
2.0682421495379e-33
7.552553944315e-34
2.738327012259e-34
9.857654406364e-35
3.523355229004e-35
1.2503499573175e-35
4.40551587417e-36
1.5411669937655e-36
5.352886804644e-37
1.8459057464673e-37
6.319922290286e-38
2.1482872091297e-38
7.250182693929e-39
2.429288854278e-39
8.081287218806e-40
2.669012843431e-40
8.751591976353e-41
2.848965938417e-41
9.207648933396e-42
2.954398202929e-42
9.411211973761e-43
2.976293607529e-43
9.344522290912e-44
2.912641006453e-44
9.012862044209e-45
2.768737374552e-45
8.443867806734e-46
2.556460213666e-46
7.683726689271e-47
2.29264770317e-47
6.790981600796e-48
1.996893227541e-48
5.829098886612e-49
1.6891549785741e-49
4.859104678824e-50
1.3875826537972e-50
3.933457522892e-51
1.1068791025851e-51
3.091954808704e-52
8.573741735895e-53
2.359983844548e-53
6.448312529541e-54
1.7489547091182e-54
4.708726707586e-55
1.2583974291551e-55
3.338247504842e-56
8.79027684378e-57
2.297559658311e-57
5.960849514959e-58
1.5350534674986e-58
3.923825575938e-59
9.955510743603e-60
2.50715894568e-60
6.267025241779e-61
1.5548877255137e-61
3.829053022908e-62
9.359123875293e-63
2.270529635095e-63
5.467187757144e-64
1.3065988948592e-64
3.099264865514e-65
7.296419758086e-66
1.7048737309724e-66
3.953688726317e-67
9.099910253508e-68
2.078703910114e-68
4.712653741891e-69
1.0603573886442e-69
2.367823232637e-70
5.247506407019e-71
1.1541433601603e-71
2.51921934904e-72
5.457176458642e-73
1.1731731530247e-73
2.502906540539e-74
5.299218376476e-75
1.113422287196e-75
2.32158790258e-76
4.803786260148e-77
9.863969239656e-78
2.009950564136e-78
4.064253541401e-79
8.155189406676e-80
1.623832464585e-80
3.208472610366e-81
6.290735359873e-82
1.2239014405818e-82
2.362813204487e-83
4.526329655623e-84
8.603847998838e-85
1.622799692994e-85
3.037096552125e-86
5.639876617264e-87
1.0391870614241e-87
1.899882557874e-88
3.446390017984e-89
6.203009604457e-90
1.1077366786002e-90
1.962738013217e-91
3.450447957944e-92
6.018268861592e-93
1.0414687044316e-93
1.788112941882e-94
3.045883394492e-95
5.147504038789e-96
8.630593811146e-97
1.435623804877e-97
2.369147064516e-98
3.878735453032e-99
6.299852971863e-100
1.0150982919526e-100
1.622626235559e-101
2.573101142992e-102
4.047794097794e-103
6.316817818705e-104
9.778941237539e-105
1.501737403444e-105
2.287704547176e-106
3.45704249062e-107
5.182071257652e-108
7.705324432072e-109
1.1364814109947e-109
1.662694815044e-110
2.412884064751e-111
3.473193265056e-112
4.958894512029e-113
7.022617651056e-114
9.864298096371e-115
1.374298604654e-115
1.899059121241e-116
2.602753280984e-117
3.538011974412e-118
4.769929713293e-119
6.378016203693e-120
8.458137711624e-121
1.1124330492254e-121
1.451033631073e-122
1.877067845166e-123
2.408106856675e-124
3.063791386425e-125
3.865668459095e-126
4.836890778289e-127
6.001757894825e-128
7.385083209099e-129
9.011378243988e-130
1.090385557602e-130
1.308326412111e-131
1.556658466805e-132
1.836562887913e-133
2.148560039528e-134
2.492369092062e-135
2.86677957895e-136
3.269544106899e-137
3.697301635054e-138
4.145540292249e-139
4.608607528958e-140
5.079773486674e-141
5.551350862651e-142
6.014871371934e-143
6.461315348655e-144
6.881387328518e-145
7.265826898282e-146
7.605740985201e-147
7.892941377962e-148
8.120269867058e-149
8.281893145623e-150
8.37355060923e-151
8.392740418847e-152
8.338832520477e-153
8.21310152209e-154
8.018677105367e-155
7.760414632014e-156
7.444693407015e-157
7.079154312213e-158
6.672391902252e-159
6.23361831814e-160
5.772317380449e-161
5.297906943472e-162
4.81942610332e-163
4.345261334358e-164
3.882922333368e-165
3.438874582107e-166
3.018431715913e-167
2.625707015591e-168
2.263619988503e-169
1.933951278494e-170
1.637437176059e-171
1.373893845582e-172
1.142361028052e-173
9.41255335229e-175
7.685241975777e-176
6.217929067796e-177
4.984988367171e-178
3.960086723519e-179
3.117161806131e-180
2.431196062567e-181
1.878790869324e-182
1.438555079842e-183
1.091329431855e-184
8.202726393841e-186
6.108367797382e-187
4.506592413767e-188
3.29396537355e-189
2.38522231071e-190
1.711075461274e-191
1.215993498479e-192
8.56064320535e-194
5.970157648243e-195
4.124398362065e-196
2.822421688203e-197
1.913201479725e-198
1.284600215255e-199
8.54347687871e-201
5.627966716095e-202
3.672056726075e-203
2.373006588996e-204
1.518835907328e-205
9.62799154976e-207
6.044550302469e-208
3.758254582665e-209
2.314156286949e-210
1.411151969115e-211
8.52157261697e-213
5.095898387842e-214
3.017636563427e-215
1.769490833048e-216
1.027436259051e-217
5.907130339469e-219
3.362816339031e-220
1.895502835437e-221
1.057864672872e-222
5.845340242587e-224
3.197812734487e-225
1.732005561946e-226
9.28726752869e-228
4.930129984115e-229
2.590894733765e-230
1.347880280254e-231
6.941480593594e-233
3.538678953371e-234
1.785695483248e-235
8.91948291823e-237
4.409879978313e-238
2.158029444655e-239
1.045249760015e-240
5.010757990022e-242
2.377364987566e-243
1.116312375173e-244
5.187538485457e-246
2.385672515022e-247
1.0857312206e-248
4.889718326888e-250
2.179130802293e-251
9.60967131663e-253
4.193216533193e-254
1.810452860494e-255
7.73420878244e-257
3.269044024472e-258
1.367065207329e-259
5.655988995485e-261
2.315079616007e-262
9.37450716052e-264
3.755286616585e-265
1.488115900499e-266
5.833325916157e-268
2.261873104547e-269
8.67519674977e-271
3.291061674854e-272
1.234879798602e-273
4.58280743879e-275
1.682065745439e-276
6.105831667425e-278
2.1919121879e-279
7.78150843451e-281
2.731822592214e-282
9.48363611921e-284
3.255490860561e-285
1.105001055533e-286
3.708504496534e-288
1.230580436071e-289
4.037209994419e-291
1.309476621705e-292
4.198982404256e-294
1.331082441895e-295
4.171238534439e-297
1.292137472047e-298
3.956583803944e-300
1.197523848133e-301
3.58248352452e-303
1.059264473847e-304
3.095484270216e-306
8.94006072472e-308
2.55166442462e-309
7.1971621409e-311
2.006027729335e-312
5.525017216313e-314
1.503607210897e-315
4.043170776976e-317
1.074185811824e-318
2.819609420775e-320
7.31194873834e-322
1.873243561766e-323
4.740830380377e-325
1.185210868952e-326
2.926844859211e-328
7.1391798674e-330
1.719978458623e-331
4.092654801902e-333
9.6178023464e-335
2.232113348415e-336
5.115724899276e-338
1.157788870407e-339
2.587398684693e-341
5.709387283334e-343
1.243907320419e-344
2.675709388213e-346
5.682273228888e-348
1.191289213638e-349
2.465492740923e-351
5.036872779553e-353
1.015706188652e-354
2.021640926511e-356
3.971435391239e-358
7.69975847384e-360
1.473232161173e-361
2.781684940878e-363
5.182810386715e-365
9.52842469991e-367
1.728434255812e-368
3.093413373375e-370
5.462023199768e-372
9.51429365469e-374
1.634871862177e-375
2.771095884118e-377
4.632936457506e-379
7.63966223045e-381
1.242455481868e-382
1.99274621549e-384
3.151831617971e-386
4.915741390074e-388
7.55970692487e-390
1.146266157204e-391
1.713582362489e-393
2.525443594763e-395
3.669082380822e-397
5.254580165183e-399
7.41741813409e-401
1.031988437043e-402
1.415067364755e-404
1.912195222186e-406
2.546317266936e-408
3.341104355645e-410
4.319530961842e-412
5.502039060219e-414
6.90434505517e-416
8.53500869892e-418
1.039294752757e-419
1.246513857436e-421
1.47247901878e-423
1.713027978985e-425
1.962512938348e-427
2.213922467362e-429
2.459137686366e-431
2.689318664026e-433
2.895401263722e-435
3.068669232922e-437
3.201353506426e-439
3.28720268787e-441
3.32196717031e-443
3.303745159122e-445
3.233151665393e-447
3.113289901121e-449
2.949526028103e-451
2.749089907096e-453
2.520543297223e-455
2.273170246882e-457
2.016350468082e-459
1.758974736797e-461
1.508952478331e-463
1.272847395183e-465
1.055659688177e-467
8.60755760574e-470
6.89930707366e-472
5.435772070826e-474
4.209276563941e-476
3.203346496872e-478
2.395575756763e-480
1.760290161701e-482
1.270823724979e-484
9.01303198311e-487
6.279114458409e-489
4.296596885982e-491
2.887392704471e-493
1.905451597193e-495
1.23468467049e-497
7.8547969058e-500
4.905562106162e-502
3.007260766496e-504
1.809401276523e-506
1.068396867108e-508
6.190362014698e-511
3.519139057384e-513
1.962656695383e-515
1.073716793939e-517
5.761319582363e-520
3.031724051665e-522
1.56437496322e-524
7.91448852601e-527
3.925385326609e-529
1.908381115848e-531
9.09319522373e-534
4.246009806666e-536
1.942684536255e-538
8.70809918563e-541
3.823723250802e-543
1.64449651216e-545
6.92633506072e-548
2.856523932004e-550
1.153386932278e-552
4.558826686654e-555
1.763637274429e-557
6.6769778675e-560
2.473435146266e-562
8.96407663034e-565
3.177814999293e-567
1.101798787675e-569
3.735581608177e-572
1.238303359333e-574
4.012715397231e-577
1.270927286515e-579
3.933703047479e-582
1.189617529181e-584
3.514498221317e-587
1.014129990238e-589
2.857730163112e-592
7.86263080965e-595
2.111806783404e-597
5.536042592071e-600
1.416190413531e-602
3.534578243406e-605
8.60523382493e-608
2.04320017768e-610
4.730368462959e-613
1.067642984405e-615
2.348626257017e-618
5.034621330891e-621
1.051456896267e-623
2.138912669549e-626
4.237162256709e-629
8.17220962995e-632
1.534215877462e-634
2.802944495004e-637
4.982189915068e-640
8.61387768865e-643
1.448247495603e-645
2.367247366464e-648
3.760888112283e-651
5.805909072956e-654
8.70699220541e-657
1.268139794991e-659
1.793279230231e-662
2.461438797818e-665
3.278436123099e-668
4.235989116101e-671
5.307925341613e-674
6.448305098633e-677
7.5924777414e-680
8.66168512779e-683
9.57112956446e-686
1.024057088862e-688
1.060573247749e-691
1.062833155044e-694
1.030259902466e-697
9.65677236297e-701
8.74910573685e-704
7.6591656357e-707
6.4762200887e-710
5.287090616593e-713
4.165776328257e-716
3.166536040846e-719
2.321152005875e-722
1.640101546693e-725
1.116603815489e-728
7.32145860047e-732
4.621370026262e-735
2.806844954937e-738
1.639592188388e-741
9.20689707426e-745
4.967478505306e-748
2.573854269475e-751
1.280064103112e-754
6.107285569136e-758
2.793808199198e-761
1.224711693489e-764
5.141748822232e-768
2.066197647375e-771
7.94244888021e-775
2.91869754158e-778
1.024705603888e-781
3.434789865379e-785
1.098500082537e-788
3.349642846073e-792
9.73165055471e-796
2.691821959331e-799
7.08354997328e-803
1.772000082921e-806
4.210541421116e-810
9.49546794213e-814
2.030630265163e-817
4.114355154783e-821
7.8911001837e-825
1.431311267472e-828
2.452867953589e-832
3.967590684366e-836
6.051274447788e-840
8.69308106301e-844
1.174982126416e-847
1.492542040652e-851
1.779710313114e-855
1.989622832594e-859
2.082777113341e-863
2.038904818651e-867
1.863988514277e-871
1.589164847986e-875
1.261645801654e-879
9.31293807389e-884
6.381575633957e-888
4.052693967258e-892
2.381151287528e-896
1.292046279643e-900
6.462546134462e-905
2.973816530228e-909
1.256381378448e-913
4.862911643222e-918
1.720543626412e-922
5.551486892085e-927
1.629509420225e-931
4.339943076376e-936
1.045944242369e-940
2.274499220604e-945
4.449426750221e-950
7.80511110392e-955
1.223624642619e-959
1.708298717096e-964
2.115855599136e-969
2.315659078819e-974
2.229872050505e-979
1.880757174413e-984
1.382714932113e-989
8.81526638638e-995
4.846611692554e-1000
2.284351549382e-1005
9.1714362403e-1011
3.115109602861e-1016
8.88468127916e-1022
2.110785317143e-1027
4.140737294859e-1033
6.643511341466e-1039
8.627205660773e-1045
8.96432553223e-1051
7.359596112837e-1057
4.707674139062e-1063
2.310046794532e-1069
8.545677155019e-1076
2.337190617459e-1082
4.622304591923e-1089
6.44607795467e-1096
6.157957951779e-1103
3.896904604617e-1110
1.570728479725e-1117
3.849468690995e-1125
5.425036100068e-1133
4.107581038851e-1141
1.535623470473e-1149
2.546320270863e-1158
1.627816178185e-1167
3.318719030799e-1177
1.648846921517e-1187
1.3295348008571e-1198
8.867425585902e-1211
1.3345527215074e-1224
1.5662429481181e-1241