0.0615414567927814
0.0610762697911942
0.0601564154808477
0.0588025378587167
0.0570446351964027
0.0549209554695047
0.0524766140201027
0.0497620031600692
0.046831071852258
0.043739557123113
0.040543247430925
0.037296352169072
0.034050041472622
0.030851207419315
0.027741482634533
0.0247565363543083
0.0219256522737191
0.0192715780013793
0.0168106234663573
0.0145529757682333
0.0125031910629196
0.0106608202281614
0.0090211241199826
0.0075758358942626
0.0063139316673592
0.0052223761831362
0.0042868165668614
0.0034922041224433
0.0028233309682505
0.0022652746933924
0.0018037498379009
0.001425369651439
0.00111782516414396
0.00086999109987649
0.00067196964114432
0.00051508363607503
0.0003918306758312
0.00029580873688733
0.00022162294800661
0.00016478166570486
0.00012158856263586
0.00008903596281393
0.000064703280192912
0.000046663190093981
0.000033397119231111
0.000023720792122768
0.000016719916059757
0.000011695608661551
8.11884928933e-6
5.5930424144853e-6
3.823690864735e-6
2.5941643542475e-6
1.7465911719361e-6
1.1669791018242e-6
7.737700353722e-7
5.0913938326774e-7
3.32457671124e-7
2.1543180047086e-7
1.3853386005547e-7
8.840434199325e-8
5.5983705063226e-8
3.5181867042436e-8
2.1940379596894e-8
1.3578011834008e-8
8.338612316894e-9
5.0817778912406e-9
3.0732691353894e-9
1.8443665146287e-9
1.0983841649326e-9
6.491130753881e-10
3.8066605435862e-10
2.2152577325147e-10
1.2792613728713e-10
7.330739781718e-11
4.1685821849659e-11
2.3522285394776e-11
1.3171030572901e-11
7.318255868953e-12
4.0349808900018e-12
2.2075974611628e-12
1.1985088084605e-12
6.456600615994e-13
3.4514878718196e-13
1.8308251977072e-13
9.636600505443e-14
5.033100437053e-14
2.6084373314277e-14
1.3413946353597e-14
6.844824679734e-15
3.4657396435747e-15
1.7412278124689e-15
8.680395343066e-16
4.2938397697725e-16
2.1075249787051e-16
1.0264039659309e-16
4.959988973894e-17
2.3782526090435e-17
1.1314834188821e-17
5.341329692317e-18
2.5018402304007e-18
1.1627242924301e-18
5.36165516753e-19
2.4531489519926e-19
1.1136527421239e-19
5.016194847538e-20
2.2417935732928e-20
9.940570599919e-21
4.373401150926e-21
1.9090505728128e-21
8.268056924434e-22
3.5528359412031e-22
1.5147126835653e-22
6.407173756974e-23
2.6889428265578e-23
1.1196264062221e-23
4.62528867785e-24
1.8957293115481e-24
7.708736100312e-25
3.1099755887209e-25
1.244787686205e-25
4.943056990364e-26
1.9474014433456e-26
7.611537198237e-27
2.9515064326912e-27
1.1354473463643e-27
4.333507761813e-28
1.6408121179515e-28
6.163426005312e-29
2.2968197176092e-29
8.491224592567e-30
3.114223170761e-30
1.1330847064693e-30
4.089832302367e-31
1.4644559387226e-31
5.202019644015e-32
1.833114927587e-32
6.408059871733e-33
2.2221823578228e-33
7.644448850983e-34
2.6086935701175e-34
8.830949288147e-35
2.96548787037e-35
9.878393650887e-36
3.264185806355e-36
1.0699382329405e-36
3.478842212803e-37
1.1220179814753e-37
3.589639280544e-38
1.1391594705773e-38
3.585896550808e-39
1.1196628457592e-39
3.467766074573e-40
1.0653248197847e-40
3.246240592858e-41
9.811658509362e-42
2.941465998277e-42
8.746645547415e-43
2.579717082298e-43
7.546612167397e-44
2.1896661145224e-44
6.301532259515e-45
1.798677440291e-45
5.092085620857e-46
1.4297818951503e-46
3.981731275387e-47
1.0997614651792e-47
3.012629757789e-48
8.184836712827e-49
2.2054007919626e-49
5.893516519356e-50
1.5619500841645e-50
4.105458131176e-51
1.0701731952592e-51
2.766563094889e-52
7.092792124822e-53
1.8033501865875e-53
4.547001561573e-54
1.1369681934836e-54
2.81932833168e-55
6.93286977089e-56
1.6906214039636e-56
4.088287917108e-57
9.80379445328e-58
2.33131161153e-58
5.497378275046e-59
1.2854518394356e-59
2.980551200625e-60
6.852887686209e-61
1.5623650749177e-61
3.531985464087e-62
7.917322466978e-63
1.7597717072996e-63
3.878362472691e-64
8.475200694736e-65
1.8363545940556e-65
3.945149401928e-66
8.403613646937e-67
1.7748421791697e-67
3.716547914535e-68
7.716161677245e-69
1.5883262382235e-69
3.241530378536e-70
6.558848905584e-71
1.3157319336071e-71
2.616763911618e-72
5.159576396506e-73
1.0085813610262e-73
1.95456529261e-74
3.755145020076e-75
7.152130432879e-76
1.3504272021879e-76
2.527718973451e-77
4.69032612497e-78
8.627573732621e-79
1.5731872226495e-79
2.843628781207e-80
5.095194659846e-81
9.049792860666e-82
1.5933127306216e-82
2.780625197447e-83
4.810136419075e-84
8.247840925014e-85
1.4017981845424e-85
2.361496983331e-86
3.943122703274e-87
6.525870508777e-88
1.0704739495497e-88
1.740393412702e-89
2.804442754189e-90
4.478861680288e-91
7.089322011593e-92
1.112120265671e-92
1.729030993922e-93
2.664107249579e-94
4.068107489351e-95
6.156285705689e-96
9.232611144532e-97
1.3721560570632e-97
2.020921124912e-98
2.949550107849e-99
4.265955986359e-100
6.11398983278e-101
8.683090568807e-102
1.2219648320138e-102
1.704006607948e-103
2.35453646046e-104
3.223698986043e-105
4.373325014104e-106
5.878553541738e-107
7.829316494656e-108
1.0331538884974e-108
1.3507876167888e-109
1.749778456904e-110
2.245670304823e-111
2.855412202755e-112
3.597032874898e-113
4.489165636925e-114
5.550412675651e-115
6.798546671066e-116
8.249559277725e-117
9.916579670804e-118
1.1808701433311e-118
1.392977142202e-119
1.627720852184e-120
1.884093180862e-121
2.160248496005e-122
2.453444527187e-123
2.760020015195e-124
3.075416078372e-125
3.394246174701e-126
3.710416751661e-127
4.017297350083e-128
4.307935296154e-129
4.575306470206e-130
4.812590308916e-131
5.013454508629e-132
5.172333147525e-133
5.284681360701e-134
5.347190413181e-135
5.35794903084e-136
5.316540049946e-137
5.224065594005e-138
5.083098743729e-139
4.897564627597e-140
4.672558597885e-141
4.414113261591e-142
4.128929262707e-143
3.824086615959e-144
3.506753949382e-145
3.183912232425e-146
2.862107582256e-147
2.547244793171e-148
2.244429637371e-149
1.957864092054e-150
1.690794808451e-151
1.445511667203e-152
1.223390409824e-153
1.0249712631337e-154
8.500642565574e-156
6.97871558129e-157
5.671175361511e-158
4.561782464201e-159
3.632034731492e-160
2.862261279487e-161
2.232555576533e-162
1.723529759301e-163
1.316886984882e-164
9.95820506513e-166
7.452569207279e-167
5.519666469123e-168
4.045674269289e-169
2.93446925489e-170
2.10628929034e-171
1.496047669923e-172
1.051479645424e-173
7.31262527279e-175
5.032128017215e-176
3.426295162156e-177
2.308241935257e-178
1.538544237507e-179
1.01461041206e-180
6.619691920669e-182
4.272811749737e-183
2.728447182081e-184
1.723579639887e-185
1.077083275969e-186
6.658207897238e-188
4.071397330811e-189
2.462609339991e-190
1.473333936385e-191
8.718627817432e-193
5.102980464926e-194
2.954037062875e-195
1.691264718327e-196
9.57630791257e-198
5.362442218676e-199
2.969560699158e-200
1.626199372363e-201
8.80631492335e-203
4.715635315895e-204
2.496884287636e-205
1.307240064411e-206
6.76701947015e-208
3.463466180473e-209
1.752597230083e-210
8.76792890227e-212
4.336522647887e-213
2.120321794142e-214
1.024856921512e-215
4.896791695862e-217
2.312770090001e-218
1.079719952681e-219
4.98233467499e-221
2.272390279054e-222
1.024344957975e-223
4.563601731763e-225
2.009334355611e-226
8.74307712279e-228
3.759486774652e-229
1.597457688139e-230
6.707350230938e-232
2.782771568934e-233
1.140756853818e-234
4.620419829091e-236
1.848955018133e-237
7.309899400191e-239
2.855091668975e-240
1.101629681678e-241
4.19895564509e-243
1.580957002171e-244
5.879695347654e-246
2.159873507184e-247
7.83651778534e-249
2.808158883754e-250
9.9381662353e-252
3.473433532965e-253
1.198841738442e-254
4.085983949796e-256
1.375134097594e-257
4.569708845752e-259
1.499368639571e-260
4.857198943052e-262
1.553466643207e-263
4.904981463406e-265
1.528878103919e-266
4.704233655117e-268
1.42878126581e-269
4.283350129993e-271
1.267425144825e-272
3.701363531291e-274
1.066796114402e-275
3.034315699569e-277
8.51684932535e-279
2.358929921429e-280
6.446853628184e-282
1.738424767317e-283
4.625063899428e-285
1.213980034124e-286
3.143513589028e-288
8.02984099827e-290
2.023317140467e-291
5.028793250218e-293
1.232774338692e-294
2.980576942633e-296
7.107073041327e-298
1.671211552341e-299
3.875239799909e-301
8.86070549181e-303
1.997636305027e-304
4.440363672437e-306
9.73083296685e-308
2.102257795008e-309
4.477146196406e-311
9.3987599506e-313
1.9447697524e-314
3.966142343945e-316
7.97158601804e-318
1.578959937819e-319
3.081915694544e-321
5.927434080337e-323
1.123263996732e-324
2.097193914691e-326
3.857529163753e-328
6.989814937104e-330
1.247612246631e-331
2.193423249368e-333
3.798089459279e-335
6.477070765903e-337
1.087760450524e-338
1.798867651542e-340
2.929181788566e-342
4.696173410013e-344
7.412450539701e-346
1.151776579385e-347
1.761700036562e-349
2.652290954876e-351
3.930100869107e-353
5.731219790368e-355
8.22466868267e-357
1.161407241279e-358
1.613659272825e-360
2.205801300588e-362
2.966291688676e-364
3.923914433945e-366
5.105617922933e-368
6.533783067941e-370
8.22304815651e-372
1.017692039415e-373
1.238450425528e-375
1.48177562007e-377
1.742971428231e-379
2.015413191471e-381
2.290685627514e-383
2.55891323612e-385
2.809279565332e-387
3.03070649157e-389
3.212639805554e-391
3.345866967723e-393
3.423280842583e-395
3.440502452881e-397
3.396287493247e-399
3.292664556033e-401
3.134784677742e-403
2.930497191604e-405
2.689700443913e-407
2.423542412182e-409
2.143561620194e-411
1.860860956488e-413
1.585396383689e-415
1.325441564555e-417
1.087262188622e-419
8.75005019223e-422
6.907809037911e-424
5.349016626381e-426
4.062198091964e-428
3.025177038563e-430
2.208978009335e-432
1.581359304278e-434
1.109724735004e-436
7.63293882053e-439
5.145240104547e-441
3.398612624324e-443
2.199499652004e-445
1.394490726223e-447
8.66002957173e-450
5.267164063638e-452
3.137104222044e-454
1.829429821659e-456
1.044423173063e-458
5.83646052546e-461
3.192069999869e-463
1.70836889948e-465
8.94567225793e-468
4.582485840922e-470
2.296042357692e-472
1.125076604688e-474
5.39063033706e-477
2.525126134716e-479
1.156225234394e-481
5.174237560474e-484
2.262676516347e-486
9.66712387359e-489
4.034560207024e-491
1.644536281634e-493
6.545790726371e-496
2.543747628735e-498
9.64938843565e-501
3.572389219054e-503
1.290532728201e-505
4.548280956715e-508
1.563539788649e-510
5.24164956159e-513
1.713314141809e-515
5.459176308697e-518
1.695305572083e-520
5.129886184581e-523
1.512212784357e-525
4.341786697714e-528
1.213885701415e-530
3.304018689795e-533
8.75311263049e-536
2.256503606793e-538
5.659256851877e-541
1.380470552495e-543
3.274401005505e-546
7.55030014096e-549
1.692048681516e-551
3.684379656234e-554
7.79297472574e-557
1.600707015851e-559
3.192053848048e-562
6.178117342277e-565
1.16023277967e-567
2.11353857997e-570
3.733548935939e-573
6.393639285494e-576
1.061095306916e-578
1.706095346269e-581
2.656774673641e-584
4.005582483116e-587
5.84507691699e-590
8.25238347005e-593
1.126888851292e-595
1.487784203237e-598
1.898441963843e-601
2.34040566697e-604
2.786478955693e-607
3.202741833242e-610
3.552356950838e-613
3.80069343589e-616
3.92084542256e-619
3.898361892643e-622
3.734055490696e-625
3.444147681223e-628
3.057642929338e-631
2.611515799419e-634
2.144822804484e-637
1.693050679227e-640
1.283837127697e-643
9.34732941121e-647
6.530905209041e-650
4.376552593165e-653
2.811399229805e-656
1.730202187554e-659
1.019532309859e-662
5.748757450689e-666
3.099901115524e-669
1.597523453187e-672
7.8630178536e-676
3.693882225785e-679
1.655120020414e-682
7.068396750257e-686
2.875018819982e-689
1.112917198269e-692
4.096865614974e-696
1.43305035113e-699
4.759218155276e-703
1.499362685028e-706
4.477087913355e-710
1.265934373648e-713
3.386488006417e-717
8.56236093905e-721
2.044146932229e-724
4.603197791962e-728
9.76731422491e-732
1.95066030753e-735
3.66256350488e-739
6.457642484147e-743
1.067868366686e-746
1.65411687967e-750
2.396892081735e-754
3.244678799415e-758
4.097508259493e-762
4.820058515859e-766
5.27354491795e-770
5.357681640698e-774
5.046055147952e-778
4.39818923019e-782
3.541243482453e-786
2.628910416194e-790
1.795869688677e-794
1.126559336375e-798
6.475484883696e-803
3.402850503178e-807
1.630912232949e-811
7.111285867352e-816
2.813534353842e-820
1.007254798393e-824
3.253427408873e-829
9.45190021649e-834
2.461836476391e-838
5.728819181595e-843
1.18672896669e-847
2.179898305594e-852
3.536154601289e-857
5.043512734288e-862
6.295233734128e-867
6.842242059113e-872
6.441257988056e-877
5.222005452338e-882
3.623427120464e-887
2.137618034596e-892
1.064508809514e-897
4.440140780822e-903
1.538152460098e-908
4.384834638043e-914
1.018307410532e-919
1.905324771579e-925
2.837430648646e-931
3.318051496061e-937
3.001378334356e-943
2.065131156484e-949
1.060639060334e-955
3.980228363314e-962
1.065134122879e-968
1.976629741538e-975
2.462728937053e-982
1.983492111375e-989
9.8740304949e-997
2.879014389381e-1004
4.604676188844e-1012
3.723837342341e-1020
1.373050745897e-1028
2.016456549458e-1037
9.823174106552e-1047
1.2247334410239e-1056
2.641133005332e-1067
5.144977271549e-1079
2.589909635518e-1092
1.3181257173582e-1108