0.0668281881864403
0.0662327440628196
0.0650577201714989
0.0633341430661525
0.0611068405490711
0.0584325052328378
0.0553772993150504
0.052014141657376
0.0484198320082483
0.044672169662542
0.0408472153591576
0.037016827046326
0.033246574312011
0.0295941053133572
0.0261080067151178
0.022827164196843
0.0197806009614577
0.0169877463401816
0.0144590673948917
0.0121969840567502
0.0101969828483319
0.0084488450855566
0.0069379116714533
0.0056463169089531
0.0045541367715866
0.0036404113864502
0.0028840158421926
0.0022643667950706
0.0017619639388403
0.00135877474756926
0.00103847778603353
0.00078658433805833
0.00059046034128186
0.00043927097594585
0.00032386914325091
0.00023664691189601
0.00017136621401007
0.00012298198735842
0.000087467875244817
0.000061651720385023
0.000043065563277111
0.00002981275392347
0.000020453130083433
0.000013905987817545
9.3697264566786e-6
6.256530624367e-6
4.1401911329249e-6
2.7151003536611e-6
1.7645279965921e-6
1.1364408897627e-6
7.2533595592037e-7
4.5877950813069e-7
2.8756738317499e-7
1.7862587713413e-7
1.0995539694221e-7
6.7074031900172e-8
4.0546762812259e-8
2.4289583191277e-8
1.4419300674418e-8
8.482555632409e-9
4.9449933041514e-9
2.856664428471e-9
1.6353295893853e-9
9.276879136215e-10
5.2149120686362e-10
2.9049488333937e-10
1.6035196037007e-10
8.771062340957e-11
4.7541192732878e-11
2.5534401275113e-11
1.3589915583575e-11
7.167059698236e-12
3.7453821933125e-12
1.9394552152565e-12
9.951521081116e-13
5.0596775909977e-13
2.5490444982892e-13
1.2724791711256e-13
6.294193638008e-14
3.0849142253424e-14
1.4981560434615e-14
7.209071339635e-15
3.4372191789736e-15
1.6238205700047e-15
7.600969708394e-16
3.5253100662064e-16
1.6200192113548e-16
7.376233632529e-17
3.3276520804058e-17
1.4873972277125e-17
6.587169640254e-18
2.8903506623119e-18
1.2565476819372e-18
5.412290113818e-19
2.3096899625317e-19
9.765481464959e-20
4.0907013900789e-20
1.6977072158731e-20
6.980482178978e-21
2.843559616376e-21
1.1475990396866e-21
4.588445044482e-22
1.8175441562703e-22
7.132552916594e-23
2.7729504436029e-23
1.0680036245352e-23
4.075052947213e-24
1.5403522751372e-24
5.7680556231e-25
2.1397236615736e-25
7.863231089497e-26
2.8625671620413e-26
1.0323281756354e-26
3.6879365424362e-27
1.3051148542442e-27
4.575195847784e-28
1.5887746341966e-28
5.465155231238e-29
1.8621995028099e-29
6.285347166784e-30
2.1013941189282e-30
6.959158154648e-31
2.2828248095608e-31
7.417385181927e-32
2.3871906030481e-32
7.609865407681e-33
2.4027911665285e-33
7.514494326468e-34
2.327681984804e-34
7.141395774353e-35
2.1700688279111e-35
6.531158087031e-36
1.9468318860205e-36
5.747559988715e-37
1.6805466654853e-37
4.866590336854e-38
1.3957294839649e-38
3.964377665766e-39
1.115170058377e-39
3.106665189985e-40
8.570970200252e-41
2.3417609845929e-41
6.336172753072e-42
1.6977669802699e-42
4.504955483478e-43
1.183747137097e-43
3.080193613419e-44
7.93674261892e-45
2.025099207336e-45
5.116635812121e-46
1.2801218873883e-46
3.171327710682e-47
7.779437935811e-48
1.8895869547007e-48
4.54455454446e-49
1.0822203491848e-49
2.5517264576545e-50
5.957178835675e-51
1.3769851648847e-51
3.151330372143e-52
7.140498848186e-53
1.6018688493269e-53
3.557811444973e-54
7.823303865263e-55
1.7031090002891e-55
3.670568063096e-56
7.831704166501e-57
1.6542644146554e-57
3.459176253352e-58
7.160658391061e-59
1.4673680391427e-59
2.976625966578e-60
5.97725527972e-61
1.1881323705545e-61
2.337795060836e-62
4.553230834414e-63
8.77803890356e-64
1.6750695874829e-64
3.16386964682e-65
5.914901018018e-66
1.0944912269517e-66
2.0044981633243e-67
3.633458653694e-68
6.518512589843e-69
1.1573987289719e-69
2.0338368682394e-70
3.537041891377e-71
6.087620206873e-72
1.0368844819662e-72
1.7477561202828e-73
2.915352051239e-74
4.812302499669e-75
7.860651098107e-76
1.2705732055897e-76
2.032208436144e-77
3.216295451242e-78
5.036796754732e-79
7.804683992145e-80
1.1966031985038e-80
1.8152247107031e-81
2.724503802306e-82
4.045875780756e-83
5.944249302522e-84
8.640363197412e-85
1.2425348719618e-85
1.7677375855902e-86
2.488001107352e-87
3.464158629379e-88
4.771447920968e-89
6.501274901334e-90
8.76260890272e-91
1.1682759443048e-91
1.5407246095834e-92
2.009845042828e-93
2.593274028438e-94
3.309579013743e-95
4.177589376972e-96
5.215518142624e-97
6.439881297081e-98
7.864241615472e-99
9.497826329881e-100
1.1344091241615e-100
1.3399325624922e-101
1.5651409708458e-102
1.80788467605e-103
2.065019219948e-104
2.332399071291e-105
2.604930815784e-106
2.876690847035e-107
3.141107891962e-108
3.391205333663e-109
3.619892726879e-110
3.820290705376e-111
3.986069248338e-112
4.11177654355e-113
4.193134871621e-114
4.227281260312e-115
4.212934110918e-116
4.150472323582e-117
4.04192016325e-118
3.890838556922e-119
3.702130943453e-120
3.481778452918e-121
3.236524406631e-122
2.973531405895e-123
2.70003535089e-124
2.423019589379e-125
2.148929271821e-126
1.883441324032e-127
1.63129981773e-128
1.396220559767e-129
1.180863047043e-130
9.868630671531e-132
8.149155411944e-133
6.648949080688e-134
5.359994677163e-135
4.269065080703e-136
3.359264939938e-137
2.611467822527e-138
2.005579080811e-139
1.521581494726e-140
1.140345507507e-141
8.442068533474e-143
6.17330462525e-144
4.458903419558e-145
3.181009155916e-146
2.241367690009e-147
1.559758396135e-148
1.0719688339379e-149
7.275653602921e-151
4.876533167985e-152
3.22763047985e-153
2.109472609303e-154
1.361335860102e-155
8.674445012306e-157
5.457411359919e-158
3.389874893557e-159
2.078815255213e-160
1.258538391791e-161
7.521740354195e-163
4.43766275643e-164
2.584383565791e-165
1.485623761482e-166
8.429313415669e-168
4.720513120159e-169
2.609046596451e-170
1.4231539737e-171
7.66092145836e-173
4.069590035181e-174
2.133251867689e-175
1.10340905558e-176
5.631379872728e-178
2.835683328316e-179
1.408788609132e-180
6.904933721815e-182
3.338712136869e-183
1.592517537334e-184
7.492988610395e-186
3.477532059135e-187
1.591885607581e-188
7.187145498654e-190
3.200249991434e-191
1.405313041189e-192
6.08558817581e-194
2.598667721352e-195
1.094197805577e-196
4.542718143466e-198
1.85946650357e-199
7.503969723351e-201
2.985391132673e-202
1.170835641636e-203
4.526390403981e-205
1.724829133197e-206
6.478202546317e-208
2.398023747245e-209
8.748202902724e-211
3.145040751246e-212
1.11416925637e-213
3.889275225785e-215
1.33768448447e-216
4.532949092744e-218
1.5132981567e-219
4.976898421367e-221
1.612343219301e-222
5.145104700912e-224
1.617119896521e-225
5.005811638165e-227
1.526032479531e-228
4.581233852292e-230
1.354261966605e-231
3.941815253909e-233
1.129626148337e-234
3.187053183578e-236
8.851785707804e-238
2.420081914911e-239
6.512640419305e-241
1.724971535269e-242
4.496495595983e-244
1.153461466275e-245
2.911639606414e-247
7.231798885471e-249
1.767247956812e-250
4.248728095574e-252
1.004842982861e-253
2.337665833271e-255
5.349071280979e-257
1.20379479944e-258
2.664223575275e-260
5.798272355463e-262
1.240799215466e-263
2.610623089799e-265
5.399965740387e-267
1.098009205073e-268
2.194586289987e-270
4.311160313521e-272
8.323255019211e-274
1.579108566116e-275
2.94382728076e-277
5.392070202159e-279
9.70292078222e-281
1.715195198486e-282
2.978164183865e-284
5.078870556109e-286
8.506050969039e-288
1.398909247606e-289
2.258966040036e-291
3.581342136162e-293
5.573842392288e-295
8.515155501146e-297
1.276777495047e-298
1.878787815542e-300
2.712905703422e-302
3.843616867817e-304
5.342534000084e-306
7.284656641029e-308
9.74266167915e-310
1.27792223339e-311
1.643767474364e-313
2.073173839261e-315
2.563539417589e-317
3.107435365072e-319
3.692072522533e-321
4.299241501774e-323
4.905843888104e-325
5.485066575851e-327
6.00816240563e-329
6.446700991483e-331
6.775061476537e-333
6.97287299684e-335
7.027085148063e-337
6.933379029205e-339
6.696708777227e-341
6.330882406876e-343
5.857228774656e-345
5.302529378634e-347
4.696495075576e-349
4.069120538403e-351
3.448245570479e-353
2.857596121855e-355
2.315483152948e-357
1.83422493951e-359
1.420249980701e-361
1.074751844305e-363
7.947155546657e-366
5.741205969442e-368
4.051437137322e-370
2.792255477084e-372
1.879167936931e-374
1.234705972234e-376
7.919010122883e-379
4.956878325636e-381
3.027575299388e-383
1.804051709378e-385
1.04854479063e-387
5.943253106426e-390
3.284539845318e-392
1.769498888529e-394
9.29099861706e-397
4.753573386994e-399
2.369362537804e-401
1.150277265411e-403
5.437982602686e-406
2.502881107607e-408
1.121271794989e-410
4.888202828585e-413
2.073255061994e-415
8.552973692712e-418
3.431122304338e-420
1.338140558343e-422
5.072283701305e-425
1.868225646165e-427
6.684435093629e-430
2.322699845399e-432
7.836021823504e-435
2.565967822774e-437
8.153353715622e-440
2.513187637883e-442
7.512571782374e-445
2.177190328859e-447
6.115253939882e-450
1.664203742015e-452
4.386651522454e-455
1.119572605294e-457
2.765787020858e-460
6.611261348572e-463
1.528613323332e-465
3.417464491868e-468
7.384913168133e-471
1.541914395541e-473
3.109449465662e-476
6.054053957397e-479
1.137564315788e-481
2.062034421206e-484
3.604337414461e-487
6.072669215464e-490
9.85755423498e-493
1.540991631644e-495
2.318859611759e-498
3.357286317985e-501
4.67448445146e-504
6.256003027481e-507
8.043761248773e-510
9.93106690264e-513
1.176730203109e-515
1.337414090723e-518
1.457204176463e-521
1.521218127586e-524
1.520629760702e-527
1.454634039978e-530
1.330798715028e-533
1.163648771773e-536
9.71845137754e-540
7.747192278258e-543
5.890629485516e-546
4.269119208131e-549
2.946821925085e-552
1.935881193284e-555
1.209407820266e-558
7.179358255674e-562
4.046278317089e-565
2.163266927382e-568
1.096133856149e-571
5.259184954527e-575
2.387061836462e-578
1.023939688882e-581
4.146780976233e-585
1.583868242739e-588
5.699376756974e-592
1.929959742447e-595
6.142937417839e-599
1.835635774017e-602
5.143222967659e-606
1.349452379909e-609
3.311052346913e-613
7.586655865454e-617
1.620971894194e-620
3.224631685856e-624
5.963144538161e-628
1.023393785661e-631
1.62716953253e-635
2.392558287091e-639
3.247234247096e-643
4.060036762958e-647
4.666756091155e-651
4.920728613266e-655
4.748834961715e-659
4.184588154464e-663
3.358441288633e-667
2.448478872792e-671
1.617040909297e-675
9.64578560965e-680
5.180838632724e-684
2.49737811312e-688
1.076667366102e-692
4.13609908141e-697
1.410298828781e-701
4.250412899427e-706
1.127248220767e-710
2.618261898549e-715
5.299109165653e-720
9.294357570434e-725
1.404478313179e-729
1.81695560919e-734
1.998668780448e-739
1.855627729428e-744
1.442455969615e-749
9.306150411836e-755
4.935499628555e-760
2.129203407564e-765
7.385734212036e-771
2.033709187384e-776
4.382349771932e-782
7.27316256294e-788
9.131736760787e-794
8.499469958948e-800
5.730702955067e-806
2.725742280362e-812
8.86914761764e-819
1.904536192172e-825
2.586598914627e-832
2.111222099688e-839
9.731687779394e-847
2.345019695832e-854
2.677950060733e-862
1.2749932066248e-870
2.127950195828e-879
9.737141217651e-889
8.427757734627e-899
7.45819738449e-910
2.063798570178e-922
8.321634612738e-938