0.1259713127137726
0.1220080769594946
0.1144513705697779
0.1039838816217122
0.0914996318266528
0.0779785582128743
0.0643615332295031
0.0514474945612678
0.0398270953258299
0.0298578146587701
0.0216765090053629
0.01523905666166979
0.01037404783775733
0.00683820841890916
0.00436436784183039
0.00269689957841845
0.00161343167879121
0.000934448094171548
0.000523906097343878
0.000284327385611346
0.0001493559801226135
0.0000759338364368054
0.0000373615915257554
0.0000177893283883008
8.19602164234652e-6
3.65358758646757e-6
1.57568953980831e-6
6.57380137807822e-7
2.6528680285041e-7
1.03543877133109e-7
3.90838801516958e-8
1.42655436396206e-8
5.03439690328337e-9
1.71760865622714e-9
5.66455602417913e-10
1.80558401651096e-10
5.56189744987676e-11
1.65547622005609e-11
4.76054611842018e-12
1.32239596118997e-12
3.54790549285975e-13
9.1922332992918e-14
2.29952915216617e-14
5.55333407692673e-15
1.29446834895984e-15
2.91189136795359e-16
6.3201279895204e-17
1.32331091304417e-17
2.67238475577014e-18
5.2041552919854e-19
9.7707084626831e-20
1.76821060274662e-20
3.08374719355853e-21
5.1815793566785e-22
8.3865413354072e-23
1.30718366433066e-23
1.96162390230186e-24
2.83341004034506e-25
3.93825118042785e-26
5.2659890539365e-27
6.7720118378229e-28
8.3732032206287e-29
9.9511402158725e-30
1.13639293591205e-30
1.24658463240666e-31
1.31314130138105e-32
1.32785952785982e-33
1.28852787021897e-34
1.19944925284923e-35
1.07067303696574e-36
9.1612414651302e-38
7.5111190232498e-39
5.8983808586218e-40
4.4346389406951e-41
3.1907638182802e-42
2.19608746380509e-43
1.44518880702148e-44
9.0889651142002e-46
5.4601846127019e-47
3.1317304716815e-48
1.71403378933132e-49
8.9470214358003e-51
4.4516381027713e-52
2.11005295001851e-53
9.5222624707314e-55
4.0887664954337e-56
1.66944611271876e-57
6.477285683974e-59
2.3864725303132e-60
8.3436067167703e-62
2.7660816426243e-63
8.6887577291472e-65
2.5839671267178e-66
7.2693343462988e-68
1.9328956400453e-69
4.853345765673e-71
1.14971579894955e-72
2.5670665445716e-74
5.3969034055138e-76
1.067230396364e-77
1.9829118024485e-79
3.4576837650105e-81
5.6518011183804e-83
8.6490411994372e-85
1.2375522239131e-86
1.6534160628123e-88
2.0597012235132e-90
2.3888016109847e-92
2.5753002376081e-94
2.5765065960752e-96
2.3880144685472e-98
2.0466892837684e-100
1.6189757247262e-102
1.1795607010592e-104
7.8987806519658e-107
4.8503599146663e-109
2.7246951672116e-111
1.3966393549532e-113
6.514726486189e-116
2.7574095334854e-118
1.0557582366178e-120
3.6446853334881e-123
1.1304787056488e-125
3.1385988955004e-128
7.768241620566e-131
1.706593611737e-133
3.3121813762337e-136
5.6501768633378e-139
8.425033907337e-142
1.091507794742e-144
1.2205880328629e-147
1.1696714808532e-150
9.529289120877e-154
6.542503610997e-157
3.7486685818034e-160
1.7730841467684e-163
6.838961957165e-167
2.1215834430592e-170
5.210919353697e-174
9.952416770835e-178
1.4476156091824e-181
1.5650090946648e-185
1.2218759316871e-189
6.656169645351e-194
2.4261215796156e-198
5.617509537808e-203
7.736467785439e-208
5.816681505935e-213
2.1266090966011e-218
3.2103543106192e-224
1.5643645432983e-230
1.6386487193834e-237
1.6926460574409e-245
2.3262740604298e-255