0.0646969156511122
0.0641565599716703
0.063089346475261
0.0615217106521896
0.0594919376059592
0.0570486087580073
0.054248671214081
0.05115523679657
0.0478352292133639
0.044357001145655
0.0407880383182222
0.037192855630339
0.0336311724775234
0.030156432180232
0.026814705868813
0.0236439962019963
0.0206739327282103
0.0179258300624359
0.015413063487643
0.0131417047978631
0.0111113544260301
0.009316103971596
0.0077455656378197
0.0063859110247947
0.0052208702635905
0.0042326526267713
0.0034027605553296
0.0027126796562829
0.002144436964816
0.0016810281350727
0.00130672092467619
0.00100724725224604
0.00076989927290893
0.00058354649332629
0.00043859117691008
0.00032687845865764
0.00024157599643782
0.00017703591601966
0.00012864951128606
0.000092702844113918
0.000066239205212944
0.00004693245304448
0.000032973603140971
0.000022971717485565
0.000015869136799878
0.000010870380896621
7.3835744184604e-6
4.9729921811415e-6
3.3212141815544e-6
2.1993923646639e-6
1.444222052018e-6
9.403495929822e-7
6.0711012075434e-7
3.88657446765e-7
2.4670985654129e-7
1.552832335243e-7
9.69124855563e-8
5.9972273840914e-8
3.679894800764e-8
2.2388905170046e-8
1.3506452896142e-8
8.079028918489e-9
4.7916467874429e-9
2.8178414936054e-9
1.6430575407696e-9
9.499302739351e-10
5.4454238863152e-10
3.0950730200893e-10
1.7442452916655e-10
9.746301709611e-11
5.3996539409415e-11
2.9660871645578e-11
1.6154439447798e-11
8.723443299801e-12
4.6705722632696e-12
2.4793415619642e-12
1.3049224898927e-12
6.809466886822e-13
3.5230553827336e-13
1.8071811257477e-13
9.190890887216e-14
4.6343100700494e-14
2.3167646563698e-14
1.1482749167257e-14
5.64254081779e-15
2.7489454903766e-15
1.3277546146518e-15
6.358101235864e-16
3.0185099431437e-16
1.4207279718904e-16
6.629487629266e-17
3.0668832647389e-17
1.4065665292683e-17
6.395382692763e-18
2.8827930376925e-18
1.2882450210932e-18
5.707145478997e-19
2.5065260730741e-19
1.0913288651113e-19
4.710494255161e-20
2.0155890587397e-20
8.549867983373e-21
3.5953065226321e-21
1.4987482729747e-21
6.193481697103e-22
2.5371813467028e-22
1.0303285074035e-22
4.147673023354e-23
1.6551406288194e-23
6.547324231602e-24
2.5673690153998e-24
9.979416435366e-25
3.845132154726e-25
1.4685999501029e-25
5.560049606603e-26
2.0865726711221e-26
7.761841923941e-27
2.8619972247919e-27
1.0460282902459e-27
3.78951907831e-28
1.3607796777852e-28
4.843409073229e-29
1.7087189744742e-29
5.975067132782e-30
2.0709235116875e-30
7.114278834506e-31
2.4223654189567e-31
8.174980892973e-32
2.7344404773368e-32
9.065278125183e-33
2.9786603061421e-33
9.700279082552e-34
3.130884674971e-34
1.001533891625e-34
3.175236507459e-35
9.976872745172e-36
3.106824701748e-36
9.588242973054e-37
2.9326297876556e-37
8.889294796381e-38
2.6703311581517e-38
7.949623063859e-39
2.3453483910697e-39
6.857145782108e-40
1.9867825190055e-40
5.704583049151e-41
1.623154182387e-41
4.576711712652e-42
1.2787947265369e-42
3.540765448064e-43
9.714893144614e-44
2.6413071724278e-44
7.115988410359e-45
1.8996884311665e-45
5.025227104827e-46
1.3171962445293e-46
3.421070410694e-47
8.804110876178e-48
2.2449989251023e-48
5.672167608103e-49
1.4199706113343e-49
3.522103353948e-50
8.655901179402e-51
2.1076811394912e-51
5.084811809923e-52
1.2153940359898e-52
2.878236011279e-53
6.753013050997e-54
1.5697316550916e-54
3.614969158663e-55
8.247641917434e-56
1.8642134707451e-56
4.174425443256e-57
9.260352772124e-58
2.0350852077704e-58
4.430536815335e-59
9.555274855258e-60
2.0414439036957e-60
4.320494464375e-61
9.057856751079e-62
1.8810816430449e-62
3.869672460814e-63
7.885318627408e-64
1.5916106330217e-64
3.182152433671e-65
6.301815143649e-66
1.2361318355902e-66
2.401663989887e-67
4.621700998562e-68
8.809015199682e-69
1.6629627037391e-69
3.109288099855e-70
5.75779694413e-71
1.055995863992e-71
1.9181037631576e-72
3.450479480005e-73
6.147204811883e-74
1.0845764197317e-74
1.8950478421647e-75
3.279072328284e-76
5.618828910462e-77
9.534496371268e-78
1.6021380427191e-78
2.665909280449e-79
4.392654404952e-80
7.167007573286e-81
1.1578990913627e-81
1.85233014139e-82
2.934091519268e-83
4.601815406352e-84
7.146240730378e-85
1.0987821038441e-85
1.6727210333477e-86
2.521192009279e-87
3.762280643387e-88
5.558423778624e-89
8.130169480511e-90
1.1773002526635e-90
1.6877445879386e-91
2.395246154698e-92
3.365189689859e-93
4.68033441069e-94
6.443829773966e-95
8.782191685084e-96
1.1848004679748e-96
1.5822047462698e-97
2.091447430071e-98
2.736463143842e-99
3.54390559414e-100
4.542720517461e-101
5.763450939855e-102
7.237243704675e-103
8.994541817952e-104
1.1063468731952e-104
1.3467937653518e-105
1.622554994717e-106
1.934537949123e-107
2.282577145694e-108
2.665231085393e-109
3.079613449372e-110
3.521276609868e-111
3.984164511285e-112
4.460649349808e-113
4.941662117565e-114
5.416921146262e-115
5.875255653696e-116
6.305013518889e-117
6.694534786522e-118
7.032665504346e-119
7.309281195274e-120
7.51578622403e-121
7.645555009851e-122
7.69428367229e-123
7.660226180282e-124
7.544296997098e-125
7.350031888823e-126
7.083409098003e-127
6.752543476495e-128
6.367275430109e-129
5.938683784319e-130
5.478556290377e-131
4.998853103812e-132
4.511197156642e-133
4.0264212007e-134
3.554194978262e-135
3.10274822154e-136
2.678696828397e-137
2.286971430907e-138
1.93084038723e-139
1.612013534562e-140
1.330809176106e-141
1.0863648472517e-142
8.768723157898e-144
6.998187498782e-145
5.522186531927e-146
4.308245817445e-147
3.32308385764e-148
2.534083755386e-149
1.910410859452e-150
1.42379002438e-151
1.0489760351499e-152
7.639635375974e-154
5.499890233423e-155
3.913780917143e-156
2.752876704805e-157
1.913865083986e-158
1.315093475842e-159
8.931183120352e-161
5.994523094047e-162
3.976304580193e-163
2.606573541307e-164
1.688540597758e-165
1.080911028518e-166
6.837398863505e-168
4.273659291267e-169
2.639382007291e-170
1.610583403183e-171
9.710194038391e-173
5.783906983245e-174
3.403676258741e-175
1.978761558378e-176
1.136427005219e-177
6.447286077051e-179
3.613133174863e-180
2.000077439728e-181
1.093577355429e-182
5.905762315857e-184
3.149995535335e-185
1.659338721567e-186
8.632463790624e-188
4.434987669765e-189
2.250044874251e-190
1.127234005895e-191
5.576272643342e-193
2.72372750336e-194
1.313577252538e-195
6.254639732631e-197
2.940261446698e-198
1.364547508713e-199
6.25161699433e-201
2.827345101128e-202
1.262204235726e-203
5.56193911198e-205
2.419078000766e-206
1.038440568624e-207
4.399491334136e-209
1.839471526397e-210
7.589864345969e-212
3.090335823867e-213
1.241618719616e-214
4.922228254082e-216
1.925333598403e-217
7.430201734633e-219
2.828948460519e-220
1.062572383532e-221
3.937133308484e-223
1.439026097276e-224
5.188034084304e-226
1.844849796672e-227
6.470256237079e-229
2.238011153588e-230
7.634157636809e-232
2.568004061041e-233
8.51811251654e-235
2.786001066982e-236
8.98434367618e-238
2.856507128532e-239
8.95374292098e-241
2.766753861634e-242
8.427699276456e-244
2.530439187367e-245
7.488704120264e-247
2.184321753203e-248
6.279148453819e-250
1.77882763993e-251
4.965814428088e-253
1.36598164319e-254
3.70229481199e-256
9.88650119847e-258
2.600957156408e-259
6.740869354576e-261
1.72093182661e-262
4.327619741501e-264
1.071875959071e-265
2.614700963475e-267
6.2813549863e-269
1.48596958214e-270
3.461488750799e-272
7.939318022607e-274
1.792838935383e-275
3.985725371378e-277
8.72270895532e-279
1.879069644849e-280
3.984291404161e-282
8.314668467111e-284
1.707626816861e-285
3.45114651674e-287
6.86315953081e-289
1.342896564751e-290
2.585151196801e-292
4.895770235684e-294
9.12040665526e-296
1.671211814902e-297
3.011886131641e-299
5.33827082879e-301
9.30427437777e-303
1.594588802289e-304
2.686972611156e-306
4.451329198906e-308
7.249220744142e-310
1.160461756781e-311
1.82587297832e-313
2.823399854869e-315
4.290399543084e-317
6.406304466914e-319
9.39858335168e-321
1.354634791036e-322
1.917991140017e-324
2.667439367636e-326
3.643549294907e-328
4.88759162492e-330
6.438176245275e-332
8.32694102504e-334
1.057351167861e-335
1.318014087633e-337
1.612661626179e-339
1.936616543275e-341
2.282314150605e-343
2.639321144063e-345
2.994657175126e-347
3.333438704278e-349
3.639821863556e-351
3.898174329758e-353
4.094363475007e-355
4.217017706748e-357
4.258607031097e-359
4.216201534269e-361
4.091802472304e-363
3.892195163778e-365
3.628337154222e-367
3.314358179573e-369
2.966299336553e-371
2.600748947428e-373
2.233537397848e-375
1.87863320351e-377
1.547342837935e-379
1.247865832922e-381
9.85204050744e-384
7.613787291231e-386
5.75877324531e-388
4.262372938164e-390
3.086752252094e-392
2.186838266662e-394
1.515412531812e-396
1.02701831691e-398
6.805991593659e-401
4.409631724678e-403
2.792811879175e-405
1.728777892914e-407
1.045739467705e-409
6.180478596051e-412
3.568300534186e-414
2.012179436292e-416
1.108056811465e-418
5.957585229038e-421
3.126893290481e-423
1.601809279306e-425
8.0072354525e-428
3.905226494178e-430
1.857881996827e-432
8.62012086941e-435
3.899828966539e-437
1.719994044178e-439
7.393808920032e-442
3.097266703779e-444
1.264054317567e-446
5.024995520342e-449
1.945328092111e-451
7.332296684848e-454
2.690160750019e-456
9.60520742624e-459
3.336745289384e-461
1.127516185391e-463
3.705097705482e-466
1.183710443517e-468
3.675784233388e-471
1.109177341495e-473
3.251502084249e-476
9.25726315885e-479
2.559045098566e-481
6.866714195249e-484
1.788019707088e-486
4.516708962758e-489
1.106547560772e-491
2.628363174636e-494
6.05110213288e-497
1.349836656108e-499
2.91666530849e-502
6.102513790549e-505
1.235955787251e-507
2.422262737293e-510
4.592114700063e-513
8.41827597268e-516
1.491746398586e-518
2.554272701383e-521
4.224501047901e-524
6.746076957337e-527
1.039735575185e-529
1.546017460537e-532
2.216898798545e-535
3.064314005479e-538
4.08120328035e-541
5.235015107106e-544
6.464351881354e-547
7.680813135333e-550
8.77722972384e-553
9.64192116233e-556
1.017672490445e-558
1.031496752504e-561
1.003493144705e-564
9.36511517156e-568
8.37960108359e-571
7.184525197274e-574
5.899072273047e-577
4.635748277011e-580
3.48448751443e-583
2.503605965346e-586
1.718376822398e-589
1.125914874825e-592
7.037662716612e-596
4.193526736969e-599
2.380355020583e-602
1.286142940925e-605
6.609763231955e-609
3.228385702004e-612
1.497375459765e-615
6.58951557804e-619
2.748993365754e-622
1.086172892301e-625
4.060916399835e-629
1.435258776492e-632
4.790540736989e-636
1.508478961301e-639
4.476421699844e-643
1.250489242449e-646
3.284650188544e-650
8.102952409576e-654
1.875029565252e-657
4.064705777606e-661
8.243857528239e-665
1.562118321375e-668
2.761578564921e-672
4.547929166587e-676
6.966408287969e-680
9.90925418401e-684
1.306705425694e-687
1.594612215811e-691
1.797526122188e-695
1.868116673248e-699
1.78635939915e-703
1.568396911692e-707
1.261559229286e-711
9.2751073514e-716
6.217767022116e-720
3.790918374688e-724
2.096432124569e-728
1.048606488382e-732
4.729777384437e-737
1.917754042304e-741
6.966541242797e-746
2.259307211021e-750
6.516806577091e-755
1.665179572985e-759
3.753248125205e-764
7.428549377874e-769
1.284834278218e-773
1.931897043532e-778
2.511296796322e-783
2.805375869691e-788
2.675856178992e-793
2.164150909986e-798
1.47294774265e-803
8.367588129788e-809
3.93227613215e-814
1.513813523735e-819
4.723072133307e-825
1.180223387808e-830
2.331344228425e-836
3.587810320815e-842
4.232210711239e-848
3.757304914873e-854
2.459070534097e-860
1.158814595235e-866
3.826935963353e-873
8.583536587768e-880
1.260449708753e-886
1.1602908653845e-893
6.355652630647e-901
1.944124535468e-908
3.069081023561e-916
2.262078844159e-924
6.829600893559e-933
7.075676715768e-942
1.957097770694e-951
9.891422035014e-962
4.872587688678e-973
6.97221998823e-986
1.2622042654633e-1001