0.1396670079451426
0.1342762933121547
0.1241102607623077
0.1102842486511634
0.0942125331559832
0.0773717644657945
0.061083157156005
0.0463563691968951
0.03381640102955266
0.02371120985939145
0.015979528211046
0.01034977388077038
0.00644205437441336
0.003853111976934575
0.002214403844288591
0.001222703919528007
0.000648579854092939
0.0003304750623638922
0.0001617332893518649
0.0000760142426131053
0.00003430611869632052
0.00001486525403224132
6.18353875154136e-6
2.468893974092246e-6
9.46022935468888e-7
3.478280840903358e-7
1.226924381206559e-7
4.151298955252531e-8
1.347046426537399e-8
4.191109892286692e-9
1.250072718045257e-9
3.573626820695047e-10
9.78937128997522e-11
2.569046745495112e-11
6.45738338021476e-12
1.554175177879007e-12
3.580875889827615e-13
7.89599779544703e-14
1.665831625279352e-14
3.361511559593344e-15
6.4861304259789e-16
1.196319950174368e-16
2.108518337102802e-17
3.549998069607271e-18
5.7075043597849e-19
8.75936594368162e-20
1.282750611457655e-20
1.791775306540287e-21
2.386265505574985e-22
3.028749157573083e-23
3.662061463352538e-24
4.216061506770783e-25
4.61956308941963e-26
4.81496737366233e-27
4.7715769464103e-28
4.493407339995848e-29
4.018788758146872e-30
3.411701870907626e-31
2.747544646338818e-32
2.097719316574358e-33
1.517397848351895e-34
1.039227027864537e-35
6.73407645899902e-37
4.125606632969098e-38
2.387879595452429e-39
1.304701083639563e-40
6.72401301331159e-42
3.265840260505879e-43
1.493565753479866e-44
6.42560803511147e-46
2.598031509737696e-47
9.86225142457199e-49
3.51115989799769e-50
1.171085167365301e-51
3.655004293627619e-53
1.066162468351577e-54
2.902982024195632e-56
7.36840167384695e-58
1.741021414681426e-59
3.82384316894044e-61
7.79456085267541e-63
1.47222500185219e-64
2.57220318244057e-66
4.14955840716331e-68
6.16931923343582e-70
8.43601480408959e-72
1.0587100116283e-73
1.21667833577295e-75
1.27729994587363e-77
1.22186200303335e-79
1.06215003186711e-81
8.3661973267184e-84
5.9526066343032e-86
3.81317800662456e-88
2.1914304754782e-90
1.12557333045158e-92
5.1456742960217e-95
2.08452781355073e-97
7.4470664119968e-100
2.33405609871834e-102
6.3814683227049e-105
1.5125838827856e-107
3.0871230928762e-110
5.3848339337597e-113
7.9612236672135e-116
9.8851702048931e-119
1.02030230232699e-121
8.6538942443337e-125
5.9536338496202e-128
3.2735149723534e-131
1.41430349838683e-134
4.7081503484096e-138
1.1802967983766e-141
2.1687819863492e-145
2.8278693798124e-149
2.5154774027178e-153
1.4538425270318e-157
5.1323808678471e-162
1.0211323364212e-166
1.0272420997873e-171
4.4824710397649e-177
6.736934004172e-183
2.383907680039e-189
9.58629302104e-197
6.755619699883e-206