0.1251688984933072
0.1212804851211359
0.1138619276347916
0.1035753672284929
0.0912894563642582
0.0779588468985627
0.0645035929070232
0.0517091964803265
0.0401612598400258
0.0302197862342395
0.0220296411837031
0.01555755948656687
0.01064334494265203
0.00705343387804395
0.00452783492884775
0.00281532391744574
0.00169548035049317
0.000988919836545622
0.000558610623246985
0.00030557048275519
0.00016186037060774
0.0000830171572186248
0.0000412252317377053
0.0000198195791079725
9.22419311910627e-6
4.15556364072176e-6
1.81201756753725e-6
7.6469360151692e-7
3.12295042676176e-7
1.23410923176789e-7
4.71856082259073e-8
1.74537108097113e-8
6.24512723982155e-9
2.16133122551309e-9
7.2339794141425e-10
2.3412976087821e-10
7.3266422714544e-11
2.21649125672644e-11
6.4815877210811e-12
1.83185369804831e-12
5.00301455387608e-13
1.32020033653564e-13
3.36549036382744e-14
8.2868305315458e-15
1.97055731198765e-15
4.52456479515409e-16
1.00294232540095e-16
2.14589462009521e-17
4.43091611379137e-18
8.8277144301014e-19
1.69662928673537e-19
3.1450044219168e-20
5.6216026679207e-21
9.6874573087419e-22
1.60906485771251e-22
2.57544202833213e-23
3.9713837688132e-24
5.8984519796705e-25
8.4359000355781e-26
1.16147474561473e-26
1.53906686370837e-27
1.96225519960259e-28
2.40647355411922e-29
2.83797075966024e-30
3.2174051200387e-31
3.5054230137648e-32
3.6692198913478e-33
3.6886140970688e-34
3.5600990658984e-35
3.2977598189941e-36
2.9307452967168e-37
2.49791962102381e-38
2.04105347620441e-39
1.59821381638322e-40
1.19879137314867e-41
8.6099107508523e-43
5.9185087599338e-44
3.8921612256864e-45
2.4475651271019e-46
1.47107943133081e-47
8.4466243144594e-49
4.6307904874621e-50
2.4228378769428e-51
1.2090814481954e-52
5.7518224024199e-54
2.6068886055949e-55
1.12498375615101e-56
4.6196318900468e-58
1.80395986995619e-59
6.6944641771584e-61
2.3592547277051e-62
7.8903008625673e-64
2.5023621674601e-65
7.5198766639059e-67
2.139580363596e-68
5.7589572155971e-70
1.46515115710337e-71
3.5201040069259e-73
7.9791855196654e-75
1.7047890700586e-76
3.4296779499745e-78
6.4900755781704e-80
1.15394065222143e-81
1.9255613548446e-83
3.011981417086e-85
4.410885187127e-87
6.0396308062113e-89
7.7216897429407e-91
9.2046973016811e-93
1.02152639049303e-94
1.05377529455254e-96
1.00875481327289e-98
8.9455316316941e-101
7.3352259074924e-103
5.5509663463348e-105
3.8688879110991e-107
2.4781686581042e-109
1.4555037971071e-111
7.8196180744986e-114
3.8329720222569e-116
1.7095524069808e-118
6.9178126696151e-121
2.5319479232901e-123
8.354284977382e-126
2.4762879199353e-128
6.5688386348164e-131
1.5531291373035e-133
3.2588029706705e-136
6.039330705258e-139
9.835102555241e-142
1.399642971554e-144
1.7301278814726e-147
1.8454092869408e-150
1.6862216380446e-153
1.3094249920176e-156
8.565674345374e-160
4.674169995097e-163
2.1045609225393e-166
7.723285369674e-170
2.2782656224983e-173
5.317627674197e-177
9.64470521868e-181
1.3311705999635e-184
1.3643957973681e-188
1.0089481606274e-192
5.199983510992e-197
1.7909073059219e-201
3.912429365936e-206
5.074981477109e-211
3.586373366491e-216
1.2292918053552e-221
1.7342809191701e-227
7.864651683089e-234
7.621650262737e-241
7.217348789447e-249
8.933416807834e-259