4
H 2 
S 2
5.447178 0.156285
0.824547 0.904691
S 1
0.183192 1.000000
C 5
S 3
172.256000 0.061767
25.910900 0.358794
5.533350 0.700713
S 2
3.664980 -0.395895
0.770545 1.215834
P 2  
3.664980 0.236460
0.770545 0.860619
S 1
0.195857 1.000000
P 1
0.195857 1.000000
N 5
S 3
242.766000 0.059866
36.485100 0.352955
7.814490 0.706513
S 2
5.425220 -0.413300
1.149150 1.224417
P 2
5.425220 0.237972
1.149150 0.858953
S 1
0.283205 1.000000
P 1
0.283205 1.000000
O 5
S 3
322.037000 0.059239
48.430800 0.351500
10.420600 0.707658
S 2
7.402940 -0.404454
1.576200 1.221562
P 2
7.402940 0.244586
1.576200 0.853955
S 1
0.373684 1.000000
P 1
0.373684 1.000000

