4
H 1
S 3
3.425251 0.154329
0.623914 0.535328
0.168855 0.444635
C 3
S 3
71.616837 0.154329
13.045096 0.535328
3.530512 0.444635
S 3
2.941249 -0.099967
0.683483 0.399513
0.222290 0.700115
P 3
2.941249 0.155916
0.683483 0.607684
0.222290 0.391957
N 3
S 3
99.106169 0.154329
18.052312 0.535328
4.885660 0.444635
S 3
3.780456 -0.099967
0.878497 0.399513
0.285714 0.700115
P 3
3.780456 0.155916
0.878497 0.607684
0.285714 0.391957
O 3
S 3
130.709321 0.154329
23.808866 0.535328
6.443608 0.444635
S 3
5.033151 -0.099967
1.169596 0.399513
0.380389 0.700115
P 3
5.033151 0.155916
1.169596 0.607684
0.380389 0.391957

